0.03081657
-0.02135701
-0.07803140
0.10647441
-0.03708899
0.04394371
0.01968641
-0.01705617
0.06622040
0.05393885
-0.03459428
-0.01124133
0.03549303
0.01880888
-0.01553087
0.02809138
-0.01208606
0.05295634
-0.00910101
0.01972667
-0.00506283
-0.06349768
0.14326365
-0.00456343
-0.03611439
-0.02916813
-0.07900189
-0.04211906
-0.00550151
-0.00194789
-0.00096411
-0.03399267
0.00949355
-0.00622259
0.00773008
-0.01505759
0.00507581
0.02730289
-0.00350664
0.02164014
-0.01892387
0.01151309
-0.01281805
-0.02094763
-0.00792611
-0.02815955
-0.01276782
-0.03257235
0.02487919
0.01713690
0.01887580
0.18882827
-0.07455152
-0.00227990
-0.02167177
0.00201919
-0.05883858
-0.00673778
0.24375692
0.12395098
0.01484965
-0.03160786
-0.06568803
0.06358012
0.04239217
-0.09139498
0.03700639
-0.03321235
0.04629752
-0.07446195
0.06335726
0.01677443
-0.01699877
-0.01503744
-0.03217111
0.03208345
0.05970451
-0.03118074
-0.00181382
-0.12322095
-0.00350353
0.00267502
-0.01942295
-0.03145730
-0.12367523
0.00543061
0.00831959
0.00925692
0.01955745
-0.02439954
0.01715558
-0.14733726
0.19733661
-0.00263353
-0.01999493
-0.02709203
-0.01082246
0.01795659
0.04770731
-0.00456122
-0.02964191
-0.00631902
-0.02861114
0.02588383
0.00754287
-0.01849411
0.00501799
-0.02829525
0.02017328
-0.00762376
-0.01302425
0.02233922
-0.00667921
-0.01615919
-0.00362863
-0.00378287
0.05586664
0.00254864
-0.01457308
-0.00682394
0.02565300
-0.00704761
-0.00822193
0.02925711
-0.05428832
0.02464044
0.00856651
-0.01644272
0.00338528
-0.08378328
-0.06372843
-0.01023446
-0.03161754
-0.01094303
-0.05661571
-0.01888205
-0.00240306
-0.08581176
-0.04139770
-0.01528977
0.11429400
0.00500625
0.02266206
-0.06551299
0.02058342
-0.13896389
0.01492653
-0.00780147
0.00655359
-0.02639900
0.06359087
-0.02703730
0.04619736
0.01054994
-0.00483346
-0.01590120
-0.04995629
0.00547230
0.03814622
-0.02015319
-0.00496129
0.18094660
0.03269580
-0.01605183
0.00312814
-0.06983310
0.13786964
-0.07637149
0.00141150
-0.02674525
0.01932853
-0.04697031
0.03970397
0.04062428
0.05745471
0.04165121
-0.01302730
0.01099102
0.12276866
-0.00972548
0.09166314
-0.00476679
-0.00582587
-0.00284866
0.02686040
-0.10522529
0.12919545
-0.00018795
-0.02374472
-0.04289757
-0.07090426
0.01619484
-0.00178134
-0.01298315
0.01092434
-0.03971207
-0.15599574
0.01322554
-0.00672539
0.00852082
0.05734428
0.01186191
-0.06219884
-0.02641737
0.00437798
-0.05217823
0.01843993
0.03189284
-0.00559746
0.12807903
-0.00052620
-0.00146963
-0.00330168
-0.02542883
-0.02683536
-0.04759472
0.01098196
0.02072275
0.00208973
-0.00867776
-0.00719903
-0.57222670
-0.01968518
-0.02720298
0.00857148
0.00690131
-0.05234257
0.05102405
0.01332835
-0.00653740
0.01348264
0.10484947
-0.02215304
0.00673178
-0.07316801
0.01690301
-0.00974654
0.01163382
-0.01200826
0.02054188
0.05126369
-0.01098393
-0.03115841
-0.10888030
-0.04443489
-0.00739719
0.00565829
-0.01400385
0.01615027
0.03091014
-0.03976442
0.01409314
0.04868706
0.01131924
-0.03290785
0.01000746
0.02592493
0.03049217
-0.04299204
0.08802477
-0.01016147
-0.12831351
0.01524852
0.04985679
-0.01412915
-0.08683822
0.04629309
-0.05442992
-0.06822850
-0.00641374
-0.05031078
0.05265465
0.02072665
0.07790195
0.00240621
0.05766864
0.05228168
0.01463272
-0.06253680
-0.01602940
0.07373179
-0.08414733
0.06294460
-0.13760099
0.00521088
-0.03069445
0.03500823
0.04488722
0.05670774
0.09444956
0.06898522
0.09278829
-0.01379990
-0.03878915
-0.03310768
0.00226632
-0.04590531
0.02757172
0.06738671
-0.13249829
-0.01208846
0.00931988
0.86721987
0.03298042
0.02966999
0.07032216
-0.02198280
0.13058063
-0.02565383
-0.05793806
-0.10384056
-0.03238844
0.06307879
-0.02597230
-0.06449846
0.00881258
-0.11244962
-0.00520263
-0.14816064
-0.02688936
0.00744748
0.02918237
-0.01925851
-0.00431220
0.01891424
0.01083248
-0.05105716
-0.00756062
0.01083941
0.04163781
-0.03751840
-0.01471842
0.00214406
-0.05780316
-0.01672684
0.00306364
0.05806638
-0.03317405
-0.03343539
-0.01024417
-0.04649025
0.00015271
-0.03739357
0.02761904
0.02146637
-0.16873027
-0.01580813
-0.00437898
-0.03971260
0.05191940
0.05709403
-0.10647134
-0.05028540
0.02744127
-0.05479440
0.02875033
-0.03217850
0.03011290
0.03257756
0.00170998
0.08613196
-0.05926675
0.00671380
-0.00519734
-0.03102329
-0.01110861
-0.05356627
-0.02375629
0.03072567
-0.01134547
-0.03808312
0.11213955
0.02843868
-0.01279169
-0.00235781
-0.01959373
-0.04173880
-0.03813083
0.02531526
0.00212214
-0.01775816
-0.04439671
-0.02208225
0.01200363
0.02226404
-0.01884886
-0.03947133
0.00480701
-0.03306525
-0.05833244
0.05270594
0.04017658
0.09667650
-0.04055093
-0.03631342
0.00592583
0.10935344
0.09409375
-0.07926999
-0.02697279
0.01616612
0.06147713
-0.10661477
0.02182647
0.09487832
-0.01977839
0.02889152
0.05779128
0.08198831
0.00026771
-0.03705184
0.03371045
-0.02283895
0.00358668
-0.04684765
0.01474552
0.03307787
-0.03571410
-0.00138912
-0.00305661
0.03911242
0.00436584
0.14701614
-0.01098785
0.00534132
-0.03010592
-0.00726908
-0.01258680
0.05776360
0.03608031
0.01439610
-0.02207135
-0.02202475
-0.02688593
0.02856762
-0.01575712
-0.01957617
0.07614806
0.02873552
0.00699937
-0.03022911
0.01332849
0.02411369
0.06883734
0.01188604
-0.03088054
-0.01226094
-0.05835964
-0.02558997
0.02035628
0.03269769
-0.04693146
-0.01211600
-0.01809002
0.03039722
0.03793266
0.05810285
-0.00795606
0.01301782
0.03356491
0.08788925
-0.02501464
0.00150945
0.05596517
0.07821307
-0.00459577
0.05636561
0.02298115
-0.06801558
-0.09487952
0.00148481
0.03475895
0.00523526
0.00409595
-0.00914487
-0.02385420
0.03911925
-0.06323581
0.05980584
-0.00468200
-0.03133196
0.03957123
-0.09399806
-0.03546181
0.05753686
0.01545594
-0.02729589
0.02348360
-0.02200111
0.01108697
0.07983190
-0.03422094
0.00016066
0.05528196
0.04786044
0.00656660
-0.03236635
0.05709804
0.03691302
0.01394445
0.03083430
-0.04582726
0.03263537
0.06259714
0.00740455
-0.01715641
0.00909726
-0.02312390
-0.03078657
-0.03720082
0.03989028
0.01108905
-0.00224839
-0.07886334
0.00959373
-0.00475242
0.01598004
-0.00732332
0.07619747
0.00074323
-0.08561651
0.01804493
0.00756352
0.00703400
-0.03481732
0.03426513
0.03663809
-0.03826282
-0.18458943
-0.01229709
-0.06361146
0.01899331
0.01421264
0.02356963
0.01382837
0.00631543
-0.06483203
0.04537677
-0.02415199
0.00694082
0.00253110
-0.01208664
-0.01022673
0.07099509
0.02572546
0.00892740
0.07122441
-0.01861589
0.03237698
-0.04570674
-0.02618766
0.03786679
0.04460931
-0.00099958
0.01607369
0.01639631
-0.00584009
-0.03239248
0.03431924
0.00044388
-0.15426403
-0.04575986
-0.04295055
0.02345979
-0.01075721
-0.03019849
0.00453118
0.05622412
0.07469839
0.01264166
-0.03463080
-0.03783071
0.02665492
0.00127165
0.08494136
-0.01568865
-0.03167049
0.05412751
0.00523841
-0.01725225
0.04343965
0.03817271
0.00863832
0.08226795
0.03817013
-0.00176734
-0.02030532
0.01693401
0.03825406
-0.02987436
0.00934882
-0.01048084
0.03765186
0.07526631
-0.01628947
0.03667073
0.00914622
0.06351778
-0.03935236
-0.00111889
-0.05698541
0.04956670
-0.04132309
0.09740215
-0.00457903
-0.02528343
-0.01456807
0.01101441
0.01681921
0.02540292
-0.00612754
-0.00029174
-0.02132475
0.01644279
-0.09014014
-0.00306025
-0.02739571
0.01945380
-0.00306026
0.03955638
0.05460278
0.03173113
-0.02095750
-0.01179295
0.01460882
0.15083437
0.04513652
-0.04209098
0.04902352
-0.00704157
-0.01319877
-0.09454735
0.03363085
-0.07411017
0.06291673
-0.02417504
0.08669226
-0.00213724
0.05555672
0.02326830
0.01119961
-0.02642864
-0.04386522
-0.05129389
-0.03739555
0.04888163
-0.01666297
-0.05183775
-0.00668979
-0.01551724
0.00336730
-0.00456450
0.02021280
0.00749517
-0.03206388
-0.02984901
0.02930666
0.04042593
-0.04556933
-0.00329049
0.09224020
-0.02913005
-0.00199533
0.03626017
-0.04075380
-0.03197166
0.02745526
-0.02923113
-0.01359311
0.04396556
0.01122687
0.00185096
-0.02371135
0.04502743
0.03436811
-0.08422861
-0.04875188
0.00925241
0.08234552
-0.01535247
0.03868672
0.01746996
0.01436008
-0.01178387
-0.02524747
-0.04385160
-0.03849652
-0.10383244
-0.00392464
0.00037831
-0.02894673
-0.00279498
0.01200397
-0.01122236
-0.06407432
-0.01374448
-0.01024927
0.04007751
-0.01996584
0.06196085
-0.08509809
0.00086616
0.03681551
-0.05007181
-0.06525525
-0.03318859
0.03899103
0.04096323
-0.03846417
-0.00250734
-0.07558042
0.00595219
-0.02109897
0.05723226
0.04381850
-0.01523472
-0.01399399
0.05187003
-0.02062696
-0.05318524
0.03728087
0.10017399
-0.04012373
0.00930093
0.01816108
-0.05802814
-0.02380318
-0.01256552
0.01544226
0.09421930
0.05114430
-0.04894172
0.03553643
0.05686400
-0.02425573
0.02404244
0.01520565
-0.02774531
0.11055176
-0.05232553
-0.02281589
-0.04037919
0.02462589
0.05675939
0.00358084
-0.01430062
-0.04483573
-0.01763017
-0.01887014
0.02625714
-0.00180888
0.04886151
-0.00683738
0.02946611
0.06465200
0.01608659
0.03065407
-0.03991541
-0.02703109
-0.04033426
-0.01030220
-0.07169694
-0.01224306
0.00629207
0.03766569
0.05734890
-0.04195748
-0.03553474
0.00194335
0.01606593
0.01855092
-0.01472780
-0.03390441
0.04165068
-0.05713708
-0.08247800
-0.01118377
-0.00039159
0.01087474
-0.07659087
-0.02510962
0.07085562
-0.07532255
0.04188515
-0.17870289
0.00891471
0.04902582
-0.05077470
-0.05026321
0.00831942
-0.01401402
0.04178239
-0.00892367
-0.03112339
-0.00832426
0.09531191
-0.00257117
0.00227627
-0.03552943
0.00233301
-0.01270419
-0.03966011
0.03188781
0.06914836
0.06140693
-0.00465412
-0.05928909
0.01737656
-0.06732818
0.01574240
0.00089666
0.01417380
0.07108693
0.01667317
-0.00619832
-0.03215415
0.04396339
-0.01940336
-0.03062488
-0.02410148
-0.05065139
-0.01288048
0.09847989
0.08815902
0.01092686
0.00515973
-0.04565502
0.00710186
-0.05458340
0.02340497
-0.02741112
-0.02034014
