0.02409307
-0.01836723
-0.07972334
0.09439775
-0.03386208
0.03826470
0.02093673
-0.02254571
0.03677962
0.05317837
-0.03848783
-0.01323671
0.05168405
0.01935482
-0.00470805
0.02125197
-0.01675506
0.05790533
-0.05522908
0.01122812
-0.00772640
-0.06961158
0.14064239
-0.01983899
-0.03204619
-0.01135625
-0.05498497
-0.04012682
0.00241551
-0.00138491
-0.02328715
-0.03746504
0.00007337
-0.00101433
0.00082937
-0.02383524
0.02082090
0.01658633
-0.01270352
0.02952341
-0.02586615
0.01415712
-0.01079907
-0.00766564
-0.01564864
-0.03563919
-0.00381915
-0.01940901
0.01894035
0.00742690
0.02309564
0.18452622
-0.08532271
-0.00431640
-0.01902919
-0.00635640
-0.05707829
-0.00968723
0.25213513
0.08969154
0.02483250
-0.02834499
-0.05938615
0.05283529
0.03984573
-0.08621256
0.02958339
-0.02527653
0.02053896
-0.07166540
0.04776961
0.02275546
-0.01249622
-0.00669802
-0.03523292
0.02436775
0.04730432
-0.02955288
-0.00660857
-0.11687239
-0.00660345
-0.01012719
-0.01445769
-0.04319459
-0.13109025
0.00000873
-0.00862201
-0.00486291
0.01063695
-0.03236031
0.00957580
-0.15379423
0.19400701
0.00197719
-0.02349374
-0.02991771
-0.00911300
0.01597678
0.03520453
-0.00731013
-0.03778933
0.00305861
-0.02768345
0.01641017
0.00036545
-0.02182169
0.00502981
-0.02853584
0.01678232
0.00633845
-0.02535603
0.00153905
0.00220775
-0.01272338
0.00927750
-0.00955584
0.04370993
-0.00342351
-0.03203888
-0.00721829
0.03144988
-0.01055575
-0.01165009
0.03813009
-0.02614922
0.02943770
0.01022793
-0.00470541
0.00727420
-0.08158307
-0.04349346
-0.00884324
-0.02657828
-0.00042007
-0.04908372
-0.01735070
-0.00372279
-0.09314593
-0.03720061
-0.02326279
0.14713109
0.01785445
0.01974541
-0.05712210
0.01031191
-0.17533536
0.00524378
-0.01496927
-0.00323107
-0.00741506
0.05734529
-0.02839345
0.05233740
0.00687120
-0.00131827
-0.01382945
-0.03211021
0.00056242
0.04366592
-0.00550350
-0.01381456
0.21120107
0.01994480
-0.01656175
-0.00502835
-0.08706908
0.12288776
-0.06080354
0.00564963
-0.01003118
0.01666136
-0.04697452
0.02373351
0.04018992
0.04220915
0.03243888
-0.00941896
0.02851689
0.10959551
-0.00188739
0.10384649
-0.00819817
0.00641108
-0.00390210
0.02716503
-0.12222583
0.11804160
0.00518954
-0.01496840
-0.02063123
-0.07563866
0.01125731
-0.00378926
-0.02089605
0.02010369
-0.04782391
-0.13946202
-0.00461494
-0.00431212
0.00899442
0.04984521
-0.00673615
-0.08071601
-0.01975096
0.00370104
-0.03880282
0.01022804
0.03380619
0.01615467
0.13012682
0.00770267
0.00513419
0.00329676
-0.02843929
-0.02548264
-0.03707353
0.01267814
0.01926818
-0.00328807
-0.01300231
-0.01535490
-0.58175582
-0.02596105
-0.02665503
0.01144051
-0.00152467
-0.04805631
0.03618702
0.01071793
0.00225929
0.00947586
0.09164656
-0.01071406
0.01553792
-0.06659714
0.02469492
-0.01438052
0.01224824
-0.01108118
0.02996787
0.04568457
0.00013869
0.00253185
-0.09891009
-0.04256241
-0.00264960
0.01269745
-0.02728719
0.03437709
0.04144483
-0.03163164
0.01087798
0.04325135
0.01807142
-0.02088960
0.00762485
-0.08415373
0.08157486
-0.02422620
0.04677940
0.00874084
-0.07058388
0.04934075
0.07048332
0.01215599
0.00452991
-0.01304890
-0.00948697
-0.09353597
0.01750498
0.02685079
0.10417806
0.00261490
0.07403270
-0.00792322
0.01666357
-0.01841821
-0.03826149
-0.01753413
-0.03135160
0.03397382
0.06636532
0.06349751
-0.13977826
0.03850421
0.05180143
0.06435053
0.06397501
0.11624502
-0.02050962
0.10746754
-0.00726120
-0.04299849
-0.06866859
0.03603712
0.03455888
-0.05956751
0.02915496
0.08993798
-0.07680944
0.02299190
-0.02416228
0.89196622
0.00141496
-0.04026705
0.03762517
-0.06039359
0.13612090
-0.05531132
0.03509529
-0.07108866
-0.03538270
0.06950445
-0.02349443
-0.03684406
0.01422981
-0.03416587
-0.03614612
-0.06774601
-0.00239614
0.03717812
0.05609552
-0.01866531
-0.01093379
0.01624375
0.00680400
-0.03249830
-0.03725376
0.03590586
0.02506400
-0.05083719
0.01015528
0.01856038
-0.05203126
-0.00353728
0.02419643
0.03088928
-0.04500538
-0.02402090
0.01303027
-0.03280627
0.00779302
-0.04941010
-0.01077653
0.03848096
-0.03298054
0.02014810
0.00555970
-0.02624622
0.03297941
0.03829413
-0.08149677
-0.05370417
-0.00610228
-0.00281054
-0.03509793
-0.02137079
0.00903011
-0.04533561
-0.00008152
0.04905092
-0.02666726
-0.03646788
-0.04263193
-0.01045008
-0.02141845
-0.05117647
-0.01289523
0.05334476
0.01059950
-0.01872955
0.10133368
0.02676104
-0.05063647
-0.01212278
0.01515675
-0.03684358
-0.02276971
-0.00786683
0.02014081
0.01662452
-0.02397073
-0.06659773
0.00279400
-0.04772929
-0.00938314
-0.03049715
-0.02009447
-0.02667647
-0.08691151
0.04439983
0.01234082
0.03443963
-0.06510057
-0.04048911
-0.00309373
0.08312873
0.10401777
-0.06228050
-0.06076575
0.01343285
0.07853767
-0.08113569
0.01835651
0.04763301
0.00244537
0.04432726
0.08777146
-0.01633495
-0.02594758
-0.01375857
0.01291312
-0.03472340
-0.01702273
-0.06006704
0.02813136
0.03302777
-0.01936694
-0.00801455
0.00129954
0.04997164
-0.00792421
0.05915431
0.00493776
-0.00369395
-0.06231121
-0.00235018
0.02374529
0.04549720
0.03121764
0.02472020
-0.03024311
-0.02106939
-0.03117625
0.01541772
0.00188618
-0.01122404
0.03874261
-0.00279968
-0.00576996
-0.01181968
-0.01808088
0.01245333
0.03968339
0.01741982
-0.03362366
0.04576204
-0.11183081
-0.03201194
0.05930308
0.02446341
-0.03253675
-0.04625647
0.01251053
0.01416843
-0.02076167
0.03265407
0.00891670
-0.00152657
0.06313214
0.14816645
-0.04606819
0.04693626
0.06859487
0.01867833
-0.01345293
0.05792737
0.00065377
-0.01823781
-0.04652696
0.00330161
0.00749488
-0.00718455
-0.00963986
0.00413722
0.00614572
0.03893937
-0.08129521
0.02422698
-0.00317730
0.00430762
0.09218228
-0.04610066
-0.02117912
0.06051238
0.01256885
-0.03900469
0.04724049
-0.06273971
-0.01737499
0.03994907
-0.01371956
0.00865737
0.03281005
0.07284674
0.03076685
0.00223309
0.04859933
0.03200843
-0.02690127
0.06359867
-0.03829294
0.00479714
0.06068110
0.00287211
-0.01730639
-0.01584110
0.03851539
-0.02717163
0.01663763
0.04913710
0.04758431
0.01766102
-0.04886967
0.01089814
0.00844288
0.04188531
-0.03055610
0.08507308
-0.00814128
-0.07169531
0.00550420
-0.05579335
-0.03700624
-0.01306367
0.02128935
0.04482387
0.02240879
-0.08184710
0.01047527
-0.05878068
0.02248007
0.02268816
0.02167177
-0.04484554
0.01417866
-0.02423057
0.01874285
-0.02004140
0.03028010
0.01327557
-0.00404386
-0.00641134
0.05820793
0.02297546
0.01352986
-0.01241605
-0.00201929
0.05953471
-0.00665347
-0.02447003
0.02779949
-0.00098732
-0.00391687
-0.01886643
0.03743718
-0.01506680
-0.02974183
0.02671479
-0.00787208
-0.16622743
-0.02233902
-0.01927310
-0.00202337
0.01099446
-0.05989198
0.01927010
0.00776783
0.03839711
0.00550498
-0.04512994
-0.01036647
0.03540339
0.00899499
0.04080406
-0.00045345
-0.02138356
0.05274720
0.01826324
-0.06082145
0.02654421
0.03541454
0.01732891
0.04309497
0.03454104
0.00160838
-0.01440086
0.00083415
0.04180037
-0.03205285
0.05421717
-0.02118737
-0.03836148
0.06301236
-0.07545566
-0.01389292
0.00460589
0.09298277
-0.02146708
0.01129955
-0.06376176
0.12947497
-0.06486557
0.11182003
0.00607522
-0.02655360
-0.00591194
-0.03221627
0.04130061
0.06216064
0.01445011
0.00166026
-0.00296673
0.01166221
-0.18654135
-0.03059624
-0.02073827
0.04462909
-0.02411941
0.02514440
0.04115871
0.03401490
-0.02402385
0.02097108
0.03871975
0.13340259
0.06022519
-0.03762964
0.02852817
-0.00740939
-0.01414548
-0.15736912
0.05712473
-0.09467787
0.06848096
-0.05403768
0.06621750
-0.02700431
0.06273078
0.01173897
0.01191765
-0.00724449
-0.03928392
-0.05151874
-0.02694157
0.06314074
-0.00644051
-0.03219630
-0.00780202
-0.00463038
-0.00219758
-0.06334445
-0.01701023
0.02498885
-0.02597279
-0.02401211
0.02832023
0.00248262
-0.09172197
-0.00409233
0.06295347
0.00560314
0.00438541
0.05193399
-0.03521434
-0.04142514
-0.00185087
-0.05487211
-0.02678186
0.02786184
0.03281066
-0.01606355
-0.01198770
0.04117550
0.06518155
-0.10421392
-0.02854039
0.05057738
0.06938784
-0.05207753
0.03928564
0.01384099
-0.03008605
-0.04404923
-0.02939322
-0.05321223
-0.05809676
-0.06593639
0.00165579
0.01236893
0.00582964
-0.05195294
-0.06392665
-0.01727301
-0.07122223
-0.00667402
-0.01715616
0.01937900
-0.03067259
0.09183931
-0.07762181
0.01156578
0.04415271
-0.06101383
-0.05540785
-0.01674203
0.02219246
-0.04712911
-0.01574919
0.00275734
-0.12339732
-0.00215292
-0.01966670
0.03526585
0.00108974
-0.02544443
-0.00545849
0.00348274
0.08454432
-0.02085909
-0.00775847
0.10493338
-0.04918359
-0.01050174
0.00867269
-0.01817390
-0.03133583
-0.01899595
0.01714028
0.06939918
0.05414116
-0.03929057
-0.02468383
0.01699597
0.01259262
0.08607229
-0.00019054
-0.01046234
0.03959521
-0.04566102
-0.01486607
-0.05951628
0.07192919
0.02941415
0.04096404
-0.01480406
-0.04002051
-0.04796664
-0.06364160
-0.01209484
-0.00675767
0.07255916
-0.00411881
0.05013784
0.04430958
0.07266566
0.02359509
-0.06611325
-0.04621813
-0.00854754
-0.01019869
-0.05124738
-0.02796766
-0.00071357
0.10340644
0.05246706
-0.04115273
-0.03823701
0.01566474
-0.04298409
0.01081168
-0.04841586
0.00051572
-0.01602395
-0.04049572
-0.06448101
-0.00148705
-0.02674479
0.02023620
-0.08611742
-0.01924518
0.02080792
-0.02599961
0.03822028
-0.12271207
-0.01185248
0.10680746
-0.02315057
-0.02575533
-0.00666850
0.00086121
0.04627951
0.04402867
-0.01556461
0.00922842
0.09702738
0.00644836
-0.01159246
-0.03604907
-0.01762848
-0.00449887
-0.08905455
0.03705680
0.09434116
0.06091960
0.01045167
-0.05185600
0.01554799
-0.03069898
0.02258026
0.01906217
-0.01468892
0.01689653
-0.01960518
0.02898514
-0.02749330
0.04966027
-0.02600736
-0.02799471
-0.02462002
0.00405625
-0.01554066
0.04458696
0.15259925
0.01277965
0.07286890
-0.00583475
-0.02349657
-0.08065958
0.03343415
-0.03743076
-0.00228454
