0.04959500
0.00923729
0.02515267
-0.02934225
0.01843520
-0.01893602
0.01263300
-0.00635155
-0.04704923
-0.01519401
-0.00704574
0.00081216
-0.01693984
0.00957218
-0.02225796
-0.01716196
-0.00611185
-0.01711934
-0.07207774
0.03666199
0.01041269
0.05943589
-0.04778254
-0.00366749
0.02624464
-0.00427527
0.04237166
-0.02472586
-0.03926028
0.02945567
-0.04385213
-0.02233501
0.00212918
0.00640939
0.00427161
-0.02434936
-0.02632676
-0.01704742
-0.00768672
0.02098208
0.01977246
0.00896894
-0.00903178
-0.02259347
-0.02700772
0.00156586
0.02701271
-0.00642707
0.00500569
0.01287094
0.00094610
-0.06549300
-0.00801156
0.02114547
-0.00891197
-0.00624544
-0.00917604
0.00742317
0.44272080
-0.07232460
-0.02179424
0.02050177
-0.01193831
-0.03076630
0.01289608
0.00563930
-0.01040925
-0.00490712
-0.01655074
-0.00584899
0.00350831
0.01145672
-0.01359213
0.02114076
0.03216133
-0.00406744
-0.01923182
-0.01140024
0.01663291
0.11710405
-0.00932875
-0.01370384
0.03337967
0.02491040
-0.04738270
-0.00773981
0.00800365
-0.00051817
0.02366632
0.01348708
-0.00477411
-0.00087903
-0.02082312
0.01504341
0.01660887
-0.00433756
0.01290377
-0.02293531
-0.02945134
-0.00228173
0.03212342
0.00763479
0.01395056
0.00098311
0.00354368
-0.00559550
-0.00662821
-0.00994818
0.02163289
-0.01689839
0.00008955
0.03085750
-0.00468597
0.02002007
-0.03425591
0.01780398
-0.08279692
0.00283912
0.03530793
0.01983878
0.00086623
0.00235590
-0.03482647
-0.02156453
0.08154572
-0.00288996
0.03346042
0.00036605
-0.00659168
0.04243987
0.02978077
0.01255382
-0.02381578
-0.00440194
-0.00410075
-0.02932032
0.02226668
0.01894424
-0.06519497
0.00056968
0.06318355
-0.00652282
-0.00771864
0.01277069
-0.03124251
-0.01852945
-0.01047910
0.02296789
0.01727628
-0.02339528
-0.02367166
0.02409533
-0.04675217
0.00204869
-0.02089432
-0.00184718
-0.01217865
0.01553361
-0.01424604
0.04161420
0.01177259
0.00086481
-0.02206715
0.00741391
-0.01108209
0.01498249
-0.06096249
-0.00103021
0.00126290
-0.01245748
-0.00927999
0.00338034
0.01168115
-0.01721603
0.03439029
0.01858594
0.00936237
-0.00714484
-0.07275891
0.00753186
-0.01433470
-0.01342430
-0.00918066
0.01247435
-0.01864715
0.03586201
-0.17497236
-0.00767356
-0.00889624
0.03274946
0.02532080
0.01451539
-0.00367414
-0.02628036
0.03980603
0.01916974
0.09735092
0.01587014
0.04169778
-0.02308245
-0.01731480
0.03200456
-0.11091600
-0.00337386
-0.03106692
0.01478802
0.01643167
-0.01964615
0.03666615
-0.08472237
0.03255444
-0.00247817
0.01194984
-0.00954209
0.01157323
0.07748193
0.00288478
0.01303072
0.00104193
0.01588788
0.02273328
-0.75489247
0.02090830
-0.00373427
-0.01709733
-0.00740348
-0.01510303
0.00249117
-0.00003525
-0.01333028
0.02251799
-0.06659293
0.04541272
-0.01006579
0.02305315
-0.00396635
0.00947729
-0.00365679
-0.01060913
-0.01659251
-0.01741678
-0.00477093
0.08074372
0.01338122
-0.00509968
0.01274414
0.00086161
0.00783939
-0.02092698
-0.04987347
0.00394364
-0.00336386
0.03109167
-0.01711160
-0.03047648
-0.03352263
-0.00938344
0.05644169
-0.05289506
0.04427568
-0.02005989
-0.08272144
-0.01652228
0.01936085
-0.00525900
0.00483332
-0.01132889
0.02969614
-0.00788856
-0.01715895
-0.02874662
0.06016772
-0.03612271
0.00285929
0.04296823
0.01513846
-0.01375741
-0.00163487
-0.04581179
-0.01203317
0.09200802
0.03973463
0.09070279
-0.09890838
-0.03541398
-0.01591125
0.01674690
0.05438001
0.01781370
0.02518874
0.02340445
0.03170039
-0.02502895
-0.04012719
-0.01626451
0.02611439
-0.00989878
0.07785925
0.01188273
-0.03459208
-0.01744051
-0.05031392
0.94027084
0.02032794
-0.00260184
0.06707433
-0.06927107
0.10379611
-0.04839613
0.02264668
-0.06051387
-0.03666361
-0.03100519
0.01910165
-0.02798391
0.02595354
-0.02542006
0.02968090
-0.08198820
-0.00853110
0.03002748
0.03298322
-0.00623858
-0.05397008
0.03120328
0.00409089
-0.00023652
-0.03028896
0.05490751
0.01794922
-0.06934381
0.01883634
0.01420491
0.02247965
0.02727854
-0.02066745
-0.01604622
-0.01505348
0.02777064
0.02422283
0.02327282
0.01978766
-0.03331610
-0.03358734
-0.00899366
-0.01458329
0.00699124
0.01010872
-0.02847919
0.03261929
0.02581032
-0.09755653
-0.02855655
-0.01307143
0.06258667
-0.08136196
0.00111141
-0.02413570
-0.00200327
0.00444559
-0.02116257
0.07971770
-0.00546732
-0.02001276
0.02002376
-0.02985056
-0.06940400
-0.02218679
0.06088156
-0.03383563
0.03886099
0.03471019
-0.02773036
0.00955114
0.02302788
0.03720443
0.04852724
-0.01216620
-0.00663874
0.01565028
0.03178241
-0.01742259
-0.05946777
-0.05941889
-0.05946571
0.08606866
0.01582808
0.00170022
-0.08073913
-0.04585983
-0.00220682
-0.02815724
-0.02857837
0.01467957
-0.03727004
0.01900320
0.09257540
0.13306025
-0.07991984
-0.10834201
0.06939173
0.03089600
-0.03379466
0.04804630
0.04585547
-0.01399111
0.03776283
0.08767354
-0.09575262
-0.01450856
0.02045654
0.03632874
-0.00236555
0.05027301
0.01056434
0.03437581
0.01593381
-0.01386733
-0.08582570
0.03853275
0.02476124
0.03281445
-0.04175606
-0.02082470
-0.03296329
-0.05123838
0.00885540
-0.00426344
-0.03359618
0.01687439
0.03843062
-0.03377783
-0.01148311
-0.01263103
-0.06031086
-0.00918811
0.00306999
-0.04821882
-0.04339275
-0.03454144
0.00999201
-0.02165741
-0.00901978
0.06001362
0.01667485
0.00666614
0.07753973
-0.10878763
-0.01985204
-0.01749507
0.02697252
-0.05886343
-0.02450572
-0.00755864
-0.04948531
-0.03313011
-0.03504442
-0.02099658
0.04769031
0.03260570
0.18123442
-0.10697280
0.07264600
-0.00392981
-0.05231864
-0.00846870
0.05753325
-0.00857637
0.02810848
-0.05240325
0.01285112
-0.02543648
0.00751815
-0.01112275
0.01409895
0.03791325
0.02737783
-0.07136311
-0.02388266
-0.00796438
0.04529994
0.08803653
-0.00821048
0.01576782
0.01953012
-0.01127951
-0.00380855
0.09495342
-0.07953114
0.00887089
0.00825288
-0.01485902
0.03930982
0.01034987
0.03281816
0.03762453
-0.05679581
0.04855998
-0.00951730
-0.04686559
0.08339211
-0.04237764
-0.00584493
0.01742439
0.02516464
-0.01830532
-0.02164105
-0.00568713
-0.01484034
0.06306807
0.03685367
0.08934596
-0.01408505
0.00586420
-0.04716739
-0.01810739
0.02424531
-0.06235104
0.06092294
0.00197453
-0.03994062
-0.05322613
-0.04147012
-0.07926872
-0.01477873
-0.03571486
-0.00868044
0.04534692
-0.07362377
-0.01204902
-0.05693222
-0.06071346
-0.09090851
-0.00360984
-0.06832607
0.02220042
0.01676332
0.03448685
-0.03823704
-0.00669154
0.03736832
0.03002274
-0.02787157
0.06481639
-0.02522919
-0.02314927
-0.06173866
-0.03314264
0.02132390
0.01481232
-0.02614216
0.04665475
-0.08120180
0.03286984
-0.04685210
0.08473647
0.03655799
0.00607932
-0.01087145
-0.00322936
-0.04629798
-0.00088227
-0.01960503
0.03709911
0.01534644
-0.11656930
-0.03744251
-0.04579896
0.04143185
0.00535486
-0.08189347
0.02860199
0.05038122
0.01044788
-0.05923481
0.02980504
-0.01758637
0.01331668
-0.02056856
-0.02315103
-0.02146549
0.05989137
0.00397275
0.03905591
0.01889332
-0.02236841
0.00414939
0.01579049
0.01357459
0.02216580
0.02749297
-0.02930460
-0.02925497
-0.02874975
-0.00917394
-0.00864359
0.00440070
0.04556538
-0.00338767
0.02479823
-0.07094491
0.11526481
-0.06014336
0.02472829
-0.00432467
0.03804283
0.03346449
0.01194500
0.06939110
0.06981632
0.03518065
0.01765585
-0.01682771
-0.00237766
-0.15078990
0.01061554
0.00424147
-0.00581229
-0.06178628
0.00275177
-0.00417873
0.04641344
-0.04062524
0.06961937
0.10605585
0.11452501
-0.00240398
-0.02508068
-0.01490807
0.04409768
-0.04397423
-0.13774429
0.03590490
0.01132307
-0.00188614
-0.00014585
0.04468950
-0.02591800
0.05338754
-0.00137246
-0.03694882
-0.02722681
0.04162203
-0.02705467
-0.03501213
-0.00939034
0.00864430
-0.02824371
0.01063823
-0.04555818
-0.00085640
-0.05532144
0.00423456
0.03760702
0.01603185
-0.01287030
-0.06589943
-0.03233198
-0.07052976
-0.01014557
0.03690502
0.01483961
0.00661928
-0.00093770
-0.03918032
-0.08461709
0.03459002
-0.02287615
-0.00303233
-0.02707001
0.06279813
0.00764286
-0.02974579
0.01870535
0.02374284
-0.00059739
-0.01281631
0.00873122
0.01876699
-0.04401861
0.07915752
0.02423531
0.01328170
0.00983596
0.05355601
-0.05856007
-0.01163644
-0.05160170
-0.00215139
0.06131539
0.04097879
-0.08899783
-0.08650661
-0.00763346
-0.03274158
-0.02320548
-0.02018011
0.09732407
-0.07743382
0.02418604
-0.00748420
-0.00619942
0.01318120
-0.03413688
-0.03576021
-0.00346206
0.01871608
-0.01032017
-0.00278145
0.00515391
-0.14142124
0.02492753
0.03160427
0.01525864
-0.03975981
-0.06560846
0.00276391
-0.09608893
0.09122395
-0.01087771
0.01849857
0.01936626
-0.00739723
0.01506747
-0.01579787
0.04836817
0.04600865
-0.00334780
-0.00415840
0.03148019
0.00177661
-0.04377711
-0.09161898
-0.04613996
0.00521880
0.06579243
0.00887215
0.01804229
-0.01479695
0.00285083
0.02682699
0.00450686
0.06926069
-0.06364521
0.01051885
0.04665088
-0.05506619
-0.04981789
-0.08881836
0.02487881
-0.01626824
-0.02576507
0.00921066
0.11043495
0.06026902
0.08856401
-0.00046798
-0.12079833
0.00007992
-0.00937463
0.00717882
-0.01984340
-0.04065730
-0.00290198
0.05273478
-0.06538078
-0.05066165
-0.01972627
-0.01915253
-0.10335483
-0.00192758
-0.06335612
0.02465910
-0.01855412
0.03729373
0.01243936
0.03050899
0.01566071
-0.03882237
-0.03188870
-0.04041392
-0.01538208
0.00504545
0.04443597
-0.05013819
0.00669233
0.03446653
-0.00349880
0.00967830
0.05225982
-0.00804378
0.01712640
-0.01440903
0.03037441
-0.02111982
-0.01301323
0.01427786
-0.00010160
-0.01863661
0.00649651
-0.02525557
-0.10890887
0.03478200
0.03493151
0.02847104
-0.00874428
0.01273190
0.02109722
0.04739817
0.02908036
-0.04181759
-0.02203625
-0.01130138
-0.04804111
0.06981219
0.04972136
0.00845193
-0.03679638
0.00940846
-0.03918502
0.09263548
-0.00454042
0.01535216
0.06730204
-0.02170914
0.04995325
-0.02054767
-0.02361252
-0.05851194
0.04634228
0.04403175
0.02804670
