0.03487363
-0.00065716
-0.00020825
-0.00758400
0.01040898
-0.01510535
0.01459682
-0.02315943
-0.03715280
0.00940615
-0.02577471
-0.00419606
0.02053455
0.01248922
-0.00994639
-0.01647213
-0.00317554
-0.00461383
-0.06600650
0.04298728
-0.00040502
0.05187287
-0.03081092
-0.03291608
0.01924955
0.01527258
0.04467001
-0.02814453
-0.02393983
0.02254072
-0.06209759
-0.04529970
0.00256401
0.00255412
0.00549615
-0.01709810
-0.02838266
-0.01360427
-0.02434343
0.00816166
0.02116330
0.01373728
-0.00079833
-0.04175872
-0.03327707
0.00371196
0.01130706
-0.00581397
0.00871988
0.01328479
0.01889149
-0.03208110
-0.03501954
0.03078149
-0.03449576
-0.00279872
0.00231980
0.00901602
0.41846219
-0.05018109
-0.02275657
0.01828460
-0.03127291
-0.02392457
0.03787410
-0.00608085
0.01632537
-0.01696965
-0.00959623
-0.01747498
0.00784894
0.02966970
-0.02268641
0.02210493
0.04194293
-0.01697116
-0.01679566
-0.01645119
0.03496529
0.10235827
-0.01135355
-0.03758147
0.03610459
0.01049514
-0.05699701
-0.01104170
-0.00493474
0.00169240
0.03351489
0.01265066
-0.01783363
-0.04238129
0.01647523
0.02261186
0.02181605
-0.00344882
0.01452432
-0.04921933
-0.02341871
0.00590717
0.00210909
0.00068217
0.01254002
-0.00216268
0.00222952
-0.01847041
-0.01687928
-0.00265550
0.03640661
-0.02758380
-0.01877840
0.02057480
0.00155370
0.01391027
-0.02665967
0.01114928
-0.05921101
-0.01253353
0.01258629
0.02204158
0.01034899
-0.00719057
-0.04532474
-0.00372256
0.08604185
0.00468240
0.04329139
0.00417278
0.00632468
0.04913671
0.02627573
-0.00623616
-0.02102241
-0.01622434
-0.02174474
-0.02241789
0.01436788
0.00003885
-0.09117365
0.00421919
0.06342395
-0.01413971
-0.00917795
-0.01323688
-0.03651012
-0.04934110
-0.02955496
0.02139845
0.01105382
-0.01886283
-0.00368805
0.01859223
-0.03174672
-0.01592136
-0.01525644
-0.00913448
0.00162222
0.01045418
-0.01426150
0.05030930
0.01841925
0.02871980
-0.01150442
-0.00431088
-0.01120507
0.01018066
-0.02034485
0.01018087
0.00942980
0.00842798
0.01054146
-0.00958246
0.01331693
-0.00807179
0.04578264
0.03522024
0.00640568
-0.00175985
-0.06506313
0.00210929
0.01466866
-0.03108506
-0.01354643
0.01724775
-0.00997063
0.01487171
-0.16850707
0.00546561
-0.00632112
0.04970276
0.04048683
0.02155919
-0.00106625
-0.04861719
0.05448165
0.00240959
0.07639292
0.01923108
0.03302272
-0.02934061
-0.00172258
0.02603308
-0.11800093
-0.02152868
-0.01658232
-0.00119538
0.00998299
-0.01025424
0.04260245
-0.08491701
0.02469129
-0.00576419
0.03019076
-0.01498096
0.00485616
0.06755584
0.01103442
0.02180608
-0.00746288
0.01299419
0.00999964
-0.76581150
0.00793281
-0.02402329
-0.00637813
-0.00335459
-0.02503163
0.00015966
0.00842512
-0.01477360
0.02287703
-0.05424178
0.05624255
0.00828690
0.01037240
-0.00935248
-0.01211269
0.00686164
-0.00294613
-0.00002446
-0.02731806
-0.00034451
0.08230156
-0.02006773
-0.00588042
0.01752112
0.01138023
0.01610805
0.01024478
-0.04656539
0.00292564
0.00695645
0.03375025
-0.00732302
-0.03979863
-0.03358674
-0.09560741
0.11156857
-0.04028777
0.01974152
-0.01095625
-0.15402716
0.05033070
0.05962298
0.01531068
0.00005539
-0.09828759
-0.03526500
-0.07419039
0.04525373
0.07494759
0.00822543
-0.05461221
0.00165586
-0.01275834
-0.02513815
0.00328533
0.00645004
-0.09062687
-0.01532056
0.05888369
-0.03039440
0.03043898
-0.19558659
0.02424677
0.03578844
0.00904932
0.05871351
0.09977809
0.03414613
0.06446041
0.10690593
-0.05769380
-0.11674223
0.07570247
0.04948732
-0.03419684
0.02082712
0.09398802
0.00993681
-0.06305007
-0.02587844
0.84532398
0.02491960
-0.00646347
0.13186572
-0.10006533
0.11410195
-0.03669835
-0.01941455
-0.07249890
0.01259906
-0.04961915
-0.00010619
-0.05951237
0.06254643
-0.07461164
0.06852847
-0.09287111
0.04710525
0.04123195
0.01615672
0.02245108
-0.01822435
0.04930549
0.02572650
0.00717551
-0.01332946
0.04657182
0.02170091
-0.05842657
0.00712131
0.00269823
-0.00522111
0.04090773
-0.00093474
-0.02828091
-0.03302522
-0.02410913
0.02304349
0.02946130
-0.00713753
-0.05228917
0.00513726
-0.00192623
-0.05891854
0.02663162
-0.00971832
-0.03895210
0.00105091
0.06929588
-0.10471615
-0.04355523
-0.08043656
0.04282547
-0.10245503
-0.02009826
0.01706906
-0.06967423
0.00860157
0.01765292
0.05549056
-0.03335943
-0.00214531
0.01534284
0.00792381
-0.05342788
-0.05901544
0.07747497
-0.00926107
0.02089012
0.08840065
0.00383770
-0.02263002
0.01779820
0.03485369
-0.01530805
-0.00159260
-0.01315464
0.01428061
-0.00729152
0.00236798
-0.04238284
-0.07069261
-0.07935733
0.06976134
-0.01656504
-0.03644877
-0.02637718
-0.06193992
0.05370116
-0.02927406
-0.03785016
-0.00926573
-0.05921465
0.02728552
0.03691135
0.11252151
-0.05165185
-0.08240384
0.04198994
0.03474616
-0.10395736
0.06511630
0.06780147
-0.01838842
0.03483810
0.06107542
-0.09888838
-0.01427434
0.00071850
0.04801465
0.02739151
0.02970743
0.01974478
0.06106993
0.01969041
-0.00669800
-0.01295353
0.01314444
0.02204753
0.04825664
0.02555459
-0.00846040
0.02017424
-0.01519756
0.02649617
0.01494485
0.01744602
0.03091190
-0.01933505
-0.01215428
0.02623197
0.02968204
-0.03428391
-0.01866832
0.02905916
-0.02877260
-0.07795568
-0.05337921
0.00174883
0.00896757
-0.03631393
0.08146565
0.01260616
-0.01955558
0.08559219
-0.02729304
-0.02910714
-0.06055333
0.04105040
-0.06239707
-0.06686252
0.00804758
-0.05166368
-0.04442654
-0.03362375
-0.05309720
0.03853877
0.06536970
0.14253895
-0.07267131
0.09559174
-0.01151853
-0.03782468
0.01634565
0.05596726
-0.00617678
0.05786778
-0.04669693
-0.02984177
-0.04759173
0.00318738
-0.01571968
-0.01612652
0.02547579
0.03887684
-0.08811377
0.00278001
-0.03924841
0.04904106
0.08844609
0.00905226
0.03406326
0.03343435
-0.01001462
-0.02503449
0.09693673
-0.06180179
-0.00501621
-0.00282712
-0.00574840
0.02194164
-0.01184558
0.05239984
0.07636850
-0.04210388
0.06816673
-0.01141325
-0.03689903
0.06002358
-0.02478104
-0.04593144
0.06706722
0.03160387
-0.02036312
0.00101647
0.01861844
0.00921359
0.04919199
0.03320613
0.04302267
0.04271191
-0.00004005
-0.03137601
0.00529799
0.01391584
-0.07506891
0.06918211
-0.02029872
-0.08192196
0.00144001
-0.03006855
-0.06816933
-0.00956837
0.01190273
0.02366930
0.00030755
-0.02778940
-0.01396732
-0.05972405
-0.03461388
-0.02307422
-0.00362079
-0.07191470
-0.00592713
0.01880199
0.03215794
-0.00189184
-0.03076948
0.02431160
0.04194172
-0.00592303
0.11002178
0.04316204
0.01063374
-0.08785369
-0.00477137
0.01781893
0.01179002
0.00048875
0.01839893
-0.07098877
-0.00998415
-0.05282171
0.05933321
-0.00342935
0.02632651
0.02635941
-0.01159982
-0.06472677
0.02280291
0.01649817
0.01180758
0.01701396
-0.04291895
-0.03439739
-0.08115270
0.07017291
0.02510072
-0.06397346
-0.02592486
0.03588553
-0.01457149
-0.00751894
0.00012807
0.00666400
0.01945846
0.01489275
-0.02366395
-0.03571958
0.04827586
0.01031312
0.00280106
0.02337617
-0.04191374
-0.00995862
-0.01170709
-0.00463879
0.06054399
0.04312444
-0.04848237
-0.02641061
-0.03259970
-0.01059606
0.01297636
-0.01874773
0.04118980
-0.00378475
0.02977254
-0.06108140
0.11082627
-0.02385072
0.07091516
-0.01021173
0.02344331
0.03930485
-0.00372576
0.08753122
0.06243300
0.04351171
0.03919989
-0.04820854
-0.00840476
-0.11138317
0.02319249
-0.05696226
-0.01018652
-0.08484970
0.01085651
0.01399946
0.07735553
-0.02349930
0.00687432
0.04790273
0.13622245
0.01758828
-0.01845656
0.00925522
0.03436577
-0.02713628
-0.16693911
0.05644193
-0.02321172
0.01211633
-0.00897350
0.09949788
-0.00329470
0.06752891
0.03121684
-0.03450911
-0.02034737
0.03645248
-0.05162255
-0.04566611
0.01083121
-0.01579731
-0.02124113
0.01836270
-0.06338800
0.02730494
-0.08702746
-0.01206364
0.03478570
-0.03667310
-0.01196753
-0.01921657
0.02144931
-0.03292202
-0.03005678
0.01276689
-0.00928513
-0.00792267
0.01208003
0.00187209
-0.05095572
-0.00559940
-0.02112280
-0.00006329
0.01215529
0.05043240
0.04694940
0.00865672
0.03026428
0.02028338
-0.02932326
-0.00279234
0.00614569
0.03159701
-0.00454994
0.08097617
-0.00050464
-0.03099268
-0.00385575
0.00506869
-0.06514344
-0.02387784
-0.02449180
0.03539424
0.05552918
0.03973905
-0.08962654
-0.12627269
-0.04270821
-0.06619865
-0.04428479
-0.01145104
0.11263613
-0.05554925
0.05556324
0.01340043
0.02108552
0.04668800
-0.02404832
-0.04438611
0.01777283
0.00757346
0.00328726
-0.02687920
0.00707300
-0.13245602
0.03107872
0.01278414
0.07620858
-0.02670958
-0.05891865
-0.01276277
-0.03134113
0.07603600
0.00408189
0.01648333
0.05565241
0.01872707
0.02826691
0.02244676
0.03256656
0.00353197
0.05285630
-0.02084002
0.04084457
-0.02179811
-0.01788064
-0.03475448
-0.00238930
0.02376500
0.09912708
0.04236952
0.02222693
0.05948410
0.02566373
0.02451969
0.00146245
0.07466947
-0.01302073
0.01853346
0.00083620
-0.01545315
-0.02699865
-0.05152489
0.01512358
0.00419719
0.02239293
-0.00853115
0.03380229
0.02771599
0.05524063
-0.05348406
-0.08129290
-0.00471982
-0.00344432
0.01356445
-0.05898768
-0.01221530
-0.00902220
0.09299380
-0.03673831
-0.00516099
0.00374002
-0.00561041
-0.00828087
0.00409767
-0.07965599
0.00527624
-0.03204007
-0.02898048
-0.04113162
-0.00676362
0.00657846
-0.00440395
-0.02141997
-0.04872886
-0.01619603
-0.06358863
0.03313038
-0.05860258
0.05437423
0.00952839
-0.04632978
0.00225962
0.02380556
0.02837385
-0.00938226
0.00324219
0.01401652
-0.03081126
0.04708744
0.00539336
0.02003415
-0.00671628
0.01146351
-0.05385724
-0.11227950
0.03643127
0.06755027
0.05254497
-0.00607119
-0.04456983
0.04023471
0.01694789
0.04799673
-0.03755555
-0.07378502
0.00153736
-0.08784640
0.05919440
0.03452338
0.00167141
-0.04035387
0.01174975
-0.05965755
0.13228323
-0.00717437
-0.00031618
0.01053742
-0.05703426
0.08161107
0.00282187
-0.04245974
-0.06032226
0.03415392
-0.00752046
0.03031370
