0.0230807494372129
-0.0726911425590515
0.0995354354381561
0.0839409753680229
0.0488647483289242
0.0765904188156128
-0.0433042235672474
-0.0986573398113251
-0.0679577589035034
-0.0467673763632774
-0.0398337505757809
0.0507696680724621
0.0142622180283070
0.0483097583055496
0.0591771528124809
0.0801247954368591
0.0641070157289505
0.0344330668449402
-0.1095765978097916
-0.0470310226082802
0.0082521894946694
-0.0449898876249790
0.0409263297915459
-0.0345827825367451
-0.0387506410479546
0.1265147477388382
-0.0335190854966640
0.0151483593508601
-0.0168435517698526
0.0746435448527336
0.0263176858425140
-0.0457491651177406
0.0936769470572472
-0.0004644750733860
-0.0278376713395119
0.0880557820200920
0.0972555577754974
-0.0086323563009501
-0.0593584999442101
-0.0138781070709229
0.0208874680101871
-0.0218917988240719
-0.0038506416603923
-0.0136648342013359
-0.0795592814683914
-0.0891437157988548
0.1000214144587517
0.0286936853080988
-0.1129578724503517
0.0467525906860828
-0.0305769685655832
-0.0522573627531528
-0.0161223039031029
0.0457760058343410
-0.0936998352408409
0.0803836658596992
0.0379861481487751
-0.0024027128238231
0.0715030506253242
0.0942334383726120
0.0230536945164204
-0.0381267145276070
-0.0869907587766647
-0.0901867523789406
0.0131555702537298
0.0575755536556244
0.0720848664641380
-0.0676258802413940
0.1080075502395630
-0.0996710360050201
-0.0427369363605976
0.0768058672547340
0.0727989375591278
0.0178463310003281
-0.0016455948352814
0.0736613124608994
-0.0905098170042038
0.0177179779857397
0.1019833609461784
0.0732907950878143
-0.0514570325613022
-0.0793350115418434
0.0598687455058098
-0.0213415287435055
0.0669656246900558
-0.0120238447561860
0.0887412056326866
0.1421832144260406
-0.0470323897898197
0.0970702916383743
-0.0442750342190266
0.0525136552751064
-0.0831882134079933
0.0388828665018082
-0.1008288040757179
0.0196897387504578
0.0770073458552361
0.1400948911905289
0.1414424031972885
-0.0422505959868431
-0.0102197499945760
0.1261872202157974
0.0859814882278442
-0.0732681900262833
-0.0950346738100052
-0.0456229560077190
0.0368452817201614
-0.0422985740005970
0.0205710083246231
-0.0170305427163839
0.0364735350012779
0.0757470428943634
0.0107133435085416
-0.0287373159080744
-0.0121610797941685
0.0336735174059868
0.0020620280411094
-0.0450102873146534
0.0092757344245911
0.0921308398246765
0.0181157104671001
0.0908840075135231
0.0627163052558899
0.0857394263148308
0.0147413900122046
-0.0800906121730804
-0.0352393053472042
-0.0513528771698475
-0.0318950712680817
0.0007224755245261
0.0841888487339020
0.0791590660810471
0.0403272695839405
-0.0861877426505089
0.0239332467317581
0.0046670413576066
-0.0931697487831116
0.0438064560294151
-0.0000565429254493
-0.0565809719264507
0.0144367637112737
0.0093712527304888
-0.0589799508452415
-0.0640710815787315
0.0279463808983564
0.0167790744453669
-0.1213236600160599
-0.0129537787288427
0.0923028141260147
-0.0792940109968185
-0.0081376070156693
0.0621811598539352
-0.0384720973670483
0.1010136455297470
0.0351798720657825
-0.0524313189089298
0.1093855053186417
-0.0754259750247002
-0.0312711820006371
-0.0434524267911911
0.0218259934335947
-0.0597210526466370
-0.0580106191337109
0.0187371224164963
-0.0456625781953335
0.0194374974817038
-0.0799896940588951
0.0329052507877350
-0.0380261093378067
0.0778639689087868
0.0122349094599485
-0.0946209952235222
-0.0737704411149025
-0.0555266030132771
-0.0704352259635925
0.0749583989381790
-0.0523990727961063
-0.1377661228179932
-0.0099284192547202
-0.0566096343100071
0.0628356859087944
0.0365739539265633
0.0825389325618744
-0.0169407669454813
-0.0884802266955376
0.0769020020961761
-0.0575441978871822
0.0363075211644173
-0.0172451995313168
0.0912787616252899
0.0365488976240158
-0.1275880634784698
-0.0479669496417046
0.0939073637127876
0.0477787256240845
0.0685246512293816
0.0234187152236700
0.1145458072423935
-0.0336592979729176
0.0511993989348412
0.0345858000218868
0.1087650135159492
-0.0801797807216644
0.0746189877390862
0.0163699705153704
0.0120724160224199
0.0532143265008926
-0.0104966200888157
0.0567320473492146
-0.0946353673934937
-0.0706893801689148
0.0756039395928383
-0.0150502277538180
-0.0610842742025852
0.0342455878853798
-0.0255233701318502
-0.0198644306510687
0.0840578973293304
-0.0269179344177246
-0.0300893038511276
-0.0230528563261032
-0.0670168325304985
0.0517886579036713
0.0244210306555033
-0.0512759536504745
-0.0345436297357082
-0.1218907237052917
0.0033348421566188
0.0272747855633497
0.0133039783686399
0.0013099127681926
-0.0615698434412479
-0.0092603284865618
-0.0891216099262238
0.0427568480372429
-0.0233415775001049
-0.0268501546233892
0.0364799648523331
0.0429926775395870
-0.0075555513612926
-0.0384037904441357
-0.0812076255679131
0.0784658491611481
0.0143563430756330
0.0477164573967457
-0.0576531253755093
0.0374818108975887
0.0840349942445755
-0.0638727694749832
-0.0523645244538784
-0.0164567250758410
-0.0653258264064789
0.0948522910475731
0.0435562208294868
0.0438623912632465
0.0554925538599491
-0.0122797498479486
0.0015061435988173
-0.0325034782290459
-0.1018954217433929
0.0662129074335098
-0.2344015389680862
0.1707952171564102
0.1338212937116623
-0.0800907090306282
-0.0285566933453083
-0.1309760808944702
0.1088609546422958
0.0918326750397682
-0.0084676314145327
0.0018331685569137
0.0158132724463940
-0.2187959700822830
-0.0906690061092377
0.1479391604661942
-0.2041547447443008
-0.1815808713436127
-0.0325882732868195
-0.0459723658859730
-0.1407367438077927
-0.0407747179269791
-0.0916463434696198
-0.1655271053314209
-0.2056088596582413
-0.0673261359333992
-0.0392696782946587
0.1026657968759537
-0.0720382705330849
-0.0738960057497025
-0.0997780263423920
-0.2010460942983627
0.0456685125827789
0.1391672790050507
-0.0054709799587727
-0.1294674575328827
-0.1334691047668457
-0.0961682796478271
0.0551249682903290
-0.0664959847927094
-0.1276326626539230
-0.1306425034999847
0.0672613903880119
0.1610884815454483
-0.2311278730630875
-0.0707847028970718
0.1698090136051178
-0.0707293376326561
0.1495282202959061
0.0263252500444651
-0.1313732266426086
0.0001519818906672
-0.2063009589910507
0.1456627100706100
0.0406274683773518
-0.0459866113960743
0.0305241364985704
0.1591070145368576
0.3318237960338593
0.0708526000380516
-0.1610091477632523
-0.0537304766476154
-0.0584231987595558
0.0283111687749624
-0.0437833890318871
-0.0660049617290497
0.0019401531899348
0.0280192382633686
-0.0173987988382578
0.0410303696990013
0.0785425677895546
-0.0056013744324446
0.0520347170531750
-0.0125599773600698
-0.0227409377694130
0.0421613715589046
0.0634765848517418
0.0308968536555767
0.0540367998182774
0.0207135472446680
0.0365361683070660
0.0294114947319031
-0.0189582090824842
-0.0427684336900711
-0.0306829512119293
0.0243640486150980
0.0182747859507799
0.0538273863494396
0.0589747503399849
-0.0456473976373672
0.0204752832651138
-0.0407708398997784
0.0892483443021774
0.0147193428128958
0.0770698264241219
-0.0096011804416776
-0.0045503117144108
-0.0531171858310699
-0.0476988777518272
-0.0183135736733675
-0.0239291191101074
0.0153903551399708
0.0382324792444706
0.0196962039917707
0.0560533739626408
0.0233644619584084
-0.0030416671652347
0.0124532552435994
-0.0673640444874763
-0.0253498274832964
-0.0106554338708520
0.0189823545515537
-0.0023528938181698
-0.0116344308480620
0.0093476288020611
0.0597946010529995
0.0107375308871269
0.0085131693631411
-0.0679773986339569
-0.0317799076437950
0.0645943731069565
-0.0483099557459354
0.0466603972017765
0.0281566251069307
0.0557239390909672
0.0512638278305531
0.0796052590012550
0.0372205264866352
0.0541168376803398
0.0976981669664383
-0.0420148447155952
0.0144316563382745
-0.0729322358965874
0.0174839217215776
0.0860080942511559
0.0097184861078858
-0.0277646947652102
0.0178001038730145
0.0520085804164410
0.0253281388431787
-0.0249966699630022
0.0306153781712055
-0.0455226190388203
-0.0382585972547531
0.0086024049669504
-0.0045952354557812
-0.0019361097365618
-0.0216088723391294
0.0394151471555233
-0.0498073883354664
0.0040141269564629
-0.0604647397994995
-0.0509833060204983
-0.0677369236946106
-0.1178356409072876
-0.0583830773830414
-0.0074373213574290
0.0343504361808300
0.0756497159600258
-0.0519661307334900
0.0300491414964199
0.0502165332436562
-0.0289491824805737
0.0150288520380855
0.0051351040601730
-0.0109474873170257
-0.0379819534718990
0.0158041119575500
-0.0207167416810989
0.0480497516691685
0.0117929289117455
0.0129221044480801
-0.0505814217031002
0.0468346625566483
0.0299518574029207
0.0078878179192543
0.0249813012778759
0.0112957423552871
0.1019534096121788
-0.0771766155958176
0.0238789301365614
-0.0544941388070583
-0.0459109880030155
0.0076764668338001
-0.0073458910919726
0.0090393330901861
-0.0441685132682323
0.0052175875753164
-0.0857989713549614
-0.0105147352442145
-0.0088201286271214
0.0111848851665854
0.0180865377187729
-0.0025584038812667
-0.0517513565719128
0.0395533703267574
-0.0100490571931005
-0.0039573507383466
-0.0322602614760399
-0.0195274483412504
-0.0875414013862610
-0.0329506173729897
-0.0508679896593094
-0.0369511730968952
0.0138387642800808
0.0012408389011398
-0.0098820840939879
0.0690577924251556
0.0004066670662723
0.0158504117280245
-0.0068894219584763
-0.0201674252748489
0.0454047359526157
-0.0582889951765537
-0.0223470907658339
0.0465750694274902
-0.0230456665158272
0.0406186021864414
-0.0445608608424664
-0.0488707497715950
0.0686120018362999
-0.0240161716938019
-0.0156469941139221
-0.0812951102852821
-0.0232637934386730
-0.0221377313137054
0.0355484075844288
0.0539335310459137
0.0403730049729347
0.0506619065999985
-0.0475445091724396
0.0713604912161827
-0.0122311990708113
-0.0123706683516502
-0.0507634691894054
-0.0529173985123634
-0.0402119979262352
0.0119036398828030
-0.0142098143696785
-0.0385535471141338
-0.0189049206674099
0.0579907335340977
-0.0548023022711277
0.0220177862793207
-0.0296130478382111
0.0295014679431915
0.0216058269143105
0.0074749775230885
-0.0395373031497002
0.0385728180408478
0.0386139340698719
-0.0621137730777264
-0.0524939112365246
-0.0382085628807545
-0.0484693497419357
0.0162850935012102
-0.0269042104482651
-0.0455058105289936
-0.0623169206082821
0.0003436207189225
-0.0508051365613937
-0.0516130924224854
0.0077630798332393
0.0991205275058746
-0.0284101646393538
0.0577073283493519
-0.1019276455044746
-0.0084794359281659
-0.0006713800248690
0.0090468553826213
0.0574952177703381
0.0981798917055130
0.0071756290271878
-0.0199513696134090
0.0554182417690754
-0.1059149354696274
0.0399293303489685
-0.0580729134380817
-0.0261146817356348
-0.0521740615367889
0.0175027213990688
0.0494641736149788
0.0147104188799858
0.0003986833908129
-0.0098791355267167
0.0298073589801788
0.0215447973459959
0.0415717214345932
0.0385029949247837
0.0547384358942509
0.0258920267224312
0.0327210649847984
0.0180512834340334
-0.0099752536043525
-0.0048385439440608
-0.0005312999710441
0.0606571361422539
0.0537428520619869
-0.0154493665322661
0.0163170006126165
-0.0754989609122276
-0.0584300309419632
0.0357064455747604
0.0388737209141254
0.0130117889493704
-0.0240204613655806
0.0042055421508849
-0.1137179881334305
-0.0175051391124725
-0.0632058456540108
0.0711793601512909
0.0521831773221493
0.0368001461029053
-0.0658161714673042
0.0069401236250997
0.0111668398603797
0.0052041457965970
0.0079266065731645
-0.0742965862154961
-0.0895262658596039
-0.0451635941863060
-0.0538084506988525
0.0249441657215357
0.0335423536598682
0.0283361822366714
-0.0925363302230835
0.0324836634099483
-0.0238194819539785
-0.0336330048739910
0.0470179468393326
0.0263334792107344
0.0434016548097134
0.0263700541108847
-0.0122092962265015
0.0607487261295319
0.0084061445668340
0.0165405515581369
-0.0547636486589909
-0.0351986289024353
0.0466894209384918
-0.0341001264750957
-0.0566813051700592
0.0267716627568007
-0.0120017360895872
-0.0063420273363590
0.0254043489694595
-0.0658896565437317
0.0293317418545485
0.0106324059888721
0.0526406168937683
-0.0050134789198637
0.0924767330288887
0.0519284866750240
-0.0125131988897920
-0.0703857094049454
-0.0921227633953094
-0.0346551686525345
-0.0455806478857994
-0.0241160448640585
-0.0101419752463698
0.0223096515983343
0.0135891605168581
0.0425801910459995
0.0806569904088974
0.0235492289066315
-0.0391643755137920
0.0749136209487915
-0.0776033550500870
0.0227013919502497
0.0192416366189718
0.0394604727625847
-0.0205601695924997
-0.0021499171853065
0.0064060445874929
0.0286702774465084
0.0474997572600842
-0.0112534007057548
0.0328600928187370
0.0147429229691625
0.0449869595468044
-0.0613998956978321
0.0520602613687515
-0.0024842326529324
-0.0199464168399572
0.0883141383528709
-0.0147270839661360
-0.0748414620757103
0.0609662793576717
0.0213490389287472
-0.0293875187635422
-0.0314395241439342
-0.0247038062661886
-0.0045970007777214
0.0456485264003277
0.0609904192388058
0.0556644946336746
0.0472020134329796
-0.0177244339138269
0.0506291836500168
-0.0485716834664345
-0.0446041002869606
-0.0390746779739857
0.0846958234906197
0.0139248576015234
0.0736887603998184
-0.0212891530245543
-0.0202302429825068
-0.0605598986148834
-0.0331601537764072
0.0213010925799608
0.0534682944417000
0.0559563040733337
0.0589121431112289
0.0568176433444023
-0.0507885888218880
-0.0259811040014029
0.0166999101638794
-0.0079628853127360
0.0006137685850263
0.0407822318375111
-0.0347005128860474
0.0258968733251095
0.0396897867321968
-0.0006305781425908
-0.0374771282076836
-0.0540103428065777
-0.0348000712692738
-0.0510147698223591
-0.0906642675399780
0.0425795055925846
0.0179682858288288
-0.0381618700921535
0.0481026433408260
-0.0462277755141258
-0.0585951097309589
-0.0044805067591369
0.0260710045695305
0.0436501912772655
-0.0383435301482677
-0.0256871171295643
0.0178799461573362
0.0479157604277134
-0.0279141589999199
0.0117511413991451
-0.0210385937243700
0.0344006605446339
0.0462349131703377
0.0164169799536467
-0.0615670233964920
0.1099795475602150
-0.0403565950691700
-0.0472805202007294
0.0293730329722166
0.0374112091958523
-0.0494029298424721
-0.0183448065072298
0.0182163584977388
0.0080307498574257
-0.0858589485287666
0.0771073400974274
0.0356997959315777
0.0458867400884628
0.0312653593719006
0.0660035908222198
0.0148605769500136
-0.0665404722094536
0.0367330163717270
0.0169786084443331
0.0302374698221684
0.0416502282023430
0.0039925500750542
-0.0752106085419655
0.0424939654767513
0.0346788540482521
-0.0000675241681165
0.0045211417600513
-0.0221340022981167
-0.0204988345503807
0.0507326088845730
0.0232376214116812
0.0476948283612728
-0.0803063735365868
0.0224345270544291
-0.0023132581263781
-0.0496319420635700
-0.0923242196440697
0.0527896173298359
-0.0016864868812263
0.0623173490166664
-0.0808801725506783
-0.0211656503379345
-0.0716732367873192
0.0189915150403976
0.0182529054582119
0.0682083442807198
0.0572454817593098
0.0180403571575880
0.0717734545469284
0.0249269530177116
0.0381807871162891
-0.0380416698753834
-0.0047665531747043
-0.0346125736832619
0.0109128216281533
0.0313881970942020
-0.0290978420525789
0.0537562556564808
-0.0486158728599548
0.0748587772250175
-0.0404141582548618
0.0466063879430294
0.0095069278031588
0.0770718306303024
0.0316217951476574
0.0235841721296310
-0.0197244938462973
0.0611501224339008
-0.0587612353265285
0.0656105056405067
0.0034269886091352
-0.0055597149766982
0.0288308262825012
0.0302882790565491
-0.0248701144009829
-0.0154311526566744
0.0238778218626976
-0.0111577641218901
-0.0316729433834553
-0.0941579937934875
-0.0144215533509851
-0.0649615377187729
0.0162084773182869
0.0268945507705212
-0.0055585810914636
0.0226805172860622
-0.0462563969194889
-0.0969953909516335
-0.0187280029058456
0.0366736240684986
0.0135164903476834
0.0838724896311760
0.0601328872144222
0.0547782219946384
0.0453310832381248
-0.0667638331651688
0.0181848295032978
-0.0302404221147299
0.0417538024485111
0.0326776504516602
-0.0268173869699240
0.0446515865623951
0.0457569807767868
-0.0086315525695682
0.0116270286962390
-0.0296850651502609
0.0903126373887062
-0.0542017854750156
0.0412318520247936
-0.0363372191786766
-0.0258856732398272
-0.0585553981363773
-0.0270908772945404
0.0356214530766010
-0.0234227795153856
0.0189085993915796
0.0616398230195045
0.0439310222864151
-0.0087162023410201
-0.0567892342805862
0.0569370351731777
0.0827655270695686
0.0319761931896210
-0.0056211901828647
