0.0233752913773060
0.0375649780035019
0.0427576676011086
0.0877706184983253
-0.0311287008225918
0.0715685486793518
0.1180841103196144
-0.1484809070825577
0.0660870671272278
-0.0449505671858788
-0.0513049773871899
0.0220583956688643
-0.0553739070892334
-0.0873210132122040
-0.0632151737809181
-0.0446613952517509
0.0445248782634735
0.1687341034412384
0.0249156225472689
-0.0390167832374573
0.1135770156979561
-0.0345970615744591
0.0298079662024975
0.0454358682036400
-0.0836300179362297
0.0340409688651562
-0.0092632090672851
-0.0268323384225368
-0.0712360069155693
0.0165493302047253
0.0295435711741447
0.0203977320343256
0.0383115895092487
-0.0111598866060376
-0.0184166077524424
0.0785160884261131
-0.0017330028349534
-0.0500439181923866
0.0562421455979347
0.0120026068761945
-0.0302184615284204
-0.0104678198695183
0.0896820351481438
-0.0254034008830786
0.0589431859552860
-0.0151327345520258
-0.0435708761215210
0.1654212027788162
0.0054186973720789
-0.1229796782135963
0.0460881516337395
0.1309203505516052
0.0693267658352852
-0.1129356622695923
0.0411545969545841
0.0119131179526448
-0.0658632069826126
-0.0163952391594648
0.0700251907110214
0.0521956607699394
-0.0436008609831333
-0.0677244961261749
-0.0838500782847404
0.0085418801754713
0.1146422475576401
-0.0483717694878578
-0.0255923643708229
0.0412747338414192
-0.0170974396169186
-0.0666568949818611
0.0428354218602180
-0.0159962680190802
-0.0232075210660696
0.0269149132072926
0.0817450806498528
-0.0204843636602163
0.0303599499166012
0.0202602930366993
0.0157432816922665
-0.0120271863415837
-0.0384416207671165
-0.1061781123280525
0.0130431801080704
0.0278607308864594
-0.0316846854984760
-0.0457480736076832
-0.0104902973398566
0.0949298664927483
-0.0267401598393917
-0.0592656880617142
0.0581692233681679
-0.0717537552118301
0.0093353958800435
-0.0616400539875031
-0.0110693555325270
-0.0926386639475822
0.0781654417514801
0.0826643556356430
-0.0601038150489330
0.0504771731793880
0.0381721295416355
0.0657977685332298
-0.0691526606678963
-0.0047637391835451
-0.1371979564428329
-0.0839745849370956
-0.0408649668097496
-0.1262078732252121
0.0299732200801373
0.0645387247204781
-0.1279726475477219
0.0716462954878807
-0.0619672015309334
0.0425212755799294
-0.0191024690866470
-0.0064887520857155
0.0262351259589195
-0.0677515715360641
-0.0404376424849033
0.1224609389901161
0.1372664272785187
0.0874438583850861
-0.0448137260973454
0.0605849511921406
-0.0993713289499283
0.0273738261312246
0.0603318735957146
-0.0646335408091545
-0.0721849352121353
0.0734640732407570
0.0493224672973156
0.0174830872565508
0.0036149502266198
-0.0332589894533157
0.0437654368579388
0.0034578952472657
-0.1149092465639114
0.0457505360245705
0.0459650903940201
0.0462525300681591
-0.0588979683816433
0.0671812072396278
-0.0382151752710342
0.0773554146289825
-0.0450892858207226
-0.0825698375701904
0.0191886760294437
0.0907878056168556
0.0433123111724854
0.0138573236763477
-0.0246563535183668
-0.0656199455261230
-0.0508779957890511
0.0258998740464449
0.0230466611683369
0.0156575553119183
-0.0021567190997303
0.1007157936692238
-0.0479753203690052
-0.0008461836259812
-0.0329780504107475
0.0297896582633257
0.0039099701680243
-0.1106619089841843
-0.0036514911334962
-0.1221902817487717
0.0849929302930832
-0.0421378575265408
-0.0005816346383654
-0.0561345703899860
-0.0895507633686066
0.0268887877464294
0.1162251979112625
0.0494234263896942
-0.0364883989095688
-0.0372764319181442
0.0479767285287380
0.0622443296015263
0.0205619428306818
-0.0416885390877724
-0.0603283122181892
0.0340531840920448
0.0464139692485332
0.0396919921040535
0.0267417114228010
0.1175722479820251
-0.0634737536311150
-0.0807336270809174
-0.0109838536009192
0.0278835631906986
0.1148648038506508
-0.0182331521064043
0.1281615942716599
-0.0801736861467361
0.0244099125266075
-0.0271652303636074
0.1007592007517815
-0.0036296478938311
-0.0818750336766243
0.0868382081389427
0.0814100429415703
0.0212187748402357
0.0975397974252701
-0.0682972893118858
0.0422239713370800
-0.0723269134759903
0.0079605598002672
-0.0426544360816479
-0.0742028579115868
0.0612509064376354
0.0155266877263784
0.0007098104688339
0.0036442116834223
0.0251098275184631
0.0332049503922462
0.0146132595837116
-0.0296032242476940
0.0078393500298262
0.0574890077114105
0.0096166050061584
0.0147797390818596
-0.0175329521298409
-0.0315723381936550
0.0075460178777575
0.0820009261369705
0.0485079586505890
-0.0169946011155844
0.0433868281543255
-0.0256122704595327
0.1520963460206985
0.1186400949954987
0.0601720772683620
-0.0116928555071354
-0.0192998237907887
-0.0661936402320862
-0.0092064496129751
0.0237158108502626
-0.0760182216763496
-0.1033199131488800
0.0144094387069345
-0.0463141202926636
0.0167293492704630
0.0174225289374590
0.0376783236861229
-0.0336939059197903
0.1166251525282860
0.0763248056173325
0.0630489289760590
-0.0561506338417530
0.0672915428876877
0.0752294436097145
0.0246189422905445
0.0329263173043728
-0.0178549531847239
0.1444873362779617
-0.0322767905890942
-0.0717913433909416
-0.0235120411962271
-0.0969608426094055
0.0813586935400963
0.0328057222068310
-0.0779962539672852
-0.0329203940927982
0.1601455062627792
0.0058630141429603
-0.0347943902015686
-0.0555371791124344
-0.0359553694725037
0.0438252054154873
0.1159049943089485
-0.1529461741447449
0.0760517343878746
-0.3138371109962463
0.1324546039104462
0.1402939558029175
-0.2131162434816360
-0.0448496527969837
0.0634251087903976
0.0658312812447548
-0.1359865516424179
-0.1796915978193283
-0.0093421265482903
-0.2051299661397934
-0.2652842104434967
-0.0133330803364515
-0.0592069625854492
-0.0605584420263767
0.0500763170421124
0.0068559003993869
-0.0191039964556694
-0.1964157223701477
-0.0002382548263995
0.0593273006379604
-0.0681505054235458
-0.0635408386588097
-0.1721048802137375
0.0025193968322128
0.1141052618622780
-0.0470428206026554
-0.0066250357776880
0.0302970539778471
-0.0209959466010332
0.1048708781599998
-0.3736872076988220
-0.0950915738940239
0.0729110985994339
-0.0943926721811295
0.0376856252551079
-0.0313872620463371
-0.1140979379415512
-0.0630113184452057
-0.1933234035968781
0.0534707531332970
0.0490397103130817
-0.1389633119106293
0.0908702015876770
0.1074714884161949
0.3514022529125214
0.0662553384900093
-0.1707468181848526
-0.0607537887990475
0.0040843300521374
0.0416859127581120
-0.0488727614283562
-0.1385069787502289
-0.0147544657811522
0.0342705175280571
-0.0302242171019316
0.0462593883275986
0.0391141250729561
-0.0219729170203209
0.0531102493405342
-0.0409665368497372
-0.0589799135923386
0.0162131916731596
0.0457560904324055
0.0543968752026558
-0.0091168750077486
0.0422419533133507
0.0034386981278658
-0.0171838570386171
-0.0241860207170248
-0.0626339986920357
0.0372589528560638
0.0184384807944298
0.0371107906103134
0.0484923422336578
0.0438187345862389
-0.0056007863022387
-0.0451796799898148
-0.0253755599260330
0.0331352874636650
0.0352300442755222
0.0392476879060268
0.0301887597888708
-0.0462902896106243
-0.0374239236116409
-0.0274201035499573
-0.0668100193142891
0.0015292069874704
0.0359813831746578
0.0504115335643291
-0.0273245014250278
0.0847261920571327
0.0258513707667589
0.0016128963325173
0.0423369370400906
-0.0507047362625599
-0.0601889491081238
0.0130404643714428
-0.0097197499126196
0.0418107099831104
-0.0185084193944931
0.0325194336473942
0.0574632100760937
0.0346183963119984
0.0187075864523649
-0.0209683924913406
-0.0032231786753982
0.0625246465206146
-0.0303051657974720
0.0000327916422975
0.0360540449619293
0.0561113916337490
0.0573235899209976
0.0456079579889774
-0.0028390167281032
0.0554537028074265
0.0266051180660725
-0.0826428160071373
0.0048304130323231
-0.0648211613297462
0.0504136458039284
0.0398527570068836
0.0172272641211748
-0.0023927916772664
0.0100870383903384
0.0448925979435444
0.0084695974364877
-0.0617856942117214
-0.0253012031316757
-0.0736012533307076
-0.0408690050244331
0.1096367314457893
-0.0665944442152977
-0.0408507026731968
-0.0367534384131432
0.0339399129152298
-0.0374913029372692
0.0130608510226011
-0.0733471512794495
0.0103527586907148
-0.0595316402614117
-0.0538172312080860
0.0123317586258054
-0.0054562548175454
0.0322100892663002
0.0265019331127405
-0.0244521908462048
0.0460836775600910
0.0403922535479069
-0.0378047861158848
0.0205101259052753
0.0365899614989758
-0.0086554018780589
0.0095323109999299
-0.0191918890923262
-0.0392294414341450
0.0437763966619968
0.0454617105424404
-0.0203348658978939
-0.0550704635679722
0.0011501957196742
0.0121355168521404
-0.0217000730335712
0.0225743092596531
0.0621617175638676
0.0713598877191544
-0.0556776449084282
0.0810066387057304
-0.0334130376577377
-0.0346527397632599
-0.0072796093299985
-0.0172599852085114
-0.0017840445507318
-0.0282145179808140
0.0024545527994633
-0.0549029521644115
-0.0146925188601017
-0.0118086691945791
0.0119365565478802
0.0639744699001312
-0.0255154743790627
-0.0696618333458900
-0.0335184745490551
0.0151458457112312
-0.0155726140365005
-0.0517459064722061
-0.0111660454422235
-0.0463232360780239
-0.0407243967056274
-0.0173748955130577
-0.0289536211639643
-0.0376557148993015
0.0218042060732841
-0.0239648986607790
0.0528646409511566
0.0034419700969011
0.0186659395694733
-0.0104579636827111
-0.0148820625618100
0.0551814697682858
-0.0409556068480015
-0.0352697297930717
-0.0016611261526123
0.0203483961522579
-0.0093596279621124
0.0406977720558643
-0.0166517049074173
0.0281661506742239
-0.0166149828583002
-0.0350335016846657
-0.0532101616263390
0.0361299328505993
-0.0197114907205105
0.0549088604748249
0.0653153508901596
0.0576233901083469
0.0277995057404041
-0.0524714104831219
0.0676839277148247
0.0125726033002138
-0.0454191714525223
-0.0634310245513916
-0.0916471630334854
-0.0427061542868614
0.0803992599248886
-0.0269813295453787
-0.0293132588267326
-0.0318661220371723
0.0792857334017754
0.0131240468472242
0.0136547563597560
0.0094901798292994
-0.0362894162535667
0.0379232391715050
-0.0372860431671143
-0.0574704594910145
0.0228381156921387
0.0744004249572754
-0.0953400805592537
-0.0366350859403610
-0.0350243225693703
-0.0506187342107296
0.0196143276989460
-0.0277459751814604
-0.0615115053951740
-0.0507076382637024
0.0290186218917370
-0.0355485826730728
-0.0236832872033119
0.0418665707111359
0.0998044535517693
-0.0373031087219715
0.0107322847470641
-0.0553396195173264
0.0532817281782627
0.0722720026969910
0.0126228909939528
0.0510398484766483
0.0794079154729843
-0.0390783064067364
0.0291204731911421
0.0489272773265839
-0.0381793379783630
0.0703525841236115
-0.0193472411483526
0.0116681754589081
-0.0641563832759857
0.0335561186075211
0.0644369050860405
-0.0025100330822170
0.0046459590084851
-0.0115093784406781
0.0685560405254364
0.0430768653750420
-0.0024297963827848
0.0540646240115166
0.0391961336135864
-0.0144777689129114
0.0838400050997734
0.0102529041469097
0.0255620405077934
-0.0000782002680353
-0.0239554420113564
0.0507235601544380
0.0386753268539906
-0.0114601133391261
-0.0087523963302374
-0.0423273667693138
-0.0800391510128975
0.0339823514223099
0.0851360186934471
0.0004975813208148
0.0477301292121410
-0.0461309291422367
-0.0695069581270218
-0.0288806371390820
-0.0765703916549683
0.0686580687761307
0.0325731709599495
0.0667365640401840
-0.0423984862864017
-0.0054908883757889
-0.0072109601460397
-0.0479397363960743
-0.0469124838709831
-0.0112440772354603
-0.0833128169178963
-0.0336953885853291
-0.0030844649299979
0.0298244971781969
0.0595088228583336
0.0536590926349163
-0.0545749776065350
0.0345511697232723
0.0114102046936750
-0.0251564718782902
0.0115263108164072
-0.0152333946898580
0.0504371598362923
0.0372710935771465
-0.0175131969153881
0.0199337657541037
-0.0004284192109481
0.0637635886669159
-0.0652981922030449
-0.0233052894473076
0.0757845565676689
-0.0015472207451239
-0.0310425572097301
0.0340463779866695
0.0259588137269020
-0.0277042780071497
0.0286923665553331
-0.0763191804289818
0.0043698004446924
-0.0107305767014623
0.0498123541474342
0.0024786083959043
0.0244131684303284
0.0727891623973846
-0.0208958685398102
-0.0591231957077980
-0.0773052424192429
-0.0472766235470772
-0.0568889379501343
-0.0225938633084297
0.0211152695119381
0.0072829425334930
0.0171346832066774
0.0605549775063992
0.0203234869986773
0.0461874827742577
-0.0462543219327927
0.0386203378438950
-0.0480305366218090
0.0215141773223877
0.0403383374214172
0.0588776022195816
-0.0683726221323013
0.0006194039597176
-0.0064588207751513
0.0194906797260046
0.0471832193434238
0.0182259362190962
0.0001332131942036
-0.0312663689255714
0.0886025801301003
-0.0252401083707809
0.0062561784870923
0.0351399369537830
-0.0628109797835350
0.0525165200233459
-0.0160700008273125
-0.0569694563746452
0.0414569377899170
0.0538135990500450
-0.0421974137425423
0.0103256888687611
-0.0260248370468616
0.0044607962481678
0.0585212931036949
0.0439278669655323
0.0533309876918793
-0.0114691769704223
0.0309633035212755
0.0318029485642910
-0.0753592997789383
0.0114522287622094
-0.0309761166572571
0.0750547274947166
-0.0389632433652878
0.0225145090371370
0.0040268595330417
0.0155261624604464
-0.0302326697856188
-0.0401809215545654
0.0298140253871679
0.0448846705257893
0.0020743825007230
0.0742007344961166
0.0474311150610447
-0.0144597683101892
-0.0112614901736379
-0.0026058384682983
0.0303270649164915
-0.0276999454945326
0.0304667614400387
-0.0238398686051369
0.0217285882681608
0.0572973974049091
-0.0573472827672958
0.0071479282341897
-0.0112115470692515
-0.0668207034468651
-0.0988015532493591
-0.0536725558340549
0.0183371379971504
0.0359610319137573
-0.0447684787213802
0.0139245539903641
-0.0303354207426310
-0.0765030533075333
-0.0457696579396725
-0.0405768305063248
0.0545654147863388
-0.0331001393496990
-0.0048353006131947
0.0419479832053185
0.0780150368809700
0.0260106511414051
-0.0240010861307383
0.0023950673639774
0.0271338578313589
0.0513280443847179
0.0414537750184536
-0.0217515565454960
0.0936728492379189
-0.0168638732284307
-0.0230210982263088
0.0386734753847122
0.0524792186915874
-0.0418128669261932
-0.0401107408106327
0.0481926947832108
0.0437739491462708
-0.0864679589867592
0.0600482225418091
-0.0145800085738301
-0.0074006123468280
-0.0025228415615857
0.0558844469487667
-0.0154921915382147
-0.0689450204372406
0.0128222052007914
0.0433889180421829
-0.0040709963068366
0.0483256243169308
0.0311345718801022
-0.0605863630771637
0.0692810863256454
0.0761085152626038
-0.0452015809714794
-0.0354757867753506
0.0433974489569664
-0.0388800166547298
0.0398917384445667
0.0118425246328115
0.0465352497994900
-0.0581503249704838
0.0706967860460281
-0.0353270918130875
0.0247372481971979
-0.0550273582339287
0.0392174087464809
-0.0248417519032955
0.0002102764265146
-0.0977198407053947
-0.0591410212218761
0.0125168506056070
-0.0266719423234463
0.0191977098584175
0.0535490661859512
0.0403599403798580
-0.0075122648850083
0.0648314729332924
0.0097973868250847
0.0734082236886024
-0.0632448792457581
-0.0555453896522522
-0.0151916341856122
0.0486678816378117
0.0286637507379055
-0.0551420561969280
0.0876340940594673
-0.0423735305666924
0.0433634482324123
-0.0466195717453957
0.0718611031770706
0.0032142931595445
0.0417355075478554
0.0307898037135601
0.0606348738074303
-0.0394852906465530
0.0637319982051849
-0.0876026451587677
0.0110383518040180
-0.0297140069305897
0.0867184177041054
-0.0082955677062273
-0.0097267730161548
0.0206044409424067
0.0224184244871140
0.0141227394342422
-0.0845043286681175
-0.0235888715833426
-0.0854942500591278
-0.0280170291662216
-0.0624921768903732
-0.0181728582829237
0.0233638752251863
0.0409246571362019
0.0047710496000946
-0.0620561912655830
-0.0952765494585037
-0.0292438771575689
0.0213693473488092
-0.0094281733036041
0.0608105547726154
0.0707675665616989
0.0213253367692232
0.0396010987460613
-0.0381386615335941
-0.0258694291114807
-0.0168843157589436
0.0531418733298779
0.0595028176903725
-0.0100286174565554
0.0135133946314454
0.0406370162963867
0.0333873666822910
-0.0403613224625587
-0.0060100029222667
0.0650556311011314
-0.0269503444433212
0.0623561218380928
-0.0061623672954738
0.0364559814333916
-0.0454703867435455
-0.0155601548030972
0.0623201541602612
-0.0947868004441261
0.0578558221459389
0.0782681107521057
0.0346505381166935
-0.0052053760737181
-0.0329977571964264
0.0366877391934395
0.0649191886186600
0.0186718907207251
0.0278231073170900
