0.02189257
-0.02264338
0.01516927
0.00613367
-0.00557053
0.00242767
0.01124139
-0.00575111
-0.03003320
0.00590420
-0.00057867
-0.00275395
0.01926918
0.00030271
-0.01746873
-0.01297094
0.00803151
-0.00719043
0.10926221
0.04366486
0.00389399
0.06990807
-0.05308985
-0.01482420
-0.00148223
0.00769506
0.00864605
-0.01242356
-0.02032525
0.01179241
0.00397271
0.01663609
0.01264919
-0.01933050
0.01036651
0.02979386
-0.00016652
0.00911009
0.00971705
-0.04764543
-0.00697990
-0.01209717
-0.05277359
-0.02267708
0.00497560
0.00266317
-0.02947063
0.01197809
0.00271734
0.00906940
0.02291004
-0.06604271
0.02454766
-0.00440434
-0.03923279
-0.01798517
-0.00764648
-0.00603745
0.43003809
0.02443634
-0.02462105
0.02634835
0.01485086
-0.04857273
0.01292024
0.05019351
-0.01870509
-0.01432856
0.02818898
0.02712320
0.01365252
0.00432835
0.00508781
0.00136032
0.01699889
0.00297709
-0.02296123
0.01254681
0.01946300
0.06986067
-0.01442659
0.01309523
-0.00111655
0.06982287
0.05167895
-0.00157941
0.00788042
0.00947810
0.03838623
-0.00184894
-0.00482024
0.02877021
0.00636474
0.02451759
-0.01370660
-0.00226789
0.00514813
-0.03352536
0.01414758
-0.00629566
-0.00647617
0.00961902
-0.00202647
0.01049322
0.00622374
-0.01058090
0.00530974
-0.00042123
0.02839013
-0.02497847
0.00656867
0.02815840
0.00143402
0.00272966
-0.01309218
0.00331544
-0.00108657
-0.01743610
0.01426444
-0.00400093
0.00168526
-0.00799414
-0.01681753
-0.00150574
-0.01785660
0.02663570
-0.02359198
-0.00032681
0.01111898
0.06979374
-0.01051722
-0.02098759
-0.02750856
-0.01203511
0.00859654
0.00608092
-0.00423857
0.02791786
-0.07691281
0.00797025
-0.07296834
-0.01336682
-0.01400981
-0.01241259
-0.02338062
0.11731517
-0.02156130
-0.00052613
-0.01973964
-0.02670295
0.02940512
0.01453637
-0.02481446
0.00356029
0.01587813
-0.02876542
0.01144651
0.01501269
-0.05057763
-0.01419235
0.00334813
-0.08765733
0.02525957
0.00133411
0.00956945
0.07095091
-0.01734206
-0.02144758
0.01492131
0.04030320
0.02480602
-0.01374326
0.01613736
-0.01277443
0.05448030
0.04481955
0.00695114
-0.01354543
-0.05479844
0.00412625
0.01076887
-0.03709394
0.00318457
0.03151571
0.00111253
0.01773206
-0.06279241
-0.01994586
-0.00621213
0.02931770
0.08136301
0.02715713
-0.00385571
-0.03072411
0.00431191
0.03681086
0.04889352
0.03570817
0.02854738
-0.03326892
0.01596040
0.02678843
0.03945727
-0.01930439
0.02234915
-0.03857219
0.01300017
0.00865308
0.01106053
-0.11062047
-0.00682422
-0.01896850
0.01017914
0.01252700
0.00592133
0.01337642
0.00353472
0.05523994
-0.02397599
0.00105149
0.00223901
-0.78331161
0.01214405
-0.02636790
0.01216359
0.00025552
0.00751662
-0.01319131
0.02860338
0.01341631
0.00000615
-0.05155624
0.01114401
0.00546457
-0.01734996
-0.01667055
-0.01109953
-0.00109206
0.00174379
0.00753346
-0.00167985
0.00580835
-0.05378037
0.00088852
-0.01031723
0.01380874
-0.00020438
0.02929250
0.01074373
-0.04029918
0.00069819
-0.00306274
0.03313340
0.00382262
-0.02421564
-0.01640967
0.00258605
0.02050413
-0.06653216
0.10301883
0.00480324
-0.15329134
0.04771826
0.02582961
0.06483536
0.00027725
0.07898199
0.05480931
0.04550664
0.08773497
-0.16042487
-0.00415289
-0.03355077
0.06051493
-0.02818204
-0.01798879
0.03267771
0.06678481
-0.24959897
0.00441179
0.08632457
-0.03545890
-0.02545330
-0.10045834
-0.08028349
-0.05899226
0.17818858
0.01322509
0.01779326
0.08742291
0.02326395
0.13508618
-0.00729009
-0.06238021
-0.00508207
0.07100159
0.02487241
0.03282261
-0.05939438
-0.12225623
0.05445731
0.01409126
0.77417958
-0.10468153
0.09904146
0.00021161
0.02081766
0.05168184
0.01520652
0.09357163
-0.07261302
-0.06483362
0.16562971
0.02679055
-0.05444169
-0.00045731
-0.15274943
0.12387187
-0.05603193
0.01823181
-0.01664392
-0.04722325
0.04086297
0.02192547
-0.05853942
0.00669749
-0.00845088
0.03237474
0.00839115
0.00025358
-0.00761753
0.02009565
0.01459543
0.02874738
0.01279386
0.02183375
0.01652516
0.02768414
0.03691804
-0.01592980
0.01549036
-0.01170211
-0.05775028
0.01608042
0.00347930
0.03213002
-0.01274129
-0.01698042
0.06496261
0.06953202
0.00628768
0.00476779
-0.00014780
-0.01080460
-0.02987117
0.00155673
0.00652602
-0.01285471
-0.04360975
-0.04985107
0.02832162
0.05154273
0.09235746
0.03960817
-0.00084068
-0.02537798
0.01648371
0.00886234
-0.13442610
0.00932774
0.01511740
0.04117787
-0.04015959
0.11085815
0.01524227
0.03538275
-0.03517282
0.04955673
0.00796105
0.03678445
-0.04253323
-0.00969632
-0.01464154
-0.00914519
-0.02924049
0.00532195
-0.05002662
0.04440581
0.04026899
-0.01438068
0.02547202
-0.05080491
-0.06021487
0.02802205
0.05074694
-0.09543869
0.07864767
-0.02468109
0.00156082
-0.06137120
0.03050833
0.03586291
0.01432348
-0.00254063
-0.02679908
0.02344878
0.01543710
-0.06338812
0.02921216
0.03477493
0.01491723
-0.05338632
0.04918866
-0.03410691
0.08001427
-0.06040306
-0.01581466
-0.01313157
-0.09501444
-0.05767573
-0.04805885
-0.02603615
0.01440968
-0.06837332
0.03450656
-0.02954816
-0.03719366
-0.03955592
-0.07743545
-0.03666668
0.02074866
0.02602624
-0.01176968
0.02630015
-0.08340204
0.00395663
0.02145633
-0.08304121
0.00557684
0.03603676
0.03487071
0.00106759
0.01700368
-0.01194259
0.02320917
-0.00467853
-0.01771556
0.11168124
0.01991893
-0.02614579
-0.06635010
0.02560296
-0.00133949
0.04811206
0.00493666
-0.01027870
-0.01716899
0.00457081
0.06448718
0.01376277
0.02328596
0.04472566
-0.01135090
0.03245639
0.01683755
-0.02223766
-0.05573953
0.00742106
0.04145423
-0.01463923
-0.00550330
0.01725556
-0.01200775
0.05589472
0.08143296
-0.02278205
-0.02999001
-0.04526069
0.04246273
-0.03835375
-0.02480553
-0.08141785
-0.00658917
0.08504226
-0.06407066
-0.01673345
0.02214379
0.09608796
-0.01775865
-0.00704814
-0.00087923
-0.04944924
-0.06904051
0.05513749
0.02085355
-0.01181246
-0.06932224
-0.01557859
-0.05401479
0.03512855
0.00056670
0.02989608
-0.01273033
-0.01783693
0.02453621
0.04702571
0.03750918
0.05059461
0.00579789
-0.04011487
0.00053482
-0.05798195
0.06174925
-0.03524848
0.01330926
0.01586233
0.02621469
0.04173807
-0.06250507
-0.02217080
-0.01418955
0.03039846
0.04317623
-0.11534789
0.01809805
0.02038142
0.00525790
0.05545011
-0.04819217
0.04335973
0.01712856
0.00236688
0.00061363
0.03686865
-0.09978539
-0.02382571
-0.03530171
0.01008976
-0.01209417
-0.01047382
0.05644919
0.00615860
-0.02176027
0.06882906
-0.02694033
-0.01245303
-0.02325205
0.05887310
0.00145087
-0.04847340
0.01284415
-0.06055715
0.01066898
0.04165380
0.05001293
0.08509459
-0.07263728
0.04030345
0.01379681
0.01258442
-0.06485892
0.01078084
-0.07908151
0.04609399
-0.01034036
-0.04016393
-0.02933830
-0.03747588
0.05295439
-0.02354285
0.00123071
0.05767636
-0.02310683
0.01099578
-0.04929884
0.05687987
0.03936469
-0.03921247
-0.03039025
0.02777023
0.02279713
0.01739082
-0.07343008
0.02250991
0.01811411
-0.08490256
0.03295331
-0.00081931
0.05436829
0.00163695
-0.00584538
0.01229886
0.11640274
0.01763385
0.08120321
0.03255397
-0.01905962
0.03907206
0.04222878
0.05707495
0.00805431
-0.04453227
0.03446340
0.01976699
-0.01010734
0.01790489
-0.01423483
0.03757611
-0.04196253
-0.00411746
-0.04270535
-0.06495629
0.06209206
0.01635433
0.10753303
-0.03333904
-0.00117288
-0.01626250
0.00663434
0.02018511
-0.07187629
-0.02345756
-0.01420145
0.02452299
-0.00248132
0.01005423
0.03763498
0.00543691
-0.03200888
0.02257832
-0.05719281
0.05551232
-0.00282514
0.09051803
0.04503957
0.02982763
0.02932832
0.02476964
0.08400667
0.00185093
-0.07781143
0.00811644
0.00615107
-0.03711592
-0.04208020
-0.00455293
0.00333962
-0.02603715
-0.11741190
0.02493174
0.03317541
0.04465806
-0.06381399
0.01002551
-0.02402056
-0.02448307
-0.08161152
-0.02651056
-0.05493894
-0.00757613
-0.00232689
0.02630895
0.02255661
-0.03805731
-0.00739679
0.05625742
-0.04387390
-0.00953155
0.00981792
-0.06582785
-0.02910989
-0.02879045
-0.03809225
0.00419856
-0.05683241
0.09945706
-0.06875665
-0.02935383
-0.07082549
0.02142137
0.05056925
0.02867412
-0.03922115
-0.03420148
0.07011894
0.04131468
0.03814435
-0.02893252
-0.04392543
-0.06695910
0.03741214
0.07522423
0.01293936
0.00031618
-0.01107001
-0.07394929
0.03658192
0.00294138
0.05846727
-0.01838408
0.03081122
-0.04305043
-0.01111792
0.07189573
0.02641290
0.01517426
-0.02458311
0.14767584
-0.03227378
0.00429289
-0.11672967
-0.04575129
0.00562210
-0.05878515
0.00416840
0.02637273
-0.01331352
-0.07263411
0.04954241
-0.01659529
0.03014894
-0.16406694
-0.00637738
-0.03383038
-0.09139764
0.03607288
-0.02350233
0.03198112
-0.02590012
-0.00831673
0.01380211
0.04562064
-0.01363109
-0.03829406
-0.04598164
0.01673136
-0.05590019
-0.00346997
0.02310903
-0.01715037
-0.00388336
-0.02023361
-0.10331354
-0.00263714
-0.04379783
-0.02090296
-0.03295030
0.00005214
-0.06851836
0.03705550
0.02273799
-0.02746272
0.01046599
0.09874318
-0.00285578
-0.03600227
-0.00435533
-0.04375578
0.01510795
-0.04486371
-0.09300856
0.04994286
-0.02068633
0.00279264
0.04799990
-0.02360925
0.04235025
0.04350203
0.05946500
-0.05215523
-0.03048430
0.10901511
0.06910493
-0.01064672
0.06689028
0.07984591
0.02169705
-0.00118807
0.09144752
0.06629679
0.02432420
0.05948230
0.00092450
-0.02873722
0.07156798
-0.03957117
-0.01865609
-0.00614643
-0.04501379
0.06058506
0.01757909
-0.02705350
-0.07808226
0.05804423
0.05931675
-0.06201822
0.01047031
-0.03650939
-0.05696002
0.06427763
-0.05375494
-0.09768611
-0.00994529
0.00018689
-0.05609585
-0.00095136
-0.05927083
-0.00596548
0.00553145
0.01277736
0.01002762
0.00738251
0.05799196
-0.00751305
-0.01843936
0.01304052
0.02274867
0.05706555
0.04265497
0.01170074
-0.00598451
0.00270460
0.00086802
-0.13103294
-0.01304813
0.01727883
-0.01965270
-0.01915247
0.10116267
0.00898007
0.01475419
-0.00125635
