1.298112794756889343e-02
-3.327183425426483154e-02
-1.966450177133083344e-02
-3.688123449683189392e-02
4.248788580298423767e-03
-2.255158498883247375e-03
-5.510639748536050320e-04
-4.180702939629554749e-02
-5.269971862435340881e-02
2.670692279934883118e-02
-2.106967940926551819e-02
3.754591569304466248e-03
1.925810612738132477e-02
-2.217029407620429993e-02
-3.028398379683494568e-02
-2.953290380537509918e-02
4.137445706874132156e-03
-6.062462460249662399e-03
9.728501737117767334e-02
4.125657677650451660e-02
7.318445947021245956e-03
5.793683603405952454e-02
-3.261427953839302063e-02
-4.661648068577051163e-03
-1.702170260250568390e-02
1.673745922744274139e-02
1.002895552664995193e-02
2.288833819329738617e-02
-2.335691265761852264e-02
1.202193833887577057e-02
2.067082375288009644e-02
-3.494185162708163261e-03
1.272927969694137573e-02
-1.805859431624412537e-02
-4.007423762232065201e-03
4.592323303222656250e-02
8.268601261079311371e-03
2.201769314706325531e-02
2.075847983360290527e-02
-3.437294811010360718e-02
-2.097846008837223053e-02
-1.039425842463970184e-02
-7.801704108715057373e-02
-3.810332342982292175e-02
-1.557713933289051056e-02
6.799271330237388611e-03
-7.305637747049331665e-02
1.721186749637126923e-02
3.619645163416862488e-02
1.399490423500537872e-02
3.264266252517700195e-02
-3.524775058031082153e-02
1.011551450937986374e-02
1.018331502564251423e-03
-4.419698193669319153e-02
-2.374738641083240509e-02
-4.939955659210681915e-03
-1.629277318716049194e-02
4.015272855758666992e-01
3.631487861275672913e-02
-1.694535836577415466e-02
2.228917554020881653e-02
1.850173249840736389e-02
-3.894881159067153931e-02
6.067703012377023697e-03
1.831390336155891418e-02
7.965197786688804626e-03
-1.013088505715131760e-02
4.023159295320510864e-02
5.138089135289192200e-02
2.069339528679847717e-02
-1.099919341504573822e-02
3.244295250624418259e-03
7.300546858459711075e-03
1.741422922350466251e-03
-4.891766235232353210e-03
-6.707010418176651001e-02
-3.691948577761650085e-02
2.523867227137088776e-02
5.600719526410102844e-02
-2.460082806646823883e-02
4.320910666137933731e-03
-8.408088237047195435e-03
7.751178741455078125e-02
1.634511351585388184e-02
4.365585744380950928e-03
9.960076771676540375e-03
-3.355857217684388161e-03
5.143535137176513672e-02
2.219302766025066376e-02
2.385179512202739716e-02
-7.515606470406055450e-03
3.799903392791748047e-02
3.274019807577133179e-02
-3.365790471434593201e-02
-1.595672219991683960e-02
1.122519839555025101e-02
-3.174252808094024658e-02
4.920376092195510864e-02
-3.238063072785735130e-03
-2.870593033730983734e-02
-2.797896787524223328e-02
-1.520678959786891937e-02
1.215384062379598618e-02
6.058020982891321182e-03
-5.644214805215597153e-03
2.737244404852390289e-02
3.694708226248621941e-03
3.582619875669479370e-02
-3.382603451609611511e-02
-2.301866887137293816e-03
1.728118956089019775e-02
2.465139608830213547e-03
-7.059201598167419434e-03
-1.664735935628414154e-02
-1.685930602252483368e-02
7.316275965422391891e-03
-1.639171689748764038e-02
9.319423697888851166e-03
9.937247261404991150e-03
7.663749624043703079e-03
7.270069792866706848e-03
5.187119357287883759e-03
-8.761419914662837982e-03
1.877578906714916229e-02
1.819635927677154541e-02
-6.883889902383089066e-03
-4.368725698441267014e-03
1.073693670332431793e-02
3.203157335519790649e-02
8.851648308336734772e-03
-1.538434904068708420e-02
-3.141447156667709351e-02
-4.724263679236173630e-03
-3.393707051873207092e-02
3.360687568783760071e-02
-1.384186325594782829e-03
4.080917686223983765e-02
-8.510566502809524536e-02
1.412969455122947693e-02
-7.351208478212356567e-03
-7.689782883971929550e-03
-3.029842674732208252e-02
8.591755758970975876e-04
-3.684427589178085327e-02
8.415664732456207275e-02
-3.740833699703216553e-02
-1.351718325167894363e-02
-1.339650619775056839e-02
-2.337601594626903534e-02
4.682430252432823181e-02
2.966409549117088318e-02
-3.235780447721481323e-02
2.964618243277072906e-02
1.343477144837379456e-02
-2.098068408668041229e-02
2.658513560891151428e-02
-2.123442012816667557e-03
-5.313220620155334473e-02
5.844696890562772751e-03
1.856376044452190399e-02
-3.651605919003486633e-02
2.083230018615722656e-02
1.912258192896842957e-02
3.345155157148838043e-03
7.133508473634719849e-02
1.204086933284997940e-02
-1.454932242631912231e-02
1.333991065621376038e-03
4.319804906845092773e-02
1.920405402779579163e-02
-4.183292854577302933e-03
1.344979461282491684e-02
-9.930998785421252251e-04
6.077626347541809082e-02
2.925331704318523407e-02
2.854709327220916748e-02
-8.929813280701637268e-03
-3.528640791773796082e-02
9.347473271191120148e-03
-1.672987267374992371e-02
-2.730034291744232178e-02
7.067664992064237595e-03
3.586062416434288025e-02
2.721044607460498810e-02
6.404539570212364197e-03
-2.443398535251617432e-02
-1.164860371500253677e-02
2.294150181114673615e-03
4.474402219057083130e-02
4.524909332394599915e-02
5.608398839831352234e-02
-7.905337028205394745e-03
-2.727216482162475586e-02
-1.227613911032676697e-02
2.960485219955444336e-02
3.153482452034950256e-02
3.313266113400459290e-02
5.451903492212295532e-02
-4.888430237770080566e-02
3.853803873062133789e-02
2.375627122819423676e-02
5.162804387509822845e-03
-7.691612932831048965e-03
2.281928062438964844e-02
-4.959863796830177307e-02
-6.518711801618337631e-03
4.396092612296342850e-03
5.785791669040918350e-03
-9.544177353382110596e-02
-1.163125038146972656e-02
2.885858993977308273e-03
2.126358915120363235e-03
1.417904533445835114e-02
4.972488619387149811e-03
-2.290458418428897858e-02
-3.256487194448709488e-03
6.110005080699920654e-02
-2.110534720122814178e-02
1.438574120402336121e-02
-8.857169188559055328e-03
-7.911652922630310059e-01
2.109230728819966316e-03
-6.535273045301437378e-02
-6.011962424963712692e-03
-7.279294542968273163e-03
3.459719195961952209e-02
-3.338167816400527954e-02
3.296490013599395752e-02
1.539525459520518780e-03
-2.270813286304473877e-02
-4.653893783688545227e-02
1.413840707391500473e-02
5.613631103187799454e-03
-1.408336032181978226e-02
1.196761243045330048e-02
-1.681236736476421356e-02
5.478204227983951569e-03
-2.933324081823229790e-03
-9.057363495230674744e-03
4.269273020327091217e-03
3.267650306224822998e-02
-3.195749968290328979e-02
-2.711618877947330475e-02
-1.124146510846912861e-03
4.154255241155624390e-02
4.091881588101387024e-02
8.288988843560218811e-03
6.813554558902978897e-03
-1.648933626711368561e-02
-1.065392605960369110e-02
4.480596631765365601e-03
3.432395309209823608e-02
1.371991168707609177e-02
-3.135645017027854919e-02
-1.782520860433578491e-02
8.348099887371063232e-02
-4.695498570799827576e-02
-5.089246109127998352e-02
3.773246705532073975e-02
-3.343560267239809036e-03
1.847235858440399170e-02
7.223861664533615112e-02
-4.683022946119308472e-02
-1.990303583443164825e-02
-2.056493237614631653e-02
1.149956285953521729e-01
7.055807858705520630e-02
8.197714388370513916e-02
-3.667621314525604248e-02
3.081800974905490875e-02
-2.239277772605419159e-02
6.304342299699783325e-02
-8.098757825791835785e-03
1.439915224909782410e-02
-7.275597751140594482e-02
-2.313652075827121735e-02
7.564378529787063599e-02
-8.959433436393737793e-02
1.169089972972869873e-01
5.897198803722858429e-03
-7.415299117565155029e-02
3.234242647886276245e-02
-2.419231273233890533e-02
-6.221717596054077148e-02
9.731161408126354218e-03
9.420215338468551636e-02
-3.539083898067474365e-02
-2.127050794661045074e-02
-6.341376900672912598e-02
4.863248020410537720e-02
-4.569734260439872742e-02
5.431919824331998825e-03
6.492614001035690308e-02
-1.626058295369148254e-02
6.231299042701721191e-02
-9.680949896574020386e-02
3.953501582145690918e-02
-9.007623791694641113e-02
1.171640772372484207e-02
1.773314177989959717e-02
-6.907733529806137085e-02
8.877242803573608398e-01
-8.314257860183715820e-02
-2.734955400228500366e-02
-1.325834542512893677e-01
7.830133289098739624e-02
-2.264739014208316803e-03
4.304591938853263855e-02
2.369891665875911713e-02
1.919371075928211212e-02
2.422410622239112854e-02
5.611674115061759949e-02
1.193704735487699509e-02
-1.135596111416816711e-01
-7.789140194654464722e-02
-5.448969081044197083e-02
3.528723493218421936e-02
-2.217638492584228516e-02
-2.021924406290054321e-02
-5.777854676125571132e-05
-3.172554448246955872e-02
2.954651974141597748e-02
6.300130486488342285e-02
-3.232635185122489929e-02
1.375501230359077454e-02
1.588607393205165863e-02
2.494001388549804688e-02
1.518250815570354462e-02
-7.053948938846588135e-03
-2.182187512516975403e-02
7.114153821021318436e-03
2.356091514229774475e-02
3.208932653069496155e-02
8.504321798682212830e-03
3.540816949680447578e-03
-1.883880607783794403e-02
1.835334114730358124e-02
2.751558646559715271e-02
-2.540859766304492950e-02
-8.794928900897502899e-03
-3.139397501945495605e-02
-6.425330787897109985e-02
3.832229971885681152e-02
-3.045949898660182953e-02
-4.101483523845672607e-02
6.204484030604362488e-03
-3.912999853491783142e-02
5.002268031239509583e-02
4.712473973631858826e-02
6.856416352093219757e-03
-2.768575027585029602e-02
1.380134373903274536e-03
1.841057837009429932e-02
-5.492939800024032593e-02
-2.874622121453285217e-03
-2.173040248453617096e-02
-6.771489512175321579e-03
-6.123801320791244507e-02
-7.688842713832855225e-02
4.968367982655763626e-03
5.322488024830818176e-02
8.932095021009445190e-02
4.558546468615531921e-02
2.365656942129135132e-02
-2.297375164926052094e-02
1.167771872133016586e-02
4.458718746900558472e-02
-1.035452187061309814e-01
1.924999244511127472e-02
1.121386140584945679e-02
9.575828909873962402e-02
-3.182324022054672241e-02
9.796193242073059082e-02
4.493235796689987183e-02
1.275803986936807632e-02
-7.314875721931457520e-02
3.556358441710472107e-02
-3.445574780926108360e-03
3.752817213535308838e-02
-7.358370721340179443e-02
-2.606700640171766281e-03
1.369369565509259701e-03
6.827644072473049164e-03
1.567193865776062012e-02
5.475961044430732727e-02
-4.633787646889686584e-02
5.613315105438232422e-02
3.647829964756965637e-02
-7.736745756119489670e-03
3.194230049848556519e-02
-7.375692576169967651e-02
-1.097700223326683044e-01
5.356672406196594238e-02
2.420814335346221924e-02
-5.830923095345497131e-02
8.232936263084411621e-02
2.274897694587707520e-02
6.411941722035408020e-03
-5.874174833297729492e-02
6.041101180016994476e-03
3.940157219767570496e-02
-3.482383862137794495e-02
-3.333376487717032433e-03
2.243479341268539429e-02
-3.690827172249555588e-03
9.758383966982364655e-03
-8.588590472936630249e-02
1.455261558294296265e-02
-1.247359468834474683e-04
-3.417768329381942749e-02
-3.253331780433654785e-02
8.089268952608108521e-02
-6.347804330289363861e-03
9.488772600889205933e-02
-2.638387493789196014e-02
-2.696322649717330933e-02
-3.125436976552009583e-02
-9.557604044675827026e-02
-8.237534016370773315e-02
-7.008510082960128784e-02
-6.069124676287174225e-03
-1.213874109089374542e-02
-7.658448815345764160e-02
7.195107638835906982e-02
-5.833322927355766296e-02
-5.202555656433105469e-02
-3.697932139039039612e-02
-1.855843886733055115e-02
-2.356351725757122040e-02
2.238744869828224182e-02
3.243444114923477173e-02
1.516219042241573334e-02
2.529834955930709839e-02
-7.517173886299133301e-02
-2.097490709275007248e-03
3.236335515975952148e-02
-1.116657629609107971e-01
1.476255711168050766e-03
1.944653876125812531e-02
2.671637013554573059e-02
-4.864379763603210449e-03
3.386669978499412537e-02
4.458341002464294434e-02
-1.113870926201343536e-02
-2.595200017094612122e-02
-3.852040693163871765e-02
2.437176182866096497e-02
-7.026129402220249176e-03
-4.922623187303543091e-02
-4.252154752612113953e-02
-4.629719536751508713e-03
1.901440136134624481e-02
3.124815598130226135e-02
-7.672064239159226418e-04
-4.340088367462158203e-02
-1.680048741400241852e-02
-2.207984775304794312e-02
8.350081741809844971e-02
-1.199337188154459000e-02
1.222731545567512512e-02
3.330240026116371155e-02
-3.296680375933647156e-02
8.249687030911445618e-03
1.266702264547348022e-02
-5.449565127491950989e-02
-4.858449846506118774e-02
2.980997972190380096e-02
4.122449085116386414e-02
-2.735364995896816254e-02
3.234569521737284958e-05
-1.119722146540880203e-02
-1.562371198087930679e-02
5.430931597948074341e-02
7.827433198690414429e-02
-2.705482766032218933e-02
-1.555109675973653793e-02
-4.512542858719825745e-02
4.843357577919960022e-02
-2.204353734850883484e-02
-3.544870391488075256e-02
-5.030828341841697693e-02
-1.166250277310609818e-02
5.893871933221817017e-02
-4.776973277330398560e-02
-6.423033773899078369e-03
3.793257474899291992e-02
7.832231372594833374e-02
-3.187198564410209656e-02
3.098592720925807953e-02
3.457808401435613632e-03
-3.775375708937644958e-02
-4.639853537082672119e-02
2.899541333317756653e-02
-1.149654039181768894e-03
-5.665261764079332352e-03
-7.123871147632598877e-02
-4.140642005950212479e-03
-5.860237777233123779e-02
2.306518144905567169e-02
1.400457136332988739e-02
1.289040315896272659e-02
-2.818085812032222748e-02
-1.796829886734485626e-02
2.632240392267704010e-02
-1.254235394299030304e-02
3.858095407485961914e-02
-2.322227321565151215e-02
-3.198506310582160950e-03
-6.393972784280776978e-02
-1.944363815709948540e-03
-7.459694147109985352e-02
4.947821795940399170e-02
-6.809155642986297607e-02
-2.341360785067081451e-02
4.099030047655105591e-03
9.629171341657638550e-03
5.894307792186737061e-02
-5.221399292349815369e-02
5.506312474608421326e-03
2.172135934233665466e-02
4.930492490530014038e-02
6.272148340940475464e-02
-6.991245597600936890e-02
2.125202864408493042e-02
-2.534542232751846313e-02
-4.183539748191833496e-02
5.291371792554855347e-02
-3.614658489823341370e-02
1.551781129091978073e-02
-5.556135997176170349e-02
1.728088222444057465e-02
6.577896885573863983e-03
5.178492888808250427e-02
-7.440569251775741577e-02
-3.428702056407928467e-02
-6.994646973907947540e-03
5.879598483443260193e-02
9.922911413013935089e-03
-9.483966976404190063e-03
4.087107256054878235e-02
-2.940341597422957420e-03
-2.308676950633525848e-02
6.189159676432609558e-02
-2.023411355912685394e-02
1.767870225012302399e-02
-3.181866183876991272e-02
1.633086055517196655e-02
2.422285033389925957e-03
-2.552114985883235931e-02
2.021514065563678741e-02
-2.422242797911167145e-02
-2.388730272650718689e-02
-1.467967871576547623e-03
3.125397861003875732e-02
5.683157220482826233e-02
-5.775371938943862915e-02
5.556825175881385803e-02
2.052395418286323547e-02
-3.052795073017477989e-03
-2.903937548398971558e-02
1.147892978042364120e-02
-7.231792062520980835e-02
2.720367163419723511e-02
8.369957795366644859e-04
-3.812531381845474243e-02
-2.146884053945541382e-02
-9.394018352031707764e-02
5.679221823811531067e-02
5.014054942876100540e-03
-1.275887154042720795e-02
6.006567180156707764e-02
-3.915747161954641342e-03
6.458566989749670029e-03
-5.015793815255165100e-02
5.041586235165596008e-02
6.148981302976608276e-02
-3.730091452598571777e-02
-2.528274618089199066e-02
3.334224224090576172e-02
7.052402198314666748e-02
6.013536080718040466e-02
-4.203224182128906250e-02
6.310370285063982010e-03
2.997598238289356232e-02
-3.653166070580482483e-02
3.754049539566040039e-02
1.519749220460653305e-02
4.152235016226768494e-02
2.120624296367168427e-02
1.967894844710826874e-02
-5.604894086718559265e-02
5.778428167104721069e-02
4.719256423413753510e-03
1.564103513956069946e-01
1.959245279431343079e-02
-1.461459510028362274e-02
1.851589232683181763e-02
1.060331705957651138e-02
3.758672252297401428e-02
-5.219705402851104736e-02
-1.639796234667301178e-02
2.545029670000076294e-02
6.160805001854896545e-03
-1.843309612013399601e-03
1.804800517857074738e-02
2.083972282707691193e-02
5.547674372792243958e-02
1.538843009620904922e-02
1.722583547234535217e-02
-7.142610102891921997e-02
-2.870497293770313263e-02
5.597294867038726807e-02
8.467828854918479919e-03
4.464539140462875366e-02
-3.614147752523422241e-02
-3.887614980340003967e-02
-6.508572399616241455e-02
-1.375137362629175186e-02
-7.865856401622295380e-03
-4.620774090290069580e-02
1.239020377397537231e-02
1.772811077535152435e-02
4.376431927084922791e-03
1.544341165572404861e-02
1.765572838485240936e-02
-1.946130022406578064e-02
-3.703341633081436157e-02
-4.909791052341461182e-02
5.642762035131454468e-02
-6.858011335134506226e-02
2.208903618156909943e-02
-2.627775818109512329e-02
1.125028356909751892e-01
6.304831802845001221e-02
6.930802762508392334e-02
-1.600639522075653076e-02
1.180395111441612244e-02
8.375751972198486328e-02
2.504344657063484192e-02
-1.139058843255043030e-01
-5.607888451777398586e-04
4.285358265042304993e-02
-1.874239183962345123e-02
-8.637489378452301025e-02
-2.583104185760021210e-02
-9.977280162274837494e-03
-1.790065690875053406e-02
-8.872243762016296387e-02
-2.102356590330600739e-02
4.854475334286689758e-02
4.912830516695976257e-02
-3.173997625708580017e-02
-1.988495513796806335e-02
-3.901549801230430603e-02
-4.480189457535743713e-02
-1.006830930709838867e-01
-3.498267009854316711e-02
1.924575492739677429e-02
-2.076793275773525238e-02
-3.214069083333015442e-02
-4.468778613954782486e-03
-9.998573921620845795e-03
-4.178719967603683472e-02
7.335972972214221954e-03
7.446407526731491089e-02
-4.409770295023918152e-02
1.413452345877885818e-02
3.281046077609062195e-02
-8.142191916704177856e-02
-7.866313681006431580e-03
-1.411158870905637741e-02
-1.285442151129245758e-02
1.120111206546425819e-03
-3.495026007294654846e-02
1.168384775519371033e-01
-6.784030050039291382e-02
-2.097284235060214996e-02
-5.247536301612854004e-02
1.677793264389038086e-02
3.226235508918762207e-02
8.378239581361413002e-04
-2.695629559457302094e-02
-2.681142278015613556e-02
7.480444759130477905e-02
3.531813621520996094e-02
6.517470628023147583e-02
-2.223431691527366638e-02
-4.562939703464508057e-02
-1.334699057042598724e-02
5.187613889575004578e-02
1.701653748750686646e-02
-5.756317637860774994e-03
-4.018552973866462708e-02
4.902630113065242767e-03
-7.447231560945510864e-02
3.278541937470436096e-02
3.231772035360336304e-02
4.696361720561981201e-02
-2.563273347914218903e-02
3.287425264716148376e-02
-3.026940673589706421e-02
3.769026324152946472e-02
7.011543214321136475e-02
-4.583743959665298462e-02
5.670826882123947144e-03
1.822252199053764343e-02
1.013523563742637634e-01
-3.996381536126136780e-02
-4.261631518602371216e-03
-1.065784990787506104e-01
5.437185522168874741e-03
1.922450214624404907e-02
-2.370820194482803345e-02
-1.085116714239120483e-02
1.991528458893299103e-02
3.131260722875595093e-02
-3.862494975328445435e-02
-8.791605383157730103e-02
9.747148491442203522e-03
7.799112051725387573e-02
-1.096548363566398621e-01
2.297901734709739685e-02
2.848286181688308716e-02
-6.329232454299926758e-02
2.170697599649429321e-02
-8.820705115795135498e-03
4.178468510508537292e-02
-1.368626672774553299e-02
2.983673103153705597e-02
6.210345309227705002e-03
4.189061000943183899e-02
-3.442526608705520630e-02
-1.747271791100502014e-02
-5.144578218460083008e-02
3.349629417061805725e-02
-1.427438575774431229e-02
-6.239910610020160675e-03
4.981408827006816864e-03
1.945105940103530884e-02
-1.237624417990446091e-02
3.770033270120620728e-02
-9.388557076454162598e-02
-3.319755569100379944e-02
-4.321603849530220032e-02
-1.479913480579853058e-02
-4.901280254125595093e-02
4.244603589177131653e-02
-5.519213527441024780e-02
6.028148159384727478e-02
4.832006990909576416e-02
-3.282196819782257080e-02
2.075803000479936600e-03
1.067634448409080505e-01
4.579972475767135620e-03
-1.212346553802490234e-01
-1.231814082711935043e-02
-7.700555771589279175e-02
-1.257550437003374100e-02
-3.633590042591094971e-02
-1.124703064560890198e-01
4.491490253712981939e-04
-2.551645273342728615e-03
-3.770860144868493080e-03
3.697831183671951294e-02
-1.076512560248374939e-01
9.004192426800727844e-03
1.569302938878536224e-02
2.619746886193752289e-02
-6.138649769127368927e-03
-3.316483646631240845e-02
7.664403319358825684e-02
3.860881924629211426e-02
-1.805950072593986988e-03
3.591226786375045776e-02
7.905567437410354614e-02
2.831102721393108368e-02
4.250375926494598389e-02
9.164680540561676025e-02
7.212946563959121704e-02
3.844828158617019653e-02
3.931752592325210571e-02
-8.741452358663082123e-03
-2.921640872955322266e-02
6.971477717161178589e-02
-7.362829055637121201e-03
-7.805790752172470093e-02
-2.855157479643821716e-02
-3.654829040169715881e-02
1.613114774227142334e-02
-4.897868260741233826e-03
-3.242987021803855896e-02
-7.013985514640808105e-02
5.824555084109306335e-02
3.976386040449142456e-02
-9.184494614601135254e-02
-7.301229983568191528e-03
5.175009137019515038e-04
-3.684326633810997009e-02
7.197465002536773682e-02
-6.152680888772010803e-02
-9.573397785425186157e-02
-1.378498412668704987e-02
5.679013556800782681e-04
-6.343682855367660522e-02
-2.279519662261009216e-02
-7.793818414211273193e-02
7.711375597864389420e-03
-1.178270392119884491e-02
2.970511838793754578e-02
-1.909509673714637756e-02
-6.075116805732250214e-03
3.445681184530258179e-02
-1.416371949017047882e-02
5.753218196332454681e-03
4.442275688052177429e-02
-2.767081744968891144e-02
2.473879605531692505e-02
3.605995327234268188e-02
1.275444775819778442e-02
1.877961121499538422e-02
1.517878379672765732e-03
4.795983433723449707e-02
-7.770729809999465942e-02
-5.018867552280426025e-02
-4.359249770641326904e-02
-4.817516356706619263e-02
-2.482378110289573669e-02
9.202959388494491577e-02
1.906583458185195923e-02
3.778525814414024353e-02
-1.846877858042716980e-02
