-1.231757923960685730e-03
1.120840385556221008e-02
-1.018303353339433670e-02
2.147917402908205986e-03
8.241562172770500183e-03
4.310593008995056152e-02
1.874561794102191925e-02
3.748305886983871460e-02
1.034371927380561829e-01
6.803476571803912520e-05
-2.169262990355491638e-02
-1.359821856021881104e-02
-2.535039000213146210e-02
-1.715420559048652649e-02
-6.928729824721813202e-03
-7.128553465008735657e-03
-1.912769302725791931e-02
-1.769144460558891296e-02
1.116403192281723022e-02
2.969495207071304321e-02
-5.477545317262411118e-03
4.595773294568061829e-02
-5.191630218178033829e-03
-7.307082880288362503e-03
3.142072260379791260e-02
9.448170661926269531e-03
-9.303142316639423370e-03
-7.780936080962419510e-03
-2.079903148114681244e-02
5.965241696685552597e-03
-1.342737674713134766e-01
6.119713070802390575e-04
2.658436819911003113e-02
-1.269570086151361465e-02
7.807990536093711853e-03
6.556367129087448120e-02
-1.439470611512660980e-02
-4.302387125790119171e-03
-9.457762353122234344e-03
-1.232815608382225037e-01
3.102413006126880646e-02
-7.415700703859329224e-03
2.467801608145236969e-02
-3.305867314338684082e-02
1.333973091095685959e-02
1.026667561382055283e-02
-1.459812559187412262e-02
-5.222551897168159485e-02
7.007143925875425339e-03
2.517798729240894318e-02
2.561658062040805817e-02
-3.242765739560127258e-02
-6.658562272787094116e-02
2.699851058423519135e-02
2.014000341296195984e-02
1.250766217708587646e-02
2.327845199033617973e-03
2.050984464585781097e-02
3.441053032875061035e-01
4.253636673092842102e-02
4.446852952241897583e-03
-2.487190999090671539e-02
-2.468186616897583008e-02
-2.600646391510963440e-02
2.344852313399314880e-02
9.106672368943691254e-03
-8.940927684307098389e-03
-5.530694965273141861e-03
4.209466278553009033e-02
-1.901940815150737762e-02
-9.189460426568984985e-03
2.179876901209354401e-03
-5.894708260893821716e-02
1.027308125048875809e-02
7.818298414349555969e-03
-5.651978030800819397e-02
7.486787624657154083e-03
4.311164468526840210e-02
2.721252664923667908e-02
-5.273034423589706421e-02
8.895988576114177704e-03
3.290757536888122559e-02
4.266924038529396057e-02
-4.553722217679023743e-02
5.577129870653152466e-02
-4.275855422019958496e-02
-1.802360080182552338e-02
1.591152139008045197e-02
1.575967483222484589e-02
2.875708043575286865e-02
-3.399043530225753784e-02
-3.394021838903427124e-02
3.468019515275955200e-02
-3.025441430509090424e-03
1.161789149045944214e-02
7.881249184720218182e-04
-4.524408839643001556e-03
-4.701641947031021118e-02
-3.152975440025329590e-02
4.055278375744819641e-02
2.087138406932353973e-02
1.568483375012874603e-02
-4.926195833832025528e-03
-1.999668404459953308e-02
2.883317647501826286e-03
2.690440451260656118e-04
-1.039859466254711151e-02
3.630047664046287537e-02
1.527724787592887878e-02
-3.798170015215873718e-02
-1.062507834285497665e-02
2.675034105777740479e-03
-5.059148371219635010e-02
-4.024525638669729233e-03
-1.036392990499734879e-02
6.540786009281873703e-03
6.413996219635009766e-02
-2.349017653614282608e-03
8.438172750174999237e-03
2.802939713001251221e-02
1.099686324596405029e-02
8.760863915085792542e-03
-3.984829410910606384e-02
-1.863818988204002380e-02
-7.330077886581420898e-02
-2.187299728393554688e-02
2.819648571312427521e-02
-2.458492480218410492e-02
6.596180610358715057e-04
1.006784960627555847e-01
-7.177001237869262695e-02
9.989768266677856445e-03
1.703131012618541718e-02
-3.102695941925048828e-02
5.838207155466079712e-02
-6.364312022924423218e-02
-9.055791795253753662e-02
-9.198168292641639709e-03
-1.219708472490310669e-01
5.607900675386190414e-03
-1.415098160505294800e-01
-4.669108893722295761e-03
6.385348271578550339e-03
5.407986696809530258e-03
1.173711847513914108e-02
-3.061178373172879219e-03
2.492226846516132355e-02
7.725708186626434326e-03
-1.051296480000019073e-02
1.126468461006879807e-02
2.763997390866279602e-02
4.251284524798393250e-02
-3.387122228741645813e-02
-4.851386323571205139e-02
-1.236139982938766479e-02
2.084482274949550629e-02
-8.220288157463073730e-02
-1.021612249314785004e-02
-3.539134934544563293e-02
-1.331655681133270264e-02
-9.965932928025722504e-03
-6.450002640485763550e-02
7.939776778221130371e-02
-1.663712039589881897e-02
9.208234027028083801e-03
3.262086585164070129e-02
7.123129069805145264e-02
-1.166083943098783493e-02
1.490810513496398926e-02
5.384427029639482498e-03
-3.773850621655583382e-03
3.069503000006079674e-03
3.833319293335080147e-03
-2.771549625322222710e-03
2.279009297490119934e-02
2.568358927965164185e-02
-2.191950939595699310e-02
-2.429060637950897217e-03
-3.242960199713706970e-02
-6.195233203470706940e-03
6.959558930248022079e-03
2.985690347850322723e-02
1.081659086048603058e-02
1.312012225389480591e-02
3.333970904350280762e-02
-9.405039995908737183e-02
-4.519692435860633850e-02
4.376412555575370789e-02
-1.668252237141132355e-02
4.285642504692077637e-02
9.076940268278121948e-02
-1.703859679400920868e-02
-2.310790866613388062e-02
5.776313133537769318e-03
1.694232225418090820e-02
-4.960301145911216736e-02
-4.090879112482070923e-02
2.917611412703990936e-02
-1.606995165348052979e-01
-1.454400923103094101e-02
1.046819016337394714e-01
3.531193360686302185e-02
1.208496838808059692e-01
-3.301962092518806458e-02
-3.862550109624862671e-02
-5.046208947896957397e-02
2.481259405612945557e-02
-1.847364380955696106e-02
-5.058754980564117432e-02
3.241644054651260376e-02
-6.864074617624282837e-02
-3.288268670439720154e-02
3.218235820531845093e-02
-1.457493053749203682e-03
-1.939313299953937531e-02
2.199984341859817505e-02
-1.521672122180461884e-02
9.349976666271686554e-03
1.428353972733020782e-02
3.148519992828369141e-02
-4.160610213875770569e-02
-7.115394473075866699e-01
-1.374541223049163818e-02
1.488759648054838181e-02
2.350391261279582977e-02
-2.268485695822164416e-04
-3.011721931397914886e-02
1.022188272327184677e-02
1.894561573863029480e-02
-3.556547313928604126e-02
-2.169222570955753326e-02
3.392082452774047852e-02
6.474358378909528255e-04
-1.787606067955493927e-02
-3.379029035568237305e-02
-3.396349400281906128e-02
-1.798551529645919800e-02
3.092275559902191162e-02
9.597315452992916107e-03
5.407563876360654831e-03
-3.039105795323848724e-03
1.083876192569732666e-02
-2.546101622283458710e-02
-1.016056686639785767e-01
3.822809550911188126e-03
-4.441221826709806919e-04
3.899706294760107994e-03
6.235402822494506836e-02
-8.862711256369948387e-04
-3.258947655558586121e-02
-2.096857503056526184e-02
4.231610894203186035e-02
3.803578391671180725e-02
2.456754446029663086e-02
-1.123580336570739746e-02
3.268253803253173828e-02
4.487311840057373047e-02
-2.471113018691539764e-02
-1.662851572036743164e-01
1.093042716383934021e-01
2.790828421711921692e-02
9.075793623924255371e-02
-3.044058382511138916e-02
-2.027398906648159027e-03
-1.169762760400772095e-01
6.310638040304183960e-02
1.191781908273696899e-01
1.828387230634689331e-01
1.116497218608856201e-01
-1.107310950756072998e-01
3.309505060315132141e-03
3.975040093064308167e-02
1.054874211549758911e-01
-1.696982830762863159e-01
-2.486558072268962860e-02
5.467002466320991516e-02
-5.670290440320968628e-02
2.207605168223381042e-02
-4.656533896923065186e-02
-5.352904647588729858e-02
-1.301563903689384460e-02
1.058311201632022858e-02
4.391739517450332642e-02
-8.069919049739837646e-02
-4.244462028145790100e-02
-5.150436982512474060e-02
1.066375747323036194e-01
-8.428917825222015381e-02
2.818621322512626648e-02
-6.055657565593719482e-02
1.126492116600275040e-02
-5.696919746696949005e-03
-3.514781594276428223e-02
1.387454867362976074e-01
-1.430860310792922974e-01
9.748670272529125214e-03
-8.264717459678649902e-02
1.598428189754486084e-01
-1.616532802581787109e-01
-6.442980840802192688e-03
-6.921813637018203735e-02
-1.743911057710647583e-01
7.271754145622253418e-01
-1.838152259588241577e-01
-6.549117714166641235e-02
-1.521572470664978027e-01
-1.599526265636086464e-03
2.378765866160392761e-02
-1.858142018318176270e-02
2.044331515207886696e-03
7.793694734573364258e-02
2.871168404817581177e-02
8.686918020248413086e-02
2.727372013032436371e-02
-3.111537732183933258e-02
-6.076847389340400696e-02
6.265930831432342529e-02
-8.381548523902893066e-02
-9.648090600967407227e-02
4.265793040394783020e-02
-2.852297946810722351e-02
-2.020283415913581848e-02
7.823368161916732788e-02
-1.524649094790220261e-02
4.435350745916366577e-02
6.098064035177230835e-02
-5.605963990092277527e-02
2.276198565959930420e-02
-3.004789724946022034e-02
2.477846108376979828e-02
2.496374363545328379e-04
-5.487462040036916733e-03
-1.865646988153457642e-02
4.124451428651809692e-02
5.836083367466926575e-02
5.055385455489158630e-02
-3.330301959067583084e-03
2.968273684382438660e-02
2.412657067179679871e-02
-1.733852550387382507e-02
3.461097553372383118e-02
6.365684792399406433e-03
-8.254813402891159058e-02
5.468980595469474792e-02
1.730797067284584045e-02
6.693331897258758545e-02
-1.272724661976099014e-02
1.189244631677865982e-02
-5.031532421708106995e-02
-5.475416779518127441e-02
-6.619086116552352905e-02
8.590334653854370117e-02
-6.962422281503677368e-02
-8.076749742031097412e-02
1.717217825353145599e-02
-2.722329460084438324e-02
-3.484161198139190674e-02
5.662758275866508484e-02
2.565127611160278320e-02
-3.391164913773536682e-02
4.908912349492311478e-03
-4.869484156370162964e-02
-7.545360829681158066e-03
-2.112344838678836823e-02
1.697107590734958649e-02
3.657064400613307953e-03
1.913987565785646439e-03
-9.113626182079315186e-02
-7.183653116226196289e-02
-2.247859351336956024e-02
-3.322395309805870056e-02
-3.220526129007339478e-02
2.829485014081001282e-02
3.969918191432952881e-02
2.113700285553932190e-02
1.975148357450962067e-02
-7.677315175533294678e-02
2.227134443819522858e-02
3.801473975181579590e-02
6.485351175069808960e-02
-3.611375018954277039e-02
1.155731081962585449e-02
5.295759998261928558e-03
-2.062508463859558105e-02
-2.084307931363582611e-02
-2.085802145302295685e-02
2.035196870565414429e-02
8.784125559031963348e-03
8.729044348001480103e-02
5.038129538297653198e-02
-5.969939008355140686e-02
1.864812220446765423e-03
6.452060490846633911e-02
1.866289600729942322e-02
9.024530649185180664e-03
-5.643254891037940979e-02
-3.059771470725536346e-02
-1.349968910217285156e-01
-2.017051167786121368e-02
-9.238572791218757629e-03
-1.086281146854162216e-02
-1.290445122867822647e-02
4.246345162391662598e-02
4.493806511163711548e-02
-3.838356211781501770e-02
-3.341661766171455383e-02
-7.710586767643690109e-03
-2.866307273507118225e-02
2.883221022784709930e-02
6.205404922366142273e-02
-3.905874677002429962e-03
-8.029896765947341919e-03
4.482534900307655334e-02
-3.878916800022125244e-02
3.345822170376777649e-02
4.395339265465736389e-02
-3.372100880369544029e-03
1.997495815157890320e-02
-1.000585965812206268e-02
6.142494385130703449e-04
5.899503082036972046e-02
3.845680132508277893e-02
-5.135316029191017151e-02
3.440462797880172729e-02
-9.189475094899535179e-04
6.727156043052673340e-02
2.531486935913562775e-02
-4.054940119385719299e-02
2.963174134492874146e-02
-5.001959577202796936e-02
-1.594782248139381409e-02
-4.733885638415813446e-03
5.009318143129348755e-02
6.073527410626411438e-02
1.449889410287141800e-02
-3.440653532743453979e-02
5.847735702991485596e-02
3.466109186410903931e-02
1.779482327401638031e-02
-4.748515784740447998e-02
-5.296392738819122314e-02
-4.544268827885389328e-03
5.543985962867736816e-02
-6.956512480974197388e-02
2.850895933806896210e-02
2.210966497659683228e-02
7.153234444558620453e-03
-2.853780053555965424e-02
4.773750435560941696e-03
-6.026055198162794113e-03
2.909455820918083191e-02
9.602459147572517395e-03
-2.138957753777503967e-02
1.351551711559295654e-02
3.727579489350318909e-02
-2.237854339182376862e-02
5.071630701422691345e-02
-1.404225919395685196e-02
5.860022455453872681e-02
2.482013776898384094e-02
5.207997746765613556e-03
2.416066452860832214e-02
-3.981552552431821823e-03
2.032360993325710297e-02
5.081915110349655151e-02
3.681430220603942871e-02
3.469580085948109627e-03
2.574871992692351341e-03
2.820094302296638489e-02
-1.844512112438678741e-02
-8.178306370973587036e-02
4.822577163577079773e-02
2.872352115809917450e-02
-3.051761537790298462e-02
-5.407732725143432617e-02
-3.715972974896430969e-02
1.208574511110782623e-02
-1.789788901805877686e-02
9.770393371582031250e-02
-7.979956269264221191e-02
-6.445360183715820312e-02
-8.748245239257812500e-02
2.539086714386940002e-02
3.243809938430786133e-02
-4.425244405865669250e-02
1.852431707084178925e-02
2.173870016122236848e-04
-2.195979282259941101e-02
3.329705446958541870e-02
-1.538952253758907318e-02
2.311174944043159485e-02
-1.024971306324005127e-01
-1.805837266147136688e-02
2.794861607253551483e-02
-3.330942243337631226e-02
-5.570911336690187454e-03
-6.708902120590209961e-02
1.188882347196340561e-02
-6.404727697372436523e-02
-4.828258417546749115e-03
-8.125752955675125122e-02
4.374613612890243530e-02
-4.587734490633010864e-02
4.962203279137611389e-02
-4.429068416357040405e-03
6.645572185516357422e-02
9.082639589905738831e-03
-4.296165425330400467e-03
-1.220389362424612045e-02
6.113988906145095825e-02
3.518574684858322144e-02
4.433906171470880508e-03
6.233676150441169739e-02
-6.541190668940544128e-03
4.858209565281867981e-02
-2.251259423792362213e-02
-2.660098299384117126e-02
-3.640876151621341705e-03
-2.451784722506999969e-02
-2.819471620023250580e-02
-2.851756289601325989e-02
3.483438864350318909e-02
1.007656529545783997e-01
-2.847621031105518341e-02
-3.267514333128929138e-02
-9.120681136846542358e-02
6.539144366979598999e-02
-4.822295159101486206e-02
4.936616122722625732e-02
3.131575137376785278e-02
4.961043223738670349e-02
-3.122311085462570190e-02
4.168902989476919174e-03
-3.716527670621871948e-02
5.970489233732223511e-03
-2.846620976924896240e-02
-9.979506954550743103e-03
-2.776751294732093811e-02
-2.424203325062990189e-03
9.581536054611206055e-03
3.975955396890640259e-02
2.874616533517837524e-02
-1.008223649114370346e-02
4.971981793642044067e-02
2.033515274524688721e-02
-4.871678072959184647e-03
-3.875800408422946930e-03
6.016891077160835266e-02
3.484394028782844543e-02
4.810193553566932678e-02
4.837886989116668701e-02
-3.561266511678695679e-02
-5.105404183268547058e-03
-4.769258946180343628e-02
1.707889139652252197e-02
-3.828672319650650024e-02
-9.041605144739151001e-02
-4.535992816090583801e-02
1.319504249840974808e-02
-6.676058750599622726e-03
-1.598319597542285919e-02
-3.986973315477371216e-03
1.158476434648036957e-02
3.881393373012542725e-02
-1.560228504240512848e-02
5.283640325069427490e-02
-7.575988303869962692e-03
3.881976008415222168e-02
6.473630201071500778e-04
-3.733808547258377075e-02
-3.629462048411369324e-02
-1.810379698872566223e-02
-9.998494759202003479e-03
4.763421136885881424e-03
6.987261027097702026e-02
-5.123917758464813232e-02
-1.057123169302940369e-01
-3.568065911531448364e-02
6.707479059696197510e-02
7.958112284541130066e-03
-7.601880282163619995e-02
3.423640504479408264e-02
-1.668329723179340363e-02
-5.650555714964866638e-02
-8.882869966328144073e-03
-8.815002441406250000e-02
-3.393208608031272888e-02
-1.672559417784214020e-02
-2.528797835111618042e-02
4.485058784484863281e-02
-4.390091821551322937e-02
3.538317233324050903e-02
5.009104311466217041e-02
2.934525907039642334e-02
-1.609539054334163666e-02
6.780865043401718140e-02
1.567444182001054287e-03
-5.430890247225761414e-02
8.649708703160285950e-03
1.643434516154229641e-03
4.281448572874069214e-02
-1.480121910572052002e-01
-2.001231722533702850e-02
3.128114715218544006e-02
-3.475375240668654442e-03
5.920042842626571655e-02
-6.434624642133712769e-02
6.610540300607681274e-02
-2.127787470817565918e-02
-2.397329919040203094e-02
-6.409438792616128922e-03
-1.152457855641841888e-02
-8.656224608421325684e-02
8.319629356265068054e-03
-4.989144578576087952e-02
2.367818355560302734e-02
4.011420067399740219e-03
-5.777426529675722122e-03
3.467058017849922180e-02
9.311167895793914795e-02
2.626800723373889923e-02
-5.747784860432147980e-03
4.904862027615308762e-03
-4.642735421657562256e-02
-5.247440561652183533e-02
-5.118465796113014221e-02
7.227517664432525635e-02
2.959777833893895149e-03
4.046409204602241516e-02
2.355708368122577667e-02
-6.944327056407928467e-02
1.056962460279464722e-01
2.215187810361385345e-02
1.873079338110983372e-03
2.872567251324653625e-02
2.450490556657314301e-02
1.009545549750328064e-01
4.370180889964103699e-02
-1.322055011987686157e-01
5.430255457758903503e-02
-4.550743475556373596e-02
2.842262387275695801e-02
-6.383900344371795654e-02
-2.488025464117527008e-02
-2.991264685988426208e-02
3.822510479949414730e-04
-2.522607892751693726e-02
9.775716811418533325e-02
1.374947428703308105e-01
5.778182670474052429e-02
-2.169872168451547623e-03
-7.316909730434417725e-02
8.621038869023323059e-03
-4.061302170157432556e-02
-3.283581510186195374e-02
4.872726276516914368e-02
5.003480985760688782e-02
5.239314585924148560e-02
-2.611364237964153290e-02
3.392198309302330017e-02
8.928500860929489136e-02
2.543133683502674103e-02
-4.489118978381156921e-02
-3.809282928705215454e-02
-2.348234131932258606e-02
-2.597217261791229248e-02
3.702611476182937622e-02
5.221558269113302231e-03
-8.141723228618502617e-04
1.406760979443788528e-02
-7.741384208202362061e-03
8.700805716216564178e-03
2.580156736075878143e-02
2.274725027382373810e-02
9.163802862167358398e-02
1.298213284462690353e-02
-6.201256439089775085e-02
1.078427210450172424e-02
5.339100491255521774e-03
4.274694249033927917e-02
1.607363112270832062e-02
-2.565675228834152222e-02
1.973091624677181244e-02
1.727924309670925140e-02
-2.154907025396823883e-02
-1.206569001078605652e-02
4.049259424209594727e-02
2.728442661464214325e-02
-2.842231886461377144e-03
-3.847565874457359314e-02
3.465515747666358948e-02
1.099169626832008362e-01
-4.234929569065570831e-03
-3.021533787250518799e-02
1.368165481835603714e-02
5.941368872299790382e-04
2.399660274386405945e-02
-4.493771865963935852e-02
8.469142019748687744e-02
1.992679201066493988e-02
4.008311033248901367e-02
-2.152922935783863068e-02
-3.771342709660530090e-02
-3.623928129673004150e-02
6.315399706363677979e-02
3.738767653703689575e-02
-1.039766892790794373e-02
-3.811903670430183411e-02
-2.788201905786991119e-02
1.944874413311481476e-02
2.564465254545211792e-02
-4.267716035246849060e-02
3.059146925806999207e-02
3.453363478183746338e-02
5.855330079793930054e-02
-6.722259800881147385e-03
-7.889436930418014526e-02
-9.292604029178619385e-02
-7.318050134927034378e-03
-4.243766143918037415e-02
-3.492831811308860779e-02
-6.407928466796875000e-02
-2.721337601542472839e-02
1.291557028889656067e-02
2.775952778756618500e-02
3.582217497751116753e-03
-2.733312919735908508e-02
6.623465102165937424e-03
5.532095674425363541e-03
-1.929557882249355316e-02
-7.685532420873641968e-02
-2.764451690018177032e-02
4.937193542718887329e-02
1.077190488576889038e-01
-3.948621079325675964e-02
8.146576583385467529e-03
-3.414320200681686401e-02
5.658278986811637878e-02
6.220741942524909973e-02
-4.568975418806076050e-03
1.381223648786544800e-02
-5.716658011078834534e-02
-6.685379892587661743e-02
4.871535301208496094e-02
9.913380257785320282e-03
-2.318790741264820099e-02
4.855366796255111694e-02
-3.937713429331779480e-02
-2.651013806462287903e-02
-2.017363673076033592e-03
-1.246481854468584061e-02
3.061421215534210205e-03
-3.589617088437080383e-02
-8.894518017768859863e-02
9.421753697097301483e-03
3.358719870448112488e-02
-2.688975632190704346e-02
4.101119562983512878e-02
1.866662688553333282e-02
9.347119182348251343e-02
6.116653094068169594e-04
6.090177968144416809e-02
2.312499471008777618e-02
-1.120636798441410065e-02
-1.478319289162755013e-03
5.320344492793083191e-02
6.019010394811630249e-02
8.067288249731063843e-02
2.100586518645286560e-02
8.165814727544784546e-02
2.937312610447406769e-02
1.912792772054672241e-02
-2.849883399903774261e-02
5.206412822008132935e-02
1.373488735407590866e-02
-7.101787626743316650e-02
-2.162386663258075714e-02
-1.662595011293888092e-02
1.083154231309890747e-02
3.409221023321151733e-02
-6.357784569263458252e-02
1.182766184210777283e-01
-5.296053737401962280e-02
8.969093672931194305e-03
-5.659449100494384766e-02
7.917868345975875854e-02
-2.861395291984081268e-02
-3.273158520460128784e-02
-8.501655608415603638e-02
-2.808764763176441193e-02
2.077701501548290253e-02
-4.600570350885391235e-02
-2.261061035096645355e-02
-1.204579530167393386e-04
3.843922540545463562e-02
2.882069908082485199e-02
3.630233928561210632e-02
3.958189487457275391e-02
-1.089425291866064072e-02
1.577763445675373077e-02
-3.275794163346290588e-02
-6.247190758585929871e-02
1.871459372341632843e-02
-6.196470558643341064e-02
-2.527834149077534676e-03
-5.785629525780677795e-02
-7.284545153379440308e-02
1.890581101179122925e-02
-3.389536589384078979e-02
-1.481596194207668304e-02
1.956713758409023285e-02
-2.384687960147857666e-02
3.837755322456359863e-02
-6.884401291608810425e-02
-1.195250600576400757e-01
9.787669405341148376e-03
-3.579248487949371338e-02
5.693513527512550354e-02
1.580216735601425171e-02
2.025130903348326683e-03
-1.603684388101100922e-02
-5.267663300037384033e-02
-6.598695367574691772e-02
2.550135366618633270e-02
-4.396209958940744400e-03
3.474017232656478882e-02
4.244408919475972652e-04
3.455053642392158508e-02
2.280909568071365356e-02
-7.622819393873214722e-02
-8.574151247739791870e-02
3.003029152750968933e-03
