-5.394357070326805115e-02
-2.236278727650642395e-02
2.148990519344806671e-02
2.334201335906982422e-02
-1.166667882353067398e-02
-3.543144091963768005e-02
1.640233397483825684e-02
5.696881935000419617e-02
1.502813100814819336e-01
2.354228124022483826e-02
-2.458848245441913605e-02
-3.025830723345279694e-02
1.659336127340793610e-02
-2.197481133043766022e-02
1.105177868157625198e-02
1.462855283170938492e-02
-7.876144722104072571e-03
-1.290033687837421894e-03
-8.381397277116775513e-02
1.943084225058555603e-02
-1.253994368016719818e-02
5.255804955959320068e-02
-2.370544895529747009e-02
-4.011676833033561707e-02
-3.439002903178334236e-03
4.503707960247993469e-02
1.395020913332700729e-02
6.291649769991636276e-03
9.032090194523334503e-03
-1.621013507246971130e-02
-2.036513090133666992e-01
-6.710429675877094269e-03
2.367529831826686859e-02
-2.909153886139392853e-02
1.262314524501562119e-02
9.086839854717254639e-02
-3.342691808938980103e-02
1.050195097923278809e-02
-2.372774295508861542e-02
-1.841039657592773438e-01
4.296499118208885193e-02
8.707763045094907284e-04
9.586301445960998535e-02
-3.522179648280143738e-02
3.952283784747123718e-02
2.359592728316783905e-02
-9.431017562747001648e-03
-4.743864387273788452e-02
1.948573067784309387e-02
2.384131401777267456e-02
4.653236269950866699e-02
5.661140382289886475e-02
-1.107915043830871582e-01
4.184135049581527710e-02
2.332379808649420738e-03
2.637905441224575043e-02
1.303767599165439606e-02
2.719435654580593109e-02
4.526380822062492371e-02
-5.602886527776718140e-02
5.506377667188644409e-03
-1.006457768380641937e-02
-3.914479538798332214e-02
-3.288127481937408447e-02
3.962756693363189697e-02
-2.921805158257484436e-02
1.772254332900047302e-02
-2.419950626790523529e-02
6.794004887342453003e-02
-1.540075242519378662e-02
3.830060595646500587e-03
-6.323386449366807938e-03
3.317666053771972656e-02
-1.261680945754051208e-02
4.950238391757011414e-02
-5.118053406476974487e-02
2.986267581582069397e-02
9.730429947376251221e-02
3.088729828596115112e-02
-1.211526989936828613e-02
9.496220387518405914e-03
-1.027690959745086730e-04
2.238348312675952911e-02
-9.429128468036651611e-02
2.521080151200294495e-02
-2.701228857040405273e-02
-1.427567936480045319e-02
3.424919769167900085e-02
-6.653082673437893391e-04
7.592373061925172806e-03
-1.278069242835044861e-02
-2.210430987179279327e-02
1.469323784112930298e-02
2.101668622344732285e-03
3.188179433345794678e-02
-3.856465627904981375e-05
-3.120314795523881912e-03
-4.538321867585182190e-02
-5.056681483983993530e-02
5.021633207798004150e-02
-2.761859260499477386e-02
-2.022744528949260712e-02
-3.088675905019044876e-03
-5.288142245262861252e-03
-3.158406587317585945e-03
1.759516634047031403e-02
-7.471174746751785278e-02
3.532195836305618286e-02
6.518463138490915298e-03
-2.349439263343811035e-02
-2.599568292498588562e-02
4.956535063683986664e-03
-6.405639648437500000e-02
-4.381603375077247620e-02
-9.292514994740486145e-03
2.830415498465299606e-03
5.504563078284263611e-02
-1.731961406767368317e-02
-1.315582264214754105e-02
1.737514510750770569e-02
2.023772709071636200e-02
-1.172791048884391785e-02
-4.868794977664947510e-02
8.331094868481159210e-03
-2.189235948026180267e-02
-3.153891768306493759e-03
7.943223230540752411e-03
5.075690336525440216e-03
1.135001797229051590e-02
6.457426398992538452e-02
-8.651494234800338745e-02
7.407381199300289154e-03
2.428060956299304962e-02
-1.772564649581909180e-02
9.115730226039886475e-02
-2.575732953846454620e-02
-1.249029859900474548e-01
-2.686951495707035065e-02
1.361316628754138947e-02
-1.261931029148399830e-03
-1.631793826818466187e-01
-2.552245184779167175e-02
2.843484655022621155e-02
-2.750991471111774445e-02
4.022647812962532043e-02
-9.786537289619445801e-02
3.203403949737548828e-02
1.069132424890995026e-02
-6.806089077144861221e-04
1.048754435032606125e-02
8.098565973341464996e-03
1.782799954526126385e-03
-2.482069469988346100e-02
-9.397448599338531494e-02
-2.350720204412937164e-02
3.696946054697036743e-02
-7.448973506689071655e-02
-2.184241637587547302e-02
-1.282550487667322159e-02
-1.908423565328121185e-02
-1.394247263669967651e-02
-1.037604585289955139e-01
1.015869304537773132e-01
-4.324511066079139709e-02
1.806011050939559937e-02
2.021988481283187866e-02
1.096997857093811035e-01
-6.049680989235639572e-03
4.336685687303543091e-02
6.287384778261184692e-02
2.635523118078708649e-02
-6.831623613834381104e-03
2.094508334994316101e-02
1.925062015652656555e-02
2.875779941678047180e-02
1.493125781416893005e-02
-4.467097297310829163e-02
4.549680277705192566e-03
7.251147925853729248e-02
-1.885675266385078430e-02
2.722398936748504639e-02
-1.438992912881076336e-03
5.765936337411403656e-03
2.101944014430046082e-02
-2.666319161653518677e-02
1.753581129014492035e-02
-3.291756510734558105e-01
4.605725780129432678e-02
-1.514925807714462280e-02
1.267109997570514679e-02
1.575976610183715820e-01
-2.726422436535358429e-02
-1.040069479495286942e-02
7.026696577668190002e-03
1.912774518132209778e-02
-6.279356777667999268e-02
-7.346130907535552979e-02
3.187696263194084167e-02
-2.254260182380676270e-01
-2.172197960317134857e-02
1.039967462420463562e-01
-7.773441611789166927e-04
-9.573931992053985596e-02
-4.739123955368995667e-02
-6.500179879367351532e-03
-7.591456174850463867e-02
3.037814167328178883e-05
-5.098874680697917938e-03
-4.359764605760574341e-02
3.169886022806167603e-02
-1.136393025517463684e-01
-3.903000801801681519e-02
3.974454104900360107e-02
4.216782283037900925e-03
-1.286860182881355286e-02
3.572377935051918030e-02
1.066425070166587830e-02
4.780977964401245117e-03
9.091162122786045074e-03
4.275657236576080322e-02
-4.176149889826774597e-02
-5.246679186820983887e-01
-1.548931282013654709e-02
1.430214289575815201e-02
3.528310731053352356e-02
3.328401967883110046e-02
-6.888558715581893921e-02
-2.154934033751487732e-02
4.397287964820861816e-02
-2.979648672044277191e-02
-1.565134339034557343e-02
3.239094838500022888e-02
3.203992673661559820e-04
6.100890692323446274e-03
5.749020352959632874e-02
-7.607946544885635376e-02
-4.751840978860855103e-02
4.407187178730964661e-02
3.528928011655807495e-02
2.142751775681972504e-02
1.925270818173885345e-02
1.625285670161247253e-02
-4.310995712876319885e-02
-1.135144978761672974e-01
2.774731628596782684e-02
-2.143583074212074280e-02
-1.666693389415740967e-02
1.031126901507377625e-01
3.706414625048637390e-02
-7.362057268619537354e-02
-2.298858575522899628e-02
5.790906772017478943e-02
1.664464653003960848e-04
3.309642896056175232e-02
-2.738520503044128418e-02
2.306232042610645294e-02
6.626369059085845947e-02
-2.877081744372844696e-02
-1.087868511676788330e-01
6.425014883279800415e-02
-1.052595395594835281e-02
7.861466147005558014e-03
-9.989469498395919800e-02
-1.520532276481389999e-02
-5.169616267085075378e-02
4.854655265808105469e-02
3.836514428257942200e-02
3.355467692017555237e-02
7.441033422946929932e-02
-6.222228705883026123e-02
-2.209579013288021088e-02
2.847166173160076141e-02
6.469845026731491089e-02
-7.078848779201507568e-02
-9.180229157209396362e-03
6.585706770420074463e-02
-3.815491870045661926e-02
1.114740688353776932e-02
1.293972600251436234e-02
-7.642314583063125610e-02
3.791078552603721619e-02
-5.334610585123300552e-03
5.782018974423408508e-02
-1.424917392432689667e-02
-5.671682208776473999e-02
-8.520807325839996338e-02
-2.184588089585304260e-02
-2.540017850697040558e-02
-7.533811777830123901e-02
5.589520186185836792e-02
2.181498520076274872e-02
5.880433693528175354e-02
-4.050383716821670532e-02
5.389810726046562195e-02
-8.607003092765808105e-02
-4.637308046221733093e-02
-4.269503429532051086e-02
1.112761273980140686e-01
-7.286306470632553101e-02
1.219167187809944153e-02
-5.491051450371742249e-02
-8.806917816400527954e-02
8.976640105247497559e-01
9.348058141767978668e-03
-4.734452068805694580e-02
3.349380195140838623e-02
-5.937966704368591309e-02
6.649838387966156006e-02
-6.853497028350830078e-02
-7.341278344392776489e-02
4.546130448579788208e-02
3.758081793785095215e-02
-1.790902204811573029e-02
8.727430552244186401e-02
2.648033015429973602e-02
1.112978719174861908e-02
7.429635524749755859e-02
-1.267314236611127853e-02
-9.820101410150527954e-02
1.264106109738349915e-02
-4.414128605276346207e-03
2.158660208806395531e-03
4.744687676429748535e-02
-3.259193897247314453e-02
5.850687250494956970e-02
4.437810927629470825e-02
-3.080008924007415771e-02
1.666141673922538757e-02
-9.277097880840301514e-03
1.435605809092521667e-02
1.760846935212612152e-02
-3.603409510105848312e-03
-3.231920069083571434e-03
3.943037986755371094e-02
6.637224555015563965e-02
4.619329795241355896e-02
-7.282148115336894989e-03
2.023747749626636505e-02
2.550867199897766113e-02
-3.651574999094009399e-02
3.152076154947280884e-02
1.725321076810359955e-02
-3.437759727239608765e-02
4.004448279738426208e-02
-4.343271255493164062e-02
2.844464592635631561e-02
-3.119745058938860893e-03
2.716160193085670471e-02
-3.062131069600582123e-02
-4.180578887462615967e-02
-6.372590363025665283e-02
6.474139541387557983e-02
-4.206782579421997070e-02
-9.941168129444122314e-02
3.021728806197643280e-02
-3.040731884539127350e-02
-4.755080118775367737e-02
2.673279307782649994e-02
5.828832834959030151e-02
-1.519787870347499847e-02
-5.050530657172203064e-03
-7.610483467578887939e-02
-2.012317441403865814e-02
-2.332956157624721527e-02
7.033906877040863037e-04
4.876608494669198990e-03
8.024235256016254425e-03
-1.120995432138442993e-01
-7.214137166738510132e-02
-4.665482044219970703e-02
-3.120155446231365204e-02
-1.451648399233818054e-02
3.975767642259597778e-03
3.874996677041053772e-02
1.598320342600345612e-02
-3.137357532978057861e-02
-5.555736273527145386e-02
-9.430887177586555481e-03
3.738374635577201843e-02
4.328443482518196106e-02
-2.604059502482414246e-02
-1.003476977348327637e-02
-7.297621108591556549e-03
1.125780213624238968e-02
1.372402347624301910e-02
-1.880448870360851288e-02
3.901306539773941040e-02
-2.614191733300685883e-03
4.747584834694862366e-02
5.224010348320007324e-02
-6.118167564272880554e-02
-1.176412496715784073e-02
5.620380863547325134e-02
-2.927827090024948120e-02
6.332002580165863037e-03
-8.172895014286041260e-02
-3.420419991016387939e-02
-1.518040150403976440e-01
-1.964140124619007111e-02
1.868742052465677261e-03
-5.189837515354156494e-02
-1.095880568027496338e-02
7.396242767572402954e-02
2.058057114481925964e-02
-1.356953661888837814e-02
-2.746597118675708771e-02
-1.404315605759620667e-02
-1.226036995649337769e-02
2.074031159281730652e-02
6.221861764788627625e-02
-5.431003123521804810e-02
-1.336677087238058448e-04
-1.402888260781764984e-02
-7.800748199224472046e-02
-3.771994030103087425e-03
2.415178343653678894e-02
-6.390188820660114288e-03
1.188349630683660507e-02
4.690526984632015228e-03
1.470738183706998825e-02
2.332495525479316711e-02
4.396278783679008484e-02
-5.226460099220275879e-02
5.689152702689170837e-02
3.378105536103248596e-02
6.260525435209274292e-02
2.875148784369230270e-03
-4.834178090095520020e-02
2.794962376356124878e-02
-1.537382137030363083e-02
-1.322191092185676098e-03
-3.760536760091781616e-02
3.502584248781204224e-02
7.274961564689874649e-03
3.462154418230056763e-02
-2.155380882322788239e-02
1.339118462055921555e-03
5.629115551710128784e-02
-1.048682350665330887e-02
-3.413596749305725098e-02
-4.739004001021385193e-02
-2.614666521549224854e-02
6.127365678548812866e-02
-3.866425156593322754e-02
1.904370076954364777e-02
-5.257572513073682785e-03
2.722345525398850441e-04
-1.084963325411081314e-02
-3.026080876588821411e-02
-2.298544533550739288e-02
1.269204076379537582e-02
2.869314327836036682e-02
-2.153166942298412323e-02
-7.009155815467238426e-04
3.973028808832168579e-02
-2.745997533202171326e-02
4.314614832401275635e-02
7.114895153790712357e-03
6.675105541944503784e-02
-5.554024595767259598e-03
4.613225348293781281e-03
1.908071525394916534e-02
-1.510291825979948044e-02
2.005179412662982941e-02
7.038969546556472778e-02
2.054697088897228241e-02
1.161388214677572250e-02
2.437684684991836548e-02
-2.229218930006027222e-02
-4.392457753419876099e-02
-2.930560708045959473e-02
3.254378959536552429e-02
2.088221162557601929e-02
-2.632505260407924652e-02
-6.471246480941772461e-02
-3.664105758070945740e-02
3.416499588638544083e-03
-4.365969449281692505e-02
7.641951739788055420e-02
-3.278816491365432739e-02
-7.925036549568176270e-02
-9.214989095926284790e-02
1.659797877073287964e-02
2.437734045088291168e-03
-4.450957477092742920e-02
3.879398480057716370e-02
-7.047280669212341309e-03
-1.824526488780975342e-02
4.641064256429672241e-02
3.381202928721904755e-03
5.013325810432434082e-02
-7.677997648715972900e-02
-1.196569949388504028e-02
3.707758709788322449e-02
-5.241912230849266052e-02
-3.302135691046714783e-02
-3.963647037744522095e-02
2.218692377209663391e-02
-5.051210522651672363e-02
-6.504011340439319611e-03
-8.689211308956146240e-02
6.433795392513275146e-02
-2.769538899883627892e-03
3.672285750508308411e-02
-1.261573005467653275e-02
8.394456654787063599e-02
-1.283539459109306335e-02
-5.165271461009979248e-02
-4.717639461159706116e-02
8.604585379362106323e-02
3.518635779619216919e-02
1.070829667150974274e-02
3.229556605219841003e-02
1.426334865391254425e-02
6.697414815425872803e-02
-5.422613769769668579e-02
-2.678833156824111938e-02
9.736477397382259369e-03
6.111657246947288513e-03
1.590265147387981415e-02
-4.119150340557098389e-02
9.134104847908020020e-02
1.289241164922714233e-01
-3.293745964765548706e-02
6.643590168096125126e-04
-7.166007161140441895e-02
9.328776597976684570e-02
-6.637687981128692627e-02
6.190945208072662354e-02
4.578157793730497360e-03
3.682601824402809143e-02
-1.340566761791706085e-02
-1.984734088182449341e-02
-4.907390475273132324e-02
1.814237795770168304e-02
-4.013010766357183456e-03
-1.686184480786323547e-02
-6.512153148651123047e-02
7.706525502726435661e-04
3.049140237271785736e-02
2.481759712100028992e-02
-8.938653394579887390e-03
6.808082573115825653e-03
1.450126431882381439e-02
3.212692961096763611e-02
3.662261739373207092e-02
6.502159871160984039e-03
3.958187252283096313e-02
4.151309281587600708e-02
5.733553692698478699e-02
-6.892305333167314529e-03
-9.665267542004585266e-03
1.561153773218393326e-02
-5.492280051112174988e-02
2.057385444641113281e-02
-4.611375182867050171e-02
-3.452339768409729004e-02
-3.869297355413436890e-02
2.957729995250701904e-02
-7.863013073801994324e-03
-2.932106703519821167e-02
-1.225563901243731380e-04
2.407220564782619476e-02
1.294993516057729721e-02
-1.799160242080688477e-02
5.522505939006805420e-02
-1.237857528030872345e-02
5.335307121276855469e-02
1.770251616835594177e-02
-1.595690473914146423e-02
-3.169798851013183594e-02
-1.249184738844633102e-02
1.607858389616012573e-02
3.228812478482723236e-03
6.916662305593490601e-02
-7.962644845247268677e-02
-9.966517984867095947e-02
-3.923968598246574402e-02
7.335212826728820801e-02
-1.373087149113416672e-02
-9.793985635042190552e-02
4.512964561581611633e-02
-3.694002050906419754e-03
-3.138501942157745361e-02
-2.954503288492560387e-03
-1.736489497125148773e-02
-2.392527088522911072e-02
5.003010388463735580e-03
-9.710939601063728333e-03
4.151919111609458923e-02
-2.505881479009985924e-03
2.595805376768112183e-02
6.388781219720840454e-02
5.672573298215866089e-02
9.826805442571640015e-03
4.073658213019371033e-02
2.373005263507366180e-02
-1.007651835680007935e-01
1.605055760592222214e-03
-3.835880011320114136e-02
7.760901749134063721e-02
-1.562586724758148193e-01
-4.340871050953865051e-02
5.282219126820564270e-02
1.268702209927141666e-03
8.511481434106826782e-02
-6.586514413356781006e-02
3.299354761838912964e-02
-6.731889210641384125e-03
1.398293673992156982e-02
-1.118890941143035889e-02
-5.654522776603698730e-02
-5.441170185804367065e-02
3.792128339409828186e-02
-4.258845373988151550e-02
-6.010863464325666428e-03
-9.912441484630107880e-03
-6.640911102294921875e-03
4.900089278817176819e-02
7.244318723678588867e-02
2.336631156504154205e-02
1.648081466555595398e-02
2.367987530305981636e-03
-3.646283969283103943e-02
-7.514566183090209961e-02
-4.973988234996795654e-02
5.441975966095924377e-02
1.719849556684494019e-02
2.323221415281295776e-02
5.765970796346664429e-03
-4.067408293485641479e-02
9.760143607854843140e-02
3.034537471830844879e-02
4.648345988243818283e-03
-4.451465792953968048e-03
2.786436304450035095e-02
8.295863121747970581e-02
-4.858324769884347916e-03
-1.060806885361671448e-01
1.090789772570133209e-02
-8.240053802728652954e-02
4.003501683473587036e-02
-6.250547617673873901e-02
-1.428253762423992157e-02
-4.202732443809509277e-02
1.752202399075031281e-02
3.177136881276965141e-03
9.489415585994720459e-02
1.378571987152099609e-01
4.822783917188644409e-02
-2.352593280375003815e-02
-5.283548682928085327e-02
6.149589270353317261e-02
-6.414614617824554443e-02
-1.816100999712944031e-02
6.259965896606445312e-02
4.759832099080085754e-02
6.063620001077651978e-02
1.499243360012769699e-02
2.442037686705589294e-03
6.594351679086685181e-02
1.689111627638339996e-02
-3.898058831691741943e-02
-9.645494818687438965e-02
-9.631364606320858002e-03
-4.187354817986488342e-02
5.499678850173950195e-02
9.131400845944881439e-03
9.913777932524681091e-03
3.414006158709526062e-02
-4.331040754914283752e-02
-1.222965028136968613e-02
5.409025028347969055e-02
3.743056207895278931e-02
5.566557496786117554e-02
2.036930248141288757e-02
-4.725876078009605408e-02
2.046151645481586456e-02
9.202571585774421692e-03
4.209331423044204712e-02
-4.100550711154937744e-02
-3.551672399044036865e-02
4.756227880716323853e-02
3.786024451255798340e-02
-3.608751296997070312e-02
-1.204801630228757858e-02
1.375842560082674026e-02
2.917548269033432007e-02
7.377353496849536896e-03
-2.281965687870979309e-02
2.458557486534118652e-02
7.964825630187988281e-02
-1.109133940190076828e-02
-2.818869985640048981e-02
4.214972257614135742e-02
1.939263008534908295e-02
9.434302337467670441e-03
-4.075897112488746643e-02
4.720761999487876892e-02
2.689540199935436249e-02
5.574568640440702438e-03
-4.855123162269592285e-02
1.283056568354368210e-02
-3.383004292845726013e-02
8.360753208398818970e-02
4.066669568419456482e-02
1.187282986938953400e-02
-3.120033256709575653e-02
5.831665825098752975e-03
2.955798804759979248e-02
6.294652074575424194e-02
-5.720731802284717560e-03
1.739932596683502197e-02
4.200837016105651855e-02
7.832012325525283813e-02
1.090787071734666824e-02
-7.143483310937881470e-02
-1.162316948175430298e-01
-3.722505271434783936e-02
-3.134974092245101929e-02
-1.510469149798154831e-02
-7.139860093593597412e-02
-1.412701886147260666e-02
3.071710653603076935e-02
-4.746467806398868561e-03
-6.118633225560188293e-02
-3.820887953042984009e-02
-3.996019437909126282e-02
-2.955442505481187254e-05
-2.957100793719291687e-02
-6.749392300844192505e-02
-4.743208736181259155e-02
3.544558584690093994e-02
1.230982095003128052e-01
-4.667976126074790955e-02
2.496114186942577362e-02
-2.199379727244377136e-03
2.181516960263252258e-02
5.393365025520324707e-02
-2.531614527106285095e-02
-1.915915869176387787e-02
-4.943818971514701843e-02
-3.216012194752693176e-02
3.573986515402793884e-02
1.716320030391216278e-02
-4.184244200587272644e-02
7.846643030643463135e-02
-1.800329796969890594e-02
-5.177772138267755508e-03
-1.737645454704761505e-02
2.107094507664442062e-03
2.653473988175392151e-02
-3.025340102612972260e-02
-1.050187423825263977e-01
-1.162740495055913925e-02
2.096772752702236176e-02
-1.880603097379207611e-02
3.156550601124763489e-02
-1.518049370497465134e-02
8.269906789064407349e-02
-1.578334602527320385e-03
9.253350645303726196e-02
5.175761505961418152e-02
2.194885164499282837e-02
-2.996054477989673615e-02
1.334161963313817978e-02
3.527791053056716919e-02
1.111420840024948120e-01
3.224639594554901123e-02
7.692985981702804565e-02
2.335490100085735321e-02
2.320006117224693298e-02
-2.790636010468006134e-02
6.639982014894485474e-02
1.832611113786697388e-02
-7.630567252635955811e-02
-6.914407131262123585e-04
-3.009615279734134674e-02
-2.374966442584991455e-02
3.578830882906913757e-02
-3.008766286075115204e-02
1.238211020827293396e-01
-6.599998474121093750e-02
1.597035303711891174e-02
-1.224325131624937057e-02
5.739669129252433777e-02
-1.876675896346569061e-02
-2.123968675732612610e-02
-6.725107878446578979e-02
-5.286395177245140076e-02
1.563587784767150879e-02
-2.712134830653667450e-02
-3.363877907395362854e-02
1.931554265320301056e-02
6.236618757247924805e-02
4.603366553783416748e-02
4.012706875801086426e-02
3.930963948369026184e-02
-4.328934848308563232e-02
1.177391875535249710e-02
-1.913059316575527191e-02
-8.253632485866546631e-02
2.560357097536325455e-03
-4.886727407574653625e-02
-2.928847679868340492e-03
-1.803616806864738464e-02
-5.882859975099563599e-02
3.818038851022720337e-02
3.386738171684555709e-05
2.170318039134144783e-03
3.850976703688502312e-03
1.308502350002527237e-02
2.929998748004436493e-02
-8.606962114572525024e-02
-8.279736340045928955e-02
9.857534430921077728e-03
-1.234326325356960297e-02
4.057681187987327576e-02
3.013788349926471710e-02
8.922677487134933472e-03
3.821949940174818039e-03
-4.852837324142456055e-02
-2.395678777247667313e-03
2.498248778283596039e-02
3.318261727690696716e-02
5.940328817814588547e-03
-8.911641314625740051e-03
5.217044800519943237e-02
1.798287220299243927e-02
-1.219902783632278442e-01
-6.944108009338378906e-02
1.702000945806503296e-02
