-0.0032032246235758
0.0547254681587219
-0.0245273374021053
-0.1073826402425766
-0.0528356432914734
0.0589538551867008
0.0196836907416582
0.0831018909811974
-0.0678788870573044
-0.0797424465417862
0.0792098417878151
0.0929315537214279
-0.0207463148981333
-0.0588764809072018
0.0604665353894234
0.0275618359446526
-0.0076516717672348
0.0616138353943825
-0.0326331369578838
-0.0423212610185146
-0.0376821495592594
0.0270530283451080
-0.0226486530154943
0.0710517540574074
0.1102718338370323
0.0333475545048714
0.0554348044097424
-0.0113103333860636
0.0220144763588905
-0.0158054586499929
-0.0202153511345387
0.0758961290121078
0.0126352086663246
-0.0901663154363632
0.0503569804131985
0.0311390794813633
-0.0820998251438141
-0.0275756530463696
-0.0248539261519909
0.0549619980156422
-0.0809566006064415
-0.0162878092378378
0.0570534914731979
-0.1233763694763184
-0.0105445245280862
0.0611881725490093
0.1023079156875610
0.1269429624080658
-0.0373220406472683
-0.0716116130352020
0.0403426885604858
0.0888777673244476
0.0460838414728642
0.1151301860809326
0.0185376219451427
-0.0435185879468918
0.1328589916229248
0.0051747723482549
-0.0478352718055248
0.0154155474156141
0.0102546708658338
-0.1284747421741486
-0.1410002708435059
-0.0758677273988724
-0.0087954597547650
0.0858206227421761
-0.0414755567908287
0.0465263575315475
-0.0846382603049278
-0.0419520884752274
0.0077841957099736
-0.1059102192521095
0.0204059146344662
-0.0087382458150387
-0.0361274406313896
-0.0261022020131350
-0.0457618609070778
0.0605878382921219
-0.0487092956900597
-0.0806227400898933
-0.0292586609721184
0.0307037644088268
0.0633768439292908
-0.0448600314557552
-0.0189277753233910
0.0452117025852203
0.0487740263342857
-0.0348807498812675
-0.0227066185325384
0.0616068989038467
-0.0273056365549564
0.0744398236274719
0.0198966506868601
0.0401908755302429
-0.0809046328067780
-0.0416168197989464
0.0400475636124611
-0.0780009776353836
0.0639391392469406
0.0083648497238755
0.1142228394746780
-0.0647928714752197
-0.0868365839123726
0.0211348533630371
0.0110092302784324
0.0373938605189323
0.0768837183713913
0.0553884319961071
0.1010976135730743
-0.0060066231526434
-0.0073929084464908
-0.0304430238902569
-0.0334832333028316
-0.0582643114030361
0.0385075770318508
-0.0300869625061750
0.0458855628967285
0.0116653861477971
-0.0788346976041794
0.0213290397077799
-0.0198007170110941
0.0219919923692942
0.0055909776128829
-0.0618456639349461
0.0448785275220871
-0.1141724735498428
0.0095179760828614
-0.0351590104401112
0.0521699599921703
-0.0528055243194103
-0.0132960407063365
0.0188726317137480
-0.1001391336321831
0.0024401361588389
0.0271801538765430
0.0384428538382053
-0.0259173475205898
-0.0658451616764069
0.0586060993373394
0.0583129450678825
-0.0507155209779739
0.1612821370363235
0.1006414443254471
0.0051665320061147
0.1037549749016762
0.0722745507955551
0.0460139401257038
-0.0868235081434250
0.0097148576751351
-0.0118169346824288
-0.0400116294622421
0.0566767044365406
0.0351201556622982
-0.0212089680135250
0.0068736458197236
-0.0941993296146393
-0.0204204823821783
-0.0225854143500328
-0.0451073572039604
0.1756007522344589
0.0446449294686317
-0.0061625326052308
-0.1189515069127083
0.0375544875860214
0.0419872067868710
0.0761196091771126
0.0090256398543715
0.0388869829475880
0.0547355487942696
0.0472200028598309
-0.0442714095115662
0.0931613817811012
0.0433459691703320
0.0467193759977818
-0.0653249248862267
-0.0540668107569218
0.1239011511206627
0.1052836924791336
0.1208300143480301
0.0179310720413923
-0.0111096119508147
0.0770385861396790
0.0543888434767723
0.0361237712204456
0.0488446243107319
-0.0807389616966248
0.0147632583975792
-0.0747414007782936
-0.0792123675346375
-0.0551030896604061
-0.0231785401701927
0.0520235858857632
-0.0294120069593191
-0.0880931690335274
0.0836225897073746
-0.0705126300454140
-0.0543113537132740
-0.0417155250906944
0.0269683282822371
-0.0235446728765965
-0.0662891864776611
-0.0251048486679792
0.0542702041566372
-0.0301537588238716
0.0536438189446926
0.0668673887848854
0.0426092445850372
-0.0679528489708900
0.0061382926069200
-0.0310622807592154
0.0229914188385010
0.0243818145245314
0.0667444914579391
0.0732456967234612
-0.0654158368706703
-0.0781410261988640
0.0475352145731449
-0.0575366616249084
0.0528160594403744
0.0669153556227684
0.1529394388198853
-0.0569245442748070
-0.0273111462593079
0.1107636615633965
-0.0331609472632408
0.0364129841327667
-0.0311142690479755
0.0680407583713531
0.0215956065803766
0.0622787699103355
-0.0949066132307053
-0.0152837317436934
0.0986779406666756
-0.0675049722194672
-0.0779713690280914
-0.0175602175295353
-0.1035541594028473
-0.1000702902674675
-0.0295415483415127
-0.1162322536110878
0.0094962939620018
0.0608527697622776
-0.1248311772942543
0.1307978481054306
0.0581535138189793
-0.0006366235320456
0.0092458268627524
0.0768439322710037
-0.0476658679544926
0.0228779911994934
-0.0122570898383856
-0.0523787327110767
0.0192459747195244
0.0683804452419281
0.0420670583844185
-0.0940938591957092
0.0178956296294928
0.0184847563505173
-0.1124572679400444
0.0357747226953506
0.0580761544406414
-0.1412392556667328
-0.0287129022181034
0.2167736738920212
-0.0219681859016418
0.0481177195906639
-0.0460340641438961
0.0235911794006824
0.1264155507087708
0.0391007810831070
-0.1463458538055420
-0.0690163895487785
-0.3297547996044159
0.0464741960167885
0.2031296342611313
-0.2133139967918396
-0.0865406766533852
-0.0499803461134434
0.0108449049293995
-0.0683626011013985
-0.0866622850298882
-0.0000151760223162
-0.2017691135406494
-0.2262492179870605
-0.1025876253843307
0.0194734074175358
-0.0270492136478424
0.0447845757007599
-0.0636508464813232
-0.1137170717120171
-0.2410484254360199
-0.0233825966715813
0.0457375012338161
0.0008991201757453
0.0148436892777681
-0.0381903387606144
0.0777563303709030
0.0829635113477707
-0.0227310378104448
0.0104882763698697
-0.0333330035209656
-0.0494275651872158
0.0701208859682083
-0.3248662948608398
-0.1548604369163513
0.0515212416648865
0.0215530507266521
0.0639262124896049
-0.1584343314170837
-0.0673585385084152
-0.0649275481700897
-0.1686896234750748
0.1554479449987411
0.0832611620426178
-0.0743220299482346
0.2060893326997757
0.0478242523968220
0.3512334823608398
0.0692940503358841
-0.1720600128173828
0.0249036829918623
-0.0715721026062965
0.0567988120019436
0.0736341178417206
-0.0172162204980850
0.0116362599655986
0.0736607760190964
-0.0436039343476295
0.0604564584791660
0.0797359868884087
0.0834649428725243
-0.0653930604457855
0.0588285699486732
0.0844330564141273
0.0035931980237365
0.0533114150166512
-0.0274345241487026
-0.0444099828600883
-0.0106249665841460
-0.0759613886475563
0.0166606828570366
0.0308921486139297
0.0372594669461250
-0.0517803728580475
0.0236781798303127
0.0037201889790595
0.0193862095475197
-0.0114576620981097
-0.0507501065731049
0.0624471977353096
-0.0610044151544571
0.0170754920691252
0.0228436272591352
0.0096640139818192
0.0168589483946562
0.0331315025687218
-0.0364370048046112
0.0187512766569853
-0.0049150357954204
-0.0148807289078832
-0.0058923796750605
-0.0227347649633884
0.0366955138742924
-0.0179644934833050
-0.0246069561690092
0.0179091561585665
-0.0363646633923054
0.0412660352885723
-0.0166037268936634
-0.0213335566222668
0.0123456893488765
-0.0151696382090449
0.0320711806416512
0.0227718614041805
0.0142131512984633
0.0182518530637026
0.0076504265889525
-0.0027576566208154
-0.0074694207869470
-0.0547689385712147
-0.0327409915626049
-0.0086040562018752
-0.0692870765924454
-0.0320788137614727
-0.0874232277274132
-0.0352711640298367
-0.0151359206065536
-0.0457595586776733
0.0151573391631246
-0.0104371756315231
-0.0073433988727629
0.0534148663282394
-0.0195647440850735
0.0147095229476690
0.0373467281460762
0.0050426418893039
0.0141682568937540
-0.0286190044134855
-0.0362711995840073
-0.0117981620132923
-0.0695462375879288
0.0619905218482018
0.0633046403527260
-0.0514198988676071
-0.0247381012886763
0.0734428837895393
-0.0299535542726517
-0.0987777113914490
-0.0174004901200533
0.0388481579720974
0.0771928057074547
0.0357370525598526
0.0005574332317337
-0.0117857698351145
-0.0332286283373833
-0.0521600358188152
-0.0459152385592461
0.0294127035886049
0.0119215399026871
-0.0463094376027584
0.0427571125328541
0.0069563826546073
-0.0821125358343124
-0.0439754426479340
0.0341157354414463
0.0179961416870356
-0.0216395128518343
-0.0065810442902148
0.0552511326968670
-0.0386206321418285
-0.0317052938044071
-0.0886716917157173
0.0021240434143692
-0.0300018973648548
0.0216322019696236
-0.0404123179614544
-0.0111684817820787
0.0548083111643791
-0.0284265521913767
0.0312522053718567
0.0238097999244928
0.0573026612401009
0.0740048438310623
0.0843877345323563
0.0663210600614548
-0.0209019910544157
-0.0012361463159323
-0.0473414883017540
0.0221810229122639
0.0835172012448311
-0.0085307992994785
0.0138796167448163
0.0003644086536951
0.0465335957705975
0.0283334814012051
0.0074346684850752
-0.0619570575654507
-0.0302354525774717
-0.0200144089758396
0.0018494983669370
0.0196521244943142
-0.0375709570944309
0.0283942651003599
0.0505835749208927
0.0032881612423807
-0.0055064614862204
0.0053870431147516
0.0701702982187271
0.0293198619037867
-0.0129846669733524
-0.0036589044611901
-0.1144943386316299
0.0357365943491459
0.0602435991168022
0.0816999152302742
-0.0561337433755398
0.0133752888068557
-0.0851626098155975
-0.0346818417310715
0.0051008877344429
0.0500892959535122
0.0184006933122873
-0.0693177804350853
-0.0222897995263338
-0.0280304644256830
-0.0667640715837479
0.0590690709650517
0.0584727339446545
-0.0823563784360886
0.0754932388663292
-0.0767466574907303
0.0256527606397867
0.0780424773693085
0.0027395065408200
0.0058855060487986
0.0661593601107597
0.0124526480212808
-0.0123200248926878
0.0584001876413822
-0.0146925812587142
0.0488105416297913
-0.0439599230885506
-0.0199250262230635
-0.0121151637285948
0.0093230875208974
-0.0804629400372505
0.0307065304368734
0.1491023451089859
-0.0479062870144844
-0.0418631359934807
0.0141496025025845
0.0071148462593555
0.0250600352883339
0.1051058620214462
-0.0553937740623951
-0.0062234112992883
0.0901224687695503
0.0242759641259909
-0.0329829379916191
-0.0124780666083097
-0.0563633143901825
0.0213704351335764
-0.0609606914222240
0.1003130376338959
-0.0115538472309709
-0.1003044992685318
-0.0332551412284374
-0.0791193395853043
-0.0044847000390291
-0.0029989210888743
-0.0060746832750738
-0.0063418592326343
-0.0225345529615879
-0.0377981141209602
-0.0089706322178245
-0.0544251091778278
-0.0300445333123207
0.0314333029091358
-0.0060689477249980
-0.0098903346806765
-0.1067668795585632
0.0053923805244267
0.0028324595186859
-0.0219434108585119
0.0736204683780670
-0.0168934632092714
0.0059997932985425
-0.0421935990452766
-0.0199513491243124
0.0154606606811285
-0.0238851755857468
0.0559434555470943
-0.0164298526942730
0.0262908563017845
0.0726881101727486
-0.0354706756770611
-0.0634588077664375
-0.0410392433404922
-0.0178126040846109
-0.0212051570415497
0.0028829451184720
0.0491348095238209
0.0403978191316128
-0.0016519513446838
0.0040553240105510
-0.0465562380850315
0.0185897536575794
-0.0512024872004986
0.0275504533201456
-0.0179034750908613
-0.0635657534003258
-0.0214563850313425
-0.0334297046065331
0.0257769990712404
0.0488410964608192
-0.0077271554619074
0.0049674622714520
0.0665237903594971
0.0350817963480949
0.0376844182610512
-0.0445128008723259
-0.0040030563250184
-0.0005418697255664
0.0062700682319701
-0.0387232117354870
-0.0497374162077904
0.0352399349212646
-0.0707390382885933
-0.0444613136351109
-0.0292582232505083
0.0379483439028263
-0.0412623099982738
-0.0186979100108147
-0.0223818738013506
-0.0118236364796758
-0.0614864602684975
0.0584098882973194
0.0006539819878526
0.0230943839997053
0.0235238615423441
-0.0163418985903263
0.0709660723805428
-0.0702986195683479
0.1095911636948586
-0.0950109586119652
-0.0010589632438496
0.0189995337277651
0.0084963589906693
-0.0381811670958996
-0.0238733347505331
-0.0056279157288373
-0.0119692077860236
0.0311451144516468
0.0354920029640198
-0.0299888197332621
-0.0576334819197655
-0.0140481879934669
-0.0200404822826385
-0.0684678629040718
0.0313469059765339
-0.0351439565420151
-0.0259153954684734
-0.0451712906360626
-0.0720114558935165
0.0247364323586226
-0.0845496580004692
-0.0468699112534523
-0.0198217276483774
-0.0176714472472668
-0.0111564695835114
0.0237863883376122
0.0077633461914957
0.0064729587174952
0.0265813954174519
0.0013362859608606
0.0206728186458349
-0.1027905419468880
0.0134221855551004
0.0324639268219471
0.0739505439996719
0.0168653726577759
0.0526359379291534
0.0428490452468395
0.0673911049962044
0.0497409664094448
-0.0533092916011810
-0.0683939158916473
-0.0280037261545658
0.0839032605290413
-0.0698350220918655
0.0661697089672089
0.0487634651362896
-0.0207654088735580
-0.0491191074252129
-0.0118624391034245
0.0312672033905983
-0.0280716437846422
-0.0163269862532616
-0.0217690356075764
-0.0709604248404503
-0.0352795533835888
0.0471329763531685
0.0129622919484973
0.0165312737226486
0.0401895567774773
-0.0648947134613991
0.0630904138088226
0.0084665520116687
0.0051184496842325
-0.0366362221539021
-0.0415495708584785
0.0106083229184151
-0.0349223241209984
0.0258595347404480
0.0392858013510704
0.0587007179856300
-0.0257953051477671
-0.0538784265518188
0.0117378262802958
-0.0234017595648766
0.0222464110702276
0.0506130084395409
-0.0075041144154966
0.0243185162544250
-0.0173081811517477
0.0471986234188080
-0.0093785226345062
0.0019824779592454
0.0325649753212929
0.0298841688781977
0.0556787513196468
0.0271617304533720
-0.0034429321531206
0.0117409070953727
0.0556921884417534
0.0589858964085579
0.0226308666169643
0.0558349043130875
-0.0820658206939697
-0.0114300511777401
-0.0013451077975333
-0.0312237013131380
0.0511033982038498
0.0273617133498192
-0.0507210120558739
-0.0559476278722286
0.0064759980887175
-0.0182757861912251
0.0202170629054308
0.0277574807405472
-0.0506357140839100
0.0504528433084488
-0.0119159603491426
0.0114468522369862
0.0296423584222794
0.0054552881047130
0.0845088809728622
0.0165422912687063
-0.0265108775347471
-0.0788186341524124
-0.0066871400922537
-0.0605618581175804
-0.0605682581663132
-0.0928647518157959
0.0571104809641838
0.0626264736056328
-0.0696934834122658
-0.0390591584146023
0.0295032337307930
-0.0359341949224472
-0.0473455078899860
-0.0329775922000408
0.0199181661009789
0.0448542162775993
-0.0328173413872719
0.0137575278058648
0.0413759946823120
0.0384558811783791
0.0563852749764919
-0.0565008372068405
-0.0481018871068954
-0.0177771821618080
0.0359365269541740
-0.0160435102880001
0.0071766399778426
0.0784661099314690
-0.0200335327535868
0.0762857496738434
-0.0099344709888101
0.0398238636553288
-0.0586470365524292
0.0483439750969410
0.0245168488472700
-0.0582700185477734
0.0391252711415291
0.0354786030948162
-0.0048371404409409
-0.0303122494369745
-0.0200320817530155
0.0083253253251314
-0.0045189326629043
0.0491484515368938
-0.0585196316242218
-0.0577763579785824
0.0444172210991383
0.0219260249286890
0.0093816667795181
0.0998570621013641
0.0551070198416710
-0.0278508607298136
0.0225441101938486
0.0762788876891136
0.0450488626956940
0.0134370103478432
0.0930610075592995
-0.0050300043076277
0.0101484730839729
0.0708944648504257
0.0180730186402798
-0.0071602347306907
0.0115906894207001
0.0008435653871857
-0.0091404672712088
0.0424162968993187
-0.0037941676564515
-0.0065213222987950
-0.0200170632451773
0.0520911216735840
-0.0055172396823764
0.0065051103010774
-0.0348628312349319
-0.0320186987519264
0.0591768138110638
0.0072196382097900
0.0540802702307701
-0.0329128317534924
0.0462151244282722
0.0876357853412628
0.1135988458991051
0.0159704368561506
-0.1052541881799698
0.0583438426256180
-0.0055669471621513
0.0663139075040817
0.0475195609033108
0.0122166648507118
0.0407434105873108
0.0191384982317686
-0.0218556597828865
0.0748869031667709
-0.0622226521372795
-0.0268738679587841
-0.0587244741618633
-0.0181179456412792
0.0374542772769928
0.0188631899654865
-0.0318498536944389
-0.0655943825840950
0.0382179170846939
0.0574891865253448
0.0172784253954887
0.0225914176553488
0.0585553012788296
0.0089498739689589
0.0098856911063194
-0.0182503797113895
-0.0227711796760559
0.0419767200946808
0.0151654593646526
0.0156446117907763
0.0551878139376640
-0.0375345274806023
