-7.812514156103134155e-02
-1.551511324942111969e-02
-1.930139027535915375e-02
-1.404615771025419235e-02
-3.732256882358342409e-04
-3.351907059550285339e-02
7.356157875619828701e-04
2.586867101490497589e-02
1.429033726453781128e-01
2.772247791290283203e-02
-3.387654945254325867e-02
-1.627741940319538116e-02
4.929444752633571625e-03
-3.280291333794593811e-02
1.563034579157829285e-02
-3.091184655204415321e-03
-1.463678292930126190e-02
7.971667684614658356e-03
-7.781060039997100830e-02
1.186203490942716599e-02
-3.224976360797882080e-02
2.579108253121376038e-02
1.373334415256977081e-02
-3.665257990360260010e-02
2.669628942385315895e-03
6.354901939630508423e-02
2.862742403522133827e-03
2.349072694778442383e-02
2.593304775655269623e-02
-8.302050642669200897e-03
-1.671458631753921509e-01
-2.565255202353000641e-02
2.377847442403435707e-03
-2.603092417120933533e-02
1.166167203336954117e-02
7.495332509279251099e-02
-1.158106047660112381e-02
-5.953403306193649769e-04
-8.489294908940792084e-03
-1.544107496738433838e-01
6.149624288082122803e-02
7.907316088676452637e-03
9.397093206644058228e-02
-2.989939227700233459e-02
2.056989818811416626e-02
4.151306301355361938e-02
-3.582054376602172852e-02
-6.354150176048278809e-02
4.300325363874435425e-02
1.439933199435472488e-02
5.163364857435226440e-02
9.553575515747070312e-02
-1.073490679264068604e-01
5.504348501563072205e-02
-6.115339696407318115e-03
3.456868603825569153e-02
2.584357559680938721e-02
1.584633812308311462e-02
4.626243934035301208e-02
-3.198981285095214844e-02
1.550101395696401596e-02
-7.012226618826389313e-03
-4.242444783449172974e-02
-2.105649001896381378e-02
5.644804984331130981e-02
-4.854102060198783875e-02
4.370608925819396973e-02
-2.185558155179023743e-02
6.338933855295181274e-02
5.532328970730304718e-03
-6.876926869153976440e-03
3.346249461174011230e-03
3.570921346545219421e-02
-2.444455400109291077e-03
2.289948239922523499e-02
-6.894573569297790527e-02
8.975547738373279572e-03
4.808110743761062622e-02
4.285620898008346558e-02
-4.689092934131622314e-02
1.359223015606403351e-02
-1.941692829132080078e-02
3.023944236338138580e-02
-9.438677877187728882e-02
-9.772527031600475311e-03
-4.062934219837188721e-02
-2.098582684993743896e-02
1.556569617241621017e-02
-1.428798399865627289e-02
4.126118123531341553e-02
7.384275551885366440e-03
-4.651650786399841309e-02
3.841271996498107910e-02
1.557521871291100979e-03
3.317232057452201843e-02
-2.850808203220367432e-03
4.427065432537347078e-04
-4.907461255788803101e-02
-2.749660238623619080e-02
6.029632315039634705e-02
-5.218883603811264038e-02
-5.082603171467781067e-02
-1.107723359018564224e-02
-2.071837894618511200e-02
-2.661505248397588730e-03
2.215632237493991852e-02
-4.585253447294235229e-02
5.538116768002510071e-02
-7.082609809003770351e-04
-3.382407873868942261e-02
-1.564039289951324463e-02
-6.003636401146650314e-03
-5.658320710062980652e-02
-5.006455257534980774e-02
-2.219397947192192078e-02
-1.322312455158680677e-04
8.298771828413009644e-02
-2.805067691951990128e-03
-2.874685265123844147e-02
1.920550875365734100e-02
3.284480422735214233e-02
-1.271142065525054932e-02
-4.145006835460662842e-02
1.781447976827621460e-02
-4.360383376479148865e-03
-2.429019426926970482e-03
3.095882758498191833e-02
1.783081889152526855e-02
1.851100288331508636e-02
1.984638161957263947e-02
-6.900247931480407715e-02
1.673144754022359848e-03
2.957416698336601257e-02
-1.135162170976400375e-02
4.393124207854270935e-02
-2.657442167401313782e-02
-1.036281511187553406e-01
-1.547485310584306717e-02
5.136107653379440308e-02
-6.121849175542593002e-03
-1.131748929619789124e-01
-7.764230482280254364e-03
3.701552003622055054e-02
7.244339678436517715e-03
4.004010185599327087e-02
-1.261249631643295288e-01
2.215319126844406128e-02
2.173465117812156677e-02
-1.602474832907319069e-03
1.694612391293048859e-02
4.669523611664772034e-02
1.522761676460504532e-02
-1.399834267795085907e-02
-7.425464689731597900e-02
-3.016550280153751373e-02
3.729911148548126221e-02
-5.957270041108131409e-02
-2.455591969192028046e-02
-1.403757603839039803e-03
-5.939729046076536179e-03
2.064304426312446594e-03
-6.529235839843750000e-02
8.427987992763519287e-02
-5.113710463047027588e-02
2.014889009296894073e-02
1.792339980602264404e-02
1.361453533172607422e-01
6.767389830201864243e-03
4.365735501050949097e-02
6.053796410560607910e-02
2.476938441395759583e-02
-1.798207499086856842e-02
6.524429190903902054e-03
3.434916585683822632e-02
1.737588830292224884e-02
9.271975606679916382e-03
-4.473614692687988281e-02
2.242669463157653809e-02
1.113601699471473694e-01
-1.198648475110530853e-02
1.500147115439176559e-02
2.017731312662363052e-03
1.083888858556747437e-02
8.515382185578346252e-03
1.379250828176736832e-02
2.143739908933639526e-02
-2.820834815502166748e-01
6.608634442090988159e-02
-8.638768456876277924e-03
1.622723974287509918e-02
1.090965047478675842e-01
-3.374240919947624207e-02
-1.375298574566841125e-02
2.365301130339503288e-03
1.419160515069961548e-02
-6.874310970306396484e-02
-9.048272669315338135e-02
3.062522597610950470e-02
-1.883654445409774780e-01
-1.808509603142738342e-02
9.500622749328613281e-02
-7.336137350648641586e-03
-1.217755973339080811e-01
-7.484159432351589203e-03
-9.263137355446815491e-03
-6.920287758111953735e-02
-8.787840604782104492e-03
-1.484427694231271744e-02
-4.762730002403259277e-02
5.944484099745750427e-02
-1.010636985301971436e-01
-2.298716641962528229e-02
2.758141234517097473e-02
-4.861694294959306717e-03
-1.828003115952014923e-02
9.776353836059570312e-03
1.601183041930198669e-02
-1.625622436404228210e-02
2.415709383785724640e-02
3.530908003449440002e-02
-3.147729858756065369e-02
-5.991699099540710449e-01
-4.652807489037513733e-02
-7.479175925254821777e-03
4.076087847352027893e-02
4.379117861390113831e-02
-3.058544546365737915e-02
-1.669815927743911743e-02
5.157312005758285522e-02
-4.513189569115638733e-02
-2.875153673812747002e-03
5.392665416002273560e-02
4.208290949463844299e-03
3.052633255720138550e-03
3.877851366996765137e-02
-4.958574846386909485e-02
-5.118246749043464661e-02
6.024700030684471130e-02
4.776142910122871399e-02
2.774481661617755890e-02
2.406358253210783005e-03
3.027351573109626770e-02
-3.377819806337356567e-02
-1.198045238852500916e-01
2.440280094742774963e-02
-1.044324971735477448e-02
1.863083243370056152e-02
7.711041718721389771e-02
6.806063652038574219e-02
-3.573807328939437866e-02
-2.570963278412818909e-02
5.769206956028938293e-02
1.365253515541553497e-02
5.433369427919387817e-02
-4.854041337966918945e-02
3.753082454204559326e-02
1.655585914850234985e-01
7.565499842166900635e-02
4.127678647637367249e-02
6.851074751466512680e-03
1.275922730565071106e-02
-4.013571888208389282e-02
-3.871129080653190613e-02
-3.904405236244201660e-02
2.215831167995929718e-02
4.189141094684600830e-02
4.074574634432792664e-02
1.618436574935913086e-01
-3.522118180990219116e-02
8.063307031989097595e-03
-4.592803865671157837e-02
5.789219215512275696e-02
-3.231802955269813538e-02
5.045118182897567749e-02
6.965505331754684448e-02
-5.115240067243576050e-02
4.631673172116279602e-02
7.812871783971786499e-02
-6.282024085521697998e-02
3.778263181447982788e-02
6.302142888307571411e-02
1.538842078298330307e-02
4.067943990230560303e-02
-3.969289734959602356e-02
2.611568756401538849e-02
2.050139941275119781e-02
6.869438220746815205e-04
1.049296408891677856e-01
9.308265522122383118e-03
-5.432154238224029541e-02
-7.910370081663131714e-02
-5.425814539194107056e-02
5.310896039009094238e-02
3.724927455186843872e-02
-2.390181180089712143e-03
-3.026928566396236420e-02
-1.679579610936343670e-03
2.363698557019233704e-02
-8.176100254058837891e-02
3.793538734316825867e-02
-4.060686007142066956e-02
-1.163261942565441132e-02
8.941600322723388672e-01
-6.931371521204710007e-03
1.349675003439188004e-02
-4.717782139778137207e-02
4.785161092877388000e-02
5.190714076161384583e-02
-2.672981657087802887e-02
1.527875103056430817e-02
-1.534875296056270599e-02
-1.598154604434967041e-01
-9.940006583929061890e-02
1.903733611106872559e-02
-4.444147646427154541e-02
4.136481881141662598e-02
-1.313186343759298325e-02
2.832015510648488998e-03
5.375368893146514893e-02
-2.638558484613895416e-02
-2.525621280074119568e-02
-3.493100637570023537e-03
4.912622272968292236e-02
-3.607999533414840698e-02
4.135596379637718201e-02
3.807215020060539246e-02
-4.789149761199951172e-02
2.692071720957756042e-02
9.127150289714336395e-03
1.972071453928947449e-02
1.227233000099658966e-02
-6.823927164077758789e-03
-1.289347838610410690e-02
2.874503843486309052e-02
4.655125364661216736e-02
5.593788623809814453e-02
3.039709525182843208e-03
1.511468086391687393e-02
4.427960887551307678e-02
-1.718113012611865997e-02
5.674280971288681030e-02
2.969853207468986511e-02
-5.032920837402343750e-02
4.971444979310035706e-02
-4.030527174472808838e-02
3.753537684679031372e-02
1.615555025637149811e-02
5.993878096342086792e-02
-2.298027649521827698e-02
-5.362671986222267151e-02
-6.273107230663299561e-02
5.756898969411849976e-02
-6.655344367027282715e-02
-1.072042584419250488e-01
3.572857379913330078e-02
-7.005919516086578369e-02
-2.676173672080039978e-02
3.552426397800445557e-02
8.648655377328395844e-03
-5.314530059695243835e-02
5.551986396312713623e-03
-6.010498479008674622e-02
1.200970029458403587e-03
-2.955940924584865570e-02
-2.246007788926362991e-03
9.686461649835109711e-03
9.864340536296367645e-04
-1.153816655278205872e-01
-5.498646944761276245e-02
-2.946328930556774139e-02
-1.082195993512868881e-02
-9.022830054163932800e-03
8.116488344967365265e-03
4.501885548233985901e-02
2.332989312708377838e-02
1.886120624840259552e-02
-9.193574637174606323e-02
7.504686713218688965e-03
3.835418820381164551e-02
7.293374091386795044e-02
-4.228506237268447876e-02
-1.398453302681446075e-02
-8.446049876511096954e-03
1.205902267247438431e-02
-3.728292509913444519e-02
2.992389723658561707e-03
2.693763375282287598e-02
-1.250988338142633438e-02
7.689284533262252808e-02
2.782281488180160522e-02
-7.060456275939941406e-02
-2.589757367968559265e-02
1.648832671344280243e-02
-2.454866282641887665e-02
9.076464921236038208e-03
-6.402411311864852905e-02
-2.484761923551559448e-02
-1.255843043327331543e-01
-3.798740357160568237e-02
-2.820700220763683319e-02
-3.549110516905784607e-02
1.851709373295307159e-02
6.140977889299392700e-02
3.133299946784973145e-02
-2.894953638315200806e-02
-3.455463796854019165e-02
-6.307466886937618256e-03
-1.703279465436935425e-02
-9.284813888370990753e-03
5.349370837211608887e-02
-4.161912947893142700e-02
7.289425469934940338e-03
7.758091669529676437e-03
-5.206670984625816345e-02
3.632775740697979927e-03
4.725281521677970886e-02
-2.293743658810853958e-03
-3.059493144974112511e-03
-5.403772927820682526e-03
5.640934687107801437e-03
4.118090122938156128e-02
1.434703171253204346e-02
-5.365768447518348694e-02
4.072356596589088440e-02
1.697634719312191010e-02
7.871814072132110596e-02
2.613477176055312157e-03
-5.380306765437126160e-02
2.692085877060890198e-02
-2.257307432591915131e-02
1.455700676888227463e-02
-4.433442279696464539e-02
6.207351386547088623e-02
4.155970737338066101e-02
1.659819297492504120e-02
-2.380041219294071198e-02
4.440678656101226807e-02
3.482798114418983459e-02
-1.781441643834114075e-02
-3.980021178722381592e-02
-3.385253250598907471e-02
-2.645062841475009918e-02
6.769773364067077637e-02
-4.655146598815917969e-02
3.372545912861824036e-02
1.343043404631316662e-03
2.972071291878819466e-03
2.348986454308032990e-02
-4.584757983684539795e-02
-6.091244518756866455e-03
6.320985034108161926e-03
1.537683233618736267e-02
-5.053870379924774170e-02
2.112755924463272095e-02
5.089103057980537415e-02
-5.741537734866142273e-02
6.072838604450225830e-02
6.270693615078926086e-03
7.245719432830810547e-02
-1.046004123054444790e-03
3.829853981733322144e-02
5.329041276127099991e-03
-5.505905952304601669e-03
3.026461414992809296e-02
6.154932454228401184e-02
3.422181308269500732e-02
6.520729977637529373e-03
8.473535068333148956e-03
2.739236131310462952e-02
-4.371225461363792419e-02
-2.623094059526920319e-02
4.946616291999816895e-02
1.743117719888687134e-02
-4.424849525094032288e-03
-6.303381174802780151e-02
-2.783096581697463989e-02
3.640305250883102417e-03
-4.538370296359062195e-02
9.085246175527572632e-02
-3.601286560297012329e-02
-7.513116300106048584e-02
-6.500977277755737305e-02
5.024689808487892151e-02
1.673518493771553040e-02
-4.863098636269569397e-02
1.159837748855352402e-02
-2.488446049392223358e-02
1.773589104413986206e-02
1.531789451837539673e-02
-6.968723610043525696e-03
2.883375063538551331e-02
-6.578620523214340210e-02
1.498078578151762486e-03
1.568604819476604462e-02
-4.793507605791091919e-02
-1.298865955322980881e-02
-4.696786403656005859e-02
1.573325321078300476e-02
-6.248298659920692444e-02
-3.852138668298721313e-02
-7.884684950113296509e-02
4.257418587803840637e-02
-1.741938665509223938e-02
4.348051175475120544e-02
-1.734748715534806252e-03
7.411470264196395874e-02
-3.181900596246123314e-03
-6.105717737227678299e-03
-4.237587377429008484e-02
9.272209554910659790e-02
5.223685875535011292e-02
1.912418194115161896e-02
7.220736145973205566e-02
-1.571483723819255829e-02
6.110206618905067444e-02
-3.692302852869033813e-02
-4.443158209323883057e-02
-8.892583660781383514e-03
6.079209968447685242e-03
-3.415387356653809547e-03
-5.906625092029571533e-02
7.085419446229934692e-02
1.336073726415634155e-01
-7.195541262626647949e-02
-1.345085632055997849e-02
-5.058318749070167542e-02
8.492721617221832275e-02
-5.367669090628623962e-02
8.192249387502670288e-02
1.311994064599275589e-02
2.438769303262233734e-02
-1.686973497271537781e-02
-7.679955568164587021e-03
-4.049676284193992615e-02
-7.574174087494611740e-03
1.431903103366494179e-03
-2.281831391155719757e-02
-5.776398628950119019e-02
-8.140322752296924591e-03
2.081763558089733124e-02
1.855494454503059387e-02
3.062023548409342766e-03
-1.011879835277795792e-02
4.533325880765914917e-02
4.153361916542053223e-02
1.443461887538433075e-02
-3.426262736320495605e-02
4.245898127555847168e-02
2.706748992204666138e-02
6.666324287652969360e-02
1.287014968693256378e-02
-1.561522297561168671e-02
-1.707554981112480164e-02
-5.573000758886337280e-02
3.917801752686500549e-02
-1.707031764090061188e-02
-7.229792326688766479e-02
-2.484612539410591125e-02
2.732331678271293640e-02
-1.478952914476394653e-02
-3.934742882847785950e-02
1.862557791173458099e-02
2.188971638679504395e-02
3.191778063774108887e-02
1.757877646014094353e-03
3.956787660717964172e-02
-1.978771947324275970e-02
1.357384864240884781e-02
8.381033316254615784e-03
-3.190568089485168457e-02
-4.152055084705352783e-02
-2.405914105474948883e-02
1.973265223205089569e-02
1.829502522014081478e-03
5.107168480753898621e-02
-6.226138025522232056e-02
-9.114421159029006958e-02
-4.407757520675659180e-02
6.543910503387451172e-02
-3.783607855439186096e-03
-9.297429025173187256e-02
5.455816164612770081e-02
-4.396624490618705750e-02
-3.332265466451644897e-02
-8.579136803746223450e-03
-3.888157382607460022e-02
-3.808348253369331360e-02
1.594432815909385681e-02
-8.767799474298954010e-03
5.173195526003837585e-02
-2.710790373384952545e-02
1.361462939530611038e-02
5.411423370242118835e-02
7.509073615074157715e-02
3.159956634044647217e-02
4.651175439357757568e-02
1.478116866201162338e-02
-9.115700423717498779e-02
-1.932332525029778481e-03
-2.947004139423370361e-02
4.932082816958427429e-02
-1.181848868727684021e-01
-7.306413352489471436e-02
5.436348170042037964e-02
-2.922138082794845104e-04
7.942543923854827881e-02
-6.463970243930816650e-02
5.139641836285591125e-02
-3.186478512361645699e-03
1.335629713139496744e-05
-2.230611070990562439e-02
-4.167844727635383606e-02
-7.116062939167022705e-02
4.419396072626113892e-02
-8.395146578550338745e-04
-5.837252363562583923e-03
-4.624110460281372070e-02
-6.611152086406946182e-03
6.200787797570228577e-02
1.039338186383247375e-01
3.027156367897987366e-02
3.236943390220403671e-03
-5.385735537856817245e-03
-1.561372820287942886e-02
-5.550951883196830750e-02
-4.509699344635009766e-02
7.670366019010543823e-02
4.881097003817558289e-03
3.124735131859779358e-02
3.487428277730941772e-02
-4.983075708150863647e-02
6.518178433179855347e-02
3.847859799861907959e-02
-5.956849083304405212e-03
3.338728845119476318e-02
1.729433424770832062e-02
1.031366661190986633e-01
1.444319635629653931e-02
-1.139675974845886230e-01
3.495314717292785645e-02
-7.540433108806610107e-02
2.273385412991046906e-02
-5.128939822316169739e-02
-3.272632509469985962e-02
-3.572735190391540527e-02
2.463500713929533958e-03
-8.153297938406467438e-03
1.050249114632606506e-01
1.235466003417968750e-01
5.834597349166870117e-02
-1.379560492932796478e-02
-7.531356811523437500e-02
2.308297343552112579e-02
-5.268597975373268127e-02
-2.346382476389408112e-02
5.269343033432960510e-02
6.286218762397766113e-02
6.725006550550460815e-02
-1.263368409126996994e-02
9.502309374511241913e-03
8.495070040225982666e-02
2.592642605304718018e-02
-4.649243131279945374e-02
-8.016076683998107910e-02
-3.131853416562080383e-02
-3.646557405591011047e-02
2.284711599349975586e-02
4.669602494686841965e-03
-1.310707163065671921e-02
1.927362941205501556e-02
-2.615011855959892273e-02
-1.411320845363661647e-04
5.244177207350730896e-02
3.144308924674987793e-02
6.489671766757965088e-02
2.293551154434680939e-02
-6.275787949562072754e-02
4.574148729443550110e-02
7.175487698987126350e-04
3.123844414949417114e-02
-1.772730238735675812e-02
-4.211186990141868591e-02
2.536172419786453247e-02
2.418727241456508636e-02
-2.678306773304939270e-02
-5.877375602722167969e-03
3.146516904234886169e-02
2.291262894868850708e-02
1.274849101901054382e-02
-2.352096885442733765e-02
4.086757078766822815e-02
7.723928242921829224e-02
-4.195728525519371033e-02
-2.322499081492424011e-02
3.342528641223907471e-02
-1.146093010902404785e-02
2.053528092801570892e-02
-4.567315429449081421e-02
4.411932826042175293e-02
3.198416531085968018e-02
-9.039324708282947540e-03
-5.212774872779846191e-02
1.258302014321088791e-02
-1.635322533547878265e-02
8.824051171541213989e-02
3.538505360484123230e-02
3.035960160195827484e-02
-1.303035207092761993e-02
2.311148121953010559e-02
4.311562702059745789e-02
3.291802853345870972e-02
-3.221913799643516541e-02
8.456869050860404968e-03
2.117008343338966370e-02
7.401157915592193604e-02
2.416470088064670563e-02
-7.859194278717041016e-02
-1.124078556895256042e-01
-5.745502188801765442e-02
-4.940583929419517517e-02
-3.286038339138031006e-02
-5.953717604279518127e-02
-1.029793079942464828e-02
1.105919759720563889e-02
-6.127557717263698578e-03
-6.119494792073965073e-03
-2.851444296538829803e-02
-3.708849102258682251e-02
1.631544716656208038e-02
-1.329854037612676620e-02
-8.580674231052398682e-02
-5.468855425715446472e-02
2.545318752527236938e-02
9.863612800836563110e-02
-3.090884722769260406e-02
6.584517657756805420e-02
-6.413986906409263611e-03
2.944642305374145508e-02
4.016449674963951111e-02
-1.882619597017765045e-02
-1.789463497698307037e-02
-4.234309867024421692e-02
-2.874921075999736786e-02
2.282222174108028412e-02
2.804325148463249207e-02
-2.709836326539516449e-02
6.694220006465911865e-02
-4.267495498061180115e-02
-2.269967086613178253e-02
-2.094612456858158112e-02
-1.494862232357263565e-02
3.045632317662239075e-02
-6.415185052901506424e-03
-8.714754134416580200e-02
1.116352435201406479e-02
1.519384235143661499e-02
-2.256193384528160095e-02
1.003905571997165680e-02
3.878011833876371384e-03
7.755036652088165283e-02
-1.347944140434265137e-02
8.029022067785263062e-02
3.661717846989631653e-02
2.953436458483338356e-03
1.819875277578830719e-02
2.540343813598155975e-02
4.518538340926170349e-02
1.062247306108474731e-01
3.160341456532478333e-02
9.065859019756317139e-02
1.381188910454511642e-02
1.311841234564781189e-02
-2.458946034312248230e-02
4.654670879244804382e-02
8.474018424749374390e-03
-8.038345724344253540e-02
1.866832375526428223e-02
-2.695183269679546356e-02
-6.056532263755798340e-03
1.173132658004760742e-02
-4.831005632877349854e-02
1.214836686849594116e-01
-5.483465641736984253e-02
1.460386160761117935e-02
-3.687389194965362549e-02
3.748974576592445374e-02
-2.588733471930027008e-02
-1.775667443871498108e-02
-8.026652783155441284e-02
-4.455349594354629517e-02
1.303329877555370331e-02
-2.631541155278682709e-02
-2.450007200241088867e-02
1.450972910970449448e-02
6.168800219893455505e-02
5.998844280838966370e-02
4.154141619801521301e-02
2.022376842796802521e-02
-3.386594727635383606e-02
3.045484051108360291e-02
-3.351869434118270874e-02
-1.088415458798408508e-01
6.159326992928981781e-03
-5.887399241328239441e-02
-2.422764664515852928e-03
-4.829114302992820740e-02
-7.066863030195236206e-02
3.535318002104759216e-02
-6.010843440890312195e-03
-1.440369337797164917e-02
9.376057423651218414e-03
2.701924182474613190e-02
3.545496612787246704e-02
-9.624013304710388184e-02
-7.335674017667770386e-02
2.389417774975299835e-02
-2.274694852530956268e-02
3.984524682164192200e-02
7.893126457929611206e-03
1.943942718207836151e-02
3.033323399722576141e-02
-5.927682667970657349e-02
-4.339200444519519806e-03
1.057617086917161942e-02
1.063033100217580795e-02
2.469442039728164673e-02
-1.912907324731349945e-02
3.652615845203399658e-02
2.213881537318229675e-02
-1.093873530626296997e-01
-6.896252185106277466e-02
4.591436008922755718e-04
