-4.179468750953674316e-02
-8.070866577327251434e-03
6.331876385957002640e-03
2.927603572607040405e-02
3.884071949869394302e-03
-1.063490472733974457e-02
2.053418755531311035e-02
4.134855791926383972e-02
1.713971197605133057e-01
6.126130931079387665e-03
-4.373393487185239792e-03
-2.725086733698844910e-02
-8.850872516632080078e-03
-1.186611969023942947e-02
8.696586824953556061e-03
1.785348914563655853e-02
-1.562889292836189270e-02
-4.167791455984115601e-03
1.283978670835494995e-02
1.300066150724887848e-02
-1.487784739583730698e-02
3.192083165049552917e-02
-1.435937127098441124e-03
-2.141661383211612701e-02
1.930885389447212219e-02
2.438083849847316742e-02
-2.671397477388381958e-02
-6.232341751456260681e-03
-5.850208457559347153e-03
-2.380663715302944183e-02
-1.104947850108146667e-01
-8.563206531107425690e-03
2.130308002233505249e-02
-3.274495527148246765e-02
2.445313334465026855e-02
8.398038148880004883e-02
-2.501594275236129761e-02
-9.577224962413311005e-03
-7.669357582926750183e-03
-1.587129086256027222e-01
5.668885633349418640e-02
-1.459804596379399300e-03
4.293918237090110779e-02
-3.872802108526229858e-02
3.180046379566192627e-02
1.204220857471227646e-02
-1.712748594582080841e-02
-6.550290435552597046e-02
2.052212832495570183e-03
2.111048623919487000e-02
1.949994266033172607e-02
4.744638130068778992e-02
-7.653728127479553223e-02
3.498972207307815552e-02
1.164309121668338776e-02
2.621009014546871185e-02
8.949839510023593903e-03
3.610581904649734497e-02
1.073188483715057373e-01
7.316263858228921890e-03
-3.926804754883050919e-03
3.119532484561204910e-04
-3.572841733694076538e-02
-6.664492189884185791e-03
3.726699948310852051e-02
-3.817563503980636597e-02
2.064260840415954590e-02
-1.328306831419467926e-02
9.524231404066085815e-02
-3.063215129077434540e-02
-8.808996528387069702e-03
-3.701570676639676094e-03
2.296367660164833069e-02
-1.637876220047473907e-02
3.562913835048675537e-02
-4.792781174182891846e-02
3.563318029046058655e-02
8.157585561275482178e-02
3.293225541710853577e-02
7.703586947172880173e-03
2.016349509358406067e-02
2.205818332731723785e-02
3.412035107612609863e-02
-6.373126059770584106e-02
2.525870688259601593e-02
-4.092561453580856323e-02
-2.573707327246665955e-02
3.485437482595443726e-02
-1.205337117426097393e-03
1.141338609158992767e-02
-3.010642342269420624e-02
-2.474381029605865479e-02
3.300338238477706909e-02
-1.055561844259500504e-02
3.894799575209617615e-02
9.528577327728271484e-03
2.093471353873610497e-03
-5.127403885126113892e-02
-3.407461941242218018e-02
6.012280657887458801e-02
-1.219225930981338024e-03
-2.141736820340156555e-02
-3.232548711821436882e-03
-1.365514285862445831e-02
5.829249275848269463e-04
8.099894970655441284e-03
-4.823027178645133972e-02
3.874760121107101440e-02
1.600720174610614777e-02
-3.411954641342163086e-02
-7.346664555370807648e-03
2.400299999862909317e-03
-7.184348255395889282e-02
-2.955501712858676910e-02
-1.644641347229480743e-02
5.865498445928096771e-03
7.927673310041427612e-02
-5.514156538993120193e-03
8.097872138023376465e-03
1.830283552408218384e-02
2.725638635456562042e-02
-3.442993154749274254e-03
-5.128636211156845093e-02
-8.288745768368244171e-03
-8.338609337806701660e-02
-9.449428878724575043e-03
1.423137541860342026e-02
-1.638911082409322262e-03
-9.483474306762218475e-03
2.320465072989463806e-02
-1.165869534015655518e-01
4.775129258632659912e-03
3.638781607151031494e-02
-1.294039189815521240e-02
6.550826877355575562e-02
-3.847904875874519348e-02
-1.147730797529220581e-01
-1.803868263959884644e-02
1.072643697261810303e-02
-4.510452039539813995e-03
-1.792726963758468628e-01
-1.159838680177927017e-02
2.063076570630073547e-02
1.829435466788709164e-03
4.299202933907508850e-02
-1.151577220298349857e-03
3.111583553254604340e-02
2.032148279249668121e-02
-1.203344203531742096e-03
2.812891267240047455e-03
2.689152397215366364e-02
2.396585792303085327e-02
-2.092942781746387482e-02
-7.979302853345870972e-02
-2.691730298101902008e-02
3.513118624687194824e-02
-6.203067302703857422e-02
-2.263612672686576843e-02
-2.607562392950057983e-02
-4.822492972016334534e-02
6.390160415321588516e-03
-1.254106462001800537e-01
1.161590963602066040e-01
-3.280920162796974182e-02
1.940227299928665161e-02
2.413543313741683960e-02
1.136116534471511841e-01
-1.528080645948648453e-02
3.367594629526138306e-02
2.399326674640178680e-02
2.170277759432792664e-02
-1.224168390035629272e-02
1.651226356625556946e-02
1.143492665141820908e-02
2.445622533559799194e-02
1.164399366825819016e-02
-5.328778922557830811e-02
5.230669863522052765e-03
9.932435303926467896e-02
-1.362224761396646500e-02
2.450565248727798462e-02
2.358202449977397919e-02
-1.723337220028042793e-03
1.625395752489566803e-02
-1.786193065345287323e-02
6.875865161418914795e-02
-2.748734951019287109e-01
5.526137724518775940e-02
-1.106687262654304504e-02
-1.963588222861289978e-02
1.299940645694732666e-01
-3.437952324748039246e-02
-1.953797228634357452e-02
9.436515159904956818e-03
1.145458966493606567e-02
-5.319056287407875061e-02
-1.154405325651168823e-01
4.080080613493919373e-02
-1.908194273710250854e-01
-4.848741926252841949e-03
1.046400070190429688e-01
2.120819874107837677e-02
-7.011264562606811523e-02
-4.891879856586456299e-02
-4.010541364550590515e-03
-7.101005315780639648e-02
1.476819440722465515e-02
-1.086586248129606247e-02
-4.656435921788215637e-02
2.467252686619758606e-02
-9.420270472764968872e-02
-4.719603434205055237e-02
3.475953266024589539e-02
8.950443938374519348e-03
-1.530461665242910385e-02
9.537190198898315430e-03
1.462748181074857712e-02
-6.973838433623313904e-03
1.258357986807823181e-02
4.118411988019943237e-02
-3.824719041585922241e-02
-6.152489185333251953e-01
-9.318551048636436462e-03
4.045339301228523254e-03
3.231658786535263062e-02
2.667899802327156067e-02
-5.133917182683944702e-02
1.608178834430873394e-03
3.043369017541408539e-02
-1.619805581867694855e-02
-1.177981309592723846e-02
7.095813006162643433e-02
-4.389963671565055847e-02
-2.022234490141272545e-03
2.565169148147106171e-02
-5.160960555076599121e-02
-3.719636052846908569e-02
4.085044562816619873e-02
2.706565707921981812e-02
1.794223859906196594e-02
2.203264040872454643e-03
-4.701041150838136673e-03
-1.174112632870674133e-01
-1.077171787619590759e-01
2.652314305305480957e-02
-2.303436212241649628e-02
-2.197318524122238159e-02
9.613460302352905273e-02
1.534319389611482620e-02
-4.833199083805084229e-02
-2.974467165768146515e-02
5.590148270130157471e-02
1.339628174901008606e-02
2.216313779354095459e-02
-3.084506839513778687e-02
3.625117242336273193e-02
2.139132171869277954e-01
4.508637823164463043e-03
-6.121814623475074768e-02
4.002913087606430054e-02
-3.485532477498054504e-02
-1.068686842918395996e-01
-2.360048890113830566e-02
4.757166374474763870e-03
-9.431350976228713989e-02
5.586452782154083252e-02
7.173068821430206299e-02
-1.770792156457901001e-02
-2.032508328557014465e-02
6.523866206407546997e-02
-1.604996807873249054e-02
1.517925113439559937e-01
4.484868422150611877e-02
9.463059157133102417e-02
-4.997866600751876831e-02
2.833096310496330261e-02
-1.943778246641159058e-01
6.719282269477844238e-02
-1.935129240155220032e-02
-7.707422599196434021e-03
-8.535472676157951355e-03
-6.870526820421218872e-02
-2.202162519097328186e-02
2.303370647132396698e-02
-7.323306053876876831e-02
-7.717017829418182373e-02
1.148585882037878036e-02
7.915730029344558716e-02
-1.238876134157180786e-01
-4.333059117197990417e-02
-7.848649285733699799e-03
3.483615443110466003e-02
-5.193579569458961487e-02
1.118651591241359711e-02
3.593306522816419601e-03
5.790087580680847168e-02
-5.922290310263633728e-02
7.570128142833709717e-02
-5.676630418747663498e-03
-5.269681289792060852e-02
4.940598085522651672e-02
3.847088664770126343e-02
8.385884165763854980e-01
-6.692332774400711060e-02
-9.256912767887115479e-02
-3.268174454569816589e-02
-4.198263213038444519e-02
-6.462467461824417114e-02
-1.153405830264091492e-01
2.005448192358016968e-02
-1.603077910840511322e-02
-4.616271331906318665e-02
-5.246027559041976929e-02
1.047362387180328369e-01
-9.261977672576904297e-02
-6.362511962652206421e-02
-1.258908677846193314e-02
-1.656699553132057190e-02
-1.099626068025827408e-02
5.245517194271087646e-02
-1.891098544001579285e-02
3.416548715904355049e-04
6.143513601273298264e-03
-3.298756852746009827e-02
5.502081289887428284e-02
2.684272825717926025e-03
-4.670505598187446594e-02
6.910265237092971802e-02
-3.658813238143920898e-02
4.856400936841964722e-02
2.136868052184581757e-02
-1.263468991965055466e-02
-1.178892049938440323e-02
1.862884499132633209e-02
4.417382553219795227e-02
4.936741292476654053e-02
-6.689192727208137512e-03
1.137020997703075409e-02
1.099079754203557968e-02
-1.438051275908946991e-02
1.352783199399709702e-02
2.034080401062965393e-02
-4.855408519506454468e-02
3.907685354351997375e-02
2.421218156814575195e-02
5.095844343304634094e-02
-3.349570184946060181e-02
2.537417784333229065e-02
-2.017555572092533112e-02
-5.478810146450996399e-02
-2.120152860879898071e-02
1.979616098105907440e-02
-4.934468120336532593e-02
-6.517941504716873169e-02
3.566580265760421753e-02
3.704845532774925232e-02
-2.590158954262733459e-02
-1.249117683619260788e-02
4.757433012127876282e-02
7.742369081825017929e-03
-2.488009631633758545e-02
-3.189202398061752319e-02
-3.038957947865128517e-03
-2.362743392586708069e-02
1.704712957143783569e-02
3.418326377868652344e-03
-1.448895875364542007e-02
-7.157160341739654541e-02
-5.138046666979789734e-02
-6.112587824463844299e-02
-1.268373522907495499e-02
-3.075037151575088501e-02
-2.540034800767898560e-02
4.055404663085937500e-02
4.298146441578865051e-02
-3.007807070389389992e-03
-6.365232169628143311e-02
1.496092509478330612e-02
6.980697158724069595e-03
3.407915309071540833e-02
-2.802203595638275146e-02
-1.421872153878211975e-02
-2.555385977029800415e-02
4.722856730222702026e-02
2.716360799968242645e-02
1.246683765202760696e-02
8.130002766847610474e-02
1.071869302541017532e-02
9.075863659381866455e-02
6.813377607613801956e-03
-5.139958113431930542e-02
-1.035677082836627960e-02
6.787870079278945923e-02
1.562381815165281296e-02
1.268210168927907944e-02
-2.668755501508712769e-02
-3.172355145215988159e-02
-1.386965066194534302e-01
-1.324067730456590652e-02
-1.350704953074455261e-02
7.691043894737958908e-03
-2.044148556888103485e-02
3.210818767547607422e-02
1.714258454740047455e-02
-3.410676494240760803e-02
-2.069193497300148010e-02
-1.743319071829319000e-02
-5.780314654111862183e-02
5.424203351140022278e-02
4.664517566561698914e-02
-1.675877603702247143e-03
2.571938000619411469e-02
-2.121860627084970474e-03
-3.228981280699372292e-03
1.258163433521986008e-02
3.974425792694091797e-02
-5.515035986900329590e-02
2.102771960198879242e-02
4.286167025566101074e-02
3.426444903016090393e-02
7.423035055398941040e-02
-1.175542920827865601e-02
-6.534250080585479736e-02
3.800145536661148071e-02
3.308663144707679749e-02
5.832602456212043762e-02
1.715660281479358673e-02
-6.067395210266113281e-02
2.776652202010154724e-02
-5.793086066842079163e-02
4.908668622374534607e-02
-7.762197405099868774e-02
5.333351716399192810e-02
2.598948776721954346e-02
5.957895424216985703e-03
-1.262059900909662247e-02
2.068330533802509308e-02
3.562892600893974304e-02
-1.190771628171205521e-02
-3.689474612474441528e-02
-3.249838203191757202e-02
1.393962930887937546e-02
3.296637907624244690e-02
1.076238136738538742e-02
1.576493680477142334e-02
-2.999356575310230255e-02
-2.418123185634613037e-02
-1.058731824159622192e-01
-8.076333440840244293e-03
-5.155877768993377686e-02
2.200710214674472809e-02
-9.122299961745738983e-03
3.351676091551780701e-02
-1.617028191685676575e-02
4.380912333726882935e-02
1.994433440268039703e-02
5.533891171216964722e-02
-5.571500584483146667e-02
1.487454865127801895e-02
3.192964568734169006e-02
-7.271845638751983643e-02
4.654564894735813141e-03
-2.936360426247119904e-02
1.091532502323389053e-02
9.823565185070037842e-02
3.255020827054977417e-02
1.932093501091003418e-02
2.164489589631557465e-02
9.441119618713855743e-03
-1.991461962461471558e-02
-3.328511118888854980e-02
1.498782914131879807e-02
5.861168727278709412e-02
-3.126440942287445068e-02
-1.089154463261365891e-02
-2.907532826066017151e-02
-3.089823294430971146e-04
-6.883870065212249756e-02
7.834137976169586182e-02
-6.067084148526191711e-02
-5.428763106465339661e-02
-9.531198441982269287e-02
7.813706062734127045e-03
-1.099259010516107082e-03
-2.821072004735469818e-02
1.420393120497465134e-02
-5.865839309990406036e-03
-3.175057843327522278e-02
4.025039449334144592e-02
-2.375658601522445679e-02
6.361866742372512817e-02
-3.735951706767082214e-02
-4.064915701746940613e-02
-1.856954023241996765e-02
-1.594984531402587891e-02
-8.460919372737407684e-03
1.191870891489088535e-03
2.700476674363017082e-03
-5.631930753588676453e-02
3.844122961163520813e-02
-1.232154369354248047e-01
-9.351525455713272095e-03
3.464701771736145020e-02
7.960259169340133667e-02
1.434781961143016815e-02
6.351652741432189941e-02
-3.591945022344589233e-02
-4.172669723629951477e-02
-4.035761579871177673e-02
7.807516306638717651e-02
4.974002391099929810e-02
-2.309874631464481354e-02
6.108823046088218689e-02
-4.310497641563415527e-02
5.751192569732666016e-02
-6.103214994072914124e-02
-1.171225402504205704e-02
-3.619837760925292969e-02
1.864468795247375965e-04
-1.156124286353588104e-02
4.473261069506406784e-03
1.182452663779258728e-01
6.926798820495605469e-02
1.015078835189342499e-02
-2.198026143014431000e-02
-8.088338375091552734e-02
1.762285083532333374e-02
-3.091319091618061066e-02
1.020462736487388611e-01
2.559052594006061554e-02
5.234307423233985901e-02
-1.633487455546855927e-02
-1.225686073303222656e-02
-5.143424868583679199e-02
2.361382730305194855e-02
-3.619217127561569214e-02
-3.902417421340942383e-02
-2.732734940946102142e-02
9.466409683227539062e-03
4.334066528826951981e-03
-1.433713268488645554e-02
6.218317430466413498e-03
6.859630346298217773e-03
1.412205514498054981e-03
2.910308353602886200e-02
2.798687666654586792e-02
-1.837324351072311401e-03
5.562819540500640869e-02
-1.659280806779861450e-02
1.026205020025372505e-03
-1.115344371646642685e-02
2.045697532594203949e-02
1.688804291188716888e-02
-1.129571255296468735e-02
-2.572721429169178009e-02
-8.748785406351089478e-02
-8.148126304149627686e-02
3.627757541835308075e-03
2.592578716576099396e-02
-6.787519901990890503e-02
7.516394834965467453e-03
-2.974812686443328857e-02
8.141979575157165527e-02
-2.561159664765000343e-03
-4.727441351860761642e-03
9.835413098335266113e-02
-2.695243246853351593e-02
6.766504049301147461e-02
3.210159763693809509e-02
9.193173609673976898e-03
2.493721060454845428e-02
-4.366154596209526062e-02
6.628023833036422729e-02
-1.845043338835239410e-02
8.934662491083145142e-02
-5.891898646950721741e-02
-7.242855429649353027e-02
-4.598920419812202454e-02
5.566930770874023438e-02
-2.517203427851200104e-02
-5.308235809206962585e-02
4.988128319382667542e-02
2.641956089064478874e-03
-4.680501297116279602e-03
1.445423625409603119e-02
-3.680797666311264038e-02
-7.202520966529846191e-02
-5.449581425637006760e-03
-3.568670898675918579e-02
5.659920722246170044e-02
-4.251880571246147156e-02
1.514205429702997208e-02
8.599609881639480591e-02
3.588039427995681763e-02
-6.247949786484241486e-03
7.800062745809555054e-02
9.078751318156719208e-03
-6.081299111247062683e-02
-1.567462272942066193e-02
1.910823513753712177e-03
8.888631314039230347e-02
-1.189522817730903625e-01
-5.196818336844444275e-02
1.168297044932842255e-02
1.522722281515598297e-02
5.939937382936477661e-02
-5.675635486841201782e-02
2.468689717352390289e-02
-6.268708407878875732e-02
-2.401076257228851318e-02
2.162725897505879402e-03
-4.625948145985603333e-02
-9.721754491329193115e-02
2.203565090894699097e-02
-1.826375424861907959e-01
1.826922968029975891e-02
-3.845430910587310791e-02
-2.313783578574657440e-02
9.519626200199127197e-02
8.056449145078659058e-02
1.587489433586597443e-02
2.860884368419647217e-02
-6.894978694617748260e-03
-1.587423309683799744e-02
-1.145410463213920593e-01
-6.653044372797012329e-02
6.570489704608917236e-02
1.278770650969818234e-04
-8.170265704393386841e-03
-2.345580421388149261e-02
-3.673955798149108887e-02
7.189854979515075684e-02
3.535825526341795921e-03
3.858490288257598877e-02
-1.988973654806613922e-02
2.318263426423072815e-02
6.795015931129455566e-02
1.384772546589374542e-02
-6.215524300932884216e-02
1.559357810765504837e-02
6.035961676388978958e-03
1.710782013833522797e-02
-1.860874705016613007e-02
-1.072408910840749741e-02
-7.767701055854558945e-03
-1.619170070625841618e-03
-8.227265439927577972e-03
4.825326055288314819e-02
7.609289139509201050e-02
3.381836786866188049e-02
-1.278069335967302322e-02
-3.978941217064857483e-02
7.086436450481414795e-02
-8.172522485256195068e-02
1.259965822100639343e-02
3.415999934077262878e-02
1.756061241030693054e-02
8.245238661766052246e-02
4.520303383469581604e-02
-1.618391950614750385e-03
4.194389656186103821e-02
-4.215350374579429626e-03
-8.807295002043247223e-03
-8.837374299764633179e-02
-1.288627833127975464e-02
2.550983615219593048e-02
5.999077856540679932e-02
2.504678443074226379e-02
2.454673126339912415e-02
1.327548408880829811e-03
-4.701913893222808838e-02
-2.030375762842595577e-04
4.008625075221061707e-02
4.066230729222297668e-02
4.539119079709053040e-02
2.634782902896404266e-02
-7.406435161828994751e-02
-1.669481210410594940e-02
-1.402591820806264877e-02
2.137250639498233795e-02
-3.456149250268936157e-02
-4.093817621469497681e-02
6.178541108965873718e-02
-4.521523043513298035e-02
-4.042640328407287598e-02
-1.566999964416027069e-02
2.760429307818412781e-02
4.169823601841926575e-02
1.040003169327974319e-02
-1.706972531974315643e-02
3.322549536824226379e-02
1.139749735593795776e-01
-3.637585090473294258e-03
1.618186011910438538e-02
5.597305297851562500e-02
3.749026358127593994e-02
-1.291565597057342529e-02
-2.354167960584163666e-02
4.786172136664390564e-02
2.895706333220005035e-02
1.942154578864574432e-02
-7.673287298530340195e-03
-4.231342673301696777e-02
1.130681578069925308e-02
4.019801691174507141e-02
9.482514113187789917e-03
1.045889034867286682e-02
-1.107604354619979858e-01
8.871692232787609100e-03
1.560082472860813141e-02
8.779766410589218140e-02
-2.442905679345130920e-02
5.337893590331077576e-02
8.524964749813079834e-02
7.707951962947845459e-02
3.893210552632808685e-03
-4.833947122097015381e-02
-1.396277826279401779e-02
-6.722602248191833496e-02
-3.492187336087226868e-02
2.296906523406505585e-02
-2.220327034592628479e-02
7.971236854791641235e-02
-1.172596868127584457e-02
4.279426857829093933e-02
-1.301243435591459274e-03
-2.745003812015056610e-02
-1.661810465157032013e-02
-4.324680939316749573e-02
-2.598453126847743988e-02
-7.297394424676895142e-02
6.662756670266389847e-03
4.946980625391006470e-02
6.000827252864837646e-02
-1.488142367452383041e-02
-3.124005533754825592e-02
-1.819216646254062653e-02
7.369568943977355957e-02
6.842876225709915161e-02
-2.827394753694534302e-02
2.019166015088558197e-02
-3.838047757744789124e-02
-2.471482753753662109e-02
6.812680512666702271e-02
3.052454628050327301e-02
-5.162159353494644165e-02
3.425832837820053101e-02
-2.366689406335353851e-02
6.099195778369903564e-02
2.765122428536415100e-02
2.472108695656061172e-03
-1.133000757545232773e-02
-3.198250895366072655e-03
-1.074768826365470886e-01
1.536211185157299042e-02
3.136738389730453491e-02
-4.182633757591247559e-02
6.491921097040176392e-02
2.701580896973609924e-02
6.269956380128860474e-02
4.467691853642463684e-02
5.534238740801811218e-02
2.567770332098007202e-02
1.264291256666183472e-02
-4.515414685010910034e-02
1.152104977518320084e-02
5.498059839010238647e-02
8.982715010643005371e-02
5.059739574790000916e-03
5.431494861841201782e-02
-9.891591966152191162e-03
3.537824004888534546e-02
-6.930585019290447235e-03
6.816149502992630005e-02
-1.576025970280170441e-02
-6.483118236064910889e-02
-1.487809326499700546e-02
-3.021280094981193542e-02
-1.779234036803245544e-02
4.436589032411575317e-02
-5.262797325849533081e-02
6.818605959415435791e-02
-6.860645860433578491e-02
3.102716431021690369e-02
-1.524817198514938354e-02
8.538999408483505249e-02
-5.261375382542610168e-02
-9.330295026302337646e-03
-6.491218507289886475e-02
-4.279875755310058594e-02
4.125054180622100830e-02
-1.643839851021766663e-02
-5.541427992284297943e-03
1.686285249888896942e-02
6.751141045242547989e-03
2.783633582293987274e-02
1.076035108417272568e-02
4.143054783344268799e-02
-3.267901018261909485e-02
-3.296973183751106262e-02
-2.539008669555187225e-02
-3.788978327065706253e-03
3.477403894066810608e-02
-4.112480580806732178e-02
-1.127960253506898880e-02
-5.575580894947052002e-02
-3.427980840206146240e-02
6.115248054265975952e-02
-4.108093306422233582e-02
-2.558100968599319458e-02
4.348565265536308289e-02
-3.751316666603088379e-02
5.845912173390388489e-02
-6.868293136358261108e-02
-9.862514585256576538e-02
5.778501182794570923e-02
-1.722079142928123474e-02
4.518093913793563843e-02
6.199304945766925812e-03
-1.580745540559291840e-02
-3.424419555813074112e-03
-3.595479205250740051e-02
9.881138801574707031e-03
6.858026236295700073e-02
3.915628045797348022e-02
6.636937614530324936e-03
-3.764725476503372192e-02
4.958512634038925171e-02
-2.717524068430066109e-03
-4.748561978340148926e-02
-3.812498599290847778e-02
3.777332603931427002e-02
