0.0104616116732359
0.0690131932497025
-0.0293790102005005
-0.1149537116289139
-0.0661939084529877
0.0725346133112907
0.0359466411173344
0.0614803880453110
-0.0832014605402946
-0.0971732214093208
0.0932776704430580
0.0987924188375473
-0.0231847967952490
-0.0530966781079769
0.0762442126870155
-0.0010363539913669
-0.0433763712644577
0.0749418660998344
-0.0288475006818771
-0.0415583401918411
-0.0405627489089966
0.0142060657963157
-0.0503752715885639
0.0578898675739765
0.1076386049389839
0.0344896726310253
0.0426974669098854
-0.0378417149186134
0.0090713258832693
-0.0354086011648178
-0.0144891198724508
0.0622812137007713
0.0160898622125387
-0.0661325901746750
0.0443499498069286
0.0182635113596916
-0.1084461957216263
-0.0055817328393459
-0.0336647294461727
0.0715427994728088
-0.0622410327196121
-0.0112383142113686
0.0473262742161751
-0.0995823293924332
-0.0212105009704828
0.0467571392655373
0.0904578045010567
0.1285180896520615
-0.0199753325432539
-0.1110159680247307
0.0333767570555210
0.1084559559822083
0.0591061860322952
0.1196228489279747
0.0192105844616890
-0.0188952237367630
0.1281807422637939
-0.0080577926710248
-0.0604886710643768
0.0177779253572226
-0.0124399540945888
-0.1029534116387367
-0.1219148114323616
-0.0560283213853836
-0.0367529094219208
0.0832130163908005
-0.0390434488654137
0.0662671625614166
-0.1043349206447601
-0.0183979477733374
0.0142054418101907
-0.1047620400786400
0.0208931155502796
0.0135394232347608
-0.0196364782750607
-0.0281201303005219
-0.0183529034256935
0.0669105648994446
-0.0748483464121819
-0.0812319070100784
-0.0148122971877456
0.0331259407103062
0.0427455194294453
-0.0321007445454597
-0.0128790261223912
0.0352615229785442
0.0113152684643865
-0.0348191261291504
-0.0258999411016703
0.0600260011851788
-0.0565322414040565
0.0525141954421997
0.0228570420295000
0.0424326881766319
-0.0789460837841034
-0.0369220376014709
0.0233770236372948
-0.1131442263722420
0.0456632599234581
-0.0049699903465807
0.1085541173815727
-0.0599180608987808
-0.0807787626981735
0.0313954129815102
0.0240496117621660
0.0385585911571980
0.0734748914837837
0.0530256107449532
0.0744523853063583
-0.0131264729425311
-0.0308898277580738
-0.0419837906956673
-0.0234946738928556
-0.0735017284750938
0.0424182489514351
-0.0524709373712540
0.0528915822505951
0.0156096741557121
-0.0745398923754692
0.0268414579331875
0.0008810550789349
0.0171234793961048
-0.0276907775551081
-0.0415818430483341
0.0427875220775604
-0.0885689035058022
0.0186772085726261
-0.0419623591005802
0.0535239279270172
-0.0443572588264942
-0.0420777872204781
0.0246089268475771
-0.1019256114959717
0.0146894035860896
0.0295594446361065
0.0385545380413532
-0.0111803151667118
-0.0609852522611618
0.0785346552729607
0.0732075348496437
-0.0493360571563244
0.1334201097488403
0.1151828765869141
0.0059620989486575
0.0784772261977196
0.0698564872145653
0.0716008767485619
-0.0877470150589943
0.0047789141535759
0.0061033214442432
-0.0659265294671059
0.0508029274642467
0.0484164543449879
-0.0018360874382779
-0.0002242404589197
-0.0973364785313606
-0.0407768450677395
-0.0104199117049575
-0.0478025265038013
0.1601471751928329
0.0261796172708273
-0.0086334161460400
-0.1239589080214500
0.0349350050091743
0.0325551480054855
0.0797929391264915
0.0079965526238084
0.0179312787950039
0.0551452971994877
0.0085766855627298
-0.0317202024161816
0.1001699268817902
0.0420218035578728
0.0542210265994072
-0.0717354491353035
-0.0699408948421478
0.1424420773983002
0.1090355589985847
0.1110787913203239
0.0269584506750107
-0.0108115877956152
0.0674711391329765
0.0568903088569641
0.0438609682023525
0.0594952739775181
-0.0905498638749123
0.0563286244869232
-0.0826698839664459
-0.0912965610623360
-0.0660369172692299
-0.0380027219653130
0.0551404468715191
-0.0281149111688137
-0.0878509730100632
0.0945615768432617
-0.0783936232328415
-0.0648622140288353
-0.0546437501907349
0.0386369600892067
-0.0197745617479086
-0.0650622546672821
-0.0269189625978470
0.0492994487285614
-0.0480854772031307
0.0463333316147327
0.0622601322829723
0.0281734336167574
-0.0651780143380165
-0.0256548654288054
-0.0308071952313185
0.0253028757870197
-0.0121339326724410
0.0520027019083500
0.0543219856917858
-0.0474734604358673
-0.0700921490788460
0.0242314469069242
-0.0431292802095413
0.0323444046080112
0.0583353154361248
0.1482511460781097
-0.0548050925135612
-0.0360469743609428
0.0969849377870560
-0.0503389425575733
0.0169952232390642
-0.0240066479891539
0.0736216679215431
0.0014093148056418
0.0718309357762337
-0.0882864594459534
-0.0188410878181458
0.1113140285015106
-0.0597789101302624
-0.0593256689608097
-0.0322221219539642
-0.1174607649445534
-0.1087011471390724
-0.0343372374773026
-0.0928525701165199
-0.0080266036093235
0.0776288211345673
-0.1314278542995453
0.1163499653339386
0.0678906887769699
0.0172591302543879
0.0130692860111594
0.0359439104795456
-0.0457075946033001
0.0361022315919399
0.0203542727977037
-0.0591767542064190
0.0174332819879055
0.0796883404254913
0.0478650480508804
-0.0948432534933090
0.0940835997462273
-0.0064423200674355
-0.0609035044908524
-0.0417975857853889
0.2156212776899338
-0.1413809359073639
-0.0845827013254166
0.1715230196714401
0.0789126232266426
0.0722521319985390
-0.0404708385467529
-0.0137929189950228
0.2082096934318542
0.0420884862542152
-0.0743141174316406
-0.1644587516784668
-0.1917709708213806
0.0756764784455299
0.1328891068696976
-0.1911611258983612
-0.1975252181291580
-0.0664842203259468
0.0014899478992447
0.0134202316403389
-0.0007176887011155
-0.1363166421651840
-0.2215455621480942
-0.1518858522176743
-0.0992241799831390
0.1286477446556091
-0.0001917163754115
0.0911871492862701
-0.0987545996904373
-0.1391011923551559
-0.2347182184457779
-0.0205117557197809
0.0653045624494553
0.0635041967034340
0.1241912171244621
-0.1047377437353134
-0.0145632484927773
0.0972435474395752
-0.0838090255856514
-0.1128614917397499
-0.0775545760989189
-0.0398386009037495
0.1076233759522438
-0.3181578814983368
-0.0964031219482422
0.1003805994987488
0.0258274693042040
0.0690176784992218
-0.1496726274490356
0.0329395271837711
-0.1113967150449753
-0.1129851490259171
0.1686512827873230
0.0762704312801361
-0.0460479930043221
0.0375790596008301
-0.0085941897705197
0.3455298840999603
0.0839736834168434
-0.1376282125711441
0.0048624756745994
-0.0572654604911804
0.0213184505701065
0.0734728947281837
-0.0318112969398499
-0.0438830703496933
0.1033866032958031
-0.0275786593556404
0.0396146662533283
0.0605953745543957
0.0753990635275841
-0.0143826249986887
0.0268336739391088
-0.0079853991046548
0.0301430542021990
0.0325753055512905
-0.0480245500802994
-0.0287829171866179
-0.0365257412195206
0.0111611383035779
0.0437498353421688
-0.0122270276769996
-0.0412499979138374
0.0370364971458912
-0.0484800785779953
-0.0094086453318596
0.0019793119281530
-0.0998873710632324
-0.0345777831971645
-0.0023445757105947
0.0015476016560569
-0.0046719997189939
0.0514176338911057
-0.0261691231280565
0.0004074521712027
0.0060902084223926
-0.0437887869775295
-0.0419327467679977
-0.0712446644902229
-0.0324252210557461
0.0104981055483222
-0.0002768133708742
0.0356993302702904
0.0410046949982643
-0.0060994215309620
0.0176967754960060
-0.0558860115706921
0.0151758445426822
-0.0331644862890244
-0.0603444166481495
0.0397145003080368
0.0015574800781906
-0.0437396876513958
0.0206011217087507
0.1151404008269310
0.0420079044997692
-0.0366477146744728
0.0197281651198864
0.0046372758224607
0.0059286635369062
-0.0358173549175262
-0.0051715220324695
-0.1084509193897247
-0.0130580775439739
-0.0253406036645174
0.0085345618426800
-0.0332171171903610
-0.0127088725566864
0.0817988514900208
-0.0261882953345776
-0.0338103920221329
0.0797043368220329
0.0086653204634786
-0.0035699496511370
0.0176220685243607
0.0130206467583776
0.0382610298693180
-0.0664546936750412
-0.0156473517417908
-0.0414931774139404
-0.0132572771981359
-0.0140960402786732
0.0616061277687550
0.0163766853511333
-0.0360491350293159
0.0358007885515690
-0.0251765474677086
-0.0543676428496838
-0.0186644773930311
0.0763123929500580
0.0563365966081619
0.0309412907809019
0.0124216005206108
-0.0073783406987786
0.0059122755192220
-0.0412736609578133
-0.0300366934388876
0.0132994884625077
0.0124245574697852
-0.0349002107977867
0.0900113657116890
0.0066580763086677
-0.0585409030318260
0.0084512345492840
0.0313793160021305
0.0339954197406769
-0.0464330911636353
-0.0352069586515427
0.0382391400635242
0.0226349756121635
-0.0638012439012527
-0.0970126986503601
-0.0008327567484230
0.0504976101219654
0.0523876845836639
0.0204976331442595
-0.0758952423930168
0.0084709739312530
0.0366562679409981
0.0384260565042496
-0.0111199626699090
-0.0083848126232624
0.0390771441161633
0.0693321824073792
0.1103909909725189
-0.0466876663267612
-0.0744748637080193
-0.0294828359037638
0.0796140879392624
0.0496439114212990
-0.0152969313785434
0.0277086384594440
-0.0649720951914787
0.0673154070973396
-0.0247985124588013
-0.0273529924452305
-0.1076024621725082
-0.0332307741045952
0.0556102357804775
0.0355509817600250
0.0078078424558043
0.0512998327612877
-0.0322032421827316
0.0310549587011337
-0.0407907553017139
0.0269265882670879
0.0346346311271191
0.0775088518857956
0.0836672410368919
-0.0747152417898178
-0.0080020744353533
-0.0768749862909317
0.0342855602502823
0.0234449245035648
0.0940576046705246
-0.0302298348397017
-0.0267990920692682
0.0005589558277279
-0.0112252989783883
-0.0234077442437410
0.0187738146632910
0.0082524046301842
-0.0171516630798578
0.0223577376455069
-0.0228694211691618
-0.0578542202711105
0.0422806143760681
-0.0058888839557767
-0.0752071067690849
0.0362400598824024
-0.0257180668413639
0.0502483807504177
0.0364980436861515
-0.0464985892176628
-0.0356196649372578
0.0155561268329620
-0.0071448516100645
-0.0062326341867447
0.0424959324300289
0.0329335741698742
0.0081657981500030
-0.0272388271987438
0.0560889951884747
-0.0059493188746274
0.0520996265113354
-0.0158387739211321
0.0035966103896499
0.0906445160508156
-0.0436429493129253
-0.0075440257787704
0.0001028964325087
0.0417931787669659
0.0183109752833843
0.0679643824696541
-0.0348448902368546
-0.0115656778216362
0.0762351378798485
0.0527049638330936
-0.0694173350930214
-0.0204667951911688
0.0311331599950790
-0.0046639149077237
-0.0334287285804749
0.0907886847853661
0.0392419286072254
-0.0761849358677864
0.0469173751771450
-0.0505929999053478
-0.0574408173561096
-0.0221047680824995
-0.0481918640434742
-0.0016854187706485
0.0592475645244122
-0.0681325867772102
-0.0685765445232391
-0.0691831633448601
0.0052555231377482
0.0457414686679840
0.0109507711604238
0.0149254864081740
-0.0768293514847755
0.0075522991828620
0.0158628914505243
-0.0015797910746187
0.1028005629777908
0.0199148748070002
-0.0249656941741705
-0.0697373598814011
-0.0473587177693844
0.0405595637857914
-0.0271995272487402
0.0324676409363747
0.0272277090698481
-0.0206121206283569
0.0755378529429436
-0.0154207115992904
-0.0224663149565458
-0.0266132876276970
-0.0125410417094827
-0.0533337704837322
0.0157960541546345
0.0662604048848152
0.0074565033428371
-0.0249850582331419
0.0238855630159378
-0.0971561744809151
0.0633196532726288
-0.0104658957570791
-0.0050747613422573
-0.0308390054851770
-0.0355452820658684
-0.0031436162535101
-0.0133755700662732
-0.0160899218171835
0.0612039342522621
-0.0308819953352213
-0.0994953066110611
0.0906892195343971
-0.0172796119004488
0.0451135933399200
-0.0336093455553055
-0.0276134144514799
-0.0367957912385464
0.0715504288673401
0.0129898265004158
-0.0630230084061623
0.0246064402163029
-0.0499115958809853
-0.0609545409679413
-0.0561370588839054
0.0179099105298519
-0.0800754576921463
0.0204444844275713
-0.0053761787712574
0.0844049304723740
-0.0506973937153816
0.0081519037485123
0.0057098884135485
0.0653194412589073
0.0481434725224972
0.0575843565165997
-0.0022914230357856
-0.0674236938357353
0.0844538211822510
-0.0959950163960457
-0.0345195308327675
0.0335363373160362
0.0497027970850468
-0.0433700866997242
-0.0108479410409927
0.0285057350993156
-0.0201342944055796
0.0879103690385818
0.0521348305046558
-0.0154921095818281
-0.0354347974061966
-0.0164215695112944
-0.0058986530639231
-0.0350050702691078
-0.0027226461097598
-0.0578490793704987
0.0426626205444336
-0.0487212762236595
-0.0654808729887009
-0.0138478614389896
-0.0580582469701767
-0.0385678447782993
-0.0161310620605946
-0.0376280806958675
-0.0368299856781960
-0.0181505046784878
0.0257450565695763
-0.0379083082079887
0.0648063346743584
-0.0150045417249203
-0.0055204071104527
-0.1023173183202744
0.0241717249155045
0.0323598980903625
0.0850556939840317
0.0245001614093781
0.0198611412197351
0.0300172194838524
0.0358904451131821
0.0562467128038406
-0.0659584328532219
-0.0644663944840431
-0.0155922435224056
0.0399718694388866
0.0229372940957546
0.0190966669470072
0.0467440560460091
-0.0336318649351597
-0.0679765045642853
-0.0369436740875244
0.0067027951590717
0.0087643917649984
-0.0768293589353561
-0.0444101616740227
-0.0636558532714844
-0.0058297687210143
0.0584861449897289
0.0612109899520874
-0.0220643542706966
0.0145714413374662
-0.0514498092234135
0.0302472915500402
-0.0021210254635662
-0.0020756032317877
0.0005172364180908
-0.0707141980528831
0.0504170320928097
0.0098166186362505
0.0630223527550697
-0.0273412782698870
0.0709525868296623
-0.0147360656410456
-0.0157996807247400
-0.0034553771838546
-0.0199712682515383
-0.0261507537215948
0.0666920989751816
-0.0679701864719391
0.0915024653077126
0.0190340224653482
0.0609807260334492
0.0369795709848404
-0.0021728239953518
-0.0182422958314419
0.0716999694705009
0.0437983311712742
0.0589055456221104
-0.0714648962020874
0.0318680703639984
0.0666751116514206
0.0018940983572975
0.0140456398949027
0.0510460659861565
-0.0613774098455906
-0.0058126365765929
0.0259872116148472
-0.0240609273314476
0.0655091106891632
0.0540270097553730
-0.0341214314103127
-0.0303052216768265
0.0170164238661528
-0.0092445118352771
0.0191263314336538
0.0019953052978963
-0.0610365606844425
-0.0047554713673890
-0.0222755484282970
-0.0039496626704931
0.0319373942911625
0.0033393730409443
0.0341500230133533
0.0658977031707764
-0.0430585592985153
-0.0445727445185184
-0.0119442986324430
-0.0791053324937820
-0.0084922993555665
-0.0293545145541430
-0.0193296130746603
0.0185274928808212
-0.0488947555422783
0.0044424883089960
0.0465537644922733
-0.0074425516650081
-0.0138493478298187
-0.0004565596755128
-0.0169634576886892
0.0128454575315118
-0.0354723148047924
0.0665870457887650
-0.0086988527327776
0.0175892021507025
0.0275592040270567
-0.0790251269936562
-0.0078511321917176
-0.0026337143499404
-0.0017913763877004
-0.0287086591124535
0.0223846584558487
0.0512181445956230
-0.0313556455075741
0.0516924038529396
0.0424767658114433
0.0219093728810549
-0.0511143170297146
0.0075097000226378
0.0697248503565788
0.0192727893590927
0.0792992636561394
0.0312926396727562
0.0180871300399303
-0.0886650457978249
-0.0273157730698586
0.0497974678874016
-0.0010913254227489
-0.0017027663998306
-0.0901098474860191
-0.0365391336381435
-0.0170396901667118
-0.0059234253130853
0.0012730917660519
-0.0130940778180957
0.0989073067903519
-0.0152083728462458
0.0382824093103409
0.0693709999322891
0.0296320971101522
0.0099546648561954
0.0476109497249126
0.0074413339607418
-0.0223921965807676
0.0528307408094406
0.0037734119687229
0.0605603568255901
-0.0037563764490187
-0.0055901901796460
0.0552875436842442
0.0230384785681963
-0.0176864862442017
-0.0419345423579216
-0.0391910336911678
0.0220314860343933
-0.0022498210892081
-0.0210336130112410
0.0179635751992464
-0.0683231353759766
0.0213214121758938
-0.0335704125463963
0.0490824133157730
-0.0347543880343437
0.0736102312803268
0.0475529469549656
0.0773943886160851
-0.0576340481638908
-0.0515331663191319
0.0265754535794258
0.0355106517672539
0.0826609805226326
0.0246596429497004
0.0155046554282308
0.0185151528567076
0.0576708279550076
-0.0301342904567719
0.0786587297916412
-0.0178053919225931
-0.0532441288232803
-0.0146718751639128
-0.0472605004906654
-0.0035829402040690
-0.0131578715518117
-0.0671980977058411
-0.0056550102308393
0.0941109210252762
-0.0175824593752623
0.0143478028476238
0.0027768325526267
0.0323980078101158
0.0595060884952545
-0.0032816876191646
0.0094866780564189
-0.0144686652347445
-0.0123683363199234
-0.0341808386147022
0.0310732517391443
-0.0081582469865680
-0.0656567737460136
