-5.210963077843189240e-03
8.350039832293987274e-03
-2.822670526802539825e-02
3.681800141930580139e-02
-2.459551615174859762e-04
-4.446644335985183716e-03
-6.315015256404876709e-03
-1.707486435770988464e-02
-1.009272132068872452e-02
2.403491921722888947e-02
6.284695118665695190e-03
-1.677506661508232355e-04
2.338593639433383942e-02
-2.642210945487022400e-02
-2.740663848817348480e-02
2.913441695272922516e-02
-2.817887254059314728e-02
3.981777280569076538e-02
1.203779056668281555e-01
-1.563013764098286629e-03
-2.206478454172611237e-02
-4.363107681274414062e-02
8.110763877630233765e-02
9.425842016935348511e-02
3.440589644014835358e-04
-8.300863206386566162e-02
-4.107734933495521545e-02
-1.078436337411403656e-02
-1.056304946541786194e-02
1.175123173743486404e-02
1.577142477035522461e-01
1.676239259541034698e-02
1.803860068321228027e-02
-9.804080240428447723e-03
-1.553833484649658203e-02
-4.271608963608741760e-02
3.789556771516799927e-02
3.423195704817771912e-02
4.173080250620841980e-02
1.106614917516708374e-01
-6.209607236087322235e-03
4.077550768852233887e-02
4.032861441373825073e-02
3.508075326681137085e-02
-2.121478464687243104e-04
2.331125288037583232e-04
-3.271444141864776611e-02
-1.277033518999814987e-02
1.329755224287509918e-02
-5.307151586748659611e-04
3.530644997954368591e-02
8.985404856503009796e-03
1.324643492698669434e-01
2.133887447416782379e-02
2.637515589594841003e-02
4.133991152048110962e-02
-1.199774350970983505e-02
3.082753531634807587e-02
4.111109375953674316e-01
7.621216028928756714e-02
7.566591259092092514e-03
1.190316025167703629e-02
-1.559791341423988342e-02
1.287789177149534225e-02
-1.865175203420221806e-03
4.590710252523422241e-02
1.543288957327604294e-02
-1.869231462478637695e-02
-7.263369113206863403e-02
-6.632421631366014481e-03
2.926874160766601562e-02
-1.213206350803375244e-02
-1.391478348523378372e-02
-1.103109028190374374e-02
-7.933974266052246094e-02
5.436563491821289062e-02
3.760974854230880737e-02
-7.491094619035720825e-02
-1.028456166386604309e-02
-7.271496951580047607e-02
-1.592545025050640106e-02
1.052515488117933273e-02
-3.610358573496341705e-03
1.884132809937000275e-02
3.181511908769607544e-02
5.703178700059652328e-03
-1.124614570289850235e-02
-1.633444987237453461e-02
2.625426836311817169e-02
-4.311188682913780212e-02
1.069453451782464981e-02
1.159801892936229706e-02
-4.359718784689903259e-02
-2.321544662117958069e-02
3.234995063394308090e-03
-5.587704479694366455e-03
7.124033756554126740e-03
-7.803518325090408325e-03
6.847629696130752563e-02
2.745515666902065277e-02
-2.661483548581600189e-02
1.339557301253080368e-02
-2.290170639753341675e-02
1.119176857173442841e-03
6.024335511028766632e-03
6.330062448978424072e-02
9.442247450351715088e-02
-5.808796267956495285e-03
-6.851198617368936539e-03
2.292392402887344360e-02
-9.166889823973178864e-03
3.120187111198902130e-02
5.829070135951042175e-02
-1.088458206504583359e-02
6.879122927784919739e-03
2.074980549514293671e-02
4.241939634084701538e-02
-3.228555433452129364e-03
-2.137938514351844788e-03
-1.948953140527009964e-03
1.618410088121891022e-02
2.594178775325417519e-03
2.824342623353004456e-02
4.854737315326929092e-03
-1.385177392512559891e-02
-2.073988784104585648e-03
-5.713438615202903748e-02
1.948657329194247723e-03
1.022638380527496338e-02
-4.548489302396774292e-02
5.188536271452903748e-02
1.898431591689586639e-02
4.025578498840332031e-03
1.306961663067340851e-02
-6.780783087015151978e-02
1.792380586266517639e-02
1.260971426963806152e-01
-4.411193728446960449e-02
2.591821551322937012e-02
1.862320303916931152e-02
-1.123606041073799133e-02
6.810253951698541641e-03
1.638774387538433075e-02
-6.340992636978626251e-03
4.325084388256072998e-02
4.267848655581474304e-02
3.932305052876472473e-02
-1.856760354712605476e-03
-2.614786615595221519e-03
5.042595788836479187e-03
5.351828038692474365e-02
4.677444696426391602e-03
3.385630995035171509e-02
9.493578970432281494e-02
-5.193059332668781281e-04
-1.606381963938474655e-03
-2.544711902737617493e-02
-2.867186255753040314e-02
2.064906246960163116e-02
4.183613928034901619e-04
-4.312615469098091125e-02
3.883543610572814941e-02
-7.476928830146789551e-02
-1.097993738949298859e-02
-1.105125434696674347e-02
4.612968116998672485e-02
3.321516560390591621e-03
-3.564758598804473877e-02
5.809921771287918091e-03
-4.982037097215652466e-02
-3.132248530164361000e-03
-5.554248113185167313e-03
6.859682500362396240e-03
4.828468710184097290e-02
3.925139456987380981e-02
1.322995754890143871e-03
1.124517060816287994e-02
1.330895628780126572e-02
-2.058435464277863503e-03
-6.845524534583091736e-03
1.658885926008224487e-02
-3.104371484369039536e-03
-1.062813308089971542e-02
-2.175470255315303802e-02
5.704706907272338867e-02
3.335984051227569580e-02
1.647427231073379517e-01
2.925256825983524323e-02
-3.645667806267738342e-03
-4.541485756635665894e-02
-1.404124945402145386e-01
-2.569333836436271667e-02
1.726398011669516563e-03
4.357663169503211975e-02
-5.709892138838768005e-02
6.198796909302473068e-03
4.201890900731086731e-02
3.640373761299997568e-04
1.029646992683410645e-01
2.249331772327423096e-02
-1.097638085484504700e-01
-1.418844610452651978e-02
7.672503590583801270e-02
4.977849125862121582e-02
1.280664349906146526e-03
4.085855185985565186e-02
7.665067445486783981e-03
1.439179573208093643e-02
-3.634833171963691711e-02
3.307942673563957214e-02
1.447906624525785446e-02
-2.986780600622296333e-03
-4.673432558774948120e-02
3.969936165958642960e-03
6.236531771719455719e-03
-7.565166056156158447e-02
1.258306577801704407e-02
3.165672719478607178e-02
4.078206419944763184e-02
3.913929685950279236e-02
6.363230757415294647e-03
-6.383682489395141602e-01
9.425340220332145691e-03
2.953830920159816742e-02
1.691034995019435883e-02
1.472400780767202377e-02
9.303814917802810669e-02
3.018093667924404144e-02
1.667576655745506287e-02
1.215293537825345993e-02
-7.701887283474206924e-03
5.729828774929046631e-02
2.867958322167396545e-02
-1.519277226179838181e-02
-2.540952712297439575e-02
3.175527602434158325e-02
6.833954155445098877e-02
-1.015616673976182938e-02
5.819266196340322495e-03
-3.620542213320732117e-02
4.037505015730857849e-02
-6.485413014888763428e-02
-1.576625945745036006e-04
3.028138913214206696e-02
-2.922692522406578064e-02
-3.642308339476585388e-02
-2.759664552286267281e-03
-6.493256986141204834e-02
1.254539471119642258e-02
6.883971393108367920e-02
-1.870135776698589325e-02
1.517084520310163498e-02
8.168349042534828186e-03
2.328106760978698730e-02
1.618263497948646545e-02
1.684945309534668922e-03
-7.584875077009201050e-02
-5.234697461128234863e-02
8.263540221378207207e-04
-3.380271047353744507e-02
4.414419084787368774e-02
6.996677070856094360e-02
9.743460267782211304e-02
-3.527846187353134155e-02
1.445219013839960098e-02
8.139294385910034180e-02
5.752058699727058411e-02
-5.170910060405731201e-02
2.546635642647743225e-02
-3.034734399989247322e-03
6.153935939073562622e-02
6.186910346150398254e-02
8.745504915714263916e-02
-3.619252890348434448e-02
4.838831722736358643e-02
-9.765066951513290405e-02
-8.818512409925460815e-02
-4.256556928157806396e-02
3.422327712178230286e-02
7.703985273838043213e-02
-2.124954201281070709e-02
6.234657391905784607e-02
9.406018257141113281e-02
-1.814039237797260284e-02
-8.915908634662628174e-03
1.230117008090019226e-01
1.091103032231330872e-01
1.265864912420511246e-02
2.596719749271869659e-02
-1.179640963673591614e-01
1.932996809482574463e-01
-1.362200826406478882e-01
-2.077916171401739120e-03
8.906307630240917206e-04
9.934272617101669312e-02
8.658792823553085327e-02
-1.522535085678100586e-01
-5.744219198822975159e-02
-1.042571943253278732e-02
2.498239744454622269e-03
1.111633330583572388e-01
-7.170276343822479248e-02
8.033595085144042969e-01
-2.307301387190818787e-02
-8.906638622283935547e-02
-1.335286498069763184e-01
2.285781782120466232e-03
6.975080817937850952e-02
-2.318595163524150848e-02
1.037614867091178894e-01
9.855552017688751221e-02
6.279580295085906982e-02
1.719707846641540527e-01
1.018990017473697662e-02
-1.030593086034059525e-02
-6.029297411441802979e-02
3.622800111770629883e-02
-2.237321808934211731e-02
6.711889803409576416e-02
1.202688179910182953e-02
1.385937724262475967e-02
-1.919834688305854797e-02
-1.398312952369451523e-02
1.981425844132900238e-02
2.121753804385662079e-02
6.085674744099378586e-03
4.614866152405738831e-02
-4.351069033145904541e-02
2.058885991573333740e-02
4.257718473672866821e-02
-1.018850505352020264e-02
1.524555729702115059e-03
2.337981760501861572e-02
7.255757227540016174e-03
-3.794412128627300262e-03
3.495782986283302307e-02
8.797274529933929443e-02
1.185957994312047958e-02
-4.539400711655616760e-02
-1.223902776837348938e-02
2.626119740307331085e-02
-4.268836602568626404e-02
1.299557182937860489e-02
-1.327614393085241318e-02
-1.149855088442564011e-02
-1.489124726504087448e-02
3.384604677557945251e-02
4.082946851849555969e-02
4.339786246418952942e-02
5.784076079726219177e-02
-3.467600047588348389e-02
-1.234329584985971451e-02
3.420644998550415039e-02
-2.421105094254016876e-02
1.910080015659332275e-02
-3.836435824632644653e-02
1.086217816919088364e-02
2.707062289118766785e-02
1.018258929252624512e-02
1.023729611188173294e-02
2.902149595320224762e-02
4.478181526064872742e-02
4.825186356902122498e-02
2.974233590066432953e-03
-5.661181360483169556e-02
1.965776644647121429e-02
2.652952633798122406e-02
-5.335184186697006226e-02
-1.774700242094695568e-03
-2.830146439373493195e-02
4.434210434556007385e-02
-4.619602859020233154e-02
-6.609243154525756836e-02
2.039745450019836426e-02
-9.542684070765972137e-03
7.518340647220611572e-02
-1.177717186510562897e-02
8.563860319554805756e-03
-1.614337041974067688e-02
-2.214379608631134033e-02
-1.179920230060815811e-02
-3.116329759359359741e-02
-1.887936145067214966e-02
-3.437970764935016632e-03
-6.632635742425918579e-02
-3.055194951593875885e-02
-2.754998207092285156e-02
1.890577189624309540e-02
-5.229178816080093384e-02
1.801262050867080688e-02
8.170154877007007599e-03
4.333326220512390137e-02
-1.130209653638303280e-03
-4.257015883922576904e-02
-5.563833191990852356e-02
-8.019508793950080872e-03
-2.455833368003368378e-02
-3.672086447477340698e-02
5.046192556619644165e-02
-4.624585807323455811e-02
-2.185471914708614349e-02
1.199451740831136703e-02
-2.197976969182491302e-02
1.320754876360297203e-03
9.106177603825926781e-04
6.456864997744560242e-03
2.422440983355045319e-02
-3.017042763531208038e-02
1.681767217814922333e-02
-4.349870234727859497e-02
1.051894724369049072e-01
-3.894682973623275757e-02
6.415107753127813339e-03
2.351908572018146515e-02
4.552691802382469177e-02
-5.085945129394531250e-02
-2.955227904021739960e-02
-7.576615083962678909e-03
-1.793616078794002533e-02
-7.104087620973587036e-02
2.910181134939193726e-02
-3.482202440500259399e-02
1.081805825233459473e-01
-6.628766423091292381e-04
-1.483029127120971680e-02
1.840136758983135223e-02
3.897332400083541870e-02
-3.787562623620033264e-02
-6.147503480315208435e-02
-6.541457027196884155e-03
4.003273323178291321e-02
5.063822958618402481e-03
-8.661414682865142822e-02
-2.083453908562660217e-02
-4.145734384655952454e-02
-3.360543400049209595e-02
8.603668771684169769e-03
-6.708007305860519409e-02
-4.616725200321525335e-04
3.573194891214370728e-02
4.189779236912727356e-02
-3.141931490972638130e-03
-1.417182199656963348e-02
-2.312193810939788818e-02
2.463410422205924988e-02
2.232973091304302216e-02
8.064783178269863129e-03
2.680994272232055664e-01
-1.702386513352394104e-02
-5.810866132378578186e-03
-5.991246178746223450e-02
-1.455852109938859940e-02
4.839226976037025452e-02
6.532832235097885132e-02
1.394063699990510941e-02
-2.610186487436294556e-02
-1.007414329797029495e-02
3.480122191831469536e-03
3.414575383067131042e-02
-2.226812794106081128e-04
-4.393759369850158691e-02
1.247298438102006912e-02
9.174017235636711121e-03
-7.412588689476251602e-03
5.102684255689382553e-03
2.416829392313957214e-02
-6.283681094646453857e-02
-4.178859293460845947e-02
-1.518407557159662247e-02
-1.319294795393943787e-02
-1.206932868808507919e-02
1.535706594586372375e-02
-6.513775326311588287e-03
2.219927683472633362e-02
1.069748774170875549e-01
-6.780797243118286133e-02
4.006755724549293518e-02
-3.163236752152442932e-02
-3.384968498721718788e-03
-3.170401230454444885e-02
2.124990336596965790e-02
1.766725326888263226e-03
-1.505121216177940369e-02
6.573138386011123657e-02
-8.116595447063446045e-03
-2.184905298054218292e-02
1.477572694420814514e-02
3.188272472470998764e-03
7.963813841342926025e-03
-3.062114992644637823e-04
1.183257903903722763e-02
-2.223434485495090485e-02
1.387023366987705231e-02
1.785460859537124634e-02
2.864417061209678650e-02
-5.715060513466596603e-03
-4.412763565778732300e-02
2.213458903133869171e-02
-4.269386176019906998e-03
-2.769384263956453651e-05
1.079136133193969727e-01
-6.090046092867851257e-02
-4.349364340305328369e-02
5.155104771256446838e-02
1.356400083750486374e-02
2.594106085598468781e-02
1.524985395371913910e-02
5.862028896808624268e-02
5.011141672730445862e-02
7.286541908979415894e-02
2.049194881692528725e-03
2.869234420359134674e-02
1.829252019524574280e-02
-1.082584261894226074e-01
-4.422765225172042847e-02
1.161531265825033188e-02
3.201409429311752319e-02
-5.279038473963737488e-02
5.132738873362541199e-02
-2.987813204526901245e-03
-8.020306378602981567e-02
-1.411193050444126129e-02
1.016995161771774292e-01
-4.579367116093635559e-02
1.992108765989542007e-03
1.020449027419090271e-01
-2.012148872017860413e-02
-3.157116472721099854e-02
-2.228380180895328522e-02
-1.970732584595680237e-02
6.403842568397521973e-02
5.354359000921249390e-02
-8.352263271808624268e-02
-3.949311375617980957e-02
-5.475080758333206177e-02
-1.552319899201393127e-02
-2.218466065824031830e-02
-4.905124381184577942e-02
1.248523034155368805e-02
9.319522418081760406e-03
8.134456351399421692e-03
-1.460759341716766357e-02
-1.638984493911266327e-02
9.412280470132827759e-02
-1.082162372767925262e-02
-3.992458514403551817e-04
3.365527838468551636e-02
7.493786513805389404e-02
-5.289756879210472107e-02
-1.743505345075391233e-05
4.333391040563583374e-02
3.740441799163818359e-02
3.746754722669720650e-03
4.710096400231122971e-03
1.263140235096216202e-02
6.500382721424102783e-02
-3.769896924495697021e-02
3.174773231148719788e-02
-4.680980369448661804e-02
-2.030188590288162231e-02
-5.666636396199464798e-03
-1.937170512974262238e-02
-3.569969534873962402e-02
6.575725227594375610e-02
4.303293675184249878e-02
-2.933634817600250244e-02
-2.934391051530838013e-02
2.841396024450659752e-03
5.755943432450294495e-02
-1.589381322264671326e-02
-2.397598884999752045e-02
4.906490212306380272e-04
-8.578812330961227417e-02
2.364775910973548889e-02
-5.151201784610748291e-02
5.691793188452720642e-02
4.188970476388931274e-02
7.330579683184623718e-03
-4.270902648568153381e-02
2.138449065387248993e-02
1.405749935656785965e-02
-1.898446306586265564e-02
-7.308031432330608368e-03
4.145547002553939819e-02
5.547565966844558716e-02
-1.344524789601564407e-02
-2.733203349635004997e-03
-1.524513959884643555e-02
3.844568505883216858e-02
-1.255123410373926163e-02
1.488966587930917740e-02
1.298945047892630100e-03
7.675860822200775146e-02
2.206725254654884338e-02
1.214075759053230286e-01
7.784007117152214050e-03
1.168526336550712585e-02
-4.913173150271177292e-03
3.314510360360145569e-02
3.003816679120063782e-02
9.006096050143241882e-03
-9.742950648069381714e-02
9.038641117513179779e-03
2.240391820669174194e-02
-1.489101815968751907e-02
7.070148736238479614e-02
4.225211590528488159e-02
-3.312371298670768738e-02
-6.087548285722732544e-02
-3.653613477945327759e-02
-1.392730604857206345e-02
-8.858565986156463623e-02
-8.324116468429565430e-03
-2.180591970682144165e-02
2.676424682140350342e-01
2.117195166647434235e-02
-2.339095436036586761e-02
-3.338566282764077187e-03
3.732955083250999451e-02
-5.709667503833770752e-02
-1.207218691706657410e-02
4.674300178885459900e-02
-3.469546884298324585e-02
-8.528737351298332214e-03
2.794905938208103180e-02
-1.555184461176395416e-02
-1.441905181854963303e-02
4.629809875041246414e-03
5.678729712963104248e-02
2.124966867268085480e-02
5.350442603230476379e-02
2.906728163361549377e-02
4.165456444025039673e-02
-2.375666052103042603e-02
8.840980380773544312e-02
-3.377373516559600830e-02
6.303916126489639282e-02
-2.457497827708721161e-02
1.233280636370182037e-02
9.033740498125553131e-04
7.097800076007843018e-02
8.801133371889591217e-03
-3.470194339752197266e-02
-9.216200560331344604e-03
2.363729290664196014e-02
4.436422139406204224e-02
-9.168526530265808105e-02
9.000287391245365143e-04
-3.775617107748985291e-02
-5.723304580897092819e-03
3.222297877073287964e-02
2.717660553753376007e-02
-2.518601249903440475e-03
2.415411546826362610e-02
-9.387098252773284912e-03
-3.402156755328178406e-02
-5.731017515063285828e-02
-8.523550815880298615e-03
-9.459083527326583862e-02
-3.159994026646018028e-03
5.395700410008430481e-02
3.699116781353950500e-02
7.180340588092803955e-02
-5.708305537700653076e-02
2.384089305996894836e-02
2.617353200912475586e-02
-1.301289163529872894e-02
3.877424076199531555e-02
-2.436373755335807800e-02
2.838005275407340378e-05
-2.932322584092617035e-02
5.901095457375049591e-03
3.457333147525787354e-02
-5.713390558958053589e-02
-6.854707002639770508e-02
2.648256160318851471e-02
3.496610000729560852e-02
2.257417701184749603e-02
2.135725133121013641e-02
2.847717702388763428e-02
1.147099863737821579e-02
6.011122372001409531e-03
-3.727742657065391541e-02
-7.299537211656570435e-02
1.813225261867046356e-02
-2.358376979827880859e-02
1.994866319000720978e-02
-4.200223833322525024e-03
-8.991887792944908142e-03
3.263105824589729309e-02
-3.066460043191909790e-02
4.004602879285812378e-02
4.828530922532081604e-02
-2.415069006383419037e-02
8.655138313770294189e-02
2.646787092089653015e-02
-3.075489075854420662e-03
4.259646311402320862e-02
-4.539848864078521729e-02
-4.504236951470375061e-02
-4.794296622276306152e-02
4.103787243366241455e-02
5.198496207594871521e-02
4.530792310833930969e-02
8.165812492370605469e-02
-1.078762486577033997e-02
-1.138468645513057709e-02
1.532187014818191528e-01
5.735119432210922241e-02
6.074679642915725708e-02
-1.180351004004478455e-01
-3.839200362563133240e-02
6.818293780088424683e-02
-3.263010084629058838e-02
9.638569317758083344e-04
2.949917875230312347e-02
-7.317697256803512573e-02
-3.647408680990338326e-03
-3.332907706499099731e-02
-5.355204269289970398e-02
-5.576419644057750702e-03
-7.729154825210571289e-02
-1.502449624240398407e-02
-2.927826531231403351e-02
-6.591793894767761230e-02
-4.037304315716028214e-03
1.633911766111850739e-02
4.941910505294799805e-02
-6.459105014801025391e-02
4.236397892236709595e-02
-1.600290462374687195e-02
4.694129340350627899e-03
-2.588044106960296631e-02
-2.609634585678577423e-02
-4.103241488337516785e-02
3.290595859289169312e-02
-3.220235556364059448e-02
-3.177805617451667786e-02
3.819600865244865417e-02
-7.418872322887182236e-03
-2.839493192732334137e-02
3.983249887824058533e-02
3.008052147924900055e-02
3.667473420500755310e-02
4.252704791724681854e-03
2.763845212757587433e-02
1.563022658228874207e-02
-8.803726173937320709e-03
1.051610242575407028e-02
8.662784239277243614e-04
-1.809480041265487671e-02
2.595762908458709717e-02
7.422279566526412964e-02
5.804428830742835999e-02
-4.038612544536590576e-02
2.389453351497650146e-02
5.199116095900535583e-02
2.938990853726863861e-02
3.293590247631072998e-02
-2.366352826356887817e-02
3.359788330271840096e-03
1.942299073562026024e-03
-9.644466452300548553e-03
7.295913249254226685e-02
5.706557258963584900e-02
3.012978658080101013e-02
8.218889683485031128e-02
1.961032859981060028e-02
1.647786982357501984e-02
4.098327085375785828e-02
-4.271555319428443909e-02
6.093705072999000549e-02
4.135460779070854187e-02
1.452082768082618713e-02
-4.495503380894660950e-03
-3.142233472317457199e-03
-1.529132574796676636e-02
4.285000264644622803e-02
2.163783460855484009e-02
-4.502606764435768127e-02
-1.121568121016025543e-02
1.098484471440315247e-01
3.913901001214981079e-02
3.470855951309204102e-02
-3.642410412430763245e-02
-4.803177341818809509e-02
-2.290399558842182159e-02
1.656927913427352905e-02
-6.434419751167297363e-02
4.002884775400161743e-02
5.485912697622552514e-05
-4.204360395669937134e-02
-3.620436787605285645e-02
3.165009990334510803e-02
2.655974216759204865e-02
1.332831848412752151e-02
-1.651141047477722168e-02
-5.745150148868560791e-02
-7.260917872190475464e-02
6.088433414697647095e-02
-5.074253771454095840e-03
-3.162927553057670593e-02
1.882667094469070435e-02
-6.051301211118698120e-02
3.332225978374481201e-02
1.206358615309000015e-02
1.938847266137599945e-02
-2.130093984305858612e-02
1.886335574090480804e-02
-2.990274131298065186e-02
-4.951714724302291870e-02
7.301124278455972672e-03
4.363196343183517456e-02
1.278645126149058342e-03
7.956996560096740723e-02
-2.920637372881174088e-03
3.817948326468467712e-02
-3.933609649538993835e-02
6.698525696992874146e-02
1.287912297993898392e-02
1.808583177626132965e-02
5.140915513038635254e-02
-4.844873398542404175e-02
-1.861435472965240479e-01
-2.777598239481449127e-02
-2.623432548716664314e-03
-7.868236303329467773e-02
3.559528291225433350e-02
5.530247930437326431e-03
5.772003438323736191e-03
5.178037658333778381e-02
-2.057772874832153320e-02
