-0.03172021
-0.01608129
-0.04227839
-0.01765337
0.00783357
0.01046367
-0.00527655
-0.03433724
0.00101549
0.02063474
-0.00665302
0.02601280
0.01851577
-0.04659305
-0.04452791
-0.00063512
-0.02733316
0.01918318
0.12780526
-0.00214649
-0.01833556
-0.02460326
0.06260920
0.06187080
0.00008758
-0.04482406
-0.03865572
0.00812616
-0.01164319
0.00484469
0.11622002
-0.00969991
-0.01111591
-0.03507602
-0.01174370
-0.00937862
0.02542853
0.02971148
0.03548386
0.06781310
-0.00740821
0.00193385
0.01014324
0.00806446
0.00341669
0.02126498
-0.05289136
-0.02545414
0.03826990
0.00035541
0.00660911
0.02083264
0.08608116
0.04102990
-0.01146764
0.03623324
0.01813933
0.00880154
0.43985844
0.09504405
-0.00967152
0.03076224
-0.00371999
0.00831317
0.00788836
0.01959620
0.02850031
-0.02638617
-0.02228046
0.01976847
0.02120282
-0.03976940
-0.02733487
-0.01749363
-0.05398623
0.01535183
-0.00965115
-0.07992175
0.03022409
-0.08773578
0.00350788
0.01977460
0.01280693
0.03930032
0.01331483
0.02899130
-0.02445234
0.00354257
0.03153048
0.00082702
0.02833822
0.00275186
0.00514530
-0.00916369
-0.00533193
0.00352376
0.03616357
-0.02572693
0.08076911
0.03144631
-0.03187556
-0.01659411
-0.03507757
0.00113738
0.00599331
0.03116466
0.07415242
0.00495742
-0.00529989
-0.01484346
-0.00593287
0.00488425
0.02081256
-0.04532348
0.01158328
-0.00906801
0.06193238
-0.01489754
-0.01478041
-0.00286989
0.01138209
-0.01665813
0.02391028
0.01131655
-0.01537850
0.00409348
-0.00909484
0.01501139
0.00497276
-0.02399202
0.01389979
-0.02375844
-0.00763613
0.01150014
-0.06001179
0.02171122
0.06673890
-0.02536999
-0.01859983
0.02528328
-0.01377046
-0.00215480
-0.00561357
0.01816587
0.01370463
0.04646665
0.03231569
-0.00239617
-0.01400113
-0.02279841
0.07459868
0.01232084
0.01717345
0.06051238
0.01498376
0.01513960
-0.02926361
-0.01909494
0.02195565
0.00637832
-0.02571588
0.01162527
-0.04136423
-0.00325277
-0.00258774
0.05639905
0.03879948
-0.02457958
0.02179268
-0.02103511
0.02194264
-0.02614237
-0.00037869
0.02678824
0.03164218
0.01721765
0.01195390
0.00509641
0.00296045
-0.00879193
-0.02960803
-0.00937549
-0.00738986
0.00780813
0.07076713
-0.01981643
0.19821663
0.02103707
0.00474589
-0.02742145
-0.10549491
0.00605609
0.00737299
0.02232910
-0.06182915
0.00532300
0.02871316
0.02930073
0.08332532
0.01617954
-0.03299259
0.00588245
0.11500675
0.03727049
-0.01471961
-0.00286492
0.01691428
-0.00958400
-0.02715197
0.02803838
-0.00663658
-0.01454309
-0.04713276
0.02543160
-0.03149521
-0.08149221
0.01969503
0.02891206
0.02802759
0.03804480
0.03228559
-0.70140392
-0.01220913
-0.00405959
0.01788947
0.00750402
0.06837738
-0.00600047
0.02313413
-0.00805756
-0.00339562
0.05535334
0.03114636
-0.00533340
-0.04183803
0.00835542
0.02556128
0.00729294
0.01409850
-0.00944598
0.01354027
-0.02298390
-0.00882080
-0.01177399
-0.00764582
-0.01373491
0.01465351
-0.04624043
0.02639199
0.03961589
-0.01414718
0.03875864
0.02891547
0.02478492
-0.01263932
0.01900680
-0.06474710
0.12088253
0.02659354
0.01573054
0.00130277
-0.15088224
0.03465682
-0.04273048
0.01261358
0.03126563
-0.07248314
0.03566989
-0.10793479
-0.00697852
0.06101939
0.06890538
-0.05237487
0.03824963
0.01497712
-0.00992527
0.03924574
-0.00242130
-0.07571566
-0.02861644
0.09258946
0.04320666
0.07776780
-0.12693329
0.03493957
0.02940327
0.01202891
0.09428933
0.09965752
-0.01306051
0.05560105
0.03027125
-0.01644574
-0.10473284
0.06172462
-0.01562495
-0.08775546
0.02619632
0.03885257
0.05108707
0.00407923
-0.03820726
0.87498504
-0.00816084
-0.03539966
0.04041159
-0.05202378
0.16583720
-0.04593479
0.02874657
-0.07388979
-0.03695410
-0.05832933
-0.00843654
0.00238091
0.11130296
-0.00262950
0.02470408
-0.04137146
-0.01273602
0.00342148
-0.02141761
-0.00728136
0.00703648
0.01857809
-0.00664549
0.04360919
-0.01960500
0.00331375
0.04599407
-0.02566206
0.01936532
0.00488747
-0.01352469
0.00861918
0.04839604
0.08031460
0.01632111
-0.02575048
-0.00966984
0.05749288
-0.01933842
0.01800006
-0.00963275
0.03084180
-0.02683496
0.01797521
0.05820291
0.05621696
0.03468354
-0.04582612
0.01302211
0.03549683
-0.04033922
0.03213444
-0.00522120
0.00534940
-0.00042418
0.04728077
0.01253918
0.02151876
0.06188370
0.07657920
0.01239567
-0.05169176
0.01694940
0.03479361
-0.06844509
-0.01312335
-0.04825035
0.04856296
-0.03462635
-0.08375092
0.03143355
0.01547684
0.06773589
-0.00308464
0.01264391
0.00930966
-0.02641901
-0.00988531
-0.03051590
-0.00537193
0.03037671
-0.05131239
-0.02366646
-0.02672582
0.03119767
-0.03755299
0.02768573
-0.00362079
0.05472530
0.00633089
-0.00250097
-0.03874945
0.00038298
-0.03698860
-0.04032652
0.04430038
-0.04497724
-0.01838248
-0.00982844
-0.04807991
-0.00084877
-0.01433829
-0.00515937
0.02123227
-0.04552452
0.03844355
-0.01456806
0.08871504
-0.04641648
0.02061283
0.02568034
0.05244485
-0.02710301
-0.05107202
-0.03016511
-0.01386979
-0.04965381
0.03352905
-0.04313150
0.12414744
-0.01768496
-0.02174632
0.03833760
0.04113460
-0.02106720
-0.03103242
-0.04198846
0.05210982
-0.00899416
-0.07548489
-0.00450437
-0.03371195
-0.02673180
0.00065293
-0.05583116
0.01397667
0.05392729
0.05040436
-0.00651604
0.00721043
-0.03216375
0.00804536
-0.00318386
0.00507958
0.25030911
-0.00842093
-0.01628676
-0.07409964
-0.02579332
0.06895894
0.03967175
0.03839082
-0.01020784
-0.02147889
-0.00095741
0.01325975
-0.00490062
-0.03887641
0.02956546
-0.01909204
-0.01656803
0.03141160
0.01801046
-0.05233284
-0.05632129
-0.01042738
-0.01233379
-0.00591709
0.02314043
0.00470629
0.05462232
0.08667299
-0.06246901
0.03010390
-0.02621855
0.01395659
-0.03163806
0.03252307
-0.00502622
-0.01891931
0.06822177
-0.02570068
-0.03855937
0.03432360
0.01773729
0.00553630
0.00151786
0.03576779
-0.01302535
0.02708864
0.01156366
0.01455334
-0.02555015
-0.05687262
0.01809818
-0.01023161
0.02285175
0.05927426
-0.06402504
0.00409917
0.04096626
0.00992002
0.02198451
0.00467238
0.04103375
0.04951200
0.04144727
-0.00081269
0.01589784
0.00975911
-0.08624898
-0.02091944
0.00689898
0.00693123
-0.05051995
0.04830706
-0.01972475
-0.09034417
-0.01678915
0.09793916
-0.03500999
-0.01147653
0.08148167
-0.03028940
-0.02801490
0.01720557
-0.02378400
0.05108779
0.07166321
-0.07080106
-0.04849861
-0.03922651
-0.00514627
-0.03323418
-0.04778947
0.01893589
-0.00952223
0.00411009
-0.01336529
-0.05298938
0.10696337
-0.03100276
0.01929350
0.03083103
0.06977221
-0.06703413
-0.01184555
0.04274021
0.02505631
0.02280412
0.02545175
0.01836076
0.06066593
-0.04780680
0.03601172
-0.06575907
-0.01619750
-0.02161630
-0.01178815
-0.01474483
0.07722744
0.04414269
-0.03029340
-0.02516046
0.02592958
0.05312755
-0.00485031
-0.01308965
-0.02169768
-0.05292856
0.00123073
-0.03342655
0.05597343
0.05216933
-0.00538448
-0.04607049
0.03846698
-0.00801559
-0.00652561
-0.02642426
0.04277031
0.06216254
-0.03703586
-0.02421869
0.00273297
0.04138466
-0.01990163
-0.00210105
0.02665316
0.11896721
0.03634510
0.09541335
0.01927571
0.01523889
-0.01299772
0.02138113
0.05624127
0.00340399
-0.09804612
-0.02189331
0.02882299
-0.00169389
0.07303679
0.01600706
-0.00764971
-0.07715656
-0.04621751
-0.03259093
-0.09060691
-0.01694268
-0.01241860
0.21697687
0.01794988
0.02918899
0.02063297
0.06336772
-0.04904936
-0.02130640
0.02974086
-0.02989887
-0.01531521
0.02995980
-0.05274806
0.00119947
-0.00798419
0.08122192
0.03999971
0.05691792
0.03258308
0.01370983
-0.00187798
0.04943028
-0.01561206
0.08509986
-0.01331949
0.03723281
0.00451731
0.06557363
0.01158758
-0.03291405
-0.03181738
0.02761786
0.02270502
-0.06159156
0.00629962
-0.02831525
-0.00449497
-0.00186996
0.05070811
0.01126735
0.02175798
-0.00399295
-0.05402415
-0.05131251
0.00532056
-0.07442413
-0.00527518
0.02651629
0.06155059
0.05373077
-0.07947555
-0.00398619
0.06187819
-0.02404370
0.05456132
-0.00961693
-0.01565002
-0.02028759
-0.00102206
0.00889875
-0.06622617
-0.10514384
0.05897984
0.00159842
-0.00380822
0.01450661
0.04623988
-0.00013547
-0.00672223
-0.02925606
-0.06096718
0.02352400
-0.01387725
0.01978237
0.01759605
0.00539715
0.00946652
-0.04504598
0.04237024
0.05371168
-0.00416854
0.09954134
0.02532414
0.00808415
0.04734395
-0.03146412
-0.04722884
-0.03729993
0.04107481
0.04735510
0.05313304
0.06411192
0.00026777
-0.00283343
0.13451612
-0.00236048
0.06527406
-0.11233788
-0.05081836
0.06478114
-0.04349350
-0.02073204
0.05578254
-0.08983907
-0.00133521
0.01585192
-0.04805730
-0.00314201
-0.10261821
0.00258736
-0.04403940
-0.05226197
0.01360656
0.03502120
0.02716718
-0.06675428
0.02878889
-0.03595396
-0.00292459
-0.03161653
-0.02650258
-0.04361164
0.02507073
-0.02391800
0.00238195
0.07788794
-0.01305783
-0.01159094
0.00336513
0.01915468
0.04985372
0.00288931
0.04530782
0.03914523
-0.01013888
0.02356612
0.03060561
-0.00633551
0.03065553
0.06212313
0.03908718
-0.03880887
0.01896740
0.05577885
0.06329848
0.05448696
-0.05430724
-0.00560971
-0.02903427
0.01003826
0.08430790
0.05052855
0.03106437
0.08247230
0.03062829
0.00783103
0.05422264
-0.03032987
0.05670479
0.06634492
-0.00645776
0.00353860
0.00327754
0.00664092
0.03408880
0.03025704
-0.02695265
0.00380696
0.13003370
-0.00037231
0.03899960
-0.02288966
-0.03064935
-0.03219605
0.01949861
-0.04142522
0.04552362
0.03141185
-0.03243037
-0.03957323
0.02867695
0.03111854
-0.00003123
-0.00248190
-0.03823293
-0.08224520
0.06397922
-0.01374789
-0.04812756
0.00850970
-0.09555455
0.01298841
-0.02967440
-0.00429268
-0.02035635
0.00951662
-0.04654350
-0.03136484
0.00317317
0.04407994
0.00123429
0.03165605
0.02226217
0.02191684
-0.01797246
0.06336836
0.01217790
0.02437253
0.06299850
-0.03655848
-0.19012499
-0.00701573
-0.00476935
-0.09611841
0.05162523
0.03851734
0.00534874
0.07323535
-0.00373503
