-0.04016380
-0.01521994
-0.03310922
0.02281737
-0.00678399
-0.00122190
-0.00516320
-0.03842505
0.01775636
0.02166412
0.00883672
0.01780523
0.02505241
-0.02686617
-0.04324428
0.01588609
-0.03542817
0.02479316
0.10901535
-0.00784567
-0.01461919
-0.02414637
0.08636247
0.07041367
0.00427412
-0.06650502
-0.04691543
-0.01662625
-0.00791455
0.00184850
0.10599555
-0.01090841
0.01457130
-0.03393782
-0.00263933
-0.00631792
0.04708065
0.02062345
0.03339978
0.07469794
0.00612558
0.02547164
0.05879677
0.01912226
0.01207572
0.00071584
-0.05072198
-0.02394216
0.02071662
0.01340704
0.02713155
0.06472792
0.09702867
0.01505881
0.00701037
0.03946415
0.02036032
0.01234114
0.41618997
0.09402992
0.00198560
0.04644139
-0.02415157
0.00412508
0.01119483
0.01973564
0.04112947
-0.02316317
-0.04029015
0.00316958
0.02083086
-0.02921471
-0.03239734
-0.02561009
-0.03829178
0.04057179
0.00616880
-0.07644031
0.02363249
-0.14109427
-0.00569889
0.00848538
0.00022540
0.02102812
0.00132886
0.03062944
-0.02624312
0.00151859
0.03391453
-0.03940518
0.00827215
-0.01033186
0.00519955
0.00950184
-0.00902372
0.01366181
0.01797590
-0.02190900
0.07395940
0.05574251
-0.03847466
-0.00126366
-0.05645135
-0.00598896
-0.00993261
0.05202406
0.06862220
0.00076240
0.00741394
0.00883836
0.00992115
0.01446011
0.03023538
-0.03724479
0.01441242
0.00788690
0.05852887
-0.00112458
-0.01850723
-0.01173410
0.02264202
-0.01142753
0.03007236
0.00893172
-0.00806741
0.01120817
-0.03637715
0.02002879
0.00727195
-0.02085095
0.02151901
-0.01578169
-0.00068083
0.02192435
-0.06089401
0.03695944
0.08960753
-0.04484398
0.00636410
0.01365712
-0.01193802
0.01782733
-0.01609248
0.00912149
0.02103861
-0.02084512
0.03774268
-0.00364393
-0.00236708
-0.01277838
0.08910580
-0.01500013
0.01376429
0.06856181
0.01354839
0.02706497
-0.02497277
-0.03104118
0.04236457
0.02087134
-0.03781098
0.04347586
-0.05770092
-0.00948835
-0.00905666
0.06223308
0.05367901
-0.05734833
0.03989135
-0.02292876
0.02235804
-0.04368454
0.00777594
0.02392713
0.04380981
0.02927837
-0.00567666
0.02154349
0.01691686
0.00745646
0.01048306
-0.00645409
-0.00829892
0.00618903
0.07282598
-0.06359599
0.22998337
0.02403528
-0.01069915
-0.03987266
-0.10826308
-0.00880624
0.00820866
0.03488375
-0.08332106
0.00584677
0.04581550
0.03180948
0.08975197
0.03172845
-0.07106311
-0.01311514
0.10907079
0.04385423
0.00459842
-0.00922415
0.02139362
-0.01543450
-0.02719756
0.04532878
0.00115322
-0.03448412
-0.04559371
0.03261021
-0.00129543
-0.08066975
0.02394200
0.04357513
0.02113602
0.04132404
0.03046615
-0.64195490
0.00779922
0.00487715
0.03831183
0.02033160
0.08040711
0.00996056
0.04026454
0.01364443
-0.01523444
0.07141595
0.05801991
-0.01927907
-0.04281852
0.00129272
0.04494165
-0.01204586
0.02084347
-0.00966643
0.01796999
-0.05013706
0.00873687
-0.00200037
-0.01003255
-0.03776249
0.00444886
-0.05758547
0.04357825
0.03071443
-0.01106800
0.03593543
0.02909484
0.02901371
-0.01670676
0.00964438
0.18063550
-0.04830798
-0.13253677
0.08077345
-0.00582611
-0.07274773
0.00909591
-0.06504533
-0.06718864
-0.11671247
0.20030773
0.13598272
0.01930785
-0.09847909
-0.05070445
-0.03697986
0.01520232
0.02803385
-0.03969617
0.06870139
-0.00093015
0.00230972
-0.14287290
0.06138406
0.02645646
-0.08442555
-0.04783190
-0.08422942
-0.11060341
-0.13893551
0.21215327
-0.02813803
-0.07705504
0.02496928
-0.02565336
0.09068461
0.03012312
0.12899965
-0.12776184
-0.04470501
-0.06271471
0.10674893
-0.04087870
-0.02420794
0.01229614
0.01340504
0.75450701
-0.16939618
0.03438240
-0.06037454
0.04210776
0.01624726
0.09121513
0.03691602
-0.05641746
-0.05945795
0.03325392
-0.00998617
-0.07769027
-0.05585755
-0.06622844
-0.04773944
-0.06073363
0.05757347
-0.00804177
-0.01184919
-0.01777890
0.00423928
0.02718502
0.00178650
0.05252882
-0.00715139
0.00510475
0.04580138
-0.01499582
0.00337264
0.00983393
0.00085556
0.01487663
0.00839717
0.05595063
0.01310155
-0.02308442
-0.00796847
0.07165468
-0.02769189
0.04736418
-0.03766501
-0.00968415
-0.04898042
0.00872503
0.05269779
0.06090461
0.05141808
-0.04351686
0.01197115
0.05712043
-0.02865047
0.02024319
-0.00981345
0.00088249
0.00121062
0.01837385
0.02233454
-0.00854328
0.04809513
0.06315209
-0.00685167
-0.04673164
0.02164074
0.00731135
-0.07256062
-0.00664610
-0.03084816
0.04413761
-0.02473119
-0.04980812
0.01169154
-0.00443110
0.03834972
-0.00511115
0.01083071
-0.01981672
-0.01776026
-0.01545545
-0.03128174
-0.01980780
0.01403834
-0.05039674
-0.02200377
-0.01121786
0.02382516
-0.06354627
0.01686793
-0.01637123
0.02916107
-0.02210706
-0.01174806
-0.02360834
-0.00660132
-0.04092790
-0.05844675
0.05541294
-0.01547066
-0.03452979
0.00444408
-0.02493926
0.00687169
0.01036006
0.02548637
0.02881094
-0.03781116
0.03551466
-0.02547004
0.06570821
-0.02942716
-0.00510927
0.02158714
0.04549699
-0.04075519
-0.05448481
-0.01808185
-0.00257550
-0.04316441
0.02398640
-0.03812074
0.11101096
-0.02153850
0.00492973
0.02569930
0.02752312
-0.00845150
-0.04923435
-0.01251107
0.05472440
0.03026739
-0.09019671
-0.03611631
-0.03342351
-0.01236191
-0.00634511
-0.08205324
-0.00755352
0.05347065
0.05010738
-0.00363553
-0.01149778
-0.03555587
-0.00304418
0.00859626
0.01563446
0.27385208
-0.00339684
-0.01618729
-0.08034687
-0.01841914
0.07662615
0.02884503
0.00106637
-0.02747658
-0.02364637
0.00759485
0.02632826
0.00480573
-0.06280455
0.01188560
-0.02097805
-0.00539899
0.00964397
0.01372246
-0.06698406
-0.06784987
-0.02020988
-0.01619020
-0.00414879
-0.00024568
0.00910749
0.02247931
0.12386677
-0.05286381
0.04391175
-0.03438385
0.01644232
-0.04074163
0.03229885
0.00576950
-0.04269992
0.04820630
-0.00787426
-0.04073600
0.01897325
-0.02693564
0.00887547
0.01880640
0.02678786
-0.01007877
0.01149706
0.01886699
-0.00030056
0.00202829
-0.04304883
0.02203295
0.00223709
0.01244850
0.08349030
-0.05548527
-0.02215512
0.02895706
0.04256614
0.03478810
-0.00342830
0.01528743
0.04462858
0.05160926
-0.01760224
0.01652503
0.01527612
-0.11137059
-0.04836198
0.01385751
0.00761085
-0.04475321
0.06223529
0.02784208
-0.07998113
-0.00418176
0.09125777
-0.04195647
0.00146937
0.09510298
-0.01391307
-0.02096056
0.01209898
-0.02609349
0.05727636
0.08125415
-0.09213288
-0.01387872
-0.02895188
-0.00061841
-0.01304671
-0.06253282
0.02109042
0.02218190
0.01045405
-0.02325420
-0.02358088
0.09433050
-0.04034755
0.03610965
0.04101922
0.08650032
-0.07736489
0.00612527
0.01978630
0.02465148
0.00180392
0.01400243
-0.00624911
0.09639975
-0.02785932
0.03619871
-0.02801885
-0.02945088
-0.01075174
-0.01009131
-0.00910823
0.06209982
0.02644921
-0.01827028
-0.02253596
-0.01057486
0.05046500
-0.00887026
-0.02420527
-0.01247502
-0.05773334
0.02656275
-0.03502064
0.05937765
0.03332296
0.01435618
-0.03706424
0.03035937
0.01817871
-0.01522822
-0.00455030
0.03701126
0.06011470
-0.00581858
-0.00308171
-0.00837528
0.01450164
-0.00891141
0.01782236
-0.00439137
0.08572845
0.01656584
0.11593184
0.01896148
0.01932255
-0.01619476
0.01614959
0.01799510
0.02027643
-0.08230126
-0.00428685
0.04886847
-0.00561256
0.07225928
0.04528139
-0.02253114
-0.05501559
-0.02726053
-0.01101937
-0.08879177
-0.01420058
-0.00280268
0.27409410
0.01565999
-0.00017472
0.03902381
0.04223451
-0.07030146
-0.03178306
0.05790962
-0.03096586
0.00413669
0.02837493
-0.03881003
-0.02415925
-0.00871776
0.07962180
0.03545060
0.06932868
0.01548064
0.02013676
-0.01147504
0.06115952
-0.01445055
0.07644046
-0.01714258
0.03700416
-0.00988829
0.06093564
0.00882402
-0.04171641
-0.01595347
0.02197093
0.03463255
-0.07523947
0.01108482
-0.02630589
-0.01095140
0.02930300
0.07261761
0.00007221
0.03965196
0.01265584
-0.04885379
-0.03540784
-0.00475803
-0.06327346
-0.03930458
0.01888473
0.05066057
0.05749412
-0.06365316
0.03482274
0.03441654
-0.01291547
0.06842884
0.00420959
0.00876170
-0.02252185
0.00517465
0.01295877
-0.05044733
-0.09699879
0.03593412
0.03075252
0.02728897
0.03252727
0.01977336
-0.00837241
0.00159054
-0.02241467
-0.04373728
0.02941433
-0.02191788
-0.00733609
0.01453224
-0.01913564
0.04407017
-0.02121097
0.02957091
0.03786510
0.00644855
0.08265659
0.04146456
-0.01458659
0.03274227
-0.05005426
-0.06674573
-0.02433680
0.02129718
0.06174269
0.04650697
0.06432079
-0.01983431
-0.00822697
0.15660968
0.02641897
0.07525893
-0.10309717
-0.01818603
0.04335886
-0.02792724
0.00408838
0.02386034
-0.06919459
-0.00865389
-0.01467287
-0.03111348
-0.00821366
-0.08873587
0.01184520
-0.02948269
-0.06174747
-0.00628859
0.03557602
0.05149022
-0.07385692
0.04314668
-0.01863189
0.00376097
-0.04901174
-0.03040671
-0.05267210
0.04526415
-0.01498004
0.00134506
0.05632203
-0.01326434
-0.02172467
0.03990861
0.04918323
0.03261324
0.01760272
0.04748426
0.01760657
0.00880328
0.01953285
0.00755592
-0.00177000
0.03528395
0.03574098
0.05659193
-0.05453820
0.00395997
0.04932215
0.04344516
0.01566494
-0.04137592
-0.02210329
-0.01358089
-0.00086361
0.06449656
0.06174478
0.01066588
0.06205031
0.02511362
-0.01358930
0.05661251
-0.02336162
0.06109461
0.06975139
0.01035922
-0.01052079
0.00578909
-0.01850130
0.03541594
0.02984500
-0.02720943
0.00045313
0.09744433
0.00985670
0.01436978
-0.00407704
-0.02875130
-0.02860557
0.01219566
-0.08286111
0.04192070
0.01559622
-0.03952562
-0.02521465
0.02191087
0.02082695
0.01278021
-0.00320416
-0.02025370
-0.07909793
0.07068924
-0.00750905
-0.04646609
0.01775994
-0.07573085
0.04245067
-0.00724228
0.03021851
-0.01488235
0.03796527
-0.03739203
-0.04616684
0.00669954
0.02549229
0.02184426
0.06981047
0.01283193
0.03480712
-0.06357189
0.07839753
0.02628833
0.02738346
0.05462083
-0.05354109
-0.19294196
-0.01599373
0.00521321
-0.09249014
0.05590191
-0.00165724
-0.01199984
0.06351970
-0.02377994
