-0.03446078
-0.00822410
-0.05421165
0.02864091
-0.01408511
0.01219349
0.00610392
-0.02857407
0.01799671
0.03887672
-0.01048011
-0.01329893
0.05244992
-0.03920451
-0.04269394
0.02287707
-0.03674328
0.04898768
0.14551263
-0.01857289
-0.01498695
-0.04106919
0.08476350
0.08385758
-0.00396833
-0.06657591
-0.04528162
-0.00660950
-0.00538384
-0.00280418
0.13931286
0.00045365
0.01981470
-0.03682604
-0.01993687
-0.00550780
0.03178173
0.04269910
0.03630479
0.07270518
-0.01705790
0.03652728
0.03456492
0.01192028
0.01066669
0.00087529
-0.06231099
-0.02328958
0.01926109
0.00969110
0.03471769
0.02792486
0.11068746
0.05116257
0.01735856
0.04698784
-0.00686821
0.02941428
0.38895085
0.11236975
0.01064136
0.02742189
-0.02943438
0.01312293
0.01004275
0.02981137
0.03956631
-0.02606971
-0.04347741
-0.00789612
0.01972250
-0.02954855
-0.02179229
-0.01562589
-0.07290590
0.03851281
0.01534241
-0.06146276
-0.00340326
-0.11465703
-0.01435179
0.01296767
0.00537976
0.01872987
0.04320578
0.01707199
-0.02992912
-0.00732797
0.04341097
-0.05359105
0.01108122
-0.01413993
-0.02197044
-0.01854171
-0.00544362
-0.00944234
0.02705213
-0.02297915
0.09179197
0.04331829
-0.04473017
0.00619195
-0.03985956
0.00024225
-0.00156248
0.05686236
0.08995179
0.00168899
0.00368471
0.01013683
-0.03063150
0.01449248
0.04920078
-0.04833618
0.02567963
0.00790697
0.08363429
-0.01494075
-0.01812979
-0.00259990
0.02933195
-0.01238047
0.02680886
0.01715705
-0.03068932
0.00823844
-0.05111011
0.01611382
0.00947762
-0.03324699
0.03053043
0.00456290
0.00298733
0.02002708
-0.06407665
0.02973074
0.09675723
-0.06492724
0.00203243
0.02898961
-0.04135928
0.00432323
0.01003560
-0.00282555
0.03759928
0.04416011
0.03184318
-0.01208366
0.00287362
0.00493222
0.08108269
0.00185122
0.02804421
0.07946020
0.00844528
0.00569608
-0.02679269
-0.04497324
0.01239488
0.00365260
-0.04342780
0.02651472
-0.05027935
-0.01590338
-0.01817244
0.06184835
0.03853201
-0.05542183
0.01756272
-0.02174469
0.01812346
-0.02337477
0.01404481
0.05410305
0.05019357
0.01499633
0.01045252
0.00176858
0.01190582
-0.01078978
0.01514521
-0.00961671
-0.00487548
-0.00085869
0.06949062
-0.00994155
0.21360505
0.02626417
-0.01180775
-0.03816780
-0.11854481
-0.00987912
0.00020968
0.03554141
-0.07061393
-0.00950468
0.01923204
0.01898544
0.07734215
0.01775492
-0.07357692
-0.01131510
0.11871304
0.02547830
-0.00141113
0.01741402
0.01959552
0.01110603
-0.02645235
0.03457561
-0.02212837
-0.02156532
-0.04113597
0.01556792
-0.01181159
-0.09704816
0.03224405
0.04451507
0.02214707
0.05591302
-0.00281366
-0.63208866
0.01014418
0.00360487
0.02537043
0.01793721
0.08258552
0.00688991
0.02787226
0.00820716
-0.01755805
0.06852199
0.02901891
0.00143333
-0.03418894
0.02522257
0.03556180
-0.00428736
0.01286070
-0.02412001
0.03189549
-0.05147392
-0.01159694
-0.00695460
-0.01651224
-0.02908495
0.00728231
-0.05407690
0.03738779
0.05858015
-0.01605911
0.04571613
0.00465439
0.03431215
0.00820869
0.00178942
0.04420356
0.02842805
-0.05743833
0.08178639
-0.01595889
-0.04830185
0.06692796
-0.01798997
-0.00372294
0.00686228
0.11695749
0.10386391
0.05774305
0.01169584
-0.02015707
0.03014667
0.00862637
0.01601240
0.04935379
-0.08124668
-0.02376500
0.05841926
-0.10979182
0.11430772
0.08532004
-0.02213000
0.02972635
-0.03529394
-0.10825631
-0.01194717
0.10577799
-0.01440664
-0.03374715
-0.05142667
0.03044727
-0.04079079
-0.00147031
-0.01829218
-0.03788453
0.11385651
-0.01542404
0.12538847
-0.01848066
-0.07491872
0.00525967
-0.02439310
0.88111651
-0.08774795
-0.03228859
-0.09321667
-0.01837528
0.01505446
-0.01921879
0.12433962
-0.02884769
-0.08547920
0.03876696
-0.01049879
-0.10180617
-0.03301663
-0.04027657
-0.01043090
0.00390636
0.04615503
-0.00752429
-0.02827480
0.02027669
0.03185415
0.02848591
0.00475699
0.03499040
-0.00877338
-0.00950570
0.03395431
0.00800443
0.02670898
0.02589314
-0.00307092
-0.00273232
0.02913687
0.06727740
0.00973601
-0.02525746
0.00546799
0.05746769
-0.03717311
0.01221148
-0.02423247
0.02225975
-0.00716380
0.02382331
0.02993600
0.04565119
0.05750878
-0.04273981
0.01953180
0.04092978
-0.02946656
0.01915983
-0.02608186
0.02186729
0.00077141
-0.01567389
-0.00443572
0.03037182
0.04442179
0.06569671
0.01120546
-0.03596309
0.02018869
0.02586594
-0.06442782
-0.00956524
-0.02089975
0.03832245
-0.02689489
-0.06713942
0.03038117
0.00210149
0.07590811
-0.03586933
0.03257077
-0.03675120
-0.01640802
-0.02916238
-0.01182060
-0.00435001
0.01147960
-0.09043653
-0.01604184
-0.01700212
0.04797122
-0.01261398
0.02616108
-0.00117935
0.03442339
-0.01311807
-0.00933682
-0.00774712
-0.01117771
0.00055913
-0.04567472
0.04476504
-0.04412852
-0.01976409
0.00889967
-0.02795330
0.01745922
-0.00931325
0.00724439
0.02965080
-0.05980966
0.03980295
-0.01506674
0.11035511
-0.03794505
0.02513233
0.03039822
0.07064632
-0.05516718
-0.04984084
-0.01565179
-0.03911310
-0.05708703
0.02493511
-0.03172898
0.11449834
-0.01563452
0.01196049
0.02031417
0.02542791
-0.01836796
-0.06703158
-0.02635690
0.05615681
0.03018758
-0.06828646
-0.02412884
-0.04633521
-0.03776098
0.01143953
-0.09147037
0.01587938
0.03174479
0.05729135
0.00747498
-0.00328378
-0.04763900
0.02764046
0.01059286
-0.00369554
0.24820930
0.01297142
0.00152298
-0.05832148
-0.01387693
0.04927116
0.05286708
-0.00062953
-0.01917526
-0.00508562
-0.00864357
0.04790530
0.00266590
-0.03652428
0.02742896
-0.00754751
-0.03039233
0.02842179
0.01970420
-0.06697632
-0.04917134
0.01532866
0.01082625
-0.01986453
0.04045976
-0.00277148
0.03859074
0.11653957
-0.07415774
0.04446087
-0.03199545
0.04418182
-0.01694033
0.02704164
-0.00501306
-0.01212271
0.07538018
-0.02529887
-0.03153508
0.03610362
0.00871976
0.00132224
0.01870884
0.01124521
-0.02463725
0.01099345
0.03444713
0.01965246
0.00885832
-0.05154760
-0.00889448
-0.00773487
0.01742030
0.07876106
-0.06259732
-0.03144502
0.01402571
0.02362566
0.01962939
0.01944518
0.06858459
0.05793181
0.03319192
-0.00358960
-0.01824625
0.03295239
-0.10728376
-0.03481182
0.01693922
0.01033941
-0.05628260
0.02319947
-0.01320464
-0.07226303
-0.01889473
0.10065884
-0.05234084
-0.02685712
0.08213231
-0.02163720
0.00316595
-0.01864725
-0.01860929
0.06513190
0.06000647
-0.07015371
-0.01675992
-0.05332746
-0.00845944
-0.02313546
-0.04228603
0.01422400
0.00367953
-0.00123871
0.00786738
-0.02436367
0.10023449
-0.03803118
-0.00878723
0.03844944
0.09084028
-0.07823414
-0.00675544
0.04827384
0.00128040
-0.00506434
-0.00380347
0.02361958
0.10480292
-0.05410632
0.03818254
-0.04388111
-0.01487785
-0.01511681
-0.01449074
-0.03486971
0.07226655
0.04408642
-0.03199957
-0.02340904
-0.00943267
0.06403831
-0.00525813
-0.01997093
0.00110204
-0.06977583
0.03250463
-0.05586543
0.06073550
0.04327034
-0.00383784
-0.03102688
0.03993193
0.02429879
-0.01267966
-0.01981457
0.02696438
0.03072554
-0.03923918
-0.00923352
-0.01860686
0.02259553
-0.00878934
-0.00340264
0.00856143
0.09005539
0.02725152
0.10680409
0.01444513
0.00506359
-0.02254374
0.01985746
0.05753298
0.01483594
-0.09498692
-0.02527423
0.01703988
-0.01919707
0.05744050
0.03677472
-0.01040262
-0.05744636
-0.04860658
-0.02076542
-0.07571907
-0.01370936
0.00511077
0.22758509
0.01172530
-0.00710399
0.01015850
0.04698734
-0.06146965
-0.01938400
0.04245844
-0.03575589
-0.00799766
0.03339744
-0.01530935
0.00684530
-0.00211489
0.05839840
0.03375170
0.04674920
0.03325455
0.01496105
-0.01277849
0.08599779
-0.01686439
0.08119223
-0.01811328
0.01573330
0.02005731
0.06908031
0.02720200
-0.02685469
-0.01333757
0.02893901
0.03698969
-0.07563482
0.00990368
-0.03381748
-0.00260487
0.04576883
0.07352114
-0.04302187
0.05270123
0.00505408
-0.05963046
-0.05226408
-0.00550451
-0.10058396
0.00280236
0.03841278
0.04681969
0.04264798
-0.05000732
0.02750849
0.05521856
-0.05338750
0.06159499
-0.00728542
-0.00666375
-0.02193264
0.00687241
0.01319080
-0.05493502
-0.07564522
0.04082997
0.00579496
0.02813616
0.00899984
0.01176483
0.02514495
0.01053183
-0.05522935
-0.04691622
0.02988790
0.00591073
0.02959348
-0.01195872
-0.02347928
0.01671302
-0.01820127
0.06324459
0.02620039
0.00720482
0.07921515
0.00706983
0.00346857
0.03222372
-0.01744445
-0.07052270
-0.00750949
0.03651663
0.03399478
0.05673505
0.06280264
-0.02332071
-0.01694728
0.14888254
0.02833509
0.05922054
-0.11758369
-0.05403480
0.05697118
-0.03202513
-0.01381170
0.02933744
-0.07570331
0.01288698
0.00303387
-0.04723388
-0.00878158
-0.09089965
-0.01275902
-0.03230935
-0.05247126
0.00583335
0.02983447
0.06764681
-0.05364319
0.03510211
-0.01937667
0.00459996
-0.04042964
-0.02911584
-0.03545919
0.03289389
-0.04586527
0.00385951
0.06494911
-0.01351515
-0.02122132
0.03182339
0.01108465
0.05081080
0.00243571
0.03733576
0.01703782
-0.00790820
0.01352877
0.02418813
-0.00955020
0.01406123
0.05617853
0.05151031
-0.04075962
0.02321671
0.03586810
0.05073795
0.06076610
-0.02795487
-0.03330578
-0.00413109
0.00781582
0.06734446
0.07538358
0.05769207
0.08166183
0.02353157
0.00831573
0.04994654
-0.03885103
0.07372555
0.06263237
-0.00376782
-0.00888746
0.01017611
-0.01678393
0.05431100
0.05257292
-0.03136094
-0.00818410
0.10654005
0.01873280
0.00682450
-0.01274547
-0.03983026
-0.03947840
0.02076722
-0.07422476
0.03826626
0.00169675
-0.03474069
-0.03351743
0.03247325
0.02778015
0.00083322
-0.00650534
-0.04449247
-0.07753322
0.06273301
-0.00372668
-0.02525131
0.01792032
-0.05590247
0.01744053
-0.00830392
0.00427636
-0.02719402
0.00174435
-0.03069906
-0.04112564
0.00987319
0.02591000
0.01448762
0.05859195
0.02522099
0.01727878
-0.03616048
0.06786714
0.03533243
0.00311042
0.07122180
-0.05910813
-0.18953522
-0.03156761
0.00871491
-0.07996052
0.03566778
0.03666100
0.01417509
0.05801080
-0.03557655
