-0.0279725696891546
-0.0584953017532825
0.0512842498719692
0.0971646308898926
0.0694638118147850
-0.0167574528604746
-0.0094531821087003
-0.0713649690151215
0.0504361130297184
-0.0262425877153873
-0.0692877396941185
-0.0379671044647694
0.1044122129678726
0.0341651774942875
-0.0713053494691849
0.0075696078129113
0.0920409411191940
0.0331095345318317
-0.0241651833057404
0.0470262765884399
0.0155472690239549
-0.0653381869196892
0.0299224425107241
-0.1060462370514870
-0.0551021173596382
-0.0766691491007805
-0.1114846244454384
-0.0263594146817923
0.0478031225502491
-0.0043094661086798
0.0922050327062607
-0.1368903964757919
-0.0227749422192574
0.0651764124631882
0.0233006216585636
0.0065095066092908
0.0240148063749075
0.0451332293450832
0.0089134415611625
-0.0291159786283970
-0.0192003790289164
-0.0872333571314812
-0.1032928675413132
0.0553665161132812
-0.0276959761977196
-0.0432217568159103
0.0399601459503174
-0.0680863037705421
-0.0083533730357885
0.1141916811466217
0.0364829637110233
-0.0856039524078369
-0.1171748042106628
0.0540378689765930
-0.1132913306355476
-0.0023690597154200
-0.0513155087828636
-0.0513545088469982
-0.1299791187047958
-0.0128285493701696
-0.1163585335016251
0.0460081771016121
0.0685397386550903
0.0573352687060833
0.0508064478635788
0.0197918936610222
0.0525015853345394
-0.0867716223001480
-0.0009397966787219
-0.0898109376430511
-0.0534629411995411
0.1227436214685440
0.0229093711823225
0.0385378934442997
-0.0804420784115791
0.0101564284414053
0.0638493075966835
-0.0284780859947205
0.0512106940150261
0.0756750404834747
0.1040076166391373
-0.0962887182831764
-0.0419783443212509
0.0577239952981472
-0.0331269837915897
0.0594841949641705
-0.0386731550097466
-0.0364645607769489
0.0401821173727512
-0.0740547403693199
-0.0121284555643797
0.0363297574222088
-0.0134343327954412
0.0654196068644524
-0.0083511825650930
-0.0903273820877075
-0.0523472763597965
0.0404434837400913
0.0376973599195480
-0.0792439356446266
-0.0415119603276253
0.0919500514864922
0.0160968191921711
-0.0472342222929001
-0.0371460877358913
-0.0246320534497499
0.0709706246852875
-0.0852554589509964
-0.0845579355955124
-0.0242896638810635
-0.0559414327144623
0.0665224716067314
-0.0209621153771877
0.0221287012100220
0.0774849727749825
0.0407740175724030
-0.0093564782291651
-0.0766749754548073
0.1161324083805084
0.0179883018136024
0.0599435046315193
-0.0298621747642756
-0.0170845519751310
0.0687270462512970
0.0323641970753670
0.0860956758260727
0.0375413559377193
-0.0093642175197601
-0.1364048719406128
-0.0607364438474178
-0.0482731088995934
-0.0119312610477209
-0.0830874741077423
0.0134520782157779
0.0066488175652921
0.0754873007535934
0.0102885328233242
0.0905975550413132
0.0531801544129848
-0.0314282439649105
0.1323948800563812
-0.0801113620400429
-0.0688839256763458
-0.0444163009524345
-0.0755723789334297
0.0019178669899702
-0.0585032179951668
0.1436474174261093
0.0459320284426212
0.0048762462101877
-0.0264966301620007
-0.0715573430061340
-0.0308928824961185
-0.0210149772465229
-0.0233599562197924
0.0085456520318985
0.0365098640322685
-0.0733523070812225
0.0439293645322323
-0.1452356427907944
-0.0091712288558483
-0.0600879378616810
0.0029964814893901
-0.0546749345958233
-0.0864373743534088
-0.0618672445416451
0.0080476161092520
-0.0171559434384108
-0.0174836479127407
-0.0105612659826875
0.0686586648225784
0.0254646595567465
0.0233172308653593
-0.1025601401925087
0.0594970509409904
0.1234961971640587
-0.0179430618882179
0.0125329531729221
-0.0074224965646863
0.0472036935389042
0.0566474460065365
-0.0894821062684059
-0.0354341492056847
-0.0581116750836372
-0.0032034732867032
0.0572287812829018
-0.1169336363673210
0.0978765189647675
-0.1091452240943909
0.0960387885570526
0.0042232493869960
-0.0285797175019979
-0.0057400222867727
0.0400490202009678
0.0008986889151856
0.0594790205359459
0.0579451434314251
0.0389187186956406
-0.0547964498400688
0.0034905052743852
0.0357196033000946
0.0000609264679952
0.0391426272690296
0.0082585960626602
0.0474082380533218
0.0948495119810104
0.0263521205633879
0.0629895627498627
0.0722512751817703
-0.0062767076306045
-0.0030936007387936
-0.0135190468281507
0.0095209460705519
-0.0773799046874046
0.0145057393237948
-0.0285717323422432
-0.0432117171585560
-0.0535566136240959
-0.0771868303418159
-0.1093093678355217
-0.1372847557067871
0.0320370197296143
-0.0593722984194756
-0.0527351088821888
-0.0391848757863045
0.0169971641153097
-0.0182552952319384
0.0303269997239113
-0.0587371997535229
-0.1023438274860382
0.0218243654817343
0.0496089160442352
-0.0744225904345512
0.0535609237849712
0.0696244761347771
-0.0259436089545488
0.0418068096041679
0.0223691649734974
0.0408270582556725
0.0677712336182594
-0.1110874041914940
-0.0577345937490463
0.0760413631796837
-0.0860344544053078
-0.0492431148886681
-0.0465588979423046
0.1473841220140457
0.1232050582766533
-0.0117667820304632
-0.0645437836647034
0.1053976416587830
-0.0446547679603100
-0.0011560113634914
0.1043270379304886
0.0387870520353317
0.0748189240694046
-0.0454390272498131
-0.0327959172427654
-0.1369120627641678
-0.1467943787574768
0.0065610441379249
-0.1696947365999222
0.0470820553600788
0.0740894228219986
-0.0153441457077861
0.1636080890893936
-0.1179031878709793
0.1235972493886948
0.0720659866929054
0.1155520379543304
-0.0384822115302086
-0.1019578501582146
-0.3384370505809784
-0.0872537568211555
0.0614429414272308
-0.2338102608919144
-0.0908088907599449
-0.0840059593319893
-0.0094622392207384
0.0188286174088717
0.0826555788516998
-0.0688739046454430
-0.1776443421840668
-0.1033708453178406
0.0182057116180658
-0.0852841362357140
-0.1072968244552612
-0.1065716966986656
-0.0821268334984779
-0.2159645408391953
-0.2281896024942398
-0.0847123712301254
0.0990589559078217
0.0516394451260567
-0.0481378659605980
-0.0797799825668335
-0.0321462266147137
-0.1296246051788330
0.0800500512123108
-0.0569834969937801
-0.1378554403781891
0.0466490387916565
0.2017274498939514
-0.2200345546007156
-0.1107987388968468
0.0150837376713753
0.0185794476419687
0.0367151387035847
0.0381205044686794
-0.1078156605362892
0.0579042211174965
-0.2332475185394287
0.1734554916620255
0.0956642553210258
-0.1496618390083313
0.1687812209129333
-0.0228862762451172
0.3123246133327484
-0.0592684186995029
-0.0668491795659065
0.0223971717059612
0.0465032830834389
0.0227024778723717
0.0235950797796249
-0.0476063862442970
-0.0096541475504637
-0.0091666756197810
-0.0734975710511208
0.0067106904461980
0.0630922615528107
-0.0492241568863392
-0.0580202043056488
-0.0079564088955522
-0.0131515599787235
-0.0145799731835723
-0.0040390547364950
-0.0228402558714151
-0.0230722874403000
-0.0167364384979010
-0.0237057264894247
-0.0407979600131512
0.0443659834563732
0.0399066880345345
-0.0103188399225473
0.0504507869482040
-0.0457591228187084
-0.0429918132722378
0.0189335271716118
-0.0431358776986599
-0.0436109453439713
0.0380618833005428
0.0439603216946125
0.0519092753529549
-0.0010825673816726
-0.0445662513375282
0.0036561780143529
-0.0213459860533476
0.0191427040845156
-0.0056006098166108
0.0302313044667244
0.0096775591373444
-0.0596182234585285
0.0952491387724876
-0.0390597693622112
-0.1020574271678925
0.0090012541040778
0.0522552095353603
0.0737605094909668
0.0331227704882622
-0.0415185950696468
-0.0144982319325209
0.0484581738710403
0.0645270422101021
-0.0411036498844624
-0.0225316155701876
-0.0003997318854090
0.0630326271057129
0.0036489022895694
0.0256844311952591
0.0488857962191105
0.0863429531455040
-0.0487887188792229
-0.0106916641816497
0.0775128081440926
-0.0758632645010948
-0.0249295327812433
0.0558584704995155
-0.0325528383255005
0.0618221126496792
0.0226195920258760
-0.0132766868919134
-0.0176816675812006
-0.0819945260882378
0.0180552136152983
0.0647476986050606
0.0130637725815177
0.0061711315065622
0.0275452751666307
-0.0136179989203811
-0.0116819739341736
-0.0136122321709991
-0.0534554086625576
0.0044704745523632
0.0665032565593719
-0.0390617027878761
0.0258153919130564
-0.0238811466842890
-0.0924704745411873
0.0759317055344582
-0.0061451168730855
-0.0479284711182117
-0.0001332455285592
-0.0481059066951275
0.0131781743839383
0.0036543605383486
-0.0236588064581156
-0.0093469582498074
0.0599985495209694
0.0052770720794797
0.0285216327756643
0.0117305992171168
0.0147007908672094
-0.0103504452854395
-0.0136050544679165
0.0006021986482665
0.0450199507176876
-0.0524870902299881
0.0487787127494812
-0.0110365347936749
0.0189304519444704
-0.0979163199663162
-0.1006624475121498
-0.0987030863761902
-0.0300873816013336
0.0062648053281009
0.0737576559185982
0.0032918346114457
0.0663170069456100
0.0073294388130307
0.0484770797193050
0.0397859811782837
0.0594557859003544
0.0984464883804321
0.0124624473974109
0.0149598820134997
0.0228711422532797
-0.0377657376229763
-0.0152131039649248
0.0457389354705811
0.0073287892155349
0.0400651209056377
-0.0236012078821659
0.0526962503790855
0.0293863657861948
-0.0218384489417076
0.0839404687285423
0.0338174588978291
0.0294246375560760
-0.0255532246083021
0.0178344696760178
0.0642417818307877
-0.0087707275524735
0.0731181055307388
0.0677360072731972
0.0058215535245836
-0.0435914508998394
0.0734105259180069
0.0391118302941322
0.0027323174290359
0.0049626166000962
0.0827749371528625
-0.0929669216275215
-0.0344571806490421
0.0088072549551725
0.0674563944339752
0.0218382272869349
-0.0635324642062187
0.0443790555000305
0.0255225114524364
-0.0479048863053322
0.0556598231196404
-0.0181640330702066
0.0530958920717239
0.0437330827116966
0.0139427045360208
0.0048065902665257
0.0818409994244576
0.0628509074449539
-0.0690253451466560
0.0229421444237232
0.0062915026210248
0.0377309434115887
-0.0101733785122633
0.0251581296324730
0.0985794216394424
0.0294361580163240
0.0670298561453819
0.0003993435529992
0.0856524109840393
-0.0194434877485037
0.0650755614042282
-0.0084811365231872
0.0300711169838905
-0.0321590416133404
0.0397995486855507
-0.0182806886732578
-0.0031098793260753
-0.0262088235467672
-0.0012206359533593
0.0342561788856983
-0.0368708930909634
0.0527191199362278
-0.0228910893201828
0.0387968122959137
-0.0658191144466400
0.0066360533237457
0.0209857393056154
-0.0512164235115051
-0.0934140756726265
-0.0203790795058012
0.0240153372287750
0.0004102337697987
0.0958241075277328
-0.0434283874928951
-0.0526423119008541
-0.0418166033923626
0.0009708597208373
0.0428253114223480
-0.0302288774400949
-0.0217504985630512
0.0311027709394693
0.1093413755297661
0.0638115033507347
-0.0207712091505527
0.0391820669174194
0.0591140910983086
-0.0008383395615965
0.0295827724039555
0.0250339899212122
0.0014565754681826
0.0341038741171360
-0.0897950008511543
-0.0280619375407696
0.0026809147093445
0.0259586349129677
-0.0613046139478683
0.0020305670332164
-0.0220749676227570
-0.0163825545459986
-0.0075830984860659
0.0273453295230865
0.0475138761103153
-0.0001227512111655
0.0065554166212678
-0.0408870056271553
0.0230408236384392
0.0176104381680489
0.0542379841208458
-0.0473691932857037
0.0560432672500610
-0.0118354512378573
0.0250217299908400
0.0161417461931705
-0.0408219322562218
0.0144341634586453
-0.0631946772336960
0.0220328420400620
0.0686229541897774
-0.0269309729337692
0.0327223204076290
-0.0768682286143303
-0.0439998805522919
0.0261694993823767
0.0406547449529171
0.0287119001150131
-0.0696066543459892
0.0257100872695446
0.0362229160964489
-0.0396353378891945
0.0334943607449532
-0.0085910111665726
-0.0137971108779311
-0.0352379381656647
-0.0504575856029987
-0.0248618051409721
0.0915489569306374
0.0752041488885880
-0.0192337539047003
0.0464180447161198
-0.0858279988169670
-0.0006935811834410
-0.0034075879957527
0.0176568496972322
-0.0251717101782560
0.0469434820115566
0.0683184191584587
0.0265032779425383
-0.0143427699804306
0.0435953028500080
-0.0367859788239002
0.0562562271952629
0.0421901531517506
0.0068513331934810
0.0297361686825752
0.0137558141723275
0.0067962035536766
-0.0309602376073599
-0.0464951992034912
0.0589502118527889
0.0494295805692673
-0.0376788526773453
-0.0181596502661705
-0.0049542533233762
0.0297334883362055
-0.0281588900834322
-0.0076985247433186
-0.0202529858797789
-0.0480118691921234
0.0620509535074234
-0.0242750905454159
-0.0061800945550203
0.0743916705250740
-0.0741693973541260
-0.0260436385869980
0.0382606200873852
0.0507203973829746
-0.0499862618744373
-0.0765398070216179
0.0071148290298879
0.0401918552815914
-0.0159913208335638
0.0088834958150983
-0.0669659748673439
-0.0478076897561550
-0.0426482893526554
0.0702071934938431
0.0098494365811348
-0.0192954596132040
0.0524835437536240
-0.0102722486481071
0.0125839747488499
0.0346884727478027
0.0157598927617073
0.0731156468391418
0.0652120336890221
0.0503197349607944
0.0176382716745138
-0.0287346579134464
-0.0248435214161873
0.0044559575617313
0.0687564983963966
0.0610359571874142
-0.0570587888360023
-0.0086009800434113
0.0396410152316093
0.0084725851193070
0.0490002222359180
-0.0278826151043177
-0.0391090959310532
0.0451276078820229
-0.0309140570461750
-0.0188607424497604
-0.0284721814095974
0.0477233119308949
-0.0078702289611101
-0.0293470881879330
0.0193949397653341
-0.0313594639301300
0.0151604795828462
-0.0359210595488548
-0.0821688845753670
-0.0433031544089317
-0.0770198255777359
-0.0090385228395462
0.0560889802873135
-0.0398664847016335
0.0522662401199341
-0.0413346663117409
-0.0667889490723610
0.0542627163231373
-0.0472428835928440
-0.0473551191389561
0.0509737655520439
-0.0282524209469557
0.0449282526969910
-0.1051440238952637
-0.0114908637478948
-0.0343066789209843
0.0446894541382790
-0.0732717886567116
-0.0390419736504555
-0.0551003813743591
0.0816957727074623
0.0385915264487267
-0.0552783049643040
-0.0060302498750389
0.0407140888273716
0.0476043708622456
0.0435212142765522
-0.0236137192696333
0.0023088320158422
0.0015993739943951
0.0297812446951866
0.0646000653505325
-0.0509700812399387
-0.0377875231206417
-0.0188240204006433
-0.0344753898680210
-0.0328839905560017
-0.0615341328084469
0.0510767661035061
0.0065679680556059
0.0246047340333462
-0.0322092585265636
0.0377764701843262
0.0172240938991308
-0.0222652684897184
0.0372642986476421
-0.0030452595092356
-0.0241048838943243
0.0251432117074728
-0.0633354336023331
-0.0110380640253425
0.0155973611399531
-0.0108197266235948
-0.0176967922598124
-0.0301782228052616
0.0050300322473049
-0.0690163820981979
0.0206333007663488
-0.0130768269300461
-0.0242456179112196
-0.0338259600102901
-0.0229256656020880
0.0144009534269571
-0.0074718976393342
0.0126482388004661
-0.0662197247147560
0.0224290546029806
0.0033708119299263
0.0222703460603952
0.0230101384222507
0.0027378140948713
-0.0131729086861014
-0.0941775068640709
0.0117380144074559
-0.0621645450592041
-0.0144764622673392
-0.0300291422754526
-0.0596924386918545
0.0651195570826530
-0.0710193812847137
-0.0130981011316180
-0.0455701686441898
-0.0036538441199809
-0.0708707794547081
-0.0124527961015701
0.0189588461071253
0.0579149238765240
-0.0609040483832359
-0.0291621256619692
0.0126462001353502
-0.0403107181191444
-0.0758187100291252
0.0487215630710125
0.0099777607247233
-0.0004057777696289
0.0202116612344980
0.0394717529416084
0.0518099367618561
0.0259449351578951
0.0093046054244041
0.0605364590883255
-0.0295460801571608
0.0048028142191470
-0.0335687957704067
-0.0025880029425025
0.0200695060193539
0.0069134170189500
-0.0172792393714190
-0.0189888570457697
-0.0394619181752205
-0.0424771755933762
0.0471183173358440
-0.0107760615646839
-0.0824838206171989
0.0269296057522297
0.0058296215720475
0.0814631432294846
-0.0285288672894239
-0.0333825610578060
-0.0461738258600235
0.0401035025715828
0.0623670816421509
-0.0124023081734776
-0.0191529244184494
-0.0472926832735538
0.0892573148012161
-0.0072902208194137
-0.0283239539712667
0.0382013432681561
-0.0981476381421089
0.0288914125412703
0.0694066137075424
-0.0947716087102890
0.0691214725375175
-0.0032937454525381
-0.0496781021356583
0.0260642841458321
-0.0581580996513367
0.0183876547962427
0.0213511399924755
-0.0342854037880898
-0.0521451905369759
0.0639565438032150
-0.0090853394940495
0.1010236442089081
-0.0588330365717411
0.0428351983428001
0.1016839221119881
0.0477117449045181
0.0634960532188416
-0.0511277690529823
0.0425519980490208
-0.0338043682277203
-0.0214957650750875
0.0779544264078140
0.0467283427715302
0.0050756079144776
-0.0867777988314629
-0.0344873778522015
0.0561526417732239
