2.058963291347026825e-02
3.318692371249198914e-02
2.437807153910398483e-03
3.161956742405891418e-02
6.297582760453224182e-03
-6.478121038526296616e-03
-2.847851021215319633e-03
2.276583807542920113e-03
-2.560123428702354431e-02
-2.943591214716434479e-03
5.325695034116506577e-03
-8.872212842106819153e-03
-1.294903689995408058e-03
-2.810298930853605270e-03
-1.173287071287631989e-02
1.858048699796199799e-02
-2.008272893726825714e-02
1.166497450321912766e-02
6.107953563332557678e-02
1.348220650106668472e-02
-1.985063217580318451e-02
-1.952358521521091461e-02
4.958032071590423584e-02
7.674320787191390991e-02
1.731108129024505615e-02
-7.084751129150390625e-02
-1.169676985591650009e-02
-2.759082242846488953e-02
-8.400381542742252350e-03
2.997913211584091187e-02
8.649828284978866577e-02
2.426765859127044678e-02
1.009232643991708755e-02
2.247996628284454346e-02
5.304602906107902527e-03
-5.133885517716407776e-02
3.421660140156745911e-02
1.055500190705060959e-02
2.953200787305831909e-02
9.320535510778427124e-02
6.002777721732854843e-03
3.903633356094360352e-02
4.216790944337844849e-02
4.765482619404792786e-02
-5.624887999147176743e-03
2.865007612854242325e-03
7.400557398796081543e-03
5.073881475254893303e-04
1.950884424149990082e-02
-1.498986501246690750e-02
3.409224748611450195e-02
-2.291740104556083679e-02
1.032154560089111328e-01
2.023914596065878868e-03
3.305318951606750488e-02
2.835489623248577118e-02
-1.353095937520265579e-02
2.300817519426345825e-02
4.802986383438110352e-01
3.039206191897392273e-02
1.409524865448474884e-02
1.024901517666876316e-03
-8.351589553058147430e-03
-1.123725529760122299e-02
-6.043960805982351303e-03
5.958920717239379883e-02
-2.090929634869098663e-02
-3.911038395017385483e-03
-7.896956056356430054e-02
-6.127595901489257812e-03
2.413433603942394257e-02
1.141897169873118401e-03
-2.783150225877761841e-02
2.977751893922686577e-03
-6.257533282041549683e-02
3.918892517685890198e-02
3.934549540281295776e-02
-5.468346178531646729e-02
-7.111776620149612427e-03
-5.194476991891860962e-02
-2.023542299866676331e-02
1.908604428172111511e-02
-5.847292486578226089e-04
1.368532050400972366e-02
2.555203065276145935e-02
-5.143279209733009338e-03
7.024267222732305527e-03
-1.281584426760673523e-02
2.777930581942200661e-03
-3.426803275942802429e-02
6.374227348715066910e-03
2.445287257432937622e-02
-4.440682008862495422e-02
-1.525388937443494797e-02
6.893048062920570374e-03
-2.974470378831028938e-03
-1.235170569270849228e-02
6.976207718253135681e-03
3.655982762575149536e-02
9.443059563636779785e-03
-1.173392985947430134e-03
3.524718061089515686e-02
-8.520564064383506775e-03
-1.971251517534255981e-02
-5.156114231795072556e-03
4.714554175734519958e-02
7.877320051193237305e-02
-3.454383928328752518e-03
-1.643686369061470032e-02
3.127149492502212524e-02
-1.161369844339787960e-03
3.218796104192733765e-02
4.744849726557731628e-02
8.368066512048244476e-03
-8.130509406328201294e-03
4.030587524175643921e-02
-9.473889134824275970e-03
1.495937537401914597e-02
-7.823505438864231110e-03
-2.276511397212743759e-03
-4.512086044996976852e-03
-3.738158557098358870e-05
1.333523634821176529e-02
-2.633452648296952248e-03
-5.162012297660112381e-03
-1.149002928286790848e-02
-5.218282341957092285e-02
7.816408760845661163e-04
1.713596843183040619e-02
-2.125755883753299713e-03
4.211384057998657227e-02
2.316647022962570190e-02
1.647665048949420452e-03
4.567231982946395874e-03
-3.434168174862861633e-02
-1.196247339248657227e-02
1.023857966065406799e-01
-2.460291050374507904e-02
-6.216071546077728271e-03
6.981880869716405869e-04
-1.684264279901981354e-03
1.639331690967082977e-02
1.795820891857147217e-02
-2.399650774896144867e-02
3.372215852141380310e-02
2.156534418463706970e-02
3.911491855978965759e-02
-1.808468659874051809e-04
-4.843509756028652191e-03
8.223436772823333740e-03
1.557994354516267776e-02
-9.976683184504508972e-03
1.731696538627147675e-02
6.865027546882629395e-02
3.159539541229605675e-03
3.201538929715752602e-03
-3.705342486500740051e-02
-5.181659944355487823e-03
1.445751544088125229e-02
7.015383802354335785e-03
-4.669065773487091064e-02
3.726399317383766174e-02
-6.376119703054428101e-02
-2.064989693462848663e-02
-3.408166579902172089e-03
3.439104557037353516e-02
-2.651726454496383667e-02
-1.902370713651180267e-02
6.497139111161231995e-03
-5.428091809153556824e-02
-3.524674847722053528e-02
9.360642172396183014e-03
-1.322561874985694885e-02
2.477433718740940094e-02
1.805888302624225616e-02
-1.400474342517554760e-03
5.194456316530704498e-03
3.223017603158950806e-02
-4.574622586369514465e-02
1.108837779611349106e-02
1.787116751074790955e-02
6.149212713353335857e-04
2.789817750453948975e-03
-1.205793675035238266e-02
3.963771834969520569e-02
-4.251165315508842468e-03
1.141945421695709229e-01
2.643549256026744843e-02
1.179918646812438965e-03
-2.016185410320758820e-02
-1.087525859475135803e-01
-2.954328060150146484e-02
1.765576936304569244e-02
3.300193697214126587e-02
-2.043532393872737885e-02
1.665216870605945587e-02
6.903237104415893555e-02
-1.967064477503299713e-02
7.176993042230606079e-02
1.685645990073680878e-02
-8.853027224540710449e-02
-1.863533444702625275e-02
7.298178225755691528e-02
5.644792690873146057e-02
-1.145112048834562302e-02
4.317122325301170349e-02
8.295494131743907928e-03
6.246454431675374508e-04
-2.861900255084037781e-02
2.715598419308662415e-02
2.953586913645267487e-02
-9.781484492123126984e-03
-2.375282905995845795e-02
3.467157948762178421e-03
2.116241306066513062e-02
-2.353979274630546570e-02
-5.711873018299229443e-05
9.810376912355422974e-03
5.202454701066017151e-02
2.167772687971591949e-02
8.088426664471626282e-03
-7.065934538841247559e-01
1.136491354554891586e-02
4.338130727410316467e-02
1.827600598335266113e-02
1.431755628436803818e-02
6.249069049954414368e-02
3.834891691803932190e-02
6.871602032333612442e-03
8.639144711196422577e-03
-7.490123156458139420e-03
2.612849883735179901e-02
4.556949436664581299e-02
-3.886110335588455200e-02
-2.040683291852474213e-02
2.167418599128723145e-02
6.423652172088623047e-02
-1.750881969928741455e-02
-4.687595646828413010e-03
-4.239711910486221313e-02
4.112901911139488220e-02
-5.576878786087036133e-02
3.107870370149612427e-02
3.306520357728004456e-02
-3.362238034605979919e-02
-2.913129515945911407e-02
-1.804246008396148682e-02
-5.470778420567512512e-02
5.697114858776330948e-03
4.736283421516418457e-02
2.178178168833255768e-03
-1.181394886225461960e-02
2.214618772268295288e-02
1.430397853255271912e-02
2.019587904214859009e-02
-1.304122991859912872e-02
2.824487537145614624e-02
-1.002346202731132507e-01
-9.711219929158687592e-03
7.503170636482536793e-04
6.987393647432327271e-02
6.811077147722244263e-02
5.815046280622482300e-02
-1.045069247484207153e-01
8.374446630477905273e-02
-3.773609641939401627e-03
1.347155719995498657e-01
-3.237086534500122070e-02
4.967817664146423340e-02
-6.930232793092727661e-02
-2.634560922160744667e-03
1.896410062909126282e-02
9.752342104911804199e-02
8.962030708789825439e-02
-1.502982433885335922e-02
-5.203647073358297348e-03
-1.688185334205627441e-02
-4.506300762295722961e-02
-8.862308226525783539e-03
1.472081989049911499e-01
-2.438515238463878632e-02
-2.983919810503721237e-03
6.578305363655090332e-02
7.927756756544113159e-03
-6.611080467700958252e-02
5.825915932655334473e-02
1.884235143661499023e-01
1.946783624589443207e-02
-3.040543757379055023e-02
-7.761012017726898193e-02
1.971182078123092651e-01
-1.027854755520820618e-01
3.831079974770545959e-02
6.458435207605361938e-02
5.104129761457443237e-02
-8.524589240550994873e-03
-1.782182306051254272e-01
-6.849467754364013672e-02
-1.002530567348003387e-02
-1.413230202160775661e-03
1.741181761026382446e-01
1.541778910905122757e-02
7.508450150489807129e-01
-3.330250084400177002e-02
6.858518463559448719e-05
-1.473846137523651123e-01
1.102233082056045532e-01
1.295235753059387207e-01
6.724051386117935181e-02
8.858694881200790405e-02
2.690279670059680939e-02
-6.575190927833318710e-03
2.694947719573974609e-01
2.133151143789291382e-02
-1.493676844984292984e-02
-4.536479711532592773e-02
-4.550931975245475769e-02
-1.436759997159242630e-02
2.726975083351135254e-02
-4.508297145366668701e-02
1.466655358672142029e-02
3.154174238443374634e-02
-1.834536716341972351e-02
6.487976759672164917e-02
-1.775323972105979919e-02
-1.978764310479164124e-03
-4.356755316257476807e-02
-3.988241404294967651e-02
5.937860906124114990e-02
-1.472855731844902039e-02
-4.582715034484863281e-02
-4.483785852789878845e-02
1.344647910445928574e-02
2.873700484633445740e-02
-5.314535647630691528e-02
-2.895124815404415131e-02
-7.153087854385375977e-02
-1.073817536234855652e-02
2.521484531462192535e-02
1.826763618737459183e-03
-3.990978375077247620e-02
-3.435693308711051941e-02
2.768900431692600250e-02
-1.652815006673336029e-02
-9.585426002740859985e-02
-1.285080332309007645e-02
3.025863319635391235e-02
-1.915699243545532227e-02
-4.123275727033615112e-02
-2.971855690702795982e-03
6.102994550019502640e-03
3.662100434303283691e-02
3.070582821965217590e-02
6.912793964147567749e-02
-4.839148744940757751e-02
5.154494196176528931e-03
5.631755571812391281e-03
-8.317179046571254730e-03
-2.722223754972219467e-03
3.777533769607543945e-02
-3.926860913634300232e-02
3.578147618100047112e-03
-3.479272499680519104e-02
1.504178717732429504e-02
1.048174314200878143e-02
-8.447424508631229401e-03
-6.818873435258865356e-02
2.907695434987545013e-02
1.892802392831072211e-04
5.537865683436393738e-02
-3.905093064531683922e-03
6.430535018444061279e-02
5.474119633436203003e-02
2.476467378437519073e-02
-8.644144982099533081e-04
-5.098051950335502625e-02
-1.363088842481374741e-02
-9.941975586116313934e-04
-3.731493279337882996e-02
2.189558697864413261e-03
-2.685016766190528870e-02
1.849620975553989410e-02
9.890415519475936890e-02
-1.668430678546428680e-02
7.834537327289581299e-02
-7.825275883078575134e-03
1.454130187630653381e-02
8.469439926557242870e-04
-5.624514073133468628e-02
8.426640182733535767e-02
-1.631244458258152008e-02
2.747823670506477356e-02
-1.450583990663290024e-02
-3.463901951909065247e-02
1.990309730172157288e-02
-3.387741046026349068e-03
3.425299748778343201e-02
5.196130275726318359e-02
-3.126997500658035278e-02
6.816728413105010986e-02
-3.993554040789604187e-02
-1.996365608647465706e-03
-8.497355878353118896e-02
-5.737873911857604980e-02
2.564967982470989227e-02
-7.846484892070293427e-03
-1.851674541831016541e-02
-3.124096058309078217e-02
2.370920218527317047e-02
2.521860599517822266e-02
-9.877092391252517700e-02
1.739010214805603027e-02
-1.193645782768726349e-02
-3.591617569327354431e-03
-3.940162062644958496e-02
-1.012024842202663422e-02
3.063611313700675964e-02
-3.195589408278465271e-02
-1.197301596403121948e-02
-1.295118872076272964e-02
-4.555920138955116272e-02
-1.137359160929918289e-02
-1.191623508930206299e-02
5.099779460579156876e-03
1.250169146806001663e-02
-2.345823682844638824e-02
5.671771708875894547e-03
-3.313728049397468567e-02
5.241694301366806030e-02
4.735322296619415283e-02
-3.176340134814381599e-03
7.998588494956493378e-03
-6.159898359328508377e-03
-5.517487227916717529e-02
4.083649814128875732e-02
4.623118415474891663e-02
3.164569661021232605e-02
-3.046274743974208832e-02
1.198317576199769974e-02
-5.344435200095176697e-02
-4.961778875440359116e-03
1.471475325524806976e-02
6.906557083129882812e-02
1.902466028695926070e-04
-2.136975154280662537e-02
4.326048120856285095e-02
-6.905451416969299316e-02
-2.084005624055862427e-01
-7.637659460306167603e-02
-5.656060297042131424e-03
4.824615269899368286e-02
3.639880567789077759e-02
-3.282940760254859924e-02
3.888173494488000870e-03
8.098010905086994171e-03
1.827687770128250122e-02
-1.170920677395770326e-05
6.505799479782581329e-03
7.854627817869186401e-02
-6.267434917390346527e-03
2.527311444282531738e-02
2.835748717188835144e-02
5.432532634586095810e-03
1.871437765657901764e-02
2.517792955040931702e-02
-3.898371011018753052e-02
-4.320178704801946878e-04
1.413614023476839066e-02
-7.567171752452850342e-02
6.627058982849121094e-02
4.311112221330404282e-03
-3.737113252282142639e-02
4.224996641278266907e-02
2.295512519776821136e-02
1.060067303478717804e-02
-3.902525175362825394e-03
-1.762898266315460205e-02
4.275628924369812012e-02
-2.067120000720024109e-02
3.084441088140010834e-02
-6.606291234493255615e-02
9.963291697204113007e-03
-4.231437295675277710e-02
-1.948552764952182770e-02
-1.781645976006984711e-02
1.849158480763435364e-02
2.570961369201540947e-03
-1.220140606164932251e-02
2.023497410118579865e-02
1.496982108801603317e-02
-3.494006767868995667e-02
-4.405070096254348755e-02
-8.899404783733189106e-04
6.156978756189346313e-02
-5.582728772424161434e-04
-5.819868296384811401e-02
-1.613746583461761475e-02
8.881660178303718567e-03
5.220671370625495911e-02
-1.977758109569549561e-02
2.040128596127033234e-02
2.586515247821807861e-02
3.176896832883358002e-03
-1.657299697399139404e-02
-5.294151976704597473e-02
-6.797566264867782593e-02
-2.185999043285846710e-02
-7.261743396520614624e-02
-5.487927235662937164e-03
-4.862958192825317383e-02
-1.995875500142574310e-02
-6.690101581625640392e-04
1.543553452938795090e-02
3.691440820693969727e-02
-6.298483908176422119e-02
-4.459561780095100403e-02
-5.056599155068397522e-02
1.106848567724227905e-01
9.538239799439907074e-03
4.581671953201293945e-02
2.620791271328926086e-02
1.158744189888238907e-02
8.471550792455673218e-02
3.554931655526161194e-02
4.003342241048812866e-02
-1.173172965645790100e-01
-8.676699362695217133e-03
-2.197773195803165436e-02
7.703430950641632080e-02
-1.667405664920806885e-02
-2.718757838010787964e-02
-1.463241688907146454e-02
2.585854753851890564e-02
1.742002926766872406e-02
6.591039896011352539e-02
2.678018808364868164e-02
7.353328634053468704e-03
3.173068910837173462e-02
3.745316714048385620e-02
3.138305246829986572e-02
-2.813402377068996429e-02
-8.741130121052265167e-03
8.016139268875122070e-03
-1.173661276698112488e-02
3.757813572883605957e-02
1.590831391513347626e-02
2.201296016573905945e-02
-6.825030595064163208e-02
3.435298427939414978e-02
4.842281714081764221e-02
-1.358196791261434555e-02
6.139699742197990417e-02
-2.071120962500572205e-02
-3.318971395492553711e-02
1.175661012530326843e-02
-3.190749511122703552e-02
5.502308532595634460e-02
6.435025949031114578e-03
5.547597631812095642e-02
-1.259824540466070175e-02
2.952110767364501953e-02
-1.650571078062057495e-02
-2.475210838019847870e-02
-4.735164716839790344e-02
-4.254412651062011719e-02
-3.934265673160552979e-02
1.052299793809652328e-02
-6.820085924118757248e-03
-6.565267592668533325e-02
-7.424275577068328857e-02
-3.208943456411361694e-02
-5.580130033195018768e-03
6.686786189675331116e-03
2.267806790769100189e-02
2.277033403515815735e-02
-3.248560801148414612e-02
3.814124315977096558e-02
3.655995056033134460e-02
2.018768526613712311e-02
-2.221214957535266876e-02
7.044910639524459839e-02
-1.147073809988796711e-03
-3.894092282280325890e-03
-5.461022257804870605e-03
2.766278944909572601e-02
4.670685157179832458e-02
1.905413530766963959e-02
1.901089563034474850e-04
7.750851567834615707e-03
7.506559602916240692e-03
1.285788044333457947e-02
-1.597979664802551270e-02
-4.063420742750167847e-02
5.974010564386844635e-03
1.243323609232902527e-01
1.993316411972045898e-02
7.986878976225852966e-03
1.339165307581424713e-02
-3.529159724712371826e-02
-6.554888188838958740e-02
-6.339871138334274292e-02
-1.951063796877861023e-02
5.833121016621589661e-02
1.532423775643110275e-02
2.743547968566417694e-02
-1.178123871795833111e-03
8.860029280185699463e-03
2.913221903145313263e-02
6.839314848184585571e-02
4.433323442935943604e-02
-3.576636547222733498e-03
5.833351612091064453e-02
3.087549470365047455e-02
2.887214533984661102e-02
-2.571479380130767822e-01
-3.963456023484468460e-03
-3.541303053498268127e-02
-3.269811719655990601e-02
-2.291412651538848877e-02
4.454151913523674011e-02
3.382440283894538879e-02
-1.127246860414743423e-02
4.374796524643898010e-02
-1.218789163976907730e-02
5.530700460076332092e-02
-1.759791560471057892e-02
-6.162916496396064758e-02
2.018376626074314117e-02
3.565967455506324768e-02
-1.833769120275974274e-02
-1.619919203221797943e-02
-6.428130902349948883e-03
4.263423383235931396e-02
-2.041281759738922119e-02
3.013873100280761719e-02
9.970091283321380615e-03
-8.121630176901817322e-03
4.606231674551963806e-02
-5.997539684176445007e-02
-7.680860348045825958e-03
-1.357789933681488037e-01
6.519700866192579269e-03
-3.165200352668762207e-02
4.607756435871124268e-02
-2.259010449051856995e-02
-1.453150622546672821e-02
-1.760488562285900116e-02
1.732399314641952515e-02
9.634546190500259399e-02
-2.953859977424144745e-02
-2.121348865330219269e-03
2.717879787087440491e-02
5.613021180033683777e-02
-7.295698393136262894e-03
4.406704567372798920e-03
-1.020558457821607590e-02
4.246251657605171204e-02
1.917595230042934418e-02
6.053659319877624512e-02
-1.496242638677358627e-02
7.299776375293731689e-02
-1.517752278596162796e-02
-2.568027004599571228e-02
1.388038322329521179e-02
1.005886867642402649e-02
-2.336047776043415070e-02
1.547490246593952179e-02
-1.078167837113142014e-02
-1.171809900552034378e-02
6.204994022846221924e-02
1.537231355905532837e-02
3.213967895135283470e-03
2.712664008140563965e-02
1.984773576259613037e-02
3.420743346214294434e-02
5.487827584147453308e-03
3.616576269268989563e-02
4.094659164547920227e-02
-1.202182006090879440e-02
-3.284989297389984131e-02
-3.623412176966667175e-02
3.543836250901222229e-02
5.193150627746945247e-06
4.018754139542579651e-02
-2.810578234493732452e-02
4.188913851976394653e-03
1.160517218522727489e-03
2.216524071991443634e-02
-2.553849108517169952e-02
7.410357892513275146e-02
-2.058545593172311783e-03
1.167324651032686234e-02
2.603961154818534851e-02
5.313072353601455688e-02
1.350118219852447510e-02
1.767636276781558990e-02
-9.916474111378192902e-03
-4.087743163108825684e-02
9.782434441149234772e-03
-1.881280913949012756e-02
-5.475811287760734558e-02
3.886046120896935463e-03
6.395997852087020874e-02
-1.843755505979061127e-02
-7.610613852739334106e-02
-1.141211576759815216e-02
1.207578461617231369e-02
-2.313426882028579712e-01
-5.620251968502998352e-02
-8.892276324331760406e-03
-7.693125400692224503e-03
4.541729390621185303e-02
-2.009052224457263947e-02
2.906229719519615173e-02
2.987604402005672455e-02
1.963827200233936310e-02
-1.285543479025363922e-02
7.594309002161026001e-02
-9.972684085369110107e-02
2.093034423887729645e-02
2.757859788835048676e-02
4.220997542142868042e-02
4.217823594808578491e-02
3.917965292930603027e-02
-1.291111670434474945e-02
-8.546937257051467896e-03
-8.375283330678939819e-02
2.586860209703445435e-02
4.162162169814109802e-02
-8.224019780755043030e-03
8.307576924562454224e-02
6.481879856437444687e-03
-1.540343184024095535e-02
-2.099693566560745239e-02
-3.312246501445770264e-02
-1.764867641031742096e-02
-3.844720870256423950e-02
-3.034063242375850677e-02
8.612920343875885010e-02
1.779798418283462524e-02
-3.003052808344364166e-02
8.646228164434432983e-02
-2.876983210444450378e-02
-5.376979708671569824e-03
-2.168963290750980377e-02
-1.309356838464736938e-02
-3.843823820352554321e-02
6.125540658831596375e-02
1.219982746988534927e-03
-7.248583249747753143e-03
-2.394345216453075409e-02
-1.170245371758937836e-02
-2.328418567776679993e-02
2.390863373875617981e-02
3.616930171847343445e-02
-1.133589744567871094e-01
-3.071569139137864113e-03
-5.169236566871404648e-03
-7.987301051616668701e-02
1.687353476881980896e-02
-7.689151167869567871e-02
-7.550720125436782837e-02
-5.179883912205696106e-02
-4.815191775560379028e-02
-3.734809905290603638e-02
-9.657183289527893066e-02
-9.077124297618865967e-02
-2.909624390304088593e-02
-4.932061955332756042e-02
1.685839444398880005e-01
-1.922581531107425690e-02
-1.498825754970312119e-02
-7.188680768013000488e-02
1.041502282023429871e-01
-2.393620088696479797e-02
-4.520856309682130814e-03
9.200574830174446106e-03
2.922119945287704468e-02
3.206119313836097717e-02
-3.102408535778522491e-02
-6.278706714510917664e-04
3.960418328642845154e-02
-7.051045447587966919e-02
2.381928823888301849e-02
-9.039428085088729858e-02
2.975966408848762512e-02
-3.508866578340530396e-02
5.581552628427743912e-03
-2.393611520528793335e-02
-1.265701279044151306e-02
-4.017684608697891235e-02
-1.703587919473648071e-02
-3.008347377181053162e-02
1.380784902721643448e-02
2.155778184533119202e-02
9.568841196596622467e-03
2.553848363459110260e-02
-3.388947248458862305e-02
1.036154013127088547e-02
3.281693533062934875e-02
8.850096724927425385e-03
1.024895533919334412e-02
-2.856935188174247742e-02
3.237184137105941772e-04
5.582607700489461422e-04
3.650135174393653870e-02
1.370896771550178528e-02
-2.107801102101802826e-02
1.937507092952728271e-02
2.554958872497081757e-02
-4.071182012557983398e-02
5.350404977798461914e-02
4.272280633449554443e-02
1.471515279263257980e-02
2.967038564383983612e-02
-9.456124156713485718e-03
-2.490684390068054199e-02
-4.940697178244590759e-02
2.420582436025142670e-02
1.727411150932312012e-02
-8.327417075634002686e-02
-3.726645559072494507e-02
4.578942432999610901e-02
2.049804627895355225e-01
-4.458282142877578735e-02
-3.009487316012382507e-02
8.097238838672637939e-02
-2.421125024557113647e-02
9.242822416126728058e-04
-2.996467798948287964e-02
-3.188887611031532288e-02
-6.450800225138664246e-03
