0.01771170
-0.00290057
-0.01380799
-0.00709563
0.01392031
0.01607478
0.01051646
-0.00562803
-0.02783694
0.02195222
-0.00802737
0.01121151
0.01414290
-0.01537367
-0.04450558
0.00267953
-0.01975659
0.02944782
0.15579137
0.01588560
-0.00977236
-0.01673843
0.02436507
0.07144757
-0.00509801
-0.05244598
-0.03625911
-0.00635704
-0.03689035
0.01424562
0.16770744
0.01066771
-0.00404963
-0.01754338
-0.01098976
-0.03512604
-0.00734339
0.04024016
0.03699334
0.08165484
-0.02717968
0.00672248
-0.03731733
0.00806627
-0.00952075
0.00666461
-0.01602771
-0.00390293
0.03587165
-0.02045860
0.01428617
-0.05974555
0.11378468
0.03676335
-0.01314424
0.01634634
-0.02271015
0.01557707
0.43759537
0.07661936
-0.01355561
0.01853310
0.00169967
0.01409110
-0.00001885
0.03924113
0.00513584
-0.03311273
-0.03172965
0.00304127
0.03747912
-0.02631758
-0.00986151
-0.00929832
-0.05929308
0.04927371
0.01141119
-0.05686236
-0.00328577
0.04261485
-0.01753348
0.02742843
0.00578057
0.05696986
0.04366085
0.02521802
0.00732976
0.00832996
0.03724358
-0.01395911
0.03685332
0.03296377
-0.05311368
-0.02818052
-0.00230683
-0.01083634
0.03479022
-0.00775978
0.06081070
-0.01529711
-0.00956058
0.01974213
-0.00189736
0.01524571
0.02157247
0.03000031
0.07492579
-0.02175701
0.00741012
0.00510783
-0.01704757
0.02855529
0.03061488
-0.01794753
-0.00537777
0.00167286
0.01877958
-0.02731136
0.01222235
-0.01508865
-0.00993721
-0.01272267
0.01099582
-0.00088610
-0.02352034
0.01954891
-0.02505413
0.01094862
0.00310677
-0.02965041
0.01820353
0.00426892
-0.02912275
0.01299465
-0.05140588
0.00907159
0.07417256
-0.01694428
-0.00893943
0.02085206
-0.02917317
-0.00216688
0.00708342
0.00513425
0.01689935
0.15172175
0.03004194
-0.00881275
-0.01336942
-0.03218684
0.02021131
0.03429537
0.01276530
0.07252112
0.01516500
-0.00226569
-0.02714190
-0.00361499
-0.02004659
-0.01157189
-0.01445230
-0.02216112
-0.04908133
0.01105275
-0.00653903
0.04178283
-0.03131716
-0.02121237
-0.00585701
-0.05230551
0.01203897
-0.00376965
0.00290542
0.02690837
0.04703134
0.00070484
0.03486536
-0.00883062
-0.02864837
-0.02107451
-0.02246738
-0.02486086
-0.02565803
0.00065862
0.02913031
0.10907520
0.06858986
-0.00050845
0.01433109
-0.03654782
-0.09732635
0.01964620
0.00443343
0.01141312
-0.03346596
0.02251631
0.03821978
0.00777861
0.09744570
-0.00511242
-0.06644504
0.02118056
0.05686425
0.02376082
-0.02307814
0.04957155
0.00811461
0.01669826
0.00253256
-0.03356765
0.00876677
0.00713679
-0.04805516
0.00771475
0.00082535
-0.06199981
0.01625643
0.03483137
0.02732057
0.02297645
0.01120931
-0.71084708
-0.00775167
0.00547708
-0.00672375
0.00166318
0.03953848
0.01194920
-0.00604810
-0.00148733
0.00798624
0.01205379
0.01134278
0.00588463
-0.01475754
0.03063706
0.03032222
-0.00129768
-0.00490970
-0.02244186
0.02944516
-0.03570418
-0.03154409
0.03271881
-0.01906197
0.00469804
-0.01112562
-0.03376052
-0.00347585
0.03861148
-0.01113045
0.01335442
0.00469937
-0.00544752
-0.00103924
-0.00455622
0.18106294
0.00521898
-0.12272500
0.06481559
-0.02435644
-0.02450259
-0.05172654
-0.04748574
-0.05524023
-0.12958443
0.10263406
0.12816118
0.04353533
-0.12705383
-0.05187738
-0.10081150
0.02373924
-0.05468239
0.02690446
0.04397273
0.05922106
0.06088574
-0.09093922
0.01173260
0.03829351
-0.06922344
-0.02194428
-0.09404600
-0.05208485
-0.10050374
0.09175876
-0.06565324
-0.00143089
0.04202555
-0.06793767
0.03986216
0.04417696
0.12494893
-0.15450469
-0.07025543
-0.01680147
0.10206340
-0.05981123
-0.00157193
-0.11215223
-0.04854299
0.81262577
-0.10589120
0.02643224
-0.00708043
-0.00289352
0.06862725
0.10403051
-0.06029353
-0.02041762
-0.00809102
-0.00106091
-0.01890565
-0.04750174
-0.03005373
-0.01904908
-0.05029660
-0.12380933
0.06219768
-0.02039861
-0.00174014
-0.06140364
0.07701465
-0.02377644
-0.03152381
-0.01135460
-0.03087145
0.06431907
-0.00992573
-0.07489535
-0.04070716
0.03172097
0.01520944
-0.02637472
0.00477569
-0.09473300
-0.06935600
0.02333358
-0.03130952
-0.10500370
-0.06722833
0.01951243
-0.04402943
-0.02808805
0.03358565
0.03756876
-0.05114663
-0.02095000
-0.02948676
-0.01737667
0.03392246
0.04309365
0.07676385
-0.06010209
0.11459880
-0.03000368
-0.02405193
0.00870713
0.06351740
-0.03382422
0.01020040
-0.05954179
0.02702734
0.03634585
-0.01631794
-0.05140446
0.06935980
-0.00589654
0.00565975
-0.00078073
0.02460892
0.03640740
-0.07945526
0.03150820
-0.07399783
-0.06175508
-0.02855935
-0.03742564
-0.04288456
-0.01845561
0.03583559
0.02332289
-0.02403277
0.09159403
-0.05462638
0.00309561
-0.05662479
-0.00509381
0.04946390
0.03138990
0.05096484
0.05498244
-0.05683229
-0.02615696
0.01178765
0.04691476
0.03799089
0.02691708
-0.00218220
0.02143166
-0.07766711
-0.04835616
-0.08295903
-0.01170951
0.06142233
0.00683176
-0.06949326
0.06046011
0.02706450
-0.08289870
0.01870843
-0.01149044
0.00059713
-0.04245935
-0.04607017
-0.00338306
-0.03692777
0.00582254
-0.03925173
-0.05112150
-0.03231144
-0.00389257
-0.00336789
-0.06168601
-0.00788038
0.00534117
-0.01962714
0.03628230
-0.01831585
-0.01039901
-0.00169991
-0.01326622
-0.07391471
0.04241358
0.06545483
-0.02568579
-0.07312708
0.01211376
0.01465493
0.00244326
0.03014103
0.06179341
-0.01822327
-0.06663866
0.04985444
-0.01776442
-0.02829721
-0.07769633
-0.01297138
0.02327687
-0.00573097
0.05243833
-0.01704962
0.04525974
-0.00810918
-0.00042722
0.00293812
0.02611051
0.05625847
0.03660578
0.04113698
-0.02125180
0.00067830
0.03557959
-0.02955630
0.02450050
0.02615092
-0.03199464
0.10288738
-0.00852561
-0.07287713
0.09579032
0.01116112
0.04359000
-0.01961893
0.02646518
0.00531796
-0.00970747
-0.03495749
-0.00723003
0.01962033
-0.08426430
-0.00273775
-0.00791418
0.01711146
-0.02235596
-0.03830191
0.00176127
-0.04973822
0.00801194
-0.05049062
-0.01485034
0.07768863
0.01302478
-0.08143946
-0.06027823
-0.00221617
0.06818265
-0.03217322
0.07187255
0.01661069
-0.00037410
0.01354402
-0.10219716
-0.10369853
0.01878143
-0.07125430
0.02922580
-0.00530609
-0.00648210
0.05319668
-0.01343315
0.01806029
-0.09387021
-0.01831251
-0.05002811
0.09335332
-0.00917197
0.01987386
0.02327530
-0.00038926
-0.00511793
0.06243476
0.02891621
0.00152915
-0.03639477
-0.00455033
0.00137998
0.02440223
0.02408601
0.02201327
-0.01419766
0.05993838
0.03759564
-0.04461920
0.01249924
0.01339196
0.03658975
-0.00078872
-0.08019246
-0.04933014
-0.01134876
0.01526405
0.01914069
0.07344819
0.03673895
-0.10563039
0.01737231
0.06389371
0.03213035
0.04513470
-0.01021340
-0.02512573
-0.00578771
-0.09512086
0.02666991
0.04833137
-0.02225617
0.00449527
0.01730889
-0.04448366
0.03899508
-0.04734356
-0.02154681
-0.06477066
0.03951609
0.01484507
-0.06558466
-0.04955224
-0.00857593
0.00651738
-0.00414498
-0.02523468
0.02161723
-0.04494541
0.04504076
0.07985257
-0.04062162
0.00024545
0.09233805
-0.03778615
-0.03640047
0.00851360
0.04120108
-0.01689414
0.02595295
-0.02858237
-0.01263348
-0.00945151
-0.01073650
-0.00931064
-0.10008191
0.03238925
0.06222459
-0.03079778
-0.00119337
0.07610783
0.01216502
-0.06068436
-0.08337253
0.01254787
0.05349164
0.04213902
-0.01336108
-0.02852605
0.08302881
0.01832842
0.00631520
-0.02347164
0.05726429
0.01514549
0.00532323
-0.02618841
0.04766067
0.00666180
0.00188218
-0.04333714
-0.00904374
-0.04621559
0.03336517
-0.00869539
0.06224798
0.02226484
0.03189626
-0.02812831
-0.06577613
-0.01077416
0.02963185
-0.02188686
0.03060725
-0.05731437
0.05726892
-0.09263401
0.05625856
-0.00414376
-0.07459615
0.05025923
-0.00105374
-0.02920887
-0.07522628
-0.03094389
-0.02221223
0.04384565
-0.02117041
-0.01566447
-0.01780409
0.02459803
-0.03199450
-0.04617696
0.03108644
-0.03587957
0.03900224
-0.07197393
0.01737409
-0.08956438
0.05709419
0.00753463
0.01881327
-0.02686593
0.08220066
0.02319202
-0.02935360
0.01897524
0.00733708
0.00158642
0.05395621
-0.01933500
0.02971590
0.01552515
0.00894300
0.05409593
0.02958130
-0.02422449
0.02812332
-0.02450654
0.07226321
-0.02567399
-0.06119201
-0.07418360
-0.03317774
0.00866188
0.01784085
-0.05524909
-0.02300165
-0.00610495
-0.02996137
0.06112639
-0.01250178
0.07521553
0.00200572
-0.00233372
0.05859808
0.01920947
0.03756578
0.03969303
-0.03022752
-0.00239806
0.04436075
0.00867361
-0.08044998
0.11488102
0.06884644
-0.00889288
-0.09915937
0.05275605
-0.00573546
0.00461863
-0.04970603
-0.03422798
-0.06796603
0.00356090
-0.00438485
0.03933604
-0.01463317
0.05398681
-0.03742784
-0.01788538
-0.07823323
0.01091319
-0.03271861
-0.00194351
0.04721458
-0.00027645
-0.02610499
-0.02361966
-0.09217059
0.07076916
0.02840783
0.00193342
0.07690469
0.02470586
-0.04933854
-0.04061556
-0.00816910
-0.05574777
-0.06947140
0.02509527
-0.07655506
0.01943538
-0.03541736
0.04843332
0.01336192
0.03569832
0.02328552
-0.01411560
-0.06250062
0.04567101
-0.00677525
-0.02658562
-0.05140482
0.05499414
0.00049235
0.02859939
0.07046497
-0.02512437
0.00100607
-0.02147282
-0.06115930
0.04660596
-0.02939420
-0.05409720
-0.08724441
-0.05971369
-0.01871252
-0.10329056
-0.09790708
-0.07489388
-0.05438571
-0.00091153
-0.05126393
-0.04912608
-0.04224001
0.05840461
-0.05398092
-0.04733755
-0.00839206
0.01116304
0.04961473
-0.09509423
-0.00653804
0.04739618
0.07374340
0.07717686
-0.09170744
-0.00437471
-0.00006885
0.04922051
-0.03918072
0.00500745
-0.02797597
-0.00087549
-0.00130870
-0.02532011
-0.00215482
0.06487465
0.02107021
-0.05923521
0.02274608
0.01395579
0.03190297
-0.05502585
0.01991717
0.01026609
-0.02945611
0.03415239
-0.00216749
-0.03773188
-0.02269612
0.00159233
-0.01442072
-0.00335267
0.04659339
0.01233799
0.01395587
-0.02859938
-0.01628159
-0.06856038
-0.00520057
-0.01089026
-0.08534107
-0.04380416
-0.02952833
0.07585724
-0.03784241
-0.01584175
0.09486852
-0.01319727
-0.06612959
0.01607858
0.03970087
0.01930991
