-0.01064111
0.00574813
-0.02703945
0.00681816
-0.00318456
0.00435430
-0.00349102
-0.00651454
-0.01451486
0.00899359
0.01269504
-0.01674339
0.02052018
-0.03798505
-0.04981465
0.01147881
-0.02554307
0.03240868
0.11068473
-0.00280538
-0.01802736
-0.01698633
0.04736023
0.07736807
0.00259738
-0.06419154
-0.02353245
-0.00838544
-0.01577269
0.02113618
0.10332354
0.01885002
0.01225756
-0.01570298
-0.01373618
-0.01600595
0.03782452
0.02986983
0.03422151
0.07205603
-0.00623252
0.03344339
0.01742191
0.02454117
0.00114390
0.01416006
-0.02691393
-0.01301767
0.03495319
-0.00651853
0.03587475
-0.01234780
0.10439146
0.04246431
0.02026676
0.03516328
-0.01486577
0.02559061
0.44945613
0.07191159
0.00526791
0.04058160
-0.01399253
-0.00560562
0.00011409
0.04154153
-0.00490336
-0.01435630
-0.04577378
0.00985889
0.02754601
-0.02018127
-0.01992593
0.00645850
-0.06978630
0.03837011
0.00595715
-0.05545685
-0.00327661
-0.06217004
-0.02426948
0.02956582
0.00576814
0.03524804
0.03558439
0.01698817
-0.00779080
-0.01261374
0.02515092
-0.05216312
0.03475381
0.01973170
-0.03557740
-0.01921373
-0.00443161
-0.00532853
0.02064437
-0.01050449
0.07500079
0.01795767
-0.01930555
0.01590545
-0.03066879
-0.00138662
0.00453471
0.05659929
0.08403631
0.00295976
-0.00295177
0.01436757
-0.00514621
0.03630638
0.05026295
-0.02419472
-0.00275976
0.02257432
0.03465273
-0.00426251
-0.00325707
-0.01640698
0.01633112
-0.00883226
0.03203262
0.00415952
-0.01283687
0.01899574
-0.04951200
0.03125512
0.00555491
-0.00943375
0.03591322
0.01296834
-0.00729829
0.03255027
-0.03793661
-0.00028984
0.09245446
-0.02771821
-0.00847572
0.01909885
-0.02437023
0.01358799
0.00951581
0.00687705
0.03700361
0.06279757
0.02910508
-0.00319635
-0.01135660
-0.00910120
0.05932377
0.00299220
0.01276972
0.06833834
0.00472601
0.00311521
-0.02890713
-0.01684524
0.00290682
0.00948512
-0.05234649
0.00043563
-0.03992255
-0.01747511
-0.02020604
0.06310462
-0.00379374
-0.04704444
0.02248083
-0.02474497
-0.00084568
-0.01946693
0.01285114
0.03591177
0.04026170
0.00086178
0.02130781
0.01136293
-0.01906389
0.00365881
-0.00286765
-0.02136928
0.00698038
0.00044275
0.06357607
0.00217082
0.13885885
0.01458310
-0.00439987
-0.01299423
-0.10719450
-0.00901420
0.00629001
0.03208433
-0.05699122
0.01567100
0.05384980
0.00562748
0.07180713
0.00632163
-0.06403940
-0.00801310
0.09778862
0.04658724
-0.01150889
0.02246487
0.01132165
-0.00038611
-0.01800271
0.01374917
-0.00535983
-0.00999414
-0.03127208
0.01699495
0.01735122
-0.04920586
0.02855013
0.02947626
0.02856584
0.04853234
0.00318713
-0.70680887
0.01790674
0.01900693
0.01626859
0.02365675
0.07042702
0.01300340
0.02954169
0.01631063
-0.01676538
0.03160353
0.03882576
-0.01512432
-0.02578469
0.02420703
0.04789658
-0.01198869
0.00128377
-0.02592592
0.05801540
-0.05454892
0.00358768
0.01261596
-0.02733597
-0.03223577
0.00278354
-0.05383106
0.02813640
0.05191800
-0.00736825
0.02143961
0.02768799
0.03362336
0.00502516
-0.00931363
-0.18134202
0.10786267
-0.06524309
0.08713582
-0.05386005
0.12054390
-0.11153866
0.06347200
0.01565974
0.05110180
-0.06245367
0.08787985
0.09794360
0.00140816
0.09559311
0.06606111
-0.02396950
0.00043297
-0.07681406
-0.01779375
0.04819326
0.12398163
-0.07109629
-0.06402906
0.01329730
0.04665880
-0.05269509
-0.05168051
-0.06870508
0.13015306
-0.11317419
-0.03118121
0.13380788
-0.07394352
0.10528123
-0.04375106
-0.06262285
-0.00514771
-0.03917807
0.13154811
0.04887745
0.20268457
0.01208258
0.01574937
-0.11713630
-0.07636134
0.78734660
-0.01993934
0.00103247
-0.01249504
-0.00572625
0.07174762
-0.11148314
0.02295123
0.03143086
-0.10246348
-0.01579500
0.07120101
-0.07308112
0.08735399
0.04078427
-0.00191946
-0.03434164
0.03830409
0.01850770
0.00427095
-0.04586209
0.05172529
0.03430643
-0.01544188
-0.02300809
-0.03865553
0.02458903
-0.00754688
-0.03894330
-0.03171725
0.01462487
0.04739332
-0.02027204
-0.01772637
-0.04862887
0.01396454
0.03385103
-0.00544974
-0.05791743
-0.06016313
0.04392840
-0.01570510
-0.07985919
-0.00615384
0.00963692
-0.04440128
-0.04574490
-0.01332900
-0.04119826
0.06117703
0.02382440
0.07968044
-0.04098529
0.04613773
-0.00555031
-0.00153481
0.08143122
0.02801159
-0.05985354
-0.00847982
-0.03421219
0.01754848
-0.01650281
0.00282629
-0.05748212
0.01995424
0.03450353
0.01151721
-0.00846483
0.01160637
0.02977123
0.02732033
0.01098505
-0.04505567
-0.00760339
-0.01153559
-0.05592360
-0.02630944
-0.02706708
0.02436755
0.05949947
0.00445494
0.08647532
-0.00863857
0.04014273
0.02710048
-0.06566995
0.09963854
-0.06027086
0.05796977
0.05552525
-0.02233153
0.00028357
0.00234999
0.01447552
0.03394860
0.00359183
0.07016136
-0.06563438
-0.04670030
-0.03247964
-0.06665535
0.04836066
-0.00880996
-0.02020703
-0.02412876
0.07747157
-0.01411499
-0.07648844
0.01960039
-0.00504316
-0.00564842
-0.00680799
-0.01439667
0.01066835
-0.04370242
-0.03001534
-0.03493534
-0.02696122
-0.02342680
-0.05196962
0.00689930
-0.00941971
-0.00717117
0.00982392
-0.04759339
0.01155513
0.04731799
0.01212498
-0.01537922
-0.03403047
-0.07953794
0.05547309
0.01805403
0.03115358
-0.02659557
0.04673000
-0.03436593
-0.00807073
-0.00279128
0.07201033
-0.01416501
-0.05562041
0.04800259
-0.03784221
-0.18661280
-0.05517188
0.02078600
0.05301592
0.02832216
0.02885170
0.00984709
0.01880196
0.04830577
0.02358827
-0.00306617
0.05718662
-0.01779122
0.00644477
0.02967771
-0.02630477
0.00979297
0.07855584
-0.00599038
-0.01415348
0.02222825
-0.10849889
0.05946792
-0.00093018
-0.01871301
0.05891952
-0.01042285
0.03380214
-0.04966763
0.00222499
0.04092035
-0.01031579
0.02734808
-0.05970040
0.03101402
-0.05366250
-0.05008204
-0.01079163
0.03505148
0.01398715
-0.08536877
0.01296125
0.02005797
0.02024024
-0.06533328
0.02287236
0.08587107
-0.03044330
-0.08405202
-0.03309888
0.02088996
0.08980582
-0.00622741
0.06069918
-0.00350511
-0.01001126
0.02385000
-0.04512734
-0.08398739
-0.00757661
-0.09266962
0.00594358
-0.01892137
-0.00150550
0.01176534
-0.02909136
0.00686273
-0.08694492
-0.06075716
-0.04030614
0.07455759
0.01301588
0.05575572
0.05680716
-0.00884553
0.08879004
0.06046124
0.01032165
-0.11479951
-0.01976025
-0.03173545
0.02711788
-0.03687803
-0.00601353
-0.03176333
-0.04794409
-0.00198631
0.10944816
0.02048928
-0.00814959
0.03516091
0.03777019
0.04170969
-0.04421775
-0.00844385
-0.00430655
-0.03031655
-0.00949450
0.01318394
0.08075821
-0.05270297
0.02701196
0.07475663
0.01646648
0.09552857
0.00124042
-0.05512383
-0.00858600
-0.05559948
0.06960136
-0.00164778
0.02410957
-0.03474303
0.04035148
-0.04945092
-0.00724622
-0.04258218
-0.03128609
-0.03792017
0.04533575
0.04379153
-0.06320497
-0.04966563
-0.02085703
0.01601014
-0.02717685
0.04404663
-0.00394264
-0.02787225
-0.00677343
0.03511773
-0.02159321
-0.01313242
0.04921110
-0.00009961
0.03791276
0.02670441
0.04992079
0.03943299
0.03128305
0.01548374
-0.02576625
-0.00410686
0.00242361
-0.01488272
-0.06365819
0.01325230
0.09179801
0.02101362
0.05434899
-0.01782157
-0.04301458
-0.05912868
-0.06762041
-0.04810183
0.05358101
0.00735484
0.02202439
0.02430367
0.01506773
0.02775843
0.03455885
0.00085185
-0.00083304
0.00536583
0.00891448
0.00656236
-0.14554945
0.01570165
0.00038960
-0.02082415
-0.00708292
-0.00464894
0.02822250
0.02614339
0.07772239
0.00323586
0.04950277
-0.04357391
-0.06832830
0.02306496
0.01498458
-0.00196591
0.00708199
0.01703067
0.02754213
-0.06121376
0.02536423
0.01901741
-0.05659863
0.03261090
-0.10748444
-0.01276996
-0.08726418
-0.01466825
-0.03509915
0.04820977
-0.03546477
0.00466064
-0.05833139
0.04717068
0.10857417
-0.04202893
-0.01911343
0.05109296
0.09114172
-0.01216034
0.01642172
0.00086062
0.02840360
-0.00441292
0.02922208
0.01088574
0.08577072
0.01436207
-0.01660874
-0.03069257
0.02199965
-0.00755804
0.05469629
0.01412870
-0.01978301
0.04067719
0.02222079
0.01406332
0.02580152
-0.01442038
0.06079207
-0.01555174
0.04182984
0.03974801
0.00179190
-0.03552976
-0.04357243
0.03632710
0.03884034
0.02392818
-0.00670366
-0.01681079
0.01569957
-0.00999941
-0.03323099
0.09989928
-0.02393792
0.01463269
0.06061709
0.03770475
0.07595993
0.04477523
-0.04745628
-0.00715979
0.00171983
-0.04610496
-0.05618053
0.01212321
0.05019092
-0.03993731
-0.06966639
-0.00898493
0.00645739
-0.15503101
-0.04409976
0.00379603
-0.00138602
0.03114405
0.01858183
0.03526550
0.02552805
0.02357495
-0.02053516
0.00394918
-0.11902854
0.00471368
0.01677531
0.00531275
0.01783542
0.05717720
-0.00823036
-0.05888683
-0.06378935
0.02682447
0.02146688
0.00531064
0.06655110
-0.01124311
-0.02385054
-0.00381844
-0.04730761
-0.06252589
-0.04590808
-0.04470666
-0.01308868
0.01456401
-0.04637023
0.09090152
-0.00191228
0.00472138
-0.04193620
0.01419264
-0.02426607
0.03034640
-0.02065394
0.00548830
-0.02660169
-0.02083929
0.00137223
0.00946672
0.04292094
-0.02556615
0.02277093
0.02313925
-0.06537385
0.07892695
-0.03890108
-0.02864263
-0.06380795
-0.00516619
-0.08626305
-0.07591954
-0.07109526
-0.05425037
-0.04123671
0.08639923
-0.02571153
-0.01109150
-0.06044579
0.12124907
-0.02279196
-0.01507724
-0.01188086
0.06221469
-0.01221519
-0.05158863
0.00101385
0.05092690
0.02240829
0.03684213
-0.10222980
0.01804882
-0.05494800
0.00876125
-0.03771567
-0.02474390
-0.08651881
-0.04487495
-0.03071948
-0.00427656
0.04645292
-0.00391718
0.02632527
-0.04951568
-0.01536836
0.02636740
0.02596396
-0.01040452
-0.03295263
-0.04009517
-0.00204809
0.02772718
0.03080876
-0.02083964
-0.00637407
0.02379033
-0.05333928
0.03915383
0.01554280
0.03222322
0.04066086
0.01869483
-0.03111116
-0.05157184
0.06005587
0.03970530
-0.10398098
-0.02174199
0.02821224
0.18897925
-0.03877651
-0.06774285
0.01726705
0.01030422
-0.01603309
-0.03554063
0.01679145
-0.03492088
