0.0870548784732819
0.0425843559205532
-0.0005294235306792
0.0786527246236801
-0.0490338504314423
-0.0256837438791990
-0.0021160857286304
-0.0368147157132626
0.0864742100238800
0.1036750525236130
-0.0302734207361937
0.0441362708806992
0.0217622146010399
0.0363854877650738
-0.0740115568041801
-0.1014288589358330
-0.0884177312254906
0.0030026708263904
0.0416437573730946
-0.0849405527114868
0.0586039908230305
0.0322787687182426
0.0091945007443428
-0.0000225696130656
-0.1129184961318970
-0.0185791868716478
0.0272400770336390
0.0359395854175091
-0.0824415236711502
0.0888635963201523
0.0067293038591743
-0.0204743016511202
0.0856501236557961
0.0854202434420586
0.0339180044829845
0.0535824373364449
0.1285381913185120
0.0281955320388079
0.0101964734494686
-0.0576692111790180
-0.0130521729588509
0.0367242917418480
0.0697364881634712
0.0206681936979294
0.0988770648837090
-0.0170416664332151
-0.0829617828130722
0.0226347111165524
0.1044291704893112
0.0329036079347134
-0.0963352695107460
0.0561950393021107
0.0880924686789513
-0.0877291038632393
0.0164746511727571
-0.0399053171277046
-0.0730471536517143
0.0515199750661850
0.0841511040925980
0.0144950095564127
0.0885074287652969
0.0205680634826422
0.0108117405325174
-0.0569680556654930
0.0118439374491572
-0.0334863029420376
0.0335165262222290
0.0563657768070698
0.1374580115079880
-0.0161438640207052
0.0180202834308147
0.0165550112724304
0.0114189647138119
0.0411470867693424
0.0492612943053246
-0.0574193410575390
-0.0757246762514114
0.0113765345886350
0.0329764075577259
-0.0376787185668945
-0.1146466806530952
0.0456082262098789
-0.0067942673340440
-0.0395500436425209
0.0961775705218315
-0.0776677057147026
-0.0225470345467329
0.0547743961215019
-0.0261797476559877
0.0473505780100822
0.0358608141541481
-0.0652258098125458
-0.0724724531173706
-0.0225292779505253
0.0520081184804440
0.0077442014589906
0.0494485497474670
0.0059829987585545
-0.1123294606804848
0.0599358566105366
-0.0767483338713646
-0.0613538920879364
0.0550061166286469
0.0310932993888855
-0.0825620144605637
-0.0344778895378113
-0.0579933375120163
-0.0785869434475899
0.0612788759171963
0.0736000165343285
0.0312512814998627
0.1231405138969421
0.0696589201688766
0.0551512539386749
-0.0584815107285976
0.0531507134437561
0.0259241331368685
-0.0434926711022854
-0.0861362740397453
0.1021450087428093
0.0175200495868921
0.0417345203459263
0.0553420372307301
-0.0257012005895376
-0.0913084000349045
-0.0608377642929554
0.0238605327904224
-0.1129674613475800
0.0127695128321648
0.1530044674873352
0.0470930412411690
0.1035299152135849
0.0730279609560966
0.0146155674010515
0.0586828812956810
-0.1172230467200279
-0.0519338138401508
0.0466535314917564
-0.0565009191632271
0.0925789624452591
0.0441486276686192
-0.0416168048977852
-0.0660561993718147
0.0744226872920990
-0.0323103368282318
-0.0932139679789543
0.0514915362000465
-0.0033430948387831
0.0365502126514912
0.0778592377901077
0.0980125516653061
-0.0880925953388214
-0.0296187046915293
0.0680650174617767
0.0948260724544525
0.1295243650674820
-0.0668153688311577
0.0252110268920660
-0.0793155953288078
-0.0653337910771370
0.0578271970152855
-0.0405696853995323
0.0655245408415794
-0.0754118263721466
0.0075919753871858
0.0278498847037554
0.0645669549703598
0.0712052881717682
-0.0579917393624783
0.0475107431411743
-0.0581962577998638
-0.1569463461637497
0.0243674963712692
0.0667221918702126
-0.0638508498668671
0.0153955100104213
-0.0585735253989697
0.0640720725059509
-0.0730940029025078
-0.0878191590309143
-0.0634925886988640
0.0519079230725765
0.0766341835260391
0.0977766811847687
0.0073380745016038
0.0852737054228783
-0.0223585553467274
-0.0114986328408122
0.0809308066964149
-0.0180882979184389
0.0351791568100452
-0.0554660148918629
0.0391335561871529
-0.0642017126083374
-0.0484070628881454
-0.0604325234889984
0.0777237713336945
0.0550373829901218
-0.0309213511645794
0.0200798977166414
0.0207964908331633
0.0433063916862011
-0.0178866684436798
-0.0923850610852242
0.0421386212110519
-0.0774112790822983
0.0606706440448761
0.0109475832432508
-0.0899704620242119
0.0069149667397141
0.0469991080462933
0.0570610202848911
-0.0182755589485168
0.0003080693422817
0.0282296072691679
0.0309313386678696
0.0050422130152583
0.0869310796260834
-0.0623670853674412
0.0940192192792892
-0.1055474653840065
-0.0303529072552919
0.0281783659011126
-0.0309951547533274
0.0532274693250656
0.0069255945272744
0.0169961135834455
-0.0578809455037117
-0.0578416697680950
0.0184412319213152
0.0525350868701935
0.0908599197864532
-0.0144520765170455
0.0485821180045605
-0.1077500209212303
0.0248163100332022
0.0563999637961388
-0.0658299475908279
-0.0656175762414932
-0.0507166571915150
-0.0424774736166000
-0.0146696334704757
0.0868321210145950
0.0552840530872345
0.0378355495631695
0.0878852754831314
-0.0788337141275406
-0.1386430859565735
-0.0401185043156147
0.0375371091067791
-0.0750198289752007
0.0383757464587688
-0.0415177270770073
-0.1016517207026482
0.0290244072675705
-0.0623591355979443
-0.1042297631502151
-0.0969715714454651
-0.0920167192816734
-0.1341514438390732
0.0007192043703981
-0.1774778068065643
0.0832926407456398
0.0423039235174656
-0.0151028977707028
0.0523704476654530
-0.1316998451948166
0.1209973618388176
0.0165719911456108
0.0999852567911148
0.0454577654600143
0.0476297400891781
-0.2773919999599457
-0.0955462083220482
0.0507263019680977
-0.2364813536405563
-0.0506940484046936
-0.0539345443248749
0.0110485050827265
-0.0903062969446182
0.0460165776312351
-0.0568193867802620
-0.1946705877780914
-0.1421121358871460
0.1032873839139938
-0.1093331426382065
-0.0530057176947594
-0.1080115064978600
0.0005494221113622
-0.1503184884786606
-0.1695000678300858
-0.0792715623974800
0.1505929082632065
0.0041152802295983
-0.0928469300270081
-0.1706828922033310
-0.1236409544944763
-0.1100136041641235
0.0352409407496452
-0.1253041774034500
-0.1542813330888748
0.0988274589180946
0.2670206725597382
-0.1817359775304794
-0.0519977807998657
0.0873959809541702
-0.0460405237972736
0.1041691899299622
0.1141337230801582
-0.1948136985301971
0.0777531787753105
-0.3011324703693390
0.0957107096910477
0.0366024561226368
-0.1740391999483109
0.1073061749339104
0.0762298181653023
0.2667042016983032
-0.0150957880541682
-0.0619155839085579
0.0537098757922649
-0.0097269825637341
-0.0245128665119410
0.0499910041689873
0.0162481162697077
0.0055864318273962
-0.0032332849223167
-0.0208010207861662
0.0607356168329716
0.0251919366419315
0.0091335419565439
0.0313711017370224
0.0634972155094147
0.0452765151858330
0.0691667050123215
-0.0222142357379198
-0.0353881008923054
-0.0252949520945549
0.0226671155542135
-0.0488287918269634
0.0748535394668579
-0.0139105496928096
0.0171277243643999
0.0451863668859005
-0.0781743228435516
0.0044438354671001
-0.0074879452586174
0.0207035411149263
-0.0920543223619461
0.0405677258968353
0.0146730635315180
0.0194466635584831
-0.0136455185711384
-0.0306197814643383
-0.0649610310792923
0.0439291447401047
0.0106453327462077
-0.0434968210756779
-0.0271332748234272
0.0691895633935928
0.0415421500802040
0.0588873401284218
0.0825835466384888
0.0562988594174385
-0.0544406846165657
-0.0736454650759697
-0.0411216393113136
-0.0069328411482275
0.0053049949929118
-0.0379688777029514
-0.0053903241641819
0.0547869466245174
0.0128019647672772
-0.0293152779340744
0.0367665886878967
0.0748499408364296
0.0382603146135807
0.0345613136887550
0.0282934401184320
0.0602187030017376
0.0547162666916847
-0.0209749564528465
-0.0149877136573195
-0.0035241420846432
0.0579475238919258
0.0171491913497448
-0.0318507552146912
0.0722125694155693
-0.0379889085888863
-0.0767062976956367
-0.0482790432870388
0.0655496269464493
-0.0116371978074312
-0.0354894176125526
0.0920416340231895
-0.0156084476038814
0.0638184621930122
0.0349147543311119
-0.0015761111862957
-0.0720537155866623
-0.0109387990087271
-0.0025090936105698
0.0083630885928869
-0.0390474051237106
-0.0517980232834816
0.0786961242556572
0.0018000276759267
-0.0714970976114273
0.0163196213543415
-0.0280851069837809
-0.0219975244253874
0.0382001958787441
-0.0614196471869946
0.0379450656473637
0.0057916683144867
0.0067285750992596
-0.0949555486440659
-0.0255713313817978
-0.0434609577059746
0.0257820338010788
0.0574856065213680
0.0420363359153271
-0.0307018272578716
-0.0441317744553089
-0.0060429000295699
0.0326761417090893
-0.0150794796645641
0.0261228848248720
0.0132761206477880
0.0391542799770832
0.0284143388271332
-0.0441426113247871
-0.0306132566183805
-0.0071256221272051
0.0024137187283486
0.0091110169887543
0.0231560934334993
-0.0053988448344171
0.0243281405419111
0.0154477963224053
0.0529674664139748
-0.0385625213384628
0.0516676232218742
0.0209465585649014
-0.0057062027044594
-0.0028351834043860
-0.0826137512922287
0.0176262166351080
-0.0512414164841175
0.0600484907627106
-0.0199294760823250
0.0371634438633919
-0.0910669490695000
0.0371996536850929
-0.0074589084833860
-0.0384572669863701
-0.0760840177536011
0.0368189550936222
0.0661977604031563
0.0371289774775505
0.0226972680538893
-0.0023178458213806
-0.0098587302491069
0.0268484130501747
-0.0759698301553726
0.0189134646207094
0.0850047245621681
0.0550286322832108
0.0433499701321125
-0.0454106293618679
-0.0316297337412834
-0.0698570460081100
0.0120396474376321
-0.0097964880988002
0.0451347939670086
0.0730915218591690
0.0108426539227366
0.0387460924685001
0.0643991902470589
0.0025947808753699
0.1148311272263527
-0.0405882932245731
0.0270701386034489
-0.0146778207272291
-0.0591894276440144
0.0036271065473557
0.0002506540331524
-0.0313652940094471
-0.0205595400184393
-0.0166221074759960
0.0000700455493643
0.0301904212683439
0.0784073844552040
-0.0233640987426043
-0.0706597194075584
-0.0064048506319523
-0.0324392057955265
0.0049131261184812
0.0378221981227398
-0.0302439518272877
0.0327150709927082
-0.0881279855966568
0.0136690177023411
0.0491477660834789
-0.0437639094889164
-0.0710365250706673
-0.0352251864969730
0.0576428994536400
0.0768609419465065
-0.0463597625494003
0.0540213361382484
0.0401436388492584
-0.0435840226709843
-0.0246333982795477
0.0051682926714420
0.0060487999580801
0.1041517704725266
0.0715857893228531
0.0016486772801727
0.0414124019443989
0.0551787018775940
-0.0642845854163170
-0.0105413831770420
0.0406636260449886
-0.0330071300268173
-0.0637027621269226
0.0271512903273106
-0.0646423399448395
-0.0406403541564941
-0.0900968536734581
-0.0773132443428040
0.0069931182079017
0.0548080988228321
-0.0632160753011703
0.0170891322195530
0.0186997503042221
-0.0810025408864021
-0.0489623621106148
-0.0200705453753471
0.0582081116735935
-0.0472606346011162
-0.0109855262562633
0.0252950154244900
-0.0877934694290161
0.0779714658856392
-0.0407235734164715
-0.0534452311694622
-0.0291335452347994
-0.0414496809244156
0.0324705950915813
-0.0422050282359123
-0.0019255619263276
-0.0833271965384483
-0.0062093785963953
0.0082356324419379
0.0637467876076698
-0.0502397604286671
0.0171134285628796
0.0096523603424430
0.0275024734437466
0.0149361658841372
-0.0593028888106346
0.0374325700104237
-0.0433845408260822
-0.0233130529522896
-0.0317250154912472
0.0373879633843899
-0.0128348218277097
0.0180573407560587
-0.0853880196809769
-0.0547688193619251
0.0152214569970965
-0.0539483428001404
-0.0509105958044529
0.0071169100701809
-0.0153285218402743
-0.0520306341350079
0.0329521112143993
-0.0388117022812366
-0.0114428009837866
-0.0285985078662634
-0.0383987501263618
-0.0046048830263317
0.0484120249748230
0.0522708594799042
-0.0374817848205566
0.0314067453145981
0.0435639768838882
0.0218102931976318
-0.0069552776403725
-0.0549041628837585
-0.0541695579886436
0.0550306998193264
-0.0088193025439978
0.0150038115680218
0.0229347720742226
-0.0126137863844633
0.0047136377543211
0.0456502772867680
-0.0119085926562548
0.0060436492785811
0.0353294499218464
0.0143958572298288
-0.0190258137881756
-0.0218260418623686
0.0112975277006626
0.0231676250696182
0.0623732805252075
-0.0507316924631596
0.0606011897325516
-0.0209128707647324
-0.0645993128418922
0.0534763038158417
0.0845222100615501
-0.0724198296666145
-0.0742380544543266
0.0105931814759970
-0.0460188463330269
0.0361970067024231
0.0553866885602474
-0.0685464963316917
0.0590323768556118
-0.0465839505195618
-0.0052977143786848
-0.0673064813017845
-0.0698784291744232
-0.0336250700056553
0.0332432873547077
-0.0234191585332155
-0.0660152286291122
0.0345101282000542
-0.0310591552406549
-0.0523062683641911
-0.0025298246182501
0.0190501473844051
-0.0726563408970833
0.0059041474014521
0.0044712191447616
0.0873802229762077
0.0367001332342625
0.0300338976085186
0.0198404639959335
-0.0702170506119728
-0.0110027091577649
0.0352906249463558
0.0431672744452953
0.0354554206132889
-0.0101639218628407
-0.0056590330787003
-0.0099512785673141
0.0110887065529823
-0.0776302739977837
0.0080456351861358
-0.0563764348626137
-0.0509729683399200
-0.0024191411212087
0.0243344064801931
-0.0971028730273247
-0.0076926588080823
-0.0391824357211590
-0.0061298930086195
-0.0370746180415154
0.0594840012490749
0.0095944739878178
-0.0113883959129453
-0.0093422625213861
0.0005042259581387
-0.0385511815547943
0.0415844842791557
0.0355552658438683
-0.0374409295618534
0.0445746555924416
-0.0372898615896702
0.0064830933697522
0.0481199510395527
0.0292728785425425
-0.0630505010485649
-0.0180472414940596
-0.0648058801889420
-0.0079884259030223
-0.0515149012207985
0.0090960524976254
-0.0402783341705799
-0.0128901861608028
0.0363463908433914
0.0779072940349579
-0.0260941162705421
0.0642652511596680
0.0126732755452394
0.0559697896242142
0.0032427830155939
0.0890991911292076
-0.0557798445224762
0.0781270414590836
0.0069687585346401
0.0633270666003227
-0.0508866645395756
0.0062293782830238
-0.0358281396329403
0.0649617239832878
0.0140797868371010
-0.0153580205515027
-0.0025926881935447
0.0481946952641010
0.0046160416677594
-0.0336828678846359
0.0719769522547722
-0.0405150391161442
-0.0813804641366005
-0.0020242962054908
-0.0176567174494267
-0.0327886715531349
0.0366449244320393
-0.0127974282950163
0.0096978200599551
0.0117564518004656
0.0053090322762728
0.0369927324354649
-0.0264120381325483
0.0191179290413857
0.0012794829672202
-0.0549383461475372
-0.0365421921014786
0.0193820279091597
0.0458579286932945
0.0477631948888302
-0.0018956158310175
-0.0616225339472294
-0.0410206988453865
0.0530109554529190
-0.0436822213232517
0.0063979360274971
0.0372046194970608
-0.0321424528956413
0.0671830624341965
0.0374051891267300
-0.0408042259514332
-0.0601443499326706
-0.0379160679876804
0.0003901384770870
-0.0129279857501388
0.0666322112083435
0.0204641092568636
-0.0710848495364189
0.0981372818350792
0.0438420437276363
-0.0140140475705266
0.0136611042544246
-0.0427823066711426
-0.0308099742978811
0.0296540316194296
0.0030934070236981
-0.0247471705079079
-0.0218381769955158
-0.0715181604027748
-0.0428652241826057
-0.0849548652768135
0.0060151768848300
0.0777184292674065
-0.0158192645758390
-0.0589758455753326
-0.0251812636852264
-0.0239903051406145
-0.0411996059119701
0.0593155249953270
-0.0295943021774292
0.0348648205399513
0.0533176735043526
0.0723806694149971
0.0053523755632341
0.0220125038176775
0.0122808227315545
0.0626352131366730
-0.0148322787135839
0.0695854648947716
-0.0372490622103214
0.0127113321796060
0.0830244049429893
-0.0308386124670506
-0.0450977794826031
-0.0388387627899647
-0.0382759608328342
-0.0157148167490959
0.0462575256824493
-0.0653161779046059
0.0193046908825636
0.0018871577922255
-0.0465341769158840
-0.0155090503394604
0.0467220954596996
-0.0582419782876968
-0.0590211339294910
-0.0477510578930378
-0.0296667516231537
0.0114353876560926
-0.0718940794467926
-0.0450730584561825
0.0733175352215767
-0.0058848029002547
-0.0690785497426987
0.0110799251124263
-0.0403096787631512
-0.0409948304295540
0.0434249527752399
-0.0615705288946629
0.0444543398916721
-0.0038425973616540
-0.0421408973634243
0.0015201516216621
-0.0051362505182624
-0.0909974128007889
0.0499329231679440
-0.0570821762084961
-0.0201931633055210
-0.0020657510031015
-0.0368402898311615
-0.0415530204772949
-0.0271614231169224
0.0314569547772408
0.0240728333592415
0.0276387408375740
-0.0341216139495373
-0.0285459738224745
0.0727704167366028
0.0797822400927544
0.0708284080028534
-0.0694314762949944
-0.0032973184715956
0.0030087039340287
0.0150365652516484
0.0233557503670454
-0.0626996606588364
