-0.00940385
-0.01722423
-0.04768093
0.04176497
-0.03282464
-0.00900874
-0.00191377
0.01416394
0.04697132
0.02439359
-0.01455944
-0.03792758
0.02900619
-0.04580865
-0.02482981
0.02526906
-0.02803931
0.02314474
-0.02295062
0.03369745
-0.01276777
-0.00776461
0.03059703
0.00411737
-0.00809325
0.00195199
-0.02098653
-0.02118125
0.01708530
0.01154405
-0.09246006
0.02986350
0.03169751
0.00430444
0.01467135
0.04266943
0.03351188
0.02684703
0.00744498
-0.04598081
0.00414045
0.00888060
0.04369136
0.00103446
0.01566523
0.04117834
-0.02216294
-0.01154444
0.07027762
-0.00442890
0.07291926
0.06179279
-0.03158238
0.02567809
0.01301614
0.02152493
-0.02021892
0.01703318
0.35472038
0.04403402
0.01956445
0.00137089
-0.00854257
-0.01471673
0.03183840
0.00007392
-0.02182689
0.00374247
0.00567305
0.00731657
0.03522782
0.00013998
0.00473090
0.01033172
-0.05405377
-0.01891064
0.02018384
0.01041423
0.01054277
-0.11947684
-0.01062669
0.02655105
0.00963368
-0.04451938
0.00545082
-0.00543971
-0.00500832
-0.02507081
-0.00295720
-0.02602918
0.04363693
-0.02780042
0.06123805
-0.00796889
-0.00359175
-0.02812864
-0.00441555
-0.01300523
0.03444367
0.03345497
-0.04156287
-0.00418057
-0.05212818
0.01963935
0.02010590
0.01923423
0.01597666
0.01877627
-0.00478704
-0.01126690
-0.00514387
0.00983160
0.00294273
-0.05678703
-0.01276357
0.02195165
0.05904454
-0.01379886
-0.03583856
-0.00038461
0.03349238
0.00417785
0.00213799
0.01965122
-0.03164810
0.01081773
-0.02405215
0.00262038
0.03030628
0.00891718
-0.02947685
0.00517829
0.00736191
0.00767706
0.01497949
-0.02071850
-0.02545092
-0.02877491
-0.02093209
-0.00515916
-0.03936586
0.03024623
0.02908429
-0.03866522
0.05793236
-0.10703527
0.02034451
-0.01927010
0.00270315
-0.00847060
0.06376729
-0.00951515
0.02228413
-0.01855497
0.00780521
-0.01709908
-0.06542584
-0.01612517
-0.00011916
-0.02435686
-0.04383943
0.02399504
0.03462243
-0.06311844
0.02190547
0.01805522
0.08614865
-0.03307227
0.01957539
0.03578632
-0.00571385
-0.02030604
0.02302543
0.04585617
0.04613426
0.03944422
-0.00764573
0.03611899
0.02891409
0.01226284
0.04003343
-0.01211317
0.03030088
-0.00122492
0.04535452
-0.11782766
0.02137015
0.04544363
-0.03131216
0.02083813
0.00023118
-0.02624175
-0.01987073
0.01872293
0.00630313
-0.00518438
-0.04451142
-0.00925502
-0.08661675
-0.03724080
0.05420443
-0.03137141
0.05142745
0.00227763
0.00427582
-0.04783084
-0.00204813
0.01699358
-0.05059042
0.07704488
-0.05254089
-0.03185704
0.01455551
0.00000441
-0.00737361
-0.01847071
0.00103911
0.04868378
0.02669838
0.02073031
-0.04010559
-0.77185106
-0.02637028
0.01374688
0.04227227
0.02582193
-0.00002143
0.00043602
0.04198047
-0.00138580
-0.03192787
0.05399651
0.01026240
0.00453487
-0.03057842
-0.00152163
-0.01856342
-0.00692184
0.00817166
-0.01036096
0.08916149
-0.00378212
0.00207022
-0.08533538
-0.01341132
-0.02225321
0.01853791
0.01920252
0.07109331
0.02774065
-0.03265963
0.02410539
0.03501849
0.04371638
-0.00264374
0.02104379
0.13378406
-0.06910961
-0.13176844
0.08813094
-0.02888324
-0.08012461
-0.02480238
-0.01027010
-0.05171404
-0.12700066
0.15200312
0.03703371
0.04416583
-0.06525651
0.02379751
-0.03455625
0.01028963
0.04266760
-0.05722975
0.06806164
0.03403135
0.04400705
-0.05568584
-0.05433689
0.00638598
-0.14620134
-0.06664938
-0.09334549
-0.02790030
-0.12425879
0.10260168
-0.01403091
0.02270751
0.03508282
-0.00590237
0.13280876
-0.00094666
0.12184668
-0.12324258
-0.08625109
-0.03738713
0.06938354
-0.00367983
-0.02257493
0.04848955
0.03711635
0.83005476
-0.08841965
0.04320842
-0.05894845
0.11901194
0.05709071
0.02757010
-0.03570276
-0.01668641
-0.02391480
0.02123140
-0.03904675
0.00807693
-0.03065602
-0.07700817
-0.07238619
-0.07789728
0.04938660
0.05430836
0.03381072
-0.02788620
0.04739039
0.11062491
-0.00309996
0.04651185
-0.03314779
-0.03523399
-0.00745557
0.00203430
0.00257573
-0.05267590
0.00952966
0.07801637
-0.05862295
0.01295290
0.01098620
-0.01912872
-0.02360080
-0.01494219
-0.03541625
-0.00804549
0.02600543
0.00681485
-0.04817112
-0.02599893
-0.02379526
-0.07743785
0.08172101
0.00358999
-0.09960611
0.01255769
-0.00488729
-0.03637423
0.06687108
-0.02288856
0.04117601
-0.01888979
0.02441310
-0.02528266
-0.02039800
-0.05949394
0.04755565
0.04180546
-0.00281516
-0.02464240
-0.01256960
0.04965967
-0.06527896
-0.00981585
0.07658813
0.02465575
-0.00879265
-0.00793971
0.01499963
-0.08850093
-0.02580307
-0.04535765
0.00794168
-0.02573624
-0.00352203
-0.05115865
-0.05772592
-0.02142238
0.00768927
0.03286620
0.03026281
0.00717214
0.01716899
0.03866906
0.00554655
0.07549658
0.05242869
-0.04487238
-0.00489921
0.08755462
0.07356625
-0.00059118
-0.04048943
0.00989207
-0.05902651
-0.08337869
0.04468042
0.07304346
0.01020993
0.02765797
0.02307133
0.02884787
0.02598848
0.08287161
0.07325970
-0.04925942
0.04295649
0.00606601
0.01588220
-0.04351044
0.02357467
-0.03822411
-0.01158020
0.03393173
0.06085203
-0.02205718
-0.00281046
0.01538147
-0.06550786
0.07023136
0.00083993
-0.01142918
0.04571989
-0.02729205
0.02353793
0.01680222
-0.02498063
-0.00339975
-0.02194304
0.00191263
-0.03771286
0.04384166
-0.02591059
-0.02791557
0.00344730
-0.01512994
0.02949345
0.02476988
0.00624399
0.03263828
-0.17919150
0.07698107
-0.06719717
0.05267632
-0.02425973
0.02249410
-0.03466476
-0.02762017
-0.01126091
-0.00325764
-0.07366434
0.04668939
-0.00927289
0.05734250
-0.03807196
0.04032544
-0.04368814
-0.01574728
0.03410740
0.05327691
0.01719580
-0.00508450
-0.03527798
-0.03736521
0.02507847
0.02276610
-0.02877904
0.02139364
-0.03140308
0.04560295
-0.09039009
0.07613944
-0.04074266
-0.00804783
0.04344676
-0.08908298
0.00164452
0.04181826
-0.01249249
0.01482441
-0.02001770
0.00544270
0.03522946
0.02321667
0.02058188
0.02767538
-0.02818398
-0.00137694
0.04956796
0.00973880
0.03760524
-0.00310468
0.04998929
0.09505457
-0.06705908
-0.02619331
0.08118414
0.03136738
-0.02732409
0.01858619
-0.07957108
0.03179511
0.00761149
0.00081845
0.02518078
-0.02329122
-0.06448872
-0.08743243
-0.02631973
0.01727400
-0.06591976
0.04418753
0.01908581
0.07396347
-0.03923122
-0.06841299
0.06372003
-0.07339744
-0.02337578
-0.03415580
0.04325712
-0.10856375
-0.03958340
-0.02551132
0.00934767
-0.06761415
0.08049833
-0.08206170
0.01920462
-0.02312363
0.02564314
0.02746779
-0.00741224
-0.01574714
0.01217953
0.02476203
0.00468823
-0.05885395
-0.01567551
0.10876485
0.03038229
-0.00910216
0.00934445
-0.04277678
0.03841436
-0.04862219
-0.02834575
-0.03989894
0.02432305
0.01220392
-0.01645605
0.01204103
-0.01205777
0.02946016
-0.04420368
-0.04384907
0.00054634
-0.06105065
-0.06582422
-0.01167142
-0.04299666
0.07958197
0.06555007
-0.01272179
0.02796417
-0.03024485
0.02533120
-0.02672450
-0.05507727
-0.07333495
0.02415984
-0.01869103
0.01953040
-0.00723687
0.01054370
0.03853624
0.04382464
0.02868061
0.02244795
-0.01607031
0.02531626
0.00688394
-0.06366587
0.05038634
0.00451174
-0.05560104
-0.07141300
-0.10839056
0.04601276
-0.01666865
0.00313532
-0.03157878
0.01828288
-0.01197975
0.05731909
0.05044075
0.04571998
-0.00044223
0.02125797
0.07625215
-0.02761657
0.05043824
0.00511548
0.00976783
0.02022082
-0.05378187
-0.03419079
-0.16475171
0.04554644
0.03551881
0.00499154
0.00466909
-0.02098042
0.03306730
0.04493764
0.03199127
0.03873733
0.07207956
0.13675581
0.01647940
-0.02957270
-0.09186412
0.02516504
-0.00579075
-0.10328391
-0.01097824
-0.00272435
-0.03027210
0.00210193
-0.00491261
-0.04161678
0.05702146
0.00211832
0.07987480
0.00812826
-0.03076683
0.00626795
0.00618056
0.05426807
-0.03389454
-0.02629698
-0.03319690
-0.04255851
0.01673731
0.00768112
-0.00306915
0.04872239
0.03772376
-0.01815311
-0.10820065
-0.01142595
-0.02142221
-0.03846310
-0.03144677
-0.00548607
-0.05667802
0.00305937
0.05723944
-0.07727953
0.07644548
-0.00573654
-0.02588925
0.02111201
0.04405671
0.01623050
0.01434814
0.04436826
0.02398705
0.00966508
0.05556467
-0.03816495
0.02153884
0.00959652
0.05610516
0.01393434
0.02154885
0.05233872
0.02481364
-0.03500095
-0.03373082
-0.04641039
0.00864625
0.06310634
0.02090059
-0.03915318
-0.09315735
0.00250916
-0.00980426
0.03509288
-0.01045367
0.05114772
-0.02036696
-0.03421893
0.04240925
0.00928016
-0.01327746
-0.03619396
-0.11080320
0.00065202
0.00083253
0.01268975
-0.04281191
-0.00208322
-0.01884938
0.06877683
0.01667070
0.07212599
0.08551258
-0.09768020
0.08482749
0.03292074
-0.01422585
-0.01752309
0.06603759
0.04131966
0.01358871
0.04590138
0.07300762
-0.04411094
0.07228070
0.10169567
-0.01725250
0.04640011
0.05476546
0.00931641
-0.04158514
-0.00153062
0.01227057
0.03160048
0.03519451
-0.03453536
0.01429044
0.00313781
0.01887076
0.04120695
0.06608459
0.01010637
-0.04917634
0.03965306
-0.02385064
0.05045676
-0.00339320
-0.00236253
0.03124684
-0.05199505
-0.06570144
-0.04762981
-0.00269889
0.02668525
-0.00152129
0.02280255
0.03473438
-0.01978494
0.04840294
-0.01954406
0.02291488
0.03200885
0.00849382
0.06058794
0.01245135
-0.04123436
-0.02936161
-0.08672742
0.01670873
-0.03744784
-0.00341835
-0.00218414
-0.10319289
-0.01444250
-0.04043331
-0.02392136
-0.04040970
-0.02328666
0.03511375
-0.05629739
0.01067231
-0.00599936
-0.01938898
0.05036941
-0.01544321
-0.02493883
-0.05439183
0.02971940
0.00907365
-0.01800845
-0.00647159
0.00153632
-0.04890152
-0.03282135
0.00999230
0.02450322
0.00858644
-0.01713951
0.02320481
0.03843037
0.00857632
0.10890900
0.07616952
0.07171363
0.04909022
0.01504770
-0.01284919
0.03678712
-0.07188433
-0.01774636
-0.01495748
0.04760225
0.03517465
-0.02274022
-0.03437245
-0.05587826
0.04231014
-0.00746241
0.02704087
0.02821422
0.03337569
0.13065554
-0.01877724
-0.01977241
-0.06075053
-0.01695573
-0.07788961
0.05089135
0.00921651
0.00248242
