9.714256972074508667e-03
-7.604729384183883667e-03
6.179882329888641834e-04
-1.070810761302709579e-02
-1.411083736456930637e-03
1.693750265985727310e-03
6.863823626190423965e-03
4.356998950242996216e-02
5.542026460170745850e-02
-4.181338939815759659e-03
6.504965946078300476e-03
-3.554752096533775330e-02
4.865228664129972458e-03
-3.961667791008949280e-02
-7.999186404049396515e-03
1.135903148679062724e-04
7.579577621072530746e-03
-1.794382743537425995e-02
-6.525327265262603760e-02
3.859540075063705444e-02
-1.233584946021437645e-03
6.391268968582153320e-02
-6.015710905194282532e-02
-3.738961368799209595e-02
-1.408906653523445129e-03
4.229032993316650391e-02
2.295300737023353577e-02
-1.539559289813041687e-02
1.026987098157405853e-03
-1.124230399727821350e-02
-2.027781754732131958e-01
8.468537591397762299e-03
2.938427962362766266e-02
-4.563489463180303574e-03
1.412715204060077667e-02
8.207452297210693359e-02
-6.871304940432310104e-03
-1.837102579884231091e-03
-1.949947141110897064e-02
-1.282479614019393921e-01
2.157140895724296570e-02
-1.787353865802288055e-02
2.984461933374404907e-02
-3.445383161306381226e-02
6.773900240659713745e-03
4.484814032912254333e-02
-8.401459082961082458e-03
2.113627037033438683e-03
3.158468008041381836e-02
1.767586544156074524e-02
3.283505141735076904e-02
-3.758313879370689392e-02
-9.116159379482269287e-02
2.726138196885585785e-02
-2.136481227353215218e-03
-8.926198817789554596e-03
-7.507337722927331924e-03
2.051886171102523804e-02
3.597506284713745117e-01
-1.269320119172334671e-02
-1.276130415499210358e-02
1.749664172530174255e-02
6.493538152426481247e-03
-3.568456321954727173e-02
1.385563611984252930e-02
1.546303089708089828e-02
-2.295329235494136810e-02
7.559392601251602173e-03
2.192494273185729980e-02
1.304932869970798492e-02
3.821265272563323379e-05
7.972780731506645679e-04
-2.772224508225917816e-02
1.674098148941993713e-02
2.415536902844905853e-02
-4.190914705395698547e-02
-1.643945090472698212e-02
6.604700535535812378e-02
1.704166270792484283e-02
-4.888107627630233765e-02
-1.200062409043312073e-02
1.099659316241741180e-02
2.604386582970619202e-02
-4.824404418468475342e-02
5.384995415806770325e-02
-1.734530553221702576e-02
-1.079816184937953949e-02
1.049555465579032898e-02
1.763693802058696747e-02
6.111892871558666229e-03
2.283906564116477966e-02
-9.726773714646697044e-04
1.661792211234569550e-02
4.678652156144380569e-03
5.300445947796106339e-03
-1.962734758853912354e-02
-9.138899855315685272e-03
-3.289529681205749512e-02
-4.008381813764572144e-02
1.163018867373466492e-02
5.483017768710851669e-03
1.047919224947690964e-02
-6.195735186338424683e-03
1.289433334022760391e-02
7.491315249353647232e-03
-1.140630245208740234e-02
-3.400703147053718567e-02
2.394536696374416351e-02
2.193178050220012665e-02
-2.667956799268722534e-02
4.167699255049228668e-03
5.359272006899118423e-03
-4.911193996667861938e-02
-2.426417358219623566e-02
-2.230275236070156097e-02
8.377467747777700424e-04
3.523239120841026306e-02
-1.392649486660957336e-02
2.486046776175498962e-02
1.013336703181266785e-02
2.432861924171447754e-02
1.306973118335008621e-02
-1.800947077572345734e-02
-1.251532975584268570e-02
-1.434628758579492569e-02
1.234349329024553299e-02
1.067696418613195419e-02
9.642643854022026062e-04
1.487496425397694111e-03
1.087075248360633850e-01
-3.937910869717597961e-02
-2.635421929880976677e-03
1.400458626449108124e-02
-6.860255380161106586e-04
7.757627964019775391e-02
-3.660569712519645691e-02
-1.080354005098342896e-01
2.596254460513591766e-02
-9.953476488590240479e-02
-9.387663565576076508e-03
-9.759123623371124268e-02
8.045096881687641144e-03
-4.305237904191017151e-03
-1.672508940100669861e-02
7.195818237960338593e-03
-6.914575397968292236e-02
-1.685176417231559753e-02
3.298607422038912773e-03
-3.046135790646076202e-02
-4.231187049299478531e-03
1.317984517663717270e-02
1.299217808991670609e-02
-3.946970030665397644e-02
-6.136827915906906128e-02
-4.892120137810707092e-03
2.307777060195803642e-03
-3.275653347373008728e-02
1.419225358404219151e-03
-3.746926039457321167e-02
-4.004775546491146088e-03
-8.519593626260757446e-03
-4.952484741806983948e-02
5.243451520800590515e-02
-2.506747096776962280e-02
1.341036520898342133e-02
3.023424185812473297e-02
3.922529518604278564e-02
-4.769716411828994751e-03
1.066496036946773529e-02
4.292006790637969971e-02
-4.494776017963886261e-03
-1.790057634934782982e-03
1.787452585995197296e-02
-1.655472815036773682e-02
3.325112909078598022e-02
2.150231599807739258e-02
-5.418995395302772522e-03
1.712168334051966667e-03
-4.266332089900970459e-02
8.990675210952758789e-03
-6.848541554063558578e-03
-3.108395496383309364e-03
2.492859959602355957e-02
2.133821509778499603e-02
5.349228158593177795e-03
-1.246781572699546814e-01
-1.034111753106117249e-01
1.770067214965820312e-02
-1.681752316653728485e-02
6.850408762693405151e-02
1.258578598499298096e-01
-1.737706363201141357e-03
-1.582049019634723663e-02
-9.996680542826652527e-03
2.776225470006465912e-02
-1.259233709424734116e-02
7.370318286120891571e-03
1.485249213874340057e-02
-1.707914024591445923e-01
-3.439113497734069824e-02
9.091849625110626221e-02
1.224580314010381699e-02
7.714454084634780884e-02
-4.756667092442512512e-02
-6.051317788660526276e-03
-3.851373866200447083e-02
-2.108576707541942596e-03
3.978081047534942627e-03
-1.625148206949234009e-02
1.692923833616077900e-03
-7.427317649126052856e-02
-1.833581738173961639e-02
4.102331772446632385e-02
1.180509291589260101e-02
2.082171104848384857e-02
4.236922785639762878e-02
-1.739094033837318420e-03
2.336483821272850037e-02
-1.076457835733890533e-02
2.517238818109035492e-02
-4.980435967445373535e-02
-7.094968557357788086e-01
3.657768946141004562e-03
-1.772792194969952106e-03
1.593106053769588470e-02
8.589652366936206818e-03
-4.084591567516326904e-02
-2.678770013153553009e-02
2.707621455192565918e-02
-3.935487009584903717e-03
-2.815409190952777863e-02
-2.672511339187622070e-02
1.093853637576103210e-02
8.612622506916522980e-03
2.976871794089674950e-03
-3.218849003314971924e-02
-4.719921573996543884e-02
9.210144169628620148e-03
-2.056939527392387390e-03
4.752756096422672272e-03
1.909585483372211456e-02
2.687472105026245117e-02
2.866963483393192291e-02
-7.332197576761245728e-02
1.161681208759546280e-02
6.535172462463378906e-03
6.821339484304189682e-03
8.469722419977188110e-02
1.764572598040103912e-02
-3.475492075085639954e-02
-1.939132064580917358e-02
1.884743012487888336e-02
1.336394157260656357e-02
5.951678380370140076e-03
1.216146047227084637e-03
3.378872061148285866e-03
-1.719740964472293854e-02
-6.304020434617996216e-02
-2.903276868164539337e-02
-2.318807877600193024e-02
5.876680463552474976e-02
7.283781468868255615e-02
1.223686337471008301e-02
-1.798920333385467529e-02
5.532573163509368896e-02
1.073042023926973343e-02
9.758337587118148804e-02
1.030877977609634399e-02
4.511063918471336365e-02
-8.488940447568893433e-02
2.811222150921821594e-02
4.563587903976440430e-02
8.449029922485351562e-02
4.102734848856925964e-02
3.712309524416923523e-02
6.991084665060043335e-03
-5.695698410272598267e-02
-7.239196449518203735e-02
3.382965549826622009e-02
4.401699826121330261e-02
-1.430403348058462143e-02
6.037761643528938293e-02
1.120889782905578613e-01
-2.176513895392417908e-02
-2.156007289886474609e-02
6.475906074047088623e-02
1.283873617649078369e-01
7.838068529963493347e-03
2.826870791614055634e-02
-6.028641015291213989e-02
1.528370082378387451e-01
-8.042240887880325317e-02
2.128905802965164185e-02
6.600181758403778076e-02
2.953803539276123047e-02
-2.940306812524795532e-02
-1.087360829114913940e-01
-6.277036666870117188e-02
-2.901815064251422882e-02
5.804485082626342773e-02
1.178566813468933105e-01
-1.892868429422378540e-02
8.680806756019592285e-01
2.850464778020977974e-03
-4.957607015967369080e-02
-4.962686821818351746e-02
6.176016479730606079e-02
1.368748098611831665e-01
-2.036921679973602295e-02
3.750231489539146423e-02
4.961873218417167664e-02
2.368708513677120209e-02
1.760796308517456055e-01
2.903777547180652618e-02
1.156498212367296219e-03
-7.202275842428207397e-02
4.200706630945205688e-02
-1.162680611014366150e-02
1.386830303817987442e-02
-1.572085358202457428e-02
4.905959591269493103e-02
2.764429338276386261e-02
-4.747468233108520508e-02
3.574792295694351196e-02
4.691949114203453064e-02
-1.881805062294006348e-02
7.562973536550998688e-03
4.358170088380575180e-03
-2.747714333236217499e-02
-4.489984363317489624e-02
-2.383752260357141495e-03
-6.635587662458419800e-02
-6.320637464523315430e-02
4.085189476609230042e-02
5.683653429150581360e-02
-4.035146906971931458e-02
-5.168074369430541992e-02
3.363556414842605591e-02
3.945774957537651062e-02
-1.002032216638326645e-02
3.750395774841308594e-02
-4.687204584479331970e-02
5.890782549977302551e-02
8.846358954906463623e-02
-5.693255364894866943e-02
-7.614363729953765869e-02
-6.444843113422393799e-02
1.849173195660114288e-02
-7.419566810131072998e-02
2.657135715708136559e-03
-3.449003770947456360e-02
-4.369221627712249756e-02
-4.002133850008249283e-03
-8.123641833662986755e-03
-8.888242393732070923e-02
4.128910973668098450e-02
-4.523661360144615173e-02
4.078777879476547241e-02
7.141963578760623932e-03
7.418575882911682129e-02
-5.513311177492141724e-02
-1.595042645931243896e-02
-1.804631389677524567e-02
1.620009727776050568e-02
4.271050542593002319e-02
-2.081454358994960785e-02
-5.063439160585403442e-02
-1.627885922789573669e-02
1.097370963543653488e-02
1.718009356409311295e-03
-1.835604012012481689e-02
8.142593502998352051e-02
5.237676575779914856e-02
3.362714871764183044e-02
-6.444741506129503250e-03
-4.257650300860404968e-02
-9.250781685113906860e-02
8.698285819264128804e-05
-2.277638949453830719e-02
-3.050019405782222748e-02
-1.672797091305255890e-02
-2.525724098086357117e-02
-5.537549965083599091e-03
-8.557863533496856689e-02
3.941271081566810608e-02
-8.373119868338108063e-03
3.031414747238159180e-02
3.531662374734878540e-02
2.240113914012908936e-02
3.334815427660942078e-02
9.711508639156818390e-03
-2.544626407325267792e-02
7.533608935773372650e-03
4.148527607321739197e-02
-6.128852814435958862e-02
-1.808293908834457397e-02
-3.420196007937192917e-03
4.602317139506340027e-02
-3.731526061892509460e-02
-1.212036516517400742e-02
-3.303822129964828491e-02
-3.945039585232734680e-02
-1.100132521241903305e-02
9.821440093219280243e-03
5.791681259870529175e-02
8.786384947597980499e-03
-3.570555895566940308e-02
-4.481158684939146042e-03
3.268940374255180359e-02
-2.177436277270317078e-02
-4.426495358347892761e-02
6.038549542427062988e-02
-1.692512445151805878e-02
-1.499046385288238525e-02
3.741024062037467957e-02
3.071557357907295227e-02
1.474677771329879761e-02
7.725439034402370453e-03
-7.242014259099960327e-02
-2.243845537304878235e-02
3.124401159584522247e-02
2.676741033792495728e-02
-4.561875760555267334e-02
-5.330353975296020508e-02
4.859103355556726456e-04
-3.455791994929313660e-02
6.038375198841094971e-03
-7.921080291271209717e-02
2.074066782370209694e-03
4.415583610534667969e-02
-2.333365939557552338e-02
3.337177680805325508e-03
2.625556103885173798e-02
1.752017438411712646e-02
2.607053518295288086e-02
2.663744613528251648e-02
3.558887541294097900e-02
2.289510518312454224e-02
5.289748311042785645e-02
-4.640616104006767273e-02
-3.110427223145961761e-02
-2.017670683562755585e-02
8.898675441741943359e-03
5.443059653043746948e-02
3.984126448631286621e-02
1.347011774778366089e-01
2.583394572138786316e-02
-1.242348551750183105e-01
4.165405035018920898e-02
-3.083731979131698608e-02
5.499557405710220337e-02
-2.237859647721052170e-03
4.475625697523355484e-03
-3.965202718973159790e-02
-6.056146230548620224e-03
-4.682286456227302551e-02
3.199995309114456177e-02
-2.321699634194374084e-02
2.300150319933891296e-02
-7.059066742658615112e-02
2.269062586128711700e-02
-4.033238440752029419e-02
1.395330618834123015e-04
-9.535943157970905304e-03
-5.331367999315261841e-02
2.548185549676418304e-02
-1.256509404629468918e-02
-3.971800673753023148e-03
-2.577292360365390778e-02
-1.640058495104312897e-02
3.184342756867408752e-02
-6.785074365325272083e-04
3.152149543166160583e-02
-3.702616319060325623e-02
1.277367025613784790e-02
1.365398149937391281e-02
1.559638418257236481e-02
-2.553537674248218536e-02
9.120120108127593994e-02
-6.553362309932708740e-02
-3.361200913786888123e-02
4.934427514672279358e-02
-8.347048610448837280e-02
-1.539718080312013626e-02
2.618738263845443726e-02
-1.062156073749065399e-02
-6.142721511423587799e-03
-5.001169815659523010e-02
-1.438640058040618896e-02
3.995104134082794189e-02
-4.737560078501701355e-02
2.657088078558444977e-02
4.017974436283111572e-02
-3.059861436486244202e-02
-3.745932504534721375e-02
1.896982267498970032e-02
4.191915690898895264e-02
5.351465567946434021e-02
-2.676133811473846436e-02
-2.079431898891925812e-02
8.591315150260925293e-02
-2.141066826879978180e-02
-4.946240410208702087e-02
5.662718415260314941e-02
2.438644133508205414e-02
-1.946908049285411835e-02
-9.194922633469104767e-03
-1.357142776250839233e-01
-2.948352321982383728e-02
-2.086550369858741760e-02
-2.925863675773143768e-02
5.843644961714744568e-02
8.400460705161094666e-03
-2.669915370643138885e-02
-6.919729709625244141e-02
-1.324218511581420898e-02
-4.645494371652603149e-02
1.042778324335813522e-02
5.613861978054046631e-02
7.454737275838851929e-02
8.980241417884826660e-02
-4.410545155405998230e-02
-6.157085299491882324e-02
3.005627915263175964e-02
-3.811845183372497559e-02
9.338041767477989197e-03
1.120366854593157768e-03
1.358716003596782684e-02
-5.193391814827919006e-02
-5.093874409794807434e-02
-4.841472208499908447e-02
-3.701811283826828003e-02
-2.955595776438713074e-02
9.291511774063110352e-02
-4.999630898237228394e-02
4.927448928356170654e-02
2.365646418184041977e-03
5.566548183560371399e-02
3.430968150496482849e-02
1.258807349950075150e-02
1.278963219374418259e-02
-3.208762034773826599e-02
1.221155095845460892e-02
-5.605682730674743652e-02
-6.982494145631790161e-02
-2.885177358984947205e-02
8.254501223564147949e-02
9.273451752960681915e-03
1.582926325500011444e-02
6.026016175746917725e-02
-2.298471331596374512e-02
4.837429150938987732e-02
-3.706962242722511292e-02
-6.169372936710715294e-04
-6.136474013328552246e-02
-1.531360670924186707e-02
1.883752178400754929e-03
-2.574043814092874527e-03
4.106785356998443604e-02
1.225730520673096180e-03
4.107274860143661499e-02
2.792538516223430634e-02
-4.488848615437746048e-03
2.627064008265733719e-03
-1.096002906560897827e-01
-8.300160616636276245e-02
-4.929957911372184753e-02
-4.369958117604255676e-02
2.233532443642616272e-02
3.486340120434761047e-02
-2.218362130224704742e-02
2.404900640249252319e-02
-4.836290702223777771e-02
-3.654038766399025917e-03
-2.873949334025382996e-02
-6.211605668067932129e-02
-7.036876678466796875e-02
2.976080961525440216e-02
-4.440248385071754456e-02
2.155325748026371002e-02
1.614450104534626007e-02
3.729038638994097710e-03
1.420047227293252945e-02
1.722161285579204559e-02
6.220788229256868362e-03
4.254151601344347000e-03
8.906737901270389557e-03
3.113181516528129578e-02
3.586974460631608963e-03
-8.364060893654823303e-03
3.279924020171165466e-02
-4.715460538864135742e-02
-5.046708881855010986e-02
-8.594619482755661011e-02
-5.593683943152427673e-02
3.814640268683433533e-02
9.583304636180400848e-03
-1.965354755520820618e-02
-1.627914607524871826e-02
-6.944635510444641113e-02
-1.196564640849828720e-02
4.245111346244812012e-02
6.266222149133682251e-02
7.653713971376419067e-02
-2.424871176481246948e-02
1.049645431339740753e-02
1.725256070494651794e-02
-6.683510728180408478e-03
9.943816810846328735e-02
-2.337593398988246918e-02
-2.150242216885089874e-02
4.554041475057601929e-02
-3.346246853470802307e-02
-8.634679764509201050e-02
-3.098777681589126587e-02
7.108744233846664429e-02
3.812903910875320435e-02
1.883494295179843903e-02
-8.839800953865051270e-03
3.477813734207302332e-04
3.720600530505180359e-02
4.092123359441757202e-02
1.729615614749491215e-03
1.488594431430101395e-02
1.133907660841941833e-01
5.939540639519691467e-02
-8.581050671637058258e-03
-3.004844672977924347e-02
-9.100016951560974121e-02
3.618312999606132507e-02
2.562276460230350494e-02
-7.315389811992645264e-02
1.165444217622280121e-02
4.833647981286048889e-02
-2.310491912066936493e-02
-2.880391431972384453e-03
-4.741898551583290100e-02
-1.766519434750080109e-02
4.671834036707878113e-02
-9.921040385961532593e-03
-3.089642897248268127e-02
-1.959321647882461548e-02
-6.993758678436279297e-02
1.507626380771398544e-02
-1.251854188740253448e-02
1.774084009230136871e-02
-4.202385991811752319e-02
2.876498363912105560e-02
-6.361171603202819824e-02
2.493611827958375216e-04
1.145023945719003677e-02
1.135056652128696442e-02
1.795704476535320282e-02
-2.449256740510463715e-02
7.385470904409885406e-03
3.597207367420196533e-02
-6.659451872110366821e-02
-2.449373342096805573e-02
4.387690126895904541e-02
-7.511492818593978882e-02
-9.618339687585830688e-02
4.655890516005456448e-04
-7.919766753911972046e-02
3.594453632831573486e-02
5.595362558960914612e-02
-1.037775874137878418e-01
8.603364229202270508e-02
1.694423332810401917e-02
8.942249114625155926e-04
2.600955776870250702e-02
6.806819140911102295e-02
1.159657351672649384e-02
5.164338741451501846e-03
-1.671935198828577995e-03
3.859813150484114885e-04
7.695652078837156296e-03
6.276398152112960815e-02
-8.367877453565597534e-03
-2.408337779343128204e-03
7.629276253283023834e-03
-2.474438957870006561e-02
2.749637514352798462e-02
5.333954840898513794e-02
1.125027239322662354e-01
4.714806005358695984e-02
-4.592694714665412903e-02
2.384200133383274078e-02
-2.656775759533047676e-03
-4.473194107413291931e-02
8.519048988819122314e-02
-1.262605562806129456e-02
-7.601074129343032837e-02
-8.621795475482940674e-02
-3.291565552353858948e-02
-6.135950330644845963e-03
4.648824781179428101e-02
4.215173050761222839e-02
-2.354428917169570923e-02
-2.994704991579055786e-02
-1.106976810842752457e-02
3.584713861346244812e-02
-6.069013103842735291e-02
-2.866934612393379211e-02
-5.910404399037361145e-02
-1.037834510207176208e-01
1.933070831000804901e-02
1.454256381839513779e-02
6.273070722818374634e-02
-7.202205061912536621e-02
1.523563824594020844e-02
8.189406245946884155e-02
7.653026282787322998e-02
-8.748824708163738251e-03
1.476035267114639282e-02
4.967446997761726379e-02
-7.148516923189163208e-02
8.650536090135574341e-02
-4.909346997737884521e-02
-3.271974995732307434e-02
-2.697202377021312714e-02
9.208993613719940186e-02
-8.112990297377109528e-03
-1.195736811496317387e-03
3.106634877622127533e-02
4.724480956792831421e-02
6.021028384566307068e-02
5.673086270689964294e-02
5.782471597194671631e-02
3.565275296568870544e-02
6.179249286651611328e-02
5.061659589409828186e-02
-2.418530546128749847e-02
-4.637648537755012512e-02
2.896777912974357605e-02
-2.518024109303951263e-02
7.007377594709396362e-02
7.073815166950225830e-02
-2.704660221934318542e-02
-5.652583390474319458e-02
7.114578783512115479e-02
-8.658783510327339172e-03
4.946098476648330688e-02
3.029185719788074493e-02
-6.287414580583572388e-02
-4.792096838355064392e-02
1.452646777033805847e-02
-1.524459663778543472e-02
4.240775480866432190e-02
-3.836996480822563171e-02
4.780355375260114670e-03
-2.548282966017723083e-03
-1.031036004424095154e-01
-1.002929583191871643e-01
-4.414878040552139282e-02
-1.851714961230754852e-02
-5.655173212289810181e-02
2.130875177681446075e-02
2.352182287722826004e-03
-8.479830576106905937e-04
-2.060707099735736847e-02
6.210092920809984207e-03
2.604740438982844353e-03
1.432625576853752136e-02
2.479598112404346466e-02
2.839054539799690247e-02
1.949119614437222481e-03
-3.700985759496688843e-02
-2.992027997970581055e-02
-8.760964870452880859e-02
-7.991071790456771851e-02
1.246706955134868622e-02
-4.601234570145606995e-02
-4.786352161318063736e-03
-3.941966593265533447e-02
-8.007939159870147705e-02
5.419099703431129456e-02
-6.750206649303436279e-02
-1.125259324908256531e-02
-4.620405659079551697e-02
2.528270147740840912e-02
-3.729500994086265564e-02
-8.290876448154449463e-02
2.404512651264667511e-02
-5.619189236313104630e-03
9.058061987161636353e-02
2.508180215954780579e-02
-3.993849828839302063e-02
-4.794345796108245850e-02
-7.845842093229293823e-02
3.808451443910598755e-02
-5.743161775171756744e-03
-2.222876623272895813e-02
-6.949413218535482883e-04
-1.323588006198406219e-02
-5.790829658508300781e-03
-4.793123900890350342e-02
-6.041503697633743286e-02
3.737908974289894104e-02
1.250874251127243042e-02
4.238780960440635681e-02
-1.702170073986053467e-02
-1.090026553720235825e-02
6.865681149065494537e-03
5.889667943120002747e-02
5.138775333762168884e-02
2.145378477871417999e-02
6.663045287132263184e-02
2.131901681423187256e-02
-2.696854621171951294e-02
1.794424653053283691e-02
-2.444189600646495819e-02
1.112019456923007965e-02
-3.328542783856391907e-02
1.565105468034744263e-02
1.930476981215178967e-03
-2.046349644660949707e-02
-3.709210082888603210e-02
-1.887017861008644104e-02
2.328318729996681213e-02
-2.734110318124294281e-02
-6.083465181291103363e-03
-5.912188813090324402e-02
6.505544483661651611e-02
9.505971521139144897e-02
-8.844878524541854858e-03
-1.616672612726688385e-03
-5.508815124630928040e-02
-3.242372348904609680e-02
-8.976765722036361694e-02
-3.411906212568283081e-02
-1.469173468649387360e-02
-2.591731026768684387e-02
