-0.00098835
-0.00306117
-0.02591255
0.00926964
0.00732319
0.02364608
0.00259684
0.00250092
0.00856787
0.00008930
-0.00752490
-0.01636413
-0.00622235
-0.01199608
0.00033598
-0.00108471
-0.00839487
0.00196978
-0.09393638
0.00704912
0.00425672
0.01220067
0.02562277
-0.03453812
0.00189996
0.02793328
0.00203146
-0.01709492
-0.00056710
-0.00870191
-0.14405951
-0.01136777
0.01808209
-0.01221493
0.00411787
0.02609477
0.02263626
-0.01101313
-0.01674666
-0.03370058
0.01203326
-0.01199342
0.03429182
-0.01659793
0.00143361
0.01481719
-0.00320526
-0.02238583
0.00604114
0.01929719
0.02363570
0.05803270
-0.07915017
-0.00138416
0.01101585
-0.01860560
0.00962348
0.00562818
0.44276741
0.01281632
0.00020853
-0.02021286
-0.00335550
-0.01062114
0.01795997
-0.00514141
-0.01687067
0.00861190
-0.01591726
-0.00583976
-0.00473628
0.00647065
-0.03300625
0.00578735
-0.00893293
-0.02899130
-0.00143162
0.00189713
0.01611970
-0.13045341
0.00465109
-0.00591147
0.01680283
-0.03758546
-0.03823562
-0.01753500
-0.03114444
-0.01136382
0.00897882
0.00039521
-0.01628712
-0.05251474
0.09471786
0.00717828
-0.01376064
0.00089997
-0.01217111
-0.02776226
-0.02169479
0.01609215
0.00697485
0.00046594
-0.02607205
-0.00117684
-0.01000493
-0.01689903
-0.01981828
0.01858433
0.01131622
-0.01987921
0.00223851
-0.00954726
-0.01963476
-0.01175310
-0.00653523
-0.01318230
0.03133953
-0.00837052
-0.01696015
0.01804922
0.02278118
0.01683071
-0.01016550
-0.00256348
0.00455197
-0.00087124
0.01544670
-0.01240808
-0.00163343
0.05180506
-0.00715570
0.00544803
0.02514101
0.00445956
0.01299630
-0.03297820
-0.04027606
0.00232866
-0.09784711
0.00023634
0.05315413
0.01900603
-0.00073132
-0.00612634
0.00958538
-0.16160767
-0.00499721
-0.00133191
-0.02057094
-0.00096553
0.04354415
0.01788490
-0.00734255
-0.03680843
-0.00501320
-0.00764072
-0.01070285
-0.00310205
0.02612312
0.01427088
-0.00236432
0.08589584
0.01177585
-0.01740425
0.00584402
-0.01567347
0.05794737
-0.00810852
0.01287514
0.02923219
-0.00833930
-0.02174743
0.00171016
-0.00536210
0.01601941
0.01503139
-0.01782847
0.02113660
-0.00826321
0.00636830
0.01693203
0.02193779
0.02060999
-0.00254824
0.03592272
-0.20931765
0.08802132
0.03511481
-0.00468171
0.05101852
0.01476405
-0.01085277
-0.02052772
0.00214638
0.01129379
-0.02154322
-0.00234171
0.01580218
-0.05225250
-0.01695263
0.04886761
0.00184844
0.04952189
-0.01524174
-0.00460865
-0.04368429
0.00440483
0.00554769
-0.01276787
0.06797821
-0.01242635
-0.01374547
0.02990272
0.00252184
-0.01344212
0.01784150
-0.01651364
0.01743076
-0.00840103
0.00330590
-0.01370846
-0.73719817
-0.00695021
0.00496523
0.01250359
-0.00011565
-0.00967775
-0.01078068
0.02670935
0.00538741
-0.01532318
0.02266978
0.00848568
0.00697330
-0.05373358
-0.01031209
-0.01749804
0.01718749
-0.00890475
0.02341040
-0.00394639
0.02218091
0.06129394
-0.06424446
-0.01265139
-0.00321935
0.01717259
0.01214029
0.02890697
0.00580943
-0.02489658
0.02999435
0.03752907
0.02269226
-0.00331858
0.03503405
-0.01878521
0.15328221
-0.02292643
-0.02288496
0.10684027
-0.02857581
0.06275511
0.09187437
-0.14075683
0.11475367
0.00674258
-0.00489976
-0.21739845
-0.01378918
0.00046822
0.11926553
0.04588715
-0.05378351
-0.05540120
-0.02439095
-0.09512653
-0.12599641
-0.09213365
-0.02575936
-0.11765018
-0.00842313
0.02342809
-0.25133377
0.09262143
0.14971331
0.08936892
0.07651173
0.07914323
0.00345880
0.21559934
0.10359293
-0.01891978
-0.08127209
0.09838365
0.04825721
-0.19438972
-0.00524542
0.07000975
0.00695585
-0.08973546
-0.11521612
0.66753179
0.03087013
-0.04086251
0.04030715
-0.13779938
0.08200374
-0.11476349
-0.11252465
0.01765080
-0.00112442
-0.00210959
0.04811191
-0.18687055
0.00036410
-0.00834281
0.04607522
-0.05330352
-0.00553231
-0.01284493
0.01126040
-0.04326290
-0.07041589
0.03810011
-0.02869823
-0.00868025
0.00448386
0.01687185
-0.01618919
-0.04811076
0.01188050
0.00620307
0.02358023
-0.01227204
0.02783039
-0.03585988
-0.01940905
0.03964474
0.02027557
-0.01348322
-0.01477986
-0.02422817
-0.03419211
0.05711667
0.14131899
0.03790873
0.01291685
-0.01029797
-0.06143788
-0.01565753
0.01134672
-0.05623187
0.04333324
0.03430142
-0.00520403
0.03091013
0.00199709
0.03436226
-0.03254835
-0.04753017
0.01761782
0.03476737
-0.03881846
0.02840014
-0.03747375
-0.00293227
0.04490124
0.01721002
-0.04552541
0.02639145
-0.00100238
0.02779048
-0.06261801
0.05592984
0.01327952
-0.02491755
-0.03456400
-0.03724773
0.02795094
0.02176667
0.00604994
-0.05955653
0.03792132
-0.02136467
0.06539508
0.04831456
-0.00232626
0.02436898
-0.04994627
-0.01465689
-0.05134683
-0.00757114
-0.02355354
-0.02954357
-0.00550561
0.00896431
0.00859196
0.03693100
-0.08676966
0.01292240
-0.03956198
0.06237857
-0.04997792
-0.02320036
0.03791941
0.04245402
-0.01066578
-0.04779961
-0.05018612
-0.07711975
0.00386833
0.02534971
-0.00690551
-0.00114010
0.01001328
0.01861020
-0.03559392
-0.01280278
-0.04797060
0.04219866
-0.06916646
-0.13853082
-0.01719698
-0.03010796
-0.04737431
-0.03938256
0.02337711
-0.03382679
0.00271310
0.03217826
-0.02161234
-0.00536982
0.02219655
0.00078299
0.01776314
0.06967040
-0.06382094
-0.00762797
-0.00696866
-0.01596867
-0.01611020
-0.00081058
-0.02143992
-0.08683773
0.04333977
0.05282169
-0.12812519
-0.00375647
0.06666829
0.00576289
0.00094825
0.01722601
0.03623059
0.02169019
-0.07330108
0.04460673
-0.00927232
-0.03699872
0.03834358
0.12261083
-0.00108328
-0.00756236
0.01639965
0.02894083
0.02062554
-0.02922713
-0.00883378
0.05518300
0.03705394
-0.00572922
-0.05447759
0.02571601
-0.03943850
0.01489627
-0.01899341
0.00582136
-0.05716445
-0.03697160
-0.01860145
-0.00283723
0.04825194
0.04730899
-0.00587042
-0.00441731
0.00875105
-0.05536478
0.00294432
-0.08961590
-0.04340467
0.01891385
-0.06361855
0.01523875
0.03379316
0.00788389
-0.00633266
-0.02824679
0.01146329
0.08972262
-0.03282440
0.05348565
-0.02784245
-0.01439183
0.08538175
0.00568052
-0.00685983
-0.00199379
0.01030678
-0.02703181
0.06119593
0.05105463
0.06386238
-0.00784291
0.01888750
-0.03754341
-0.00940931
-0.02271138
-0.03307552
-0.01462669
0.03038152
0.03371649
-0.01657148
-0.08394372
-0.06076036
0.01920130
0.00335824
0.00945804
0.04288622
0.05306965
0.00110449
-0.00260640
0.02227805
-0.08816383
0.02026122
0.04834151
-0.03953424
0.00012357
-0.00640879
-0.03637375
0.00267844
-0.05178647
-0.03786091
-0.01771303
-0.01681315
-0.02356954
0.04849616
-0.09831766
-0.07017927
0.03452585
0.03338143
0.02957357
0.05015923
-0.07043085
-0.03308315
-0.04764204
-0.08146349
0.01926940
-0.00824992
-0.02606535
-0.04804360
-0.08492473
-0.03190159
0.05754678
0.01938257
0.01373537
-0.07695603
0.02532309
-0.00733828
-0.01505713
0.01326823
0.00439960
0.03992663
0.00052352
0.02235369
-0.02524436
-0.00073491
-0.03212184
-0.00141035
-0.02695500
0.00744144
0.02369375
0.06082600
0.00477804
-0.00140336
0.02060576
-0.04320564
-0.01678491
0.00774941
-0.00812407
0.00624284
0.04520898
-0.04053751
-0.07170241
0.06308351
-0.08902558
-0.01248198
0.04298401
0.02015714
-0.03373444
-0.00208882
-0.05995987
0.10187753
-0.04401154
0.04619541
-0.02472670
-0.02225889
-0.01492905
-0.01293166
-0.00189066
-0.06326972
-0.00604960
-0.05352763
-0.00952666
-0.02636598
-0.11527970
0.01959301
0.03840747
-0.05747753
-0.00826677
-0.01741910
0.00889953
0.03330041
-0.01300641
0.06179139
-0.01435095
0.00877566
-0.01470466
-0.00282373
0.00913057
0.03276718
-0.02575805
-0.12990279
-0.00111442
-0.04247945
-0.00410468
-0.04044717
-0.09674433
-0.01098180
-0.00907888
0.00694944
-0.05468242
-0.06565419
0.01140412
-0.02993767
-0.03039975
-0.03046716
-0.04967610
0.05493706
-0.00619777
0.02096844
0.02557925
-0.10586900
0.01104346
-0.09786993
0.02879176
-0.05135542
0.00706726
-0.02525541
-0.02533958
-0.00377510
0.02830189
0.05345999
-0.00440670
-0.02874312
-0.00174332
-0.04311713
0.01098978
-0.00384743
-0.00284357
-0.06525654
0.02401342
-0.00129503
-0.02000627
0.01483392
0.02545314
-0.02095300
0.00022281
0.06361499
-0.00387320
-0.08001171
0.01043707
-0.03993106
-0.00490278
-0.05987129
0.03045801
-0.03483372
0.03255000
0.03000782
-0.05684637
0.05058702
0.06411642
0.00551128
-0.03690692
-0.02035137
0.06868266
0.04622399
-0.02581978
0.01175044
0.01465158
0.03471817
0.00252283
0.02780993
0.01564467
-0.02969778
0.00076955
0.01724289
0.03021951
-0.09569239
-0.02410845
0.02527042
-0.08432221
-0.01055817
0.03969006
-0.01479949
-0.03427379
0.04601742
0.00352461
-0.19670631
0.09593207
0.02440212
-0.05480975
-0.07389244
-0.00199490
0.00027775
-0.02007797
0.02316695
-0.03936734
-0.00481957
0.02114335
0.04070783
0.01848851
-0.02336608
-0.07166207
-0.03795418
0.05268550
0.01077604
-0.06268522
0.03293732
-0.18853712
0.01659725
0.01003040
0.02776368
0.04313114
-0.03499409
0.02395516
0.02501855
-0.03366774
-0.06917522
-0.08701113
-0.03783399
-0.02023724
0.03685874
0.03869795
0.04306656
0.06985144
0.13702749
0.04925404
-0.09723104
-0.02310581
0.06712305
0.01640199
0.05304632
-0.08884968
-0.02905594
-0.00289626
-0.07084648
-0.03243543
-0.02276988
-0.00625105
-0.12316868
-0.04425221
-0.02891348
0.06339136
0.00463213
0.01133229
0.00059451
-0.00036483
0.00491635
-0.00259159
-0.03564794
-0.04351633
-0.03581360
0.12456444
0.04814295
-0.01522518
-0.02123230
0.03050392
-0.00024819
-0.00490390
-0.01431407
-0.06135388
0.00305739
0.00755911
-0.00075038
0.02624024
0.00898166
0.02382755
-0.01255672
-0.03542257
0.01810425
0.00734224
-0.17143267
0.03052402
-0.04440627
-0.04854884
-0.03071425
-0.03121257
-0.00115393
0.00849700
-0.01053945
0.02921964
-0.02058987
-0.06046394
-0.08667009
0.02663974
0.07533407
0.00412516
-0.03319972
-0.01853335
0.01829903
0.03366793
-0.01640010
-0.06137114
0.11295112
-0.01442402
0.07003099
-0.03984751
0.02278272
-0.04240024
0.01712515
0.04601569
-0.03785233
