0.03045271
-0.01195209
-0.05691556
0.05729857
-0.01924650
0.05863462
0.03164139
0.00317375
0.02848229
0.03941162
-0.05200638
-0.00559743
0.02591098
0.02985606
-0.01529945
-0.00244960
-0.01442075
0.04581625
-0.07689083
0.01413740
0.00355873
-0.04056295
0.10634578
-0.02570876
-0.01978793
-0.00330684
-0.03593694
-0.03474168
-0.02183916
0.01082961
-0.06833884
-0.03689429
0.00277694
-0.01240681
0.00172742
-0.01072192
-0.00034707
0.02030091
-0.02036677
0.00102802
-0.03517342
-0.00378422
-0.01520660
-0.02192720
-0.00812600
-0.03773202
0.01164301
-0.02661131
0.01432373
0.01216589
0.02600303
0.13665926
-0.10687363
-0.00833151
-0.00985950
-0.01874873
-0.04067256
-0.02010740
0.32970524
0.07003815
0.02823450
-0.04138928
-0.05447939
0.04155562
0.03328012
-0.07375707
0.01552564
-0.02987451
0.01459333
-0.06912357
0.04109123
0.01262412
-0.03055434
-0.00125813
-0.02680664
0.01085319
0.03428734
-0.01629616
-0.00334294
-0.09775657
-0.01309933
-0.00620622
-0.00010339
-0.04202773
-0.10621703
0.00188278
-0.00277222
0.00437170
0.02822030
-0.01654176
-0.00661334
-0.14278992
0.16989297
0.00066749
-0.03588510
-0.01581902
-0.01395988
0.01423213
0.00338805
-0.01755758
-0.00935150
0.01210817
-0.01930541
0.00728610
-0.00194092
-0.02834095
-0.02132239
-0.02090539
0.01992529
0.00262031
-0.02912501
0.00733861
-0.00663407
-0.00039092
0.01587899
-0.01542307
0.03401201
-0.00879668
-0.02594283
0.00250719
0.01133099
-0.01388558
-0.02132751
0.01827587
-0.02350914
0.02358671
0.02174605
-0.01149927
0.01462748
-0.03329963
-0.04251721
0.00186492
-0.02639121
-0.01149251
-0.01889222
-0.03035498
-0.03541330
-0.07633883
-0.08695232
-0.00756643
0.12863985
0.01081311
0.00568825
-0.04805515
-0.00455836
-0.15607075
0.00392630
-0.01283102
-0.00633493
-0.01197617
0.03219115
-0.00701353
0.02627584
-0.01580300
0.00711542
-0.00699480
-0.04027595
0.01125963
0.03245151
0.00953864
-0.00534361
0.18303992
0.02101894
0.00110269
-0.00734264
-0.08768950
0.10048895
-0.04934251
0.00265795
-0.00571039
0.01136426
-0.03185841
0.01239615
0.02647056
0.04933983
0.03199566
0.00514048
0.00563954
0.06605636
-0.01673726
0.07153182
-0.00476314
-0.00754130
0.00606267
0.01686118
-0.14279969
0.09506515
-0.00324993
-0.00198823
0.00346501
-0.04642649
0.02485942
-0.01146715
-0.01944731
0.01934990
-0.05682613
-0.10750488
0.00849506
-0.03605770
-0.00280313
0.06852262
0.01145647
-0.05142464
-0.03002778
-0.02039261
-0.03841946
0.00544303
0.02991332
0.01983382
0.11018323
-0.00326634
0.00609200
0.01238457
-0.01711254
-0.02154005
-0.01768758
-0.00485145
0.03639032
-0.01396454
-0.00530463
-0.01525705
-0.66205144
-0.01660733
-0.01388612
-0.00188139
-0.01642969
-0.06564466
0.02335289
0.01123864
-0.00894145
0.00590169
0.06284339
-0.00752006
0.01381775
-0.06701279
0.00429545
-0.01672975
0.02875857
-0.01324135
0.03323792
0.01629624
0.01203778
0.02246337
-0.10322403
-0.03492192
0.01387587
0.00918156
-0.01182632
0.02168297
0.01991161
-0.01847379
0.02265362
0.03867675
0.01578745
-0.01806991
0.00663057
0.02484234
0.07240732
-0.00549849
0.03264371
0.14085104
-0.05113250
0.01227716
0.01395247
-0.04361668
0.03081336
-0.05492371
-0.10340603
-0.15260978
-0.01590725
-0.01746863
0.01044962
0.07218353
-0.01889393
0.00045611
-0.02259130
0.04699132
-0.02178841
-0.05942610
-0.02740571
-0.04693294
-0.11013263
0.10584226
-0.14465779
0.01913949
0.12130339
-0.09318464
-0.00406316
0.02756850
0.10291886
0.12977639
0.08461525
-0.02591244
-0.06201058
0.01789609
0.04850008
-0.13419496
-0.06955928
0.06574869
-0.00485533
-0.14167368
-0.05249544
0.76291013
0.15675677
0.02331366
0.08378483
-0.12235147
0.15701544
-0.03673708
-0.17380083
-0.01641706
0.03151559
0.04360816
0.05304926
-0.14686956
0.06650790
-0.07611017
0.09231693
-0.14889912
-0.00846418
0.01249305
0.00425700
-0.04813214
-0.08561945
0.06643130
-0.00363412
-0.01794332
0.00575090
-0.02313257
-0.03809519
0.00015725
0.07706518
0.00042444
0.01706805
0.01908665
-0.05882787
-0.05750089
-0.02266852
0.03312292
0.03142419
-0.00452903
-0.00816822
-0.01598794
-0.03168164
0.06448158
0.09513903
-0.00912854
0.01908775
-0.06020629
-0.04808984
0.01182314
0.03016253
-0.04892883
0.05653845
0.05579676
0.05766050
0.04342592
-0.03208990
0.04565755
-0.01171789
-0.06981722
-0.02672917
0.00026522
-0.03537134
0.03622749
0.01197286
0.00022514
-0.02397810
0.03266979
-0.05057235
0.00152143
0.02731373
0.02934710
-0.04374498
0.02334088
-0.02651745
0.01866563
-0.02140762
-0.05143745
0.01997399
0.03730088
0.02597258
-0.06817622
-0.01419450
-0.00383212
0.06986320
0.06339137
-0.02248245
-0.03814658
-0.00827493
-0.05150201
-0.02961687
0.05826114
0.04036234
0.04117933
0.01726681
0.03415250
-0.01314441
-0.02656947
-0.01258669
0.01257271
-0.06469077
0.01733857
0.00100186
0.00095283
0.02761301
0.05345721
0.05982978
-0.02440184
-0.00949812
-0.04772477
0.00727609
-0.00034315
0.01342056
-0.02637255
0.03309806
0.03380198
0.00553965
0.01862862
0.03467230
0.01740328
0.00489552
-0.11730656
-0.04395645
-0.02917967
-0.00282645
-0.02947653
0.08349208
0.00063785
0.01518217
0.02578149
0.04215502
-0.00299834
-0.01964856
0.02678185
0.01708092
0.06430258
-0.06720990
0.01280386
0.00873702
-0.01751449
-0.03242336
-0.00434533
-0.03635684
-0.06578493
0.03897249
0.03626727
-0.20997892
0.03439852
0.07099773
0.05365307
0.03460008
0.03087085
-0.01444096
-0.01428567
-0.00317167
-0.01629782
-0.03032009
-0.04666253
0.06838375
0.12761870
-0.03589687
0.01579677
-0.02068824
0.01642553
-0.00422893
-0.00189210
0.00196173
0.02623251
0.01663284
-0.01308854
-0.02963014
0.03816520
-0.05061782
-0.02212770
-0.00003820
0.01671203
-0.02679251
-0.03653398
0.04510675
0.00472435
0.07997698
-0.00937427
-0.01988608
0.04044891
0.02192464
-0.01107629
-0.04097587
-0.04305922
-0.00712485
0.04117278
-0.02740275
0.01459390
0.03779981
-0.00588389
0.02506320
-0.00960831
-0.01592443
0.09602851
-0.04971049
-0.00105564
0.00292840
-0.01373028
0.00366049
0.03221719
-0.00311793
-0.00235666
-0.05161272
-0.03638039
0.00643453
0.05750284
0.05837724
-0.07571498
0.07118681
-0.06378961
-0.02939366
-0.00964181
-0.04785055
-0.03717604
0.04554417
0.06904872
-0.03708109
-0.13547440
0.01702164
-0.03345973
-0.08779477
0.02186690
0.05596537
0.02678609
-0.01037545
0.00899174
-0.01471077
-0.08368239
0.07048656
0.10067427
-0.03579254
0.06264285
-0.00752266
-0.03095279
-0.00812602
-0.05063556
0.00241587
-0.01002580
-0.04677286
-0.02145786
0.04034005
-0.01808663
-0.06545227
0.00869508
0.02441035
0.03889395
-0.00591786
-0.07750440
-0.02133674
-0.03846075
0.01279226
0.11894546
-0.05059337
0.02048744
-0.00742459
-0.06239564
-0.10009848
0.08729066
-0.01024330
0.01453768
-0.02548913
0.04288769
-0.00711095
-0.00201708
0.05946977
-0.02055315
0.00241709
0.00706574
0.07696751
-0.00364241
0.02103789
-0.09894302
0.01573667
0.00764345
0.00703235
-0.02406132
0.04138783
0.05144664
-0.01596428
-0.01804860
-0.04448825
-0.01163657
0.02271425
-0.05261212
0.00229748
0.02499242
-0.02566191
-0.06796970
0.01480298
-0.18622966
-0.04790539
0.04292687
0.00377675
-0.04601597
-0.01651165
-0.01846189
0.11157328
-0.04620631
0.05903508
-0.01647118
-0.04380985
-0.01306455
-0.00858049
0.02552604
-0.01805666
0.01443214
0.00380857
-0.05237886
0.02443088
-0.21726108
0.02435257
0.07604664
0.01369299
-0.04326980
-0.01072987
0.00415024
-0.00089070
0.02278788
0.05586791
-0.01936932
0.03023303
-0.03420425
-0.01665059
-0.00325426
0.03566110
-0.03750874
-0.09328748
-0.04292534
-0.03895703
-0.07188243
0.01995459
-0.01691807
-0.05396314
0.00954411
0.01544702
-0.00138543
-0.03799465
-0.01281086
-0.05384110
-0.00181452
-0.04947191
0.00197452
0.03350145
0.07156666
-0.01399191
0.02306101
-0.01767290
0.00929435
0.03627608
0.07822829
-0.04014857
0.03488709
-0.02961574
-0.03586185
0.00142943
-0.00829774
0.03572916
-0.03322479
-0.00023743
-0.01451189
-0.03797224
0.05890994
0.02338776
0.01642792
-0.04477470
0.03243762
0.01454733
-0.05854470
0.03481834
0.06592049
-0.06503026
0.01591893
0.03484384
-0.00174497
-0.11365002
0.04081653
-0.02969783
0.02215652
0.02384254
0.00926898
-0.00220781
0.01677008
0.00664310
-0.06553212
0.04355326
0.06434710
-0.00411414
-0.03483280
0.00321707
0.00960282
0.03915349
-0.05895641
0.01291901
0.01755771
0.00128340
0.06261725
0.02852787
-0.01923984
-0.05650566
-0.05957214
-0.01878685
0.01264234
-0.11760766
-0.06933419
0.00627574
-0.02279712
0.02360620
0.02381710
-0.01159364
-0.00477436
-0.03366582
0.03519451
-0.08767711
0.14241691
0.00770322
-0.03268445
-0.00188917
-0.04415670
0.00470076
0.05652698
0.00984818
0.00490273
0.02530001
0.01963316
-0.00287909
0.00446883
-0.06520626
-0.04570187
0.00282949
0.03706136
-0.00755696
-0.01518661
0.04752484
-0.06313341
0.04096341
0.00364980
0.02751396
0.07441270
-0.01563750
0.03370968
0.02021879
-0.01182062
-0.06487731
-0.08385269
-0.00052012
-0.02138541
0.03473756
-0.02564600
0.01993595
0.05833507
0.14648877
-0.00624807
-0.03829506
0.00195509
0.04452831
-0.00802453
0.01146290
-0.06963670
-0.02424276
-0.04941244
-0.02623548
-0.08280379
-0.01469369
-0.03478504
-0.06490377
0.02091644
-0.08289509
0.04412261
0.01204097
-0.02765017
-0.01401030
0.01297024
-0.00705576
-0.05325613
-0.00320451
0.01272978
-0.10020296
0.00541305
0.00023360
0.00754464
0.00677210
0.01490533
-0.01169600
0.01668693
-0.03451650
-0.01684507
0.00234257
0.03320325
-0.01594604
-0.00967633
0.02137331
0.06044159
0.03631489
-0.00605228
-0.04829360
-0.01760852
-0.05670790
0.03584883
0.01188409
-0.03354309
-0.00821482
-0.02003981
-0.00309759
0.04243722
0.01562905
0.00207897
-0.00889607
-0.09239994
0.00494488
0.02293696
0.05782713
-0.00795399
-0.06285000
0.00160339
-0.00288575
0.00154643
-0.03053902
-0.04232772
0.12840822
-0.00955496
0.01463766
-0.02814760
0.03387437
-0.05472028
0.03170419
0.03285357
-0.01855977
