0.02766000
-0.00743703
0.01839407
-0.00853091
0.01297203
0.01803326
0.00190641
0.01622391
-0.03194315
-0.02185221
0.01581027
-0.00476029
-0.02528463
0.00823599
-0.01010417
-0.00490495
0.00269798
-0.00951771
-0.11010022
0.01232013
0.02259964
0.05351453
-0.02142597
-0.01683738
0.00508530
0.00663076
0.02376875
-0.03460886
-0.01698063
-0.01041000
-0.15329476
0.00992329
0.02155641
-0.00189402
0.01380554
0.02481849
0.02130895
-0.01102192
-0.01157934
-0.02919229
0.00002591
-0.01294725
0.07769248
-0.00168538
-0.00013254
0.00303183
0.01211850
0.00346948
-0.00627503
0.01461815
0.01281015
-0.00716289
-0.03538673
-0.02986803
0.02125088
-0.04157039
0.01299627
-0.00121899
0.48374304
-0.02880741
-0.00056707
-0.01067922
0.02513228
-0.03628970
-0.01611042
0.05083285
-0.03195281
0.01954192
-0.07905638
0.00793184
-0.01338801
0.00029857
-0.04684691
0.00091119
0.00535149
-0.00203459
-0.00916718
0.01146744
0.01023701
-0.14771380
-0.00498061
-0.01035802
0.00548388
-0.04627505
0.02361859
-0.00067019
-0.01148820
-0.01261025
0.00190904
-0.01805523
-0.02342024
0.00460413
0.00600370
0.01914521
-0.01634986
0.01369596
-0.01438031
-0.01174108
-0.05413503
0.00450388
0.03509435
0.03921359
-0.02733223
-0.00101709
-0.00799994
-0.01223897
-0.02180296
0.00103845
0.00887711
-0.00300430
0.02212710
-0.00090064
-0.01884137
0.00276397
-0.00610361
-0.00160637
-0.00269368
-0.01028354
0.00088527
0.00495550
0.00342202
0.00975467
0.00586264
-0.02816981
0.03434116
0.00669609
-0.00914475
-0.01275918
-0.00820938
0.10916976
0.02749626
0.01788755
0.01424224
0.01822885
0.03515441
-0.01885754
-0.03451194
0.02580429
-0.07140771
-0.00812014
0.01378121
0.03086856
-0.02114401
0.00136048
-0.00441379
-0.16726464
-0.00401788
-0.01050347
-0.01787593
-0.00798991
0.00728751
0.02818002
-0.03290318
-0.01509579
0.01136565
0.00278047
0.00362249
0.00511611
0.02345137
0.02806688
-0.00343669
0.06314329
-0.05024744
0.00712830
0.01055111
0.01141046
-0.00362965
-0.01257682
0.00935157
0.01361268
-0.01460911
-0.01109526
-0.00350356
-0.03099744
0.01118550
0.00695601
-0.00941127
0.01585474
-0.08238671
0.01807595
-0.00736366
0.01274802
0.00922737
-0.00389437
0.01604173
-0.22956485
0.09449555
0.01493260
0.00179348
0.06065168
0.03199650
-0.00851962
-0.02526242
0.01237250
-0.00728098
0.00582289
0.09788166
0.01028476
-0.04608325
-0.02419025
-0.01795242
0.00155965
0.10234152
-0.01525369
-0.00932067
-0.00734540
0.00349196
0.00572237
0.00319988
0.03551752
-0.00075514
-0.02825932
0.01735107
0.01328701
0.01343974
0.02645050
-0.02350982
0.03420798
-0.01606714
-0.00771597
-0.01248036
-0.67784369
0.02254866
0.02857297
0.01260333
-0.00913605
0.00547792
-0.01599232
0.02322034
0.02503350
-0.02425735
-0.02635287
0.03781172
-0.00453685
-0.03439619
-0.02008985
0.00271305
-0.00672591
-0.00773513
0.00178147
-0.01558392
0.00854554
0.11353962
-0.00254128
-0.01470554
-0.00011565
-0.00209407
0.01396451
0.00075101
-0.02173234
-0.00600638
0.00687120
0.00915302
0.00304177
0.00509947
0.01553476
0.15987326
0.02227654
-0.12389268
0.11444666
-0.04369654
0.00376928
-0.08183382
-0.00414674
-0.05038300
-0.07847320
0.10714662
0.13198094
0.07328384
-0.07425955
-0.02037005
-0.05152932
0.05864404
-0.05318039
-0.05045079
0.02523939
0.00290881
0.13655600
-0.08774465
-0.03595680
0.01293925
-0.07649975
-0.08753513
-0.05268433
-0.03920641
-0.09002719
0.04114228
-0.08437286
0.00482512
0.01084204
-0.06726485
0.03321397
-0.03524136
0.12447840
-0.16570777
-0.03118897
-0.00015340
0.14962421
-0.14028926
0.00591525
-0.13529292
-0.06243978
0.78848684
-0.15602817
-0.04464086
-0.02682197
-0.01548079
0.02633163
0.03857610
-0.07166531
0.00333172
-0.00913592
-0.00675705
0.04913273
-0.07580288
-0.04271057
0.01384295
-0.06030495
-0.12485100
0.11040646
-0.01329612
-0.01478132
-0.03350755
-0.04522298
-0.00298507
0.00284134
0.01709300
0.00458974
0.00097316
0.00257194
-0.01774674
0.03795140
0.02056574
0.01105842
0.05346247
0.04610707
-0.03208072
-0.02241888
0.04556654
-0.04178274
-0.06217636
0.00440028
-0.04511243
-0.01524994
0.04276196
0.07752513
0.00408841
0.00088473
0.03438784
-0.07487006
-0.08095789
0.02471207
-0.01819892
0.00008865
0.02788590
0.07071914
-0.03617556
-0.03405300
0.05424871
-0.01917801
-0.06465364
-0.01736220
0.02106102
-0.03890302
0.02187116
-0.03239138
0.02850358
-0.00353837
-0.08742966
-0.04856652
-0.00165490
0.03599852
-0.05231715
-0.05471236
0.06146229
-0.05127725
-0.03988791
-0.04358304
0.01663031
0.02074859
0.02239882
-0.01274019
-0.12716213
0.03994244
0.05166179
-0.00064603
0.01292805
-0.02296709
0.02479598
-0.02594508
-0.01367132
-0.04851857
-0.04121953
-0.03765732
-0.02833510
-0.03044211
-0.02386168
-0.06158374
0.06673612
-0.05715436
0.00065153
-0.00739034
0.10665100
-0.06519950
-0.05987296
0.07421210
0.00643400
-0.03037449
-0.02219397
-0.01186111
-0.11234043
-0.05681237
-0.00708069
-0.07672887
0.00526694
0.01005069
-0.02237103
-0.01823993
-0.00790318
-0.02105953
0.01598462
-0.03076198
-0.16190095
-0.00710184
-0.03820920
-0.02927460
-0.04230992
-0.01388131
0.06199966
-0.04241911
0.04100003
-0.05655846
-0.01742593
0.01280371
-0.00817655
0.00562100
-0.03124905
-0.05704356
-0.04102590
0.04159423
-0.04286138
-0.02874829
0.02684758
-0.01353180
-0.10548942
0.00266275
0.03829337
-0.10453924
-0.00841325
0.02374688
-0.03894388
-0.00438093
0.12909646
-0.00899477
0.07586289
-0.06332751
0.02822424
0.03222181
-0.05554587
-0.02004693
-0.06503464
0.00747023
-0.03316207
0.03898716
0.01509184
-0.02794775
-0.01710561
0.03493421
0.01293425
-0.01275679
0.00466646
-0.06359843
0.03606563
-0.02689080
0.04956056
-0.01363141
-0.00337900
-0.06281886
0.01005595
-0.06311478
-0.01096663
-0.05426203
0.00279402
-0.00398035
0.00381563
0.02189734
-0.01089012
-0.01847687
0.01180077
-0.05158003
0.06671020
0.00266194
0.00339711
0.00394932
-0.02757100
-0.05034675
0.00251383
-0.00260280
-0.03434206
-0.00521515
-0.04359916
0.01649802
0.01067726
0.01223400
-0.03135532
0.02553272
-0.02672982
-0.07557750
-0.05800311
0.07351378
0.02939712
0.04682319
-0.02232389
-0.04284472
0.03858508
-0.02137101
-0.00092415
0.03180970
-0.01538791
0.00748425
0.02994042
0.09489603
-0.08984732
-0.03322458
0.08514991
-0.04563241
0.06097164
-0.03222230
0.09195786
0.01607118
-0.00062913
0.04550424
-0.06593447
0.01634918
0.03661574
-0.03577891
0.00740829
-0.03507394
-0.00908901
0.00717017
0.00330977
-0.07033186
-0.01181280
-0.02284431
-0.01842681
0.12797292
-0.04331208
-0.02147132
0.04175498
0.05846894
0.01811570
0.00045477
-0.01074565
0.00477466
-0.01921549
-0.06104470
-0.01037795
-0.00057235
-0.05843863
-0.01062060
-0.07110436
-0.00689958
0.05672895
0.01148145
0.02055887
-0.00205655
-0.00305657
-0.00269042
0.00415579
0.01825780
0.00714736
0.00366720
0.03225936
-0.00439698
0.03498721
0.02682213
-0.03834608
-0.00960999
-0.00447330
-0.02651009
-0.01952423
0.05327420
0.00790681
-0.04326761
0.02937596
-0.02007176
0.00881188
-0.00110792
-0.01735672
-0.02024111
0.01401015
-0.00968177
-0.03259448
0.07171822
0.02638074
-0.04163405
0.04114684
-0.01046422
0.01544036
-0.01838459
-0.00500607
0.03790893
-0.05209993
0.06329226
-0.00425625
0.04475366
-0.01191881
-0.01021210
-0.05821493
-0.02772851
-0.01005697
-0.11268315
0.02046090
-0.02833559
-0.02572218
-0.00879646
0.06029575
-0.01660981
0.03837331
-0.03245727
-0.02414417
0.00556820
-0.00031523
0.01648638
-0.04553065
-0.05037694
-0.00899961
-0.02547903
0.00765294
-0.00299007
-0.04480131
0.04141822
-0.02470821
-0.00035053
0.00910018
0.03809861
-0.04501326
-0.01811904
0.07092154
-0.02282804
-0.06125082
-0.03442830
-0.00073885
-0.02442560
-0.08543494
-0.01551794
0.00576893
0.07351543
-0.02175014
0.01896858
-0.01911635
-0.05372503
0.05465917
-0.11589210
0.00482535
-0.03062176
-0.00691491
0.00325996
0.04974469
-0.03590894
-0.06095910
0.06812702
0.02804522
-0.09294225
-0.01213011
0.03229659
0.07935988
-0.00896542
0.05374908
-0.06921467
-0.00945238
-0.02268647
0.00929061
-0.02295012
0.01167442
0.02334861
-0.05109466
-0.02507754
-0.05875424
-0.02644770
-0.02212785
-0.06565487
0.05565644
-0.12297045
0.00093760
-0.02687522
0.01355900
0.08746375
-0.02296569
-0.01673674
0.03633087
-0.02502714
0.05017852
-0.05554908
0.07909387
0.04636992
-0.00932106
-0.01889901
0.00683369
0.04590336
-0.00753452
0.03985314
0.05200933
-0.01688298
0.01281628
0.05672800
0.03457880
0.06558593
0.01044480
0.04717883
0.05672169
-0.03648693
0.01886035
-0.00324050
-0.04626562
0.05840191
0.00341079
-0.20298718
-0.00761823
0.03207989
-0.02015391
-0.05746221
0.01308540
-0.01636436
-0.04090577
-0.03119160
-0.04689479
-0.03110108
-0.02754662
0.00055041
-0.04536030
-0.02319769
-0.03788346
0.01298116
-0.05617955
0.02281396
-0.00917593
0.04816024
-0.14295469
-0.00420750
-0.00162433
-0.05529356
0.00075501
0.00252558
0.05283828
-0.04499498
0.04351746
-0.01773608
-0.04148918
-0.02514284
-0.01078028
0.08525264
0.00637606
0.05120645
0.01966660
-0.02705357
0.03333004
-0.05038454
-0.03358237
0.06998952
0.00945136
0.04736801
-0.02143037
0.01449775
-0.01623910
-0.14427678
-0.01095911
0.01996175
0.03255450
-0.20918682
-0.02215002
0.02799377
0.01426167
-0.01214536
0.03228547
-0.02003633
0.00242356
-0.02772870
-0.01589106
0.00599722
-0.00949445
-0.01368385
0.04506302
0.05302735
0.08453231
0.00551617
0.03638492
0.02262398
-0.03572245
-0.04714448
0.02195310
0.01965658
0.01030787
0.03443212
0.06190996
0.00157519
0.00845557
0.03831092
-0.04631988
-0.00409370
0.01086182
-0.13594101
0.02427288
-0.02403166
-0.07682184
-0.02945366
-0.07070239
0.02201422
-0.01432223
-0.02238199
0.06504677
-0.04378203
-0.07299492
-0.04589702
-0.05361853
0.05034438
0.02138386
0.02422461
-0.01020203
-0.00505181
0.01492276
-0.02686344
-0.01111990
0.08771909
0.03468462
0.00125862
-0.02394695
0.04899446
-0.01786679
-0.05881694
0.05060633
0.00613089
