-0.00043528
-0.00253233
-0.01879849
0.00200444
-0.01663732
0.04604102
0.00723281
0.02437052
0.00740408
0.00276370
-0.02218677
-0.02860066
-0.00695202
0.00696088
-0.01791924
-0.01033053
-0.01092353
0.01890312
-0.11768553
0.00841787
0.01135732
0.01985904
0.01597887
-0.02679620
-0.00522017
0.02164828
0.00872453
-0.02216510
0.00196315
0.00379700
-0.17549624
0.00188231
0.03264626
-0.01496220
0.00653643
0.03944436
0.01454025
0.01508123
-0.01980535
-0.05414402
-0.01957759
-0.00286521
0.05037628
-0.02228766
0.01491397
0.00542438
0.00136561
-0.02041309
0.01294006
0.01655667
0.04320956
0.04181091
-0.08533986
-0.01376622
0.02692145
-0.02102620
-0.00277769
-0.00117470
0.43208998
0.00776473
0.01669469
-0.02371770
-0.01321197
-0.01353826
0.01996271
0.00367159
-0.01981135
0.01271864
-0.03571697
-0.00924218
-0.00277882
0.00566979
-0.03667857
0.01632913
-0.02445042
-0.01804622
-0.00223949
0.01567015
-0.00376450
-0.15704405
-0.01758246
-0.00557193
0.00874865
-0.05255526
-0.00952178
-0.01299402
-0.00865659
-0.01768120
0.01680310
-0.02693785
-0.00668967
-0.05025566
0.06734800
-0.00097947
-0.02665857
-0.00716628
-0.01612546
0.00443329
-0.02645707
0.00276947
0.00418465
0.01533706
-0.03036457
0.00558585
-0.00707456
-0.01368175
-0.03259189
0.02468265
0.01418193
-0.00986430
-0.00774946
0.00210384
-0.00063245
-0.01688112
0.00102571
0.00124591
0.03352638
-0.01127516
-0.02189002
-0.00243435
0.01437801
0.00783027
0.00491376
-0.00304673
0.00875740
0.01060056
-0.01311317
-0.00786826
0.02629439
0.07686295
0.00272528
0.02332524
0.01866713
0.01447136
0.03226490
-0.03376911
-0.05065907
-0.00209480
-0.09782751
0.00825000
0.04158691
0.03283906
-0.00283311
-0.01243886
0.01941312
-0.17292324
-0.00434849
-0.01733424
-0.00619119
-0.00334598
0.03087934
0.00949669
-0.00998466
-0.03878611
0.01034769
-0.02076201
-0.00735164
-0.00402117
0.01431045
0.03051327
-0.01161443
0.08632477
-0.00190332
-0.00879147
0.00015726
-0.01796293
0.04515612
-0.02835643
0.00453768
0.03635367
-0.01855441
-0.01701816
0.00533191
0.00732144
0.03333705
0.01820144
0.00471319
0.00472459
-0.02838450
0.00199300
0.01736263
0.00186812
0.01633509
-0.00176907
0.03284812
-0.24572605
0.09821768
0.01847937
-0.01687130
0.06104450
0.02389725
-0.00235179
-0.02524667
0.00629060
0.00042785
-0.02250415
0.01278048
0.01170302
-0.08437735
-0.02319334
0.03894927
-0.00342139
0.08199801
-0.01687781
-0.00837404
-0.03983136
0.00608239
0.01785073
0.00226537
0.07085378
-0.03634615
-0.01608826
0.03651544
0.00619640
0.01018114
0.01800128
-0.02071027
0.04644988
-0.02146991
-0.00332640
-0.02869134
-0.69214165
0.00879593
0.01447287
0.01803114
0.00155191
-0.02035778
-0.01740896
0.03202163
0.00917851
-0.02034762
0.00430398
0.01479255
0.01121508
-0.04911847
-0.01086716
-0.02307957
0.01072967
-0.00688493
0.01045621
0.01744902
0.01484105
0.08854629
-0.06500139
-0.01023366
0.00680983
0.01665302
0.01152795
0.03706257
0.00545178
-0.00230809
0.01967594
0.02010559
0.02248567
0.01035239
0.01708131
-0.09488669
-0.03934221
-0.04893106
0.02769008
0.02600008
0.09442163
-0.09746858
0.08106423
0.06447631
-0.05533647
0.01213666
0.09295057
0.09612144
-0.05673083
-0.00575507
-0.03587427
0.10432231
0.03729445
0.05833413
0.08406533
0.08490917
-0.03950829
-0.01647150
0.08004313
0.04366700
0.01344483
-0.04480873
-0.03804384
-0.00274194
-0.06216751
0.04475198
-0.08137771
0.00996892
0.08988319
0.05577520
-0.05413207
0.09611583
0.06346739
-0.12084550
-0.05623852
0.12719510
0.07354701
-0.10546936
0.00415098
-0.08603831
-0.01110247
0.84564221
-0.02357310
0.05604661
0.05190393
-0.03265426
0.09807962
-0.01814006
-0.09205142
0.06629179
-0.03864667
0.14069778
-0.00483280
-0.02048276
-0.01239310
0.10219904
-0.04259375
-0.01929537
0.09591203
0.03633323
0.01181265
-0.05173128
-0.03282770
-0.00342666
-0.04051050
-0.00599889
-0.01147880
0.04609814
0.00878922
-0.04011364
0.03259566
0.02233192
0.02057907
0.02719565
0.02875844
-0.05973876
-0.02415691
0.05361960
-0.02708943
-0.09387839
0.01068052
-0.04172349
-0.02981041
0.00096822
0.07903244
0.04500910
-0.00674254
0.00323325
-0.03513135
-0.04333252
-0.03645109
-0.04757468
0.01062231
0.01603498
0.05015125
-0.01347834
-0.06122172
-0.00105949
0.01767815
-0.04495176
0.00813675
-0.00206049
-0.03404478
0.04093559
-0.03323606
-0.00374450
0.05773459
-0.03260227
-0.03310405
0.01295058
0.01955575
-0.03000199
-0.06567468
0.02607773
-0.00758665
0.01003214
-0.01568217
0.02725353
0.00290745
0.07827390
-0.00256983
-0.13842759
0.00066239
0.07443632
-0.01232759
0.02146141
-0.04927700
-0.00883908
-0.03065005
0.02686984
-0.07060596
-0.02175243
-0.03559411
-0.01551573
-0.03163631
0.05897462
0.00644010
-0.00187093
-0.06941797
0.01291597
0.01512670
0.10460018
-0.04613192
-0.06901192
-0.00267596
0.00628353
-0.00039173
-0.04860087
-0.01780131
-0.09633141
-0.01901666
0.01222682
-0.06287289
-0.00895410
0.02775305
0.03308721
0.01240969
-0.03918243
-0.01055945
0.00327795
-0.02418923
-0.13532941
0.03276705
-0.05443327
-0.07175840
-0.03620121
0.00117910
0.00903175
-0.02905032
0.05543518
-0.05436948
-0.00376197
-0.01772475
-0.01014492
0.00998157
0.01110621
-0.02286943
-0.04974759
0.01074196
-0.04739241
-0.04520778
0.02719183
0.05510489
-0.00960513
0.01231158
0.05332146
-0.11408634
-0.06350569
-0.02077501
0.03433889
0.00954169
0.04533336
-0.00998699
0.03458091
-0.06335725
0.00568937
0.02276592
-0.01908203
0.02752697
0.03940451
-0.02779310
-0.00949881
0.07781195
-0.01116350
-0.02226729
-0.00559871
0.03028066
0.02294528
0.01872257
0.02345547
-0.06220811
0.03406211
0.00376162
0.03054820
0.01477193
-0.01744409
-0.05731303
-0.06288983
-0.03685096
0.01411103
-0.00163581
-0.01603375
-0.01665237
0.02670635
0.03483897
0.00690641
0.02032061
-0.03708099
-0.06125609
0.03316673
0.01334610
-0.01658452
-0.01695676
-0.00145223
-0.07026748
-0.02357022
-0.01160312
-0.03123453
-0.06813043
0.00566156
0.04460188
0.02184700
0.02511136
-0.04180578
-0.04150331
-0.01261273
-0.03640784
-0.04475299
0.08043475
0.01525729
0.09538233
-0.01416384
0.01743111
-0.00755508
-0.05016271
0.03068989
0.04157662
-0.02930452
-0.00121116
0.03859024
0.05916181
-0.08888626
-0.04616096
0.08978528
-0.02310828
0.02572494
0.02485027
0.02553504
0.03312807
-0.05201473
-0.00760114
-0.02644939
0.00597819
-0.00129229
-0.03811910
0.03057971
0.03702892
-0.00738808
-0.01615461
-0.01582301
-0.00495391
-0.03149113
-0.03787807
0.02055397
0.04734058
-0.07800099
-0.07427157
0.06015578
0.04915070
0.02059861
0.01804459
-0.02866468
0.02435515
-0.01311828
-0.07916124
-0.00223328
0.02229772
-0.02580230
-0.00140214
-0.07361725
0.00283071
0.05726431
-0.02851868
0.04252530
-0.04908739
0.01103390
-0.00183257
-0.01493031
-0.00066929
-0.01317923
0.02115043
0.05948385
-0.04410746
-0.00051215
-0.03422281
0.01463450
0.02155742
-0.04961851
-0.03608588
0.01889920
0.04620690
-0.00287546
-0.00803994
0.01740205
0.01056912
0.00521503
0.00581768
-0.00620410
-0.02322364
0.00796340
-0.02128737
-0.08506639
0.01864718
0.03305963
-0.04837410
0.04169416
0.04997004
-0.00136100
-0.00092721
-0.04441886
0.08727971
-0.02876834
0.05067117
0.01988905
-0.00621997
0.02478027
-0.03775353
-0.02773702
0.01319015
0.00345679
-0.06410495
0.02286318
0.01250336
-0.04606137
-0.00754098
0.01838322
-0.04861930
-0.02870575
-0.00281572
0.00143291
-0.03385720
0.02168186
0.07562025
-0.04467614
-0.00597897
-0.01041947
-0.03411958
-0.06363005
-0.00004413
-0.01372100
-0.04170893
0.02194291
-0.02027742
0.02937738
-0.01806350
-0.12805994
-0.04691495
0.06892969
-0.02396663
-0.09092346
-0.03217213
0.01322244
-0.03016363
-0.06059497
-0.02696091
0.00812487
0.04098747
-0.07229450
-0.00577132
0.00500405
-0.12922452
0.06485450
-0.12896326
0.02130148
-0.02978408
-0.02833368
-0.02204061
0.03292685
0.00652743
-0.02312845
0.03028081
0.03911459
-0.05195349
-0.05859440
-0.00632375
0.07313602
-0.08760042
0.02046134
-0.05089707
0.01293385
-0.00347112
0.02648318
-0.00481266
0.03910463
0.00270920
-0.02091834
-0.03527664
-0.06015279
-0.07931247
-0.02760767
-0.00199594
0.04107723
-0.11048804
-0.02121128
0.01603334
0.00962845
0.07726779
-0.01987831
0.00022456
0.02298606
-0.05759525
-0.00479389
-0.03478324
0.05920136
0.05396998
0.00973507
0.00465684
0.00360770
0.10738244
-0.04575266
0.06290977
0.00047236
-0.04942510
-0.02375795
0.01922540
0.04677490
0.04440909
0.03399201
-0.00809249
0.00361153
-0.01691731
0.01463323
-0.00789222
-0.02369312
0.03182234
0.03628774
-0.15852119
0.00374524
0.01091567
0.02823206
-0.01116264
0.03087453
-0.00934483
-0.02606765
0.03628146
-0.05122830
-0.04509606
0.02391731
0.01115748
0.01832092
0.00433895
-0.04374386
-0.05210804
0.00060045
0.00006648
-0.00651231
0.03849055
-0.18574294
0.01768116
-0.00808905
-0.01339713
0.04752567
-0.02509415
0.02523801
-0.02789367
-0.01886237
-0.04529007
-0.06468800
-0.03236610
-0.02608365
0.05047683
0.03182216
0.07342280
0.04091538
0.02018733
0.01586692
-0.10966919
-0.06230206
0.06567773
0.00641528
0.04871589
-0.04580732
-0.01171423
-0.03085282
-0.17944440
-0.05048117
-0.03069694
0.02958091
-0.21329035
-0.02076750
-0.05197205
-0.00934783
-0.01094532
0.03366362
-0.00642872
0.06124056
-0.04343887
0.01359768
-0.02144988
0.01000214
-0.03262053
0.11178974
0.07047513
0.03959892
-0.02562558
0.06386514
0.04000252
0.00276558
-0.03618297
0.01289141
0.03796206
0.01084467
0.02681904
0.05078430
0.02373140
-0.01050961
-0.03017805
-0.03579123
-0.02087065
0.00559263
-0.12173456
0.02249327
0.03761662
-0.06987879
-0.01574233
-0.05478789
-0.00530219
0.02115203
0.00821875
0.02442442
-0.01768861
-0.04657926
-0.09224218
-0.02007988
0.01205298
0.05442681
-0.01058807
-0.02863656
-0.03100676
0.02186051
-0.03306314
0.01404067
0.11604972
0.03207613
0.04078649
0.01711983
-0.04796942
-0.07576564
-0.02831455
0.03201641
0.04904966
