0.01650575
-0.00735285
0.01681281
-0.00613348
0.00126236
0.02891901
0.00759628
0.02505280
-0.03207147
-0.01083965
-0.00197693
-0.00792431
-0.02397912
0.02745296
-0.01997328
-0.01526458
-0.01257074
0.00977788
-0.15982085
0.00213336
0.02118754
0.03723217
-0.00681457
-0.02545422
0.00161938
0.00728430
0.02288388
-0.02564405
-0.02013176
0.00524069
-0.17826699
0.00922802
0.02533256
-0.00758816
0.00937104
0.03109512
0.02715242
-0.00141117
-0.01994327
-0.04016156
-0.02588534
-0.00809122
0.07964744
-0.00912552
0.01394291
-0.02710643
0.01584535
-0.00108749
-0.00548468
0.01054423
0.03005594
0.02620834
-0.06615817
-0.04837287
0.02860328
-0.04359990
0.00014492
-0.00918102
0.44121814
-0.04656697
0.01057955
-0.01983984
0.00616297
-0.02520021
-0.00537199
0.02969067
-0.02881534
0.02218163
-0.08355712
-0.00561676
-0.00759912
0.00012527
-0.02929263
0.00815140
-0.00556400
0.00136035
-0.00989319
0.01726879
-0.00219010
-0.15954705
-0.01361492
-0.01569163
-0.00165285
-0.06309874
0.00333927
-0.00318646
-0.00966436
-0.01878588
0.01032976
-0.03267688
-0.02547360
-0.02406169
0.02063482
0.01173011
-0.03832754
0.01382284
-0.01480735
0.00602661
-0.06280883
0.00043595
0.02436507
0.03339019
-0.03259275
0.00009378
-0.01361772
-0.01483799
-0.04566315
0.00851049
0.01523764
0.00626603
0.01204948
0.00446887
-0.00374791
0.01242088
0.00415725
-0.00116132
-0.00384991
-0.01331689
-0.01241244
-0.00442370
0.00018741
0.00453038
0.00826470
-0.01730326
0.04753411
0.01660417
-0.01956449
0.00014714
0.00868196
0.09246145
0.03036349
0.02705025
0.00919160
0.02437045
0.04412481
-0.01595894
-0.04615308
0.00791303
-0.04959161
0.00236587
0.04784346
0.04399432
-0.03032248
0.00533235
-0.00592390
-0.20833127
-0.00952837
-0.02563808
-0.01668977
-0.00003690
0.00038495
0.02124587
-0.02230539
-0.02742204
0.02019598
-0.00350870
0.00766185
0.00026832
0.02893608
0.04003202
-0.00949621
0.09533186
-0.04791612
0.01797509
-0.00427770
-0.02313460
0.00519893
-0.02279199
0.00436517
0.03103503
-0.01835305
-0.00950622
-0.01068198
-0.01278748
0.01891923
0.00654391
0.00758707
0.01396045
-0.04951163
0.01372320
0.02049531
0.01052374
0.00747701
0.00221894
0.00931894
-0.24305822
0.06786101
0.00548664
0.00367924
0.06317998
0.02920032
0.00416542
-0.02855830
0.01055573
-0.01311851
-0.01511035
0.07402962
0.01017569
-0.06747132
-0.02090583
-0.01196863
-0.00662512
0.05454194
-0.01373323
-0.00947616
-0.01730184
-0.00054087
0.01145086
0.01454346
0.05534359
-0.00954933
-0.02176111
0.03041339
0.01934091
0.02358668
0.02569404
-0.02155600
0.05241133
-0.03049500
-0.01529029
-0.02152603
-0.66359204
0.01927138
0.02717294
0.01187606
-0.01316340
-0.01096653
-0.01991933
0.02909157
0.03000058
-0.03046697
-0.02200577
0.02852701
0.00383111
-0.03023372
-0.01859394
0.00061884
-0.00279139
-0.00441048
0.01206454
0.00425939
0.01007864
0.12521358
-0.01589019
-0.01178702
0.00782058
0.00268273
0.00279524
0.02071689
-0.01053332
0.00302246
0.00832889
0.00249884
0.01534674
0.01171783
0.00741733
-0.07582596
0.07771662
-0.09144711
0.11450665
-0.13646677
0.04312930
-0.06124552
0.12097365
-0.00633884
-0.09313210
0.03543952
0.12604283
0.04901196
-0.01186860
0.06536412
0.01466776
-0.02452418
-0.05350238
-0.04600259
0.00223801
0.01120247
0.12166242
-0.05200844
-0.09815343
0.05738471
0.00137369
-0.07841343
-0.11534004
-0.02031987
0.05746825
-0.04526110
-0.02599633
0.17475039
-0.00949340
0.04226078
0.00844390
-0.03129288
0.07492378
-0.10560108
0.01606481
0.02157436
0.16953985
0.03382152
-0.01341290
-0.10764206
-0.01513005
0.83255845
-0.11701188
-0.01112397
0.05158578
0.01630116
0.07893499
-0.02839670
-0.00931763
-0.05053499
-0.06773827
-0.00872185
0.00047748
-0.00262158
0.01857194
-0.00824432
-0.06698925
-0.06687932
0.08054198
0.05947551
0.01060596
-0.05966177
0.01399513
-0.00938361
-0.03155362
0.03008894
-0.05053286
0.06414007
0.02971973
-0.00534762
0.05414033
0.00135061
-0.01914220
0.05317890
0.05087676
-0.02014253
-0.02738986
0.01713161
-0.05865062
-0.11975159
0.02308840
-0.04950652
-0.01537161
-0.02143157
0.02829455
0.06998805
0.02630334
-0.00094343
-0.03477180
-0.04779238
-0.06855984
0.00523888
-0.03865208
0.03810836
0.03741897
-0.01253864
-0.08398326
-0.03302317
0.01191460
-0.00168751
-0.02716392
-0.05060520
0.02562671
0.05853234
-0.00943066
0.00929279
0.00487846
-0.04252994
-0.02741200
-0.02396354
0.02192909
-0.04517906
-0.03948678
0.04944200
0.02741757
-0.10953704
-0.01002399
0.02084810
-0.00561872
0.01636492
0.01971609
-0.14126648
-0.00386700
0.08445048
-0.06290289
0.00141617
-0.02143593
0.04437833
0.00578258
0.04333800
-0.03107942
0.00427881
-0.00780501
-0.05926986
-0.02892394
0.00710022
-0.02265698
0.04462868
-0.03594867
0.00961399
0.01224690
0.02064526
-0.00525189
-0.10181490
0.00747484
-0.02523454
-0.03101020
-0.06587908
0.02671979
0.01262802
-0.02443089
-0.03882277
-0.04140318
-0.01263061
-0.00370315
-0.02034851
0.03430378
0.04583657
-0.01289955
-0.01775574
-0.00352881
-0.10406551
0.04346011
-0.03370141
-0.06007087
0.00073527
-0.04539030
0.07415880
-0.05165917
0.06156772
-0.10076863
0.03985811
-0.04473237
-0.02745963
0.00065629
0.01799442
-0.01685397
-0.03645205
0.02434325
-0.03541338
-0.02325199
0.01288942
0.04852414
0.02722342
-0.00959459
-0.00842267
-0.07156049
-0.04133612
-0.07171486
0.00916663
0.00953577
0.06468068
-0.03362230
0.06061361
-0.08138758
-0.00634289
0.01156740
-0.05489583
-0.05028227
-0.05812329
-0.02012573
-0.00904390
0.01477482
-0.03870597
-0.02173270
0.00223405
0.07813248
0.01454050
0.02480016
0.01718510
-0.03505144
0.01823048
0.01377776
-0.03302861
0.00488089
-0.01916899
-0.05496672
-0.01166088
-0.01434881
-0.01560430
-0.04077098
-0.01131114
0.02048579
0.02739180
0.02468432
0.03532887
-0.01713392
0.02444941
-0.03459548
0.01715348
0.09473515
-0.01401494
-0.10470651
-0.02320934
-0.07289162
0.03892933
-0.01789625
-0.06813632
-0.03355953
-0.01538294
0.00884691
0.03882536
0.04385788
-0.04574823
-0.02999318
-0.01865999
-0.06105818
-0.02277953
0.10111517
0.01977707
0.06745206
-0.00668454
-0.05161475
0.00435219
-0.06821315
0.03496553
-0.00103834
-0.02158619
-0.06241371
0.06867617
0.07643969
-0.11609653
0.06266588
0.05545640
-0.01401333
-0.02432701
0.02231212
0.04306219
-0.02506825
-0.02676138
-0.00526640
0.03437050
0.01115225
-0.00751862
-0.02754885
0.00407219
-0.01076683
0.02852050
-0.03786153
-0.03384950
-0.01185696
-0.01240921
-0.03371841
0.01221178
0.04140906
-0.02713251
-0.01970990
0.03337480
0.05855870
0.02678325
0.02983570
-0.04061359
-0.00552879
0.02615323
-0.07908782
-0.03086311
0.01304885
-0.04564233
0.00399053
0.01033611
-0.01225055
0.07568882
-0.03537335
0.06480566
0.02198319
-0.04948713
-0.02478935
0.01482666
0.03293177
-0.01613772
0.00698826
0.05851353
-0.04778237
-0.02076421
-0.03364949
0.02856577
-0.00242016
-0.05779184
-0.02832159
-0.03552975
0.04083097
-0.01111553
-0.01437831
0.02051358
0.03131222
-0.02562654
0.00386724
-0.01503351
-0.06218719
-0.00201535
0.01644785
-0.07563672
-0.01453600
0.03612386
-0.04997411
-0.00441805
-0.00254398
0.00260312
0.03592826
-0.01614256
0.08805808
-0.00602424
0.03125907
0.01908010
0.03936725
0.02017522
-0.04868790
-0.08430854
0.01227074
0.01540173
-0.05278379
-0.03093891
0.05736586
-0.00764893
0.02536482
0.00117170
-0.01805719
0.04147074
-0.02760986
0.05130356
-0.04173337
0.01945633
0.03079330
-0.03449391
-0.00764375
0.02245419
-0.03946074
-0.12334360
-0.01652047
-0.00752426
-0.02489114
0.01325396
-0.00100023
0.03273201
-0.00268491
-0.08651993
-0.08553366
0.06078716
0.00075619
-0.01923022
-0.00174182
-0.00036797
-0.00871187
-0.06105692
-0.02423249
0.01829746
0.03056251
-0.09243515
0.02929284
-0.02400214
-0.11831626
0.06324664
-0.09937599
0.00487643
-0.01133034
-0.04847011
0.01479552
0.02932759
-0.04388625
-0.06702948
0.01777026
0.00744200
-0.06497264
-0.05619983
0.05449674
0.09643418
-0.08782854
0.02400644
-0.01500379
0.03094220
0.00939135
0.05560741
-0.01977802
0.04380424
0.01086236
-0.01722760
-0.05837382
-0.10000442
0.00105215
-0.03255766
0.00255952
0.02962895
-0.11339772
-0.09261760
0.02143619
0.03434030
0.10626537
0.03893978
0.01577035
0.00104884
-0.04729760
-0.00089264
-0.03536512
0.06454245
0.05175493
0.03960273
-0.00416730
-0.00038138
0.07837031
-0.03411949
0.07997292
0.00911570
-0.02162065
-0.07396781
0.01805945
0.07641847
0.08953826
0.06937211
0.00407626
0.08726282
-0.01607822
0.02557727
0.04026169
0.01535389
-0.00631860
0.04534036
-0.04659731
-0.10202231
-0.02467561
0.05574022
0.04696060
0.05502922
-0.02537974
-0.00711806
0.03821620
-0.00997896
0.00624669
-0.01284433
0.01149820
0.00405654
0.01998003
-0.02147285
-0.01273782
0.01068687
0.03499256
0.05284876
0.02018533
-0.13980010
0.04623246
-0.02504205
-0.02145333
0.03720230
0.00609228
0.02877701
-0.07921801
0.02801712
-0.01917328
0.01937645
-0.05784115
-0.02235423
0.02558828
0.00993256
-0.02593513
0.02260882
-0.08659259
0.00765098
0.01556003
-0.00480941
0.04286368
0.01599661
0.00901020
0.03236083
0.02145031
-0.00396426
-0.10140348
0.03821079
-0.01083591
0.04991037
-0.17349631
-0.03370695
-0.01563018
-0.03155797
-0.04452268
-0.07878076
-0.02619424
0.06267082
-0.05243151
-0.01810464
-0.03125675
0.06602944
-0.04541949
0.05963825
0.10107839
0.06556644
-0.01226430
0.04322211
0.02880089
0.00450559
-0.07998493
0.05637461
0.03057548
0.01354019
0.01581476
0.02674277
0.02631312
-0.03945011
-0.04792201
0.00418445
-0.05258067
-0.00131263
-0.02218733
-0.00707447
0.08789524
-0.08846477
0.02177528
-0.01967176
0.00635895
0.01797953
0.00900006
-0.00731309
-0.03446713
-0.03469083
-0.06455985
-0.01594205
-0.01996930
0.00556607
0.01571319
-0.00490095
-0.04209331
0.02448663
-0.00819242
0.07939130
0.06315683
0.02305026
-0.04816959
0.00277883
-0.06798732
-0.04754478
-0.02364109
0.02412841
0.04701788
