0.00003802
-0.01733494
0.01234826
-0.01663414
-0.00358918
0.00981065
-0.01277269
0.01134827
-0.01971847
-0.00784607
0.02400045
-0.00554741
-0.00080116
-0.01456883
-0.01748845
-0.00779656
0.01739365
-0.01694711
-0.02196059
0.02804364
0.00822410
0.05685874
-0.04864090
-0.01405771
-0.00803246
0.01510157
0.01416981
-0.00538046
0.00336919
0.00450167
-0.10998590
0.02022314
0.01417408
-0.00769412
0.00395603
0.03625042
0.00747305
0.00148369
0.00581045
-0.04624785
0.00910321
-0.00887397
0.03715828
-0.01723311
0.00555259
0.02840797
-0.01767197
0.00894407
0.01017355
0.00934373
0.02299732
-0.03636531
-0.01257263
-0.00973987
-0.01619653
-0.01294992
0.01036962
0.00605127
0.49757496
0.00087121
-0.03197573
0.02575698
0.02038548
-0.04020001
0.00255675
0.05546372
-0.01614901
0.01335555
-0.03020149
0.03645554
0.00686449
0.00156359
-0.01799325
0.01054342
0.00638832
-0.00653754
-0.02487595
0.01425621
0.01360897
-0.09064493
-0.00435486
-0.00413402
-0.00476750
0.00698348
0.04634936
-0.00182740
0.00256540
-0.00275862
0.00696826
-0.00637979
0.01381881
0.03343792
-0.00421248
0.01797580
-0.00203492
0.00479216
0.00489272
-0.02820501
-0.01425010
0.00218400
-0.00382990
0.00724192
-0.00659716
0.01623257
-0.00409350
-0.00193793
-0.01030670
0.01793821
0.00925161
-0.01994113
0.02671376
0.02194124
-0.00050395
-0.00184074
-0.01843295
0.00483276
0.01754608
-0.01465930
0.01787885
-0.01216273
0.00437484
0.00298604
0.00863560
-0.00551480
0.01583199
0.02184940
-0.01698641
0.00781275
-0.00243691
0.09926329
0.02356032
-0.00314166
-0.00269816
0.00958625
0.02318803
-0.00869156
-0.01661099
0.04500007
-0.07848739
0.00059664
-0.03169096
0.00207263
-0.00995299
0.00433670
-0.00355459
-0.05533960
-0.01912336
-0.00339910
-0.02283203
-0.02238302
0.02788560
0.00565892
-0.02544313
-0.01201039
0.00526323
-0.02068207
0.01723409
0.00347914
-0.01148087
0.01527910
-0.00136175
-0.02043092
-0.02015545
-0.00384527
0.01180467
0.05095567
-0.00961499
-0.00544203
0.00948708
0.03279663
0.00338468
-0.01546800
0.01926070
-0.02404360
0.01827114
0.01331883
0.00676674
0.00025089
-0.06930214
0.02218936
-0.01155975
-0.02434262
0.00967937
0.01235793
0.02704155
-0.15396985
0.04992763
-0.00318658
-0.00672950
0.05078673
0.06037150
0.00470074
-0.00624913
-0.00373449
-0.01001329
0.03054752
0.09093284
0.02379100
-0.02771516
-0.03126119
-0.00439955
0.00366929
0.11504110
-0.00026254
0.02202150
-0.02730518
-0.00015830
0.00133205
0.00172553
-0.02705282
-0.01869696
-0.01179606
0.01387159
0.01424512
0.02511503
0.01902100
-0.00385571
0.02871935
-0.01849397
-0.00344800
-0.00175513
-0.75646991
0.01770367
-0.00527891
0.01498604
0.01090563
0.01739835
-0.02345863
0.02771809
0.02178848
-0.00940657
-0.04662278
0.03090888
0.00373495
-0.02760706
-0.01901036
-0.00553851
-0.01785816
0.00285832
-0.00139704
0.01133349
0.00544278
0.05715680
-0.00043889
-0.00139163
-0.00516204
0.01030440
0.03038197
0.02290228
-0.01911202
0.00026958
-0.00638586
0.01843860
0.00779024
-0.00642463
-0.00884021
-0.07348593
0.03342961
0.00336875
0.06244932
-0.01690573
-0.10581733
0.02675168
0.06554385
0.06028991
-0.04402645
-0.00691037
-0.00214835
-0.08360688
0.05043742
0.00186791
0.07334369
0.00578284
0.09578669
-0.01525515
0.04721060
0.04508621
-0.01336141
-0.08435160
-0.02193247
0.10197614
-0.01234021
0.06632864
-0.15212256
0.01493070
0.00873792
0.01986779
0.07078952
0.05747809
0.08479597
0.09459747
0.03913564
0.00444331
-0.06797215
0.03442096
0.05270861
0.03255047
0.00980930
0.10004961
-0.08615562
-0.01962264
0.04280495
0.85747951
0.05797533
0.05795654
0.13779619
-0.05378948
0.16626801
-0.04295057
-0.01953555
-0.13051866
-0.05615056
0.04765902
-0.02030410
-0.03143534
0.05119461
-0.09680247
0.02417044
-0.08009001
-0.01679113
0.04528450
0.03111515
-0.02768474
-0.02600534
0.00667734
0.01123806
-0.03951847
-0.02559602
0.02876401
0.03928329
-0.02978542
0.02220564
0.00269241
-0.06826179
-0.00639289
0.01079064
0.03748957
-0.03356985
-0.04343227
0.00313489
-0.04473022
0.01736387
-0.05839206
-0.02686349
0.03514812
-0.13535146
0.00498076
0.01043909
-0.02677025
0.06278756
0.06529621
-0.10177012
-0.03057248
-0.00992064
0.00354109
-0.02036137
-0.03580328
-0.00816445
-0.02139487
0.02655437
0.06552570
-0.04055186
-0.04000972
-0.01832934
-0.02993385
-0.01245239
-0.05227607
-0.02280239
0.04356408
0.00691484
-0.03579849
0.12553301
0.05158429
-0.04751622
-0.02089568
0.01899458
-0.01223769
-0.01780799
0.00775873
0.01358638
-0.00999792
0.00135015
-0.03071530
-0.00832093
-0.03503610
-0.02838366
-0.02901985
-0.03035455
-0.05839374
-0.07695121
0.03175053
0.02832171
0.05417853
-0.03678369
-0.02212048
0.01520117
0.07694008
0.09941982
-0.04662708
-0.00738203
0.02135549
0.08796535
-0.12111829
0.03961787
0.02957191
-0.02274481
0.04428041
0.08564087
0.00501866
-0.00994505
-0.00388207
0.02786108
-0.05408626
-0.01041245
-0.07625138
0.01302677
0.02161702
-0.01049677
0.03499891
0.00820019
0.03703710
-0.00806885
0.13982397
-0.00010895
-0.00181624
-0.05278081
0.00624702
0.03007570
0.06804560
0.01444479
0.02377073
-0.00719244
-0.03124270
-0.04415916
0.02523798
-0.00359401
-0.01744695
0.03334932
0.00060120
0.02907486
-0.02256621
-0.01774970
0.01684957
0.06054221
0.02104744
-0.05349571
0.01306889
-0.00705213
-0.01655420
0.01756587
0.03512149
-0.04972787
-0.02994254
-0.00104740
-0.00206691
0.01309429
0.00947915
0.00087061
0.00538526
0.07578938
0.08041708
-0.04207752
0.04524620
0.05777679
0.03804842
-0.01649807
0.06121725
0.01098926
-0.03708692
-0.03722780
-0.02169223
0.00273563
-0.00797444
0.00031534
-0.00389965
0.00060260
0.03865878
-0.06162434
0.00674330
-0.01844843
0.01124967
0.03802900
-0.06646200
-0.04104308
0.07274013
-0.01633498
-0.04100002
0.00164993
-0.03688599
0.00352089
0.05724374
-0.01851496
-0.00673594
0.03257975
0.08070769
0.03028521
-0.02014327
0.02813205
0.06242812
-0.00609200
0.02769779
-0.03138329
0.03281093
0.05340561
0.00439103
-0.01736067
-0.01813085
0.02686842
-0.00231770
-0.02041946
0.04226580
0.03390290
0.01254950
-0.06149466
0.01566251
-0.00450358
0.05545739
-0.01876985
0.05029759
-0.02300693
-0.07081805
0.00068182
-0.05291322
-0.01000076
-0.01416417
0.01348324
0.07839150
-0.02957636
-0.14125839
0.01012705
-0.04165742
0.03541550
0.03519011
0.00559346
0.03059911
-0.01137707
-0.04077050
0.02617317
-0.00949175
0.02821095
0.02058543
0.00640528
-0.01457691
0.08590037
0.03675015
0.01624957
0.01798923
0.02519533
0.03701862
-0.02878998
-0.01827203
0.02692383
0.01828701
0.00560558
-0.01423112
0.06084163
-0.00293239
-0.02879602
0.04934951
-0.00003485
-0.17315009
-0.05064473
-0.02690501
-0.02935024
0.00508317
-0.01556760
0.00724806
0.03053811
0.05895057
0.00442578
-0.02425160
-0.04070967
0.06501286
0.00056379
0.07667679
0.02346671
-0.00866692
0.04968620
0.01586189
-0.05116801
0.01252133
0.02722664
0.01530173
0.04965995
0.04305016
0.02239252
-0.03119640
-0.00905661
0.01488439
-0.03658659
0.04813650
-0.01138853
-0.00123926
0.05485765
-0.05825234
-0.00531657
-0.00456257
0.08726496
-0.01396678
-0.00278497
-0.05788725
0.10702713
-0.02956614
0.11042261
0.01542830
-0.01146701
-0.02594050
-0.03838499
0.01745321
0.06621434
0.02412235
0.01174842
-0.01064868
0.04749547
-0.06882791
-0.03402917
-0.01153942
0.06309835
-0.01775582
0.01901315
0.04622717
0.02653297
-0.00917718
-0.00542774
0.01321959
0.16335179
0.04789317
-0.02488591
0.07293934
-0.00880183
-0.03802889
-0.10474392
0.03603156
-0.10325968
0.04071356
-0.02868432
0.09611900
-0.03039102
0.04121270
0.00947102
0.02907874
-0.02006708
-0.05028808
-0.07208554
-0.02416746
0.05468769
0.00539110
-0.03792252
0.04678678
0.00201749
-0.00049312
-0.02286504
0.01140112
0.06541982
-0.01019407
-0.02653331
0.06742112
0.00922657
-0.07790045
-0.01753592
0.09345016
-0.00872902
0.02745374
0.04973563
-0.02884177
-0.00191256
-0.00496071
-0.03479224
-0.03349004
0.03772511
0.02502320
-0.00769126
-0.05343257
0.02872228
0.05533918
-0.12415144
-0.00692616
0.04045819
0.05641292
-0.02769813
0.05750677
0.01615508
-0.03119833
-0.05080426
-0.05414810
-0.01397926
-0.07312173
-0.06037980
0.01652015
-0.00180124
0.01499171
-0.02729628
-0.01776021
0.00175597
-0.05800068
0.00161489
-0.03947999
0.01788605
-0.02488674
0.08385116
-0.06472047
0.00658398
0.05377739
-0.03665210
-0.04248818
-0.04657923
0.00987258
0.02381807
-0.04091972
0.01346110
-0.10440861
-0.01014705
-0.03078602
0.04145531
0.02724870
-0.03687484
0.00056007
0.06292166
0.07466456
-0.03392062
-0.01161996
0.14429790
-0.02623949
-0.02496669
0.03354239
-0.03660064
-0.02833483
-0.02346745
-0.01293834
0.06789199
0.06460627
-0.02641277
0.01917337
0.01372282
0.00714748
0.06714785
0.01448377
-0.00319909
0.11413129
-0.03726446
-0.01203152
-0.05774271
0.06065455
0.05713340
0.03311782
0.00532481
-0.03126791
-0.03664333
-0.04201244
-0.02318234
0.00411480
0.08727461
-0.02523531
0.03183490
0.02925482
0.03455410
0.01868467
-0.01843902
-0.05414644
-0.02262274
-0.02340944
-0.10108334
-0.02384222
-0.00319057
0.07050268
0.07090525
-0.01722639
-0.04344821
0.03030391
0.02395893
0.01814978
-0.02858868
-0.00394936
0.04313265
-0.05564841
-0.09535109
-0.00039502
-0.03495364
0.02353966
-0.06568020
0.00279393
0.02640510
-0.08500226
0.03265091
-0.16976601
0.00631235
0.09426631
-0.03485621
-0.02103746
-0.02324978
-0.00062460
0.03371447
0.03403181
-0.01362638
-0.01584512
0.09174488
0.01218846
-0.00598365
-0.02968389
-0.03535994
-0.00907543
-0.04807136
0.04384490
0.11103733
0.05383340
0.03589109
-0.05129293
0.02937687
0.00634779
0.01289270
0.00531895
-0.00755703
0.02629342
0.00487138
0.02563320
-0.03609342
0.06119684
-0.04139995
-0.01214787
-0.01352020
-0.00105638
-0.00901765
0.05399257
0.04668881
0.01037926
0.05326099
0.00522558
-0.01416419
-0.04062531
0.02701906
-0.04446878
0.01614889
