0.02657355
-0.02857215
0.02092555
0.00554246
0.00052346
-0.02072271
-0.00204948
-0.01090852
-0.05602318
0.00842666
0.00850880
0.01571269
0.02363362
-0.00616656
-0.00434415
-0.00433530
0.01313288
-0.01021395
0.04113628
0.05006937
-0.00882029
0.06397508
-0.04626510
-0.01103345
0.00091547
0.00176435
0.02433660
-0.01392868
-0.00429345
0.00597236
-0.01407780
0.01203319
0.00074206
-0.00737833
0.00767332
-0.00309357
0.00117522
0.00913048
0.00443899
-0.00157320
-0.00169532
-0.00962407
0.02541903
-0.00896919
-0.00101532
0.01507230
-0.02176282
0.02289523
0.00287279
0.00220156
0.00881349
-0.06170318
0.03796549
-0.00333955
-0.04642208
-0.00199545
0.00784905
0.00352371
0.48529267
-0.01308470
-0.03418422
0.02458250
0.02567202
-0.04371173
0.01024730
0.07421959
-0.00192049
-0.01528741
-0.04280026
0.03432971
0.01816478
0.00513141
-0.00318707
-0.00387193
0.01623915
0.00753610
-0.00995825
-0.01107343
0.03502646
0.00066252
-0.00133824
-0.01955195
-0.00049278
0.02993338
0.04994743
-0.00364086
0.00483512
0.00811097
0.01878363
0.00844978
-0.00051837
0.04371119
-0.03073119
0.02500262
0.00581184
0.00031832
0.01455768
-0.04150933
-0.00426092
-0.00157979
-0.01839050
0.01009259
0.00415398
0.01404432
0.01599675
-0.01268951
0.00409758
-0.00511387
0.01297785
-0.03003947
0.01138603
0.02369856
0.01070795
-0.00236067
-0.00231931
0.00583073
-0.01113902
-0.02701364
0.01471172
0.00180734
-0.00695494
-0.01643073
-0.00683235
0.00393936
0.04099391
0.01530329
-0.01274538
-0.00910315
0.00521024
0.08045301
0.03887841
-0.02963861
-0.02981965
-0.02184163
-0.01172933
0.01794377
0.02503153
0.02842161
-0.04462509
0.00402711
-0.04067728
-0.02121142
-0.01111511
-0.02425289
-0.02686618
0.01619113
-0.01922201
0.00010600
-0.00646768
-0.02540690
0.01787239
0.01435812
-0.00512395
0.01611665
0.01354871
-0.02991469
0.01347076
0.01707582
-0.01402633
0.00571444
-0.00343332
-0.03677940
-0.04868611
0.00018149
0.01956266
0.06406114
-0.02811342
0.00373237
0.01042825
0.02440326
0.03250680
-0.00764956
0.01320301
-0.01005455
0.03322934
0.04028488
0.00906696
-0.00572299
-0.08658891
0.00732402
0.00343144
-0.04150385
-0.00775781
0.01214717
0.00190773
-0.02671486
-0.01489085
-0.01761429
-0.00508079
0.02688542
0.04478378
0.01136855
-0.00071231
-0.02826336
0.00485158
0.04054615
0.11869194
0.03283396
0.03932296
-0.02320624
-0.04977860
0.02336534
0.05236901
-0.00979327
0.01949297
0.00005363
0.01256671
0.01031142
0.00196262
-0.08157179
0.00895772
-0.01981856
-0.00258440
0.00678488
-0.00164794
0.01129925
0.00425551
0.04480261
-0.01156476
-0.00612239
0.01764466
-0.77732337
0.00205845
-0.00736442
0.02263149
-0.00436507
0.02391401
-0.01912001
0.02405379
0.00376241
0.01440693
-0.05630267
0.04811380
0.01035542
-0.00835632
-0.02566695
0.00280283
-0.01319964
0.01639973
-0.00025411
-0.00669076
-0.00395057
0.03509111
0.02722329
-0.01409865
0.00704862
-0.00547050
0.02140030
0.00992683
-0.03605970
0.00174551
-0.01603233
0.01121941
-0.00084968
-0.02174028
-0.01666812
-0.00116582
0.14572594
0.08699308
-0.03877610
-0.00032110
-0.22140849
0.12124142
-0.04610354
-0.04073485
-0.03035504
-0.04578562
-0.00803980
-0.16884071
-0.02149797
0.05064335
0.01414409
-0.04010499
-0.00066332
0.07877412
-0.01971015
0.07212403
0.00092540
-0.11915973
0.00347263
0.04732412
-0.10530446
0.08438354
-0.09930097
0.10648102
0.01850230
-0.02398824
0.07352504
0.12258114
0.02085014
-0.02017925
0.11962609
0.03663221
-0.13482983
0.10363293
-0.06669257
-0.13523641
-0.09372265
0.09325766
0.11729857
-0.00848120
0.00256362
0.78586137
0.03437171
-0.03354153
0.03602173
-0.00374677
0.09021253
-0.00154120
-0.05753430
-0.07694741
0.00474244
-0.07553279
-0.09348682
-0.01947431
0.11798141
-0.03235327
0.07806563
-0.03903221
-0.03587865
0.04907143
0.04117103
-0.02792191
-0.01692875
0.01276697
0.00284003
-0.02136699
-0.02336958
0.00986363
0.03128771
-0.02394653
0.01228328
-0.01771893
-0.08171350
-0.00277627
0.00001817
0.03554492
-0.03511672
-0.04376903
-0.00512718
-0.05092240
0.01004953
-0.06447370
-0.02631566
0.03377889
-0.14157854
-0.00688075
-0.00194032
-0.03350979
0.06238515
0.07642898
-0.08882388
-0.00406416
0.00186149
-0.01782657
-0.00968757
-0.03390452
0.00189730
-0.01231109
0.02055964
0.07057410
-0.03407021
-0.04572676
-0.01884724
-0.03154613
-0.01746943
-0.05097548
-0.02205406
0.02977249
0.00979001
-0.04043644
0.13646665
0.06838476
-0.04321212
-0.01819228
0.00813789
-0.01784491
-0.03335935
-0.00361113
0.02009041
-0.01123043
0.00057427
-0.01534312
0.00176316
-0.02131881
-0.02420863
-0.03117240
-0.01363020
-0.05522955
-0.07063225
0.03538604
0.03997904
0.05901609
-0.03591695
-0.03487848
0.00607505
0.05481010
0.08973885
-0.02170489
0.00940511
0.01599999
0.07224413
-0.12975456
0.03246430
0.03962217
-0.00563029
0.03217914
0.06841855
0.01165934
-0.01045226
-0.01076444
0.02761526
-0.06459817
-0.00979364
-0.06421740
-0.00368986
0.00870521
-0.01534929
0.05005704
0.00962458
0.04489017
-0.00349654
0.14078201
-0.00966852
0.00687149
-0.06319757
0.01743389
0.01436602
0.07061190
0.01319760
0.01647848
-0.00322948
-0.03527468
-0.04342798
0.01955742
0.00674149
-0.02384199
0.01719318
0.00660963
0.02788061
-0.02320920
-0.00363892
0.01594048
0.04776441
0.00647917
-0.05184454
0.01640513
-0.00538355
-0.00023374
0.01975504
0.01743373
-0.04848604
-0.02085937
-0.00531459
-0.00835262
0.00748365
0.00915813
-0.01107182
-0.00166011
0.06495211
0.06229737
-0.03773828
0.04128018
0.05430702
0.02751794
-0.01816384
0.05763449
0.02068998
-0.04557334
-0.03410645
-0.02503142
-0.00591615
0.00058951
-0.01248993
0.00981387
-0.00755057
0.03080630
-0.06014360
0.01494347
-0.02520085
0.00384448
0.02564269
-0.08165140
-0.04621050
0.09079428
-0.01115200
-0.03550823
-0.01543842
-0.02955135
0.01052492
0.04912128
-0.02015961
-0.00978086
0.03618319
0.07784421
0.03363213
-0.01433652
0.04255471
0.06207083
0.01851607
0.02199514
-0.02953161
0.03514584
0.06285962
0.01127280
-0.01113845
-0.02295364
0.00920914
0.00422442
-0.03211524
0.03013658
0.02292409
0.01298204
-0.07004968
0.00682547
0.00703146
0.04823681
-0.01555032
0.05306878
-0.01251798
-0.06311000
-0.00435825
-0.05293888
-0.00184841
-0.01393909
0.00586438
0.08072481
-0.03656895
-0.15260525
-0.00541046
-0.03087637
0.04630021
0.02274351
0.02994514
0.04148539
-0.00861809
-0.03886658
0.01534059
-0.00852777
0.02662522
0.02357719
0.00029314
-0.00114814
0.08363526
0.02580963
0.01790660
0.03235271
0.02711270
0.04185456
-0.04126647
-0.02127680
0.04322991
0.01370309
0.00553353
-0.03217731
0.05981696
-0.00013231
-0.02617700
0.04988293
-0.00474356
-0.16306919
-0.04795794
-0.03573514
-0.03367683
-0.00725420
0.00044820
0.00582061
0.02064171
0.06040264
0.02043043
-0.01175793
-0.03266943
0.05333246
0.01049482
0.07562245
0.02739306
-0.01871338
0.04887754
0.01059282
-0.05491086
0.02108430
0.03055864
0.03345121
0.04897735
0.06421006
0.02257516
-0.02788642
0.00166983
0.00879996
-0.04655766
0.06113968
-0.00966515
-0.00187882
0.03955506
-0.06353179
-0.00576644
-0.00504886
0.08498645
-0.00745850
-0.00012035
-0.05911520
0.10185846
-0.00583677
0.11179315
0.01859445
-0.01178765
-0.01949331
-0.04101767
0.01295987
0.05298705
0.02871273
0.01618160
-0.00852750
0.03656446
-0.06330669
-0.01687696
-0.00507129
0.06670095
-0.01375191
-0.00530128
0.05573679
0.03443417
-0.00448874
-0.01670614
0.01244927
0.17485096
0.03192868
-0.02355098
0.08020051
-0.02142752
-0.05117605
-0.10205219
0.02875264
-0.09706031
0.03423360
-0.02240586
0.10502958
-0.03481428
0.02907551
0.01039271
0.02988873
-0.02717626
-0.05007694
-0.07192395
-0.02667743
0.06624246
-0.00263717
-0.05678604
0.06030546
-0.00408586
-0.00167658
-0.00548956
0.00616286
0.06553195
-0.00866622
-0.02438041
0.05717194
0.00989151
-0.07147942
-0.02908924
0.09283170
-0.02035191
0.02093324
0.05754394
-0.00627609
-0.00905556
0.00508324
-0.02524543
-0.03182949
0.03717352
0.02381479
-0.01135404
-0.05996767
0.03502585
0.05481179
-0.12848918
-0.00778368
0.04126983
0.05984628
-0.02635185
0.07165379
0.01358522
-0.02579786
-0.03796725
-0.05288560
-0.02657798
-0.06020832
-0.06154534
0.01257431
0.00667959
0.01366591
-0.01768180
-0.00321583
0.00869504
-0.06537826
0.00639295
-0.04166796
0.01939427
-0.01637250
0.06815173
-0.04870388
0.00384693
0.05771854
-0.04390778
-0.05090951
-0.05358395
0.01622809
0.01762660
-0.04497137
0.02206313
-0.10384773
0.01576462
-0.02659928
0.04471826
0.02941628
-0.04473110
0.01452213
0.06807566
0.05787548
-0.02560049
-0.01187030
0.14663874
-0.02442424
-0.01654021
0.03207339
-0.04589359
-0.02386454
-0.00258672
-0.02235006
0.07367526
0.07362285
-0.03299103
0.02225631
0.02287506
0.00034415
0.05957448
0.02136351
-0.01079637
0.12543903
-0.03781172
-0.00779995
-0.03991483
0.05887407
0.05856106
0.02163156
0.00170501
-0.02649191
-0.02342831
-0.03715969
-0.02046728
0.00908089
0.07731245
-0.03722696
0.03578212
0.02532282
0.02701806
0.02500294
-0.01266545
-0.05425333
-0.01860885
-0.02640086
-0.10879941
-0.02709642
0.00461332
0.05964202
0.07595344
-0.01614941
-0.05579497
0.02617987
0.04833583
0.01801911
-0.00582521
-0.00907372
0.04911136
-0.06350222
-0.09132738
-0.03018239
-0.02511358
0.02088624
-0.06244789
0.00322491
0.01569937
-0.09973100
0.02348542
-0.17886314
0.00765263
0.08794966
-0.04259455
-0.03158291
-0.01566478
-0.00872781
0.02986472
0.04427318
-0.00867286
-0.02312036
0.08299413
0.00944435
0.00368133
-0.02698386
-0.03792725
-0.00615294
-0.03463786
0.03251673
0.11602795
0.06318506
0.04514128
-0.04257922
0.01458794
0.00778885
0.00567171
0.01210289
-0.02398029
0.02472961
0.02115810
0.03523255
-0.03658760
0.05598498
-0.03716359
-0.00612137
-0.01209479
-0.00917868
-0.00125830
0.03985838
0.03619493
0.00738132
0.04174685
0.00178255
-0.00596946
-0.04562023
0.03949907
-0.03324962
0.00067949
