-0.0253176763653755
-0.0549410358071327
0.1191176101565361
0.0516422688961029
0.0656479746103287
0.0886734649538994
0.0593746863305569
-0.1125930249691010
0.0292918626219034
-0.0774205029010773
-0.0649523362517357
-0.0091526471078396
0.0102629391476512
-0.0138162607327104
0.0306456703692675
0.0466947816312313
0.0175630040466785
0.0261262655258179
-0.0405492186546326
-0.0333306044340134
0.0291926562786102
-0.0657051280140877
0.0205331109464169
0.0492020063102245
-0.0622870251536369
0.0917495042085648
0.0158715769648552
0.0114995241165161
-0.0306048318743706
0.0439075343310833
0.0624655671417713
0.0031942240893841
0.1134694144129753
-0.0247953962534666
-0.0636347010731697
0.0923935174942017
0.0932321771979332
-0.1010575369000435
-0.0827333033084869
0.0573803037405014
-0.0029048386495560
-0.0455868169665337
0.0229630041867495
0.0020694877021015
-0.0116080734878778
-0.0498260855674744
0.0633811056613922
0.0788058489561081
-0.0783962830901146
0.0268965177237988
0.0660674944519997
-0.0041601485572755
-0.0144515605643392
0.0183535739779472
-0.0992841050028801
0.0254149641841650
0.0555425025522709
-0.0582828931510448
0.0749962553381920
0.1681360453367233
-0.0184269789606333
0.0099108004942536
-0.0663206204771996
-0.0603483356535435
0.0043395217508078
0.0441685430705547
0.0794641077518463
-0.0830091834068298
0.1158301383256912
-0.0700811296701431
-0.0297062359750271
0.0546348392963409
0.0998910665512085
-0.0412759780883789
0.0159579850733280
0.1288535445928574
-0.0653459355235100
-0.0091186603531241
0.0520648844540119
0.0718947499990463
-0.0824782773852348
-0.0988001972436905
0.0175008065998554
0.0348558761179447
0.0261928178369999
-0.0695578306913376
0.1124793887138367
0.1199515759944916
-0.0471686758100986
0.0594872571527958
-0.0386444553732872
0.0658813193440437
-0.0730721950531006
0.1045662239193916
-0.0614762343466282
0.0169072765856981
0.0560100600123405
0.1517733484506607
0.0661597773432732
-0.0146747771650553
0.0092813866212964
0.1172123476862907
0.0689064860343933
-0.0488594584167004
-0.1276850104331970
-0.0568965785205364
0.0100430389866233
-0.0531206093728542
-0.0295174587517977
-0.0101173119619489
-0.0136608732864261
0.0261985231190920
-0.0549293234944344
-0.0578954406082630
-0.0051416284404695
0.0680191814899445
-0.0049434085376561
-0.0550291053950787
-0.0248579904437065
0.0962598696351051
-0.0177593138068914
0.1479022800922394
0.0345254577696323
0.0863863602280617
0.0347237810492516
-0.0662687048316002
-0.0097972992807627
0.0290275085717440
-0.0184676013886929
0.0623171478509903
0.0945658236742020
0.0879860594868660
0.0833122357726097
-0.0969341620802879
0.0120653985068202
-0.0021517719142139
-0.1178433224558830
0.0572905316948891
0.0131727224215865
-0.0072690132074058
0.0023600833956152
0.0172920785844326
-0.0353982672095299
-0.0842045471072197
0.0582181066274643
-0.0516943372786045
-0.0821897685527802
0.0495714768767357
0.0901487022638321
-0.0941483601927757
-0.0725691989064217
0.0821263492107391
-0.0604353584349155
0.0359219573438168
0.0415128655731678
0.0091409143060446
0.1153733283281326
0.0150870345532894
-0.0234036874026060
-0.0955457761883736
0.0190498605370522
0.0235453397035599
-0.1025662571191788
-0.0091679682955146
-0.0413293428719044
-0.0776758417487144
-0.0459725819528103
0.0206853579729795
-0.0966347604990005
0.0223890449851751
-0.0199079941958189
-0.0500671453773975
-0.0724148228764534
-0.0497661978006363
0.0008313726866618
0.0734070688486099
0.0050107487477362
-0.0520904250442982
-0.0000940723111853
-0.0860514938831329
0.0860020667314529
-0.0184878874570131
0.0166495852172375
0.0866019874811172
-0.0440249666571617
0.0349763818085194
-0.0169543661177158
-0.0118804881349206
-0.0164079666137695
0.1150983497500420
0.0117967547848821
-0.1397397369146347
0.0107475928962231
0.0240650102496147
0.0653421804308891
0.0045174579136074
0.0013809666270390
0.1194832697510719
-0.0674694180488586
0.0742308422923088
0.0748319029808044
0.0308253988623619
-0.0499337315559387
0.0606265254318714
-0.0787492990493774
0.0612566247582436
0.0547984242439270
-0.0283152312040329
0.0744920745491982
-0.0103724999353290
-0.0566282011568546
0.0069084400311112
0.0213707089424133
-0.0847594514489174
0.0919564813375473
-0.0529336072504520
0.0142510877922177
0.0709038525819778
-0.0391062647104263
-0.0125723471865058
-0.0374446623027325
-0.0819343850016594
0.0404954329133034
0.0112411919981241
-0.0378045663237572
0.0364459827542305
-0.0812260136008263
0.0907426625490189
0.0797084420919418
0.0319524034857750
-0.0043171378783882
-0.0145211825147271
-0.0275706741958857
-0.1416723430156708
-0.0024639745242894
0.0365938059985638
-0.0832454860210419
0.0143429981544614
-0.0246258676052094
0.0327639766037464
-0.0759883522987366
-0.0152582954615355
0.0469740778207779
0.0727149024605751
-0.0221891757100821
-0.0435732156038284
-0.0139279682189226
0.0890054479241371
-0.1077867150306702
-0.0525675304234028
-0.0090227238833904
-0.0604413039982319
0.1131807640194893
0.0484398305416107
0.0007297500851564
0.0619375891983509
-0.0097972229123116
0.0247130915522575
-0.0597447976469994
-0.1195565536618233
0.1280374974012375
-0.1921911537647247
0.0927117690443993
0.1207671090960503
0.0244252420961857
0.0346567519009113
-0.1276475340127945
0.0563813745975494
0.1045965328812599
0.0457297824323177
-0.0155681492760777
-0.0554718300700188
-0.2411807924509048
-0.0511006340384483
0.0944362953305244
-0.2211254984140396
-0.2331300228834152
-0.0426558107137680
-0.0053834104910493
-0.0489944703876972
0.0075284442864358
-0.1869378983974457
-0.2194624692201614
-0.1353955864906311
-0.0613859258592129
-0.0068440902978182
0.0353767201304436
0.0169306714087725
-0.1101803854107857
-0.1221637725830078
-0.2394524514675140
0.0031262687407434
0.1441949158906937
0.0620570220053196
-0.0692942440509796
-0.1775369346141815
-0.0838437974452972
-0.0058482047170401
-0.0268096812069416
-0.1549008041620255
-0.1625986099243164
0.0682429298758507
0.2132602334022522
-0.2649573683738708
-0.0367611870169640
0.1677150130271912
-0.1006550490856171
0.1095732152462006
-0.0292768813669682
-0.0713508427143097
-0.0448181591928005
-0.1933863610029221
0.1549979895353317
0.0148535845801234
-0.0701434314250946
0.0253714136779308
0.0364296808838844
0.3460594713687897
-0.0079986806958914
-0.1067411750555038
0.0222686417400837
0.0128393098711967
-0.0418153405189514
-0.0484838671982288
-0.0071064480580389
0.0192313194274902
-0.0613662563264370
-0.0064742658287287
0.0096513833850622
-0.0108293071389198
0.0145705696195364
0.0216044876724482
0.0847411602735519
-0.0539710558950901
-0.0268929023295641
0.0453279912471771
-0.0166023150086403
0.0101116569712758
0.0143249947577715
-0.0832650959491730
0.0356866344809532
-0.0426959879696369
-0.0075517096556723
0.0397016778588295
0.0192375481128693
0.0466713942587376
0.0076770028099418
-0.0671365261077881
-0.0558459386229515
-0.0170078035444021
0.0645654872059822
0.0373551100492477
-0.0363262072205544
-0.0702545717358589
-0.0554928183555603
-0.0344676189124584
0.0662970468401909
-0.0504994727671146
-0.0397705361247063
0.0209135822951794
-0.0561438612639904
0.0478663109242916
-0.0635136514902115
-0.0909007191658020
0.0038121636025608
0.0131923137232661
-0.0111168539151549
0.0033343671821058
-0.0466773211956024
-0.0161101948469877
-0.0220315232872963
-0.0417136512696743
-0.0073743565008044
-0.0652144700288773
-0.0972233116626740
0.0776803046464920
-0.0415859743952751
-0.0031780342105776
-0.0651432722806931
0.0497207641601562
-0.0129629448056221
-0.0200795829296112
0.0334650203585625
-0.0182897932827473
-0.0020257299765944
-0.0265636704862118
-0.0433507226407528
-0.0176279731094837
-0.0321480035781860
-0.0485982373356819
0.0492470003664494
0.0152754541486502
0.0101009281352162
0.0504065342247486
0.0493920035660267
-0.0718593299388885
-0.0472524389624596
0.0363482199609280
-0.0619438216090202
-0.0010767728090286
-0.0461691506206989
-0.0379310697317123
0.0066059874370694
-0.0092457486316562
0.0548071824014187
0.0278377160429955
0.0685146525502205
-0.0042936364188790
0.0207839626818895
0.0182539634406567
-0.0453789010643959
0.0518459528684616
0.0103350486606359
0.0845310911536217
0.0262477267533541
-0.0740589126944542
-0.0490507557988167
0.0518081672489643
0.0253662448376417
0.0325086899101734
0.0165067911148071
0.0666734874248505
0.0085733802989125
-0.0554397776722908
-0.0212143138051033
-0.0566830672323704
0.0913381278514862
0.0810413956642151
-0.0069196312688291
0.0529662147164345
0.0662527531385422
0.0105443997308612
0.0131926573812962
0.0061636990867555
0.0490641444921494
0.0158173795789480
0.0619059577584267
-0.0498257167637348
0.0262885987758636
-0.0352153368294239
-0.0268781054764986
-0.0000158424682013
-0.0242092069238424
0.0262536071240902
0.0176100265234709
0.0206320211291313
0.0820161104202271
-0.0059027811512351
-0.0550742112100124
-0.0720170140266418
-0.0653664618730545
0.0295140221714973
0.0365419983863831
-0.0440272539854050
-0.0475324280560017
-0.0270920172333717
0.0576107837259769
0.0219261087477207
0.0292503591626883
0.0483798682689667
-0.0369372740387917
-0.0467782132327557
-0.0008577785920352
0.0058651459403336
-0.0355377867817879
0.0243229810148478
0.0038574393838644
0.0394496768712997
-0.0335437059402466
0.0757060796022415
0.0609520524740219
-0.0423907674849033
0.0384073667228222
0.0471386164426804
-0.0152409113943577
0.0411470010876656
-0.0227870643138885
-0.0305185131728649
0.0385818555951118
-0.0118651250377297
0.0004222378192935
-0.0461871884763241
-0.0592262074351311
0.0082337167114019
-0.0029545768629760
0.0340166501700878
-0.0353956073522568
-0.0293941851705313
-0.0136356055736542
-0.0422962754964828
0.0307348035275936
-0.0542437545955181
-0.0466829128563404
-0.0128468284383416
-0.0179940555244684
-0.0126396836712956
0.0018326264107600
0.0435951538383961
-0.0270648822188377
-0.0775641724467278
-0.0004769149236381
0.0019370485097170
0.0509680770337582
-0.0329852215945721
-0.0541077777743340
0.0214927196502686
-0.0242774896323681
-0.0246642846614122
0.0719349756836891
0.0062286835163832
-0.0424159467220306
-0.0588751807808876
0.0029292928520590
0.0789609849452972
0.0465373396873474
-0.0102887386456132
-0.0148503007367253
0.0244456026703119
0.0185936950147152
-0.0108972350135446
0.0157820936292410
-0.0501384176313877
-0.0611672364175320
-0.0055317492224276
0.0238795056939125
0.0549645461142063
0.0603394769132137
-0.0442692115902901
0.0168044380843639
-0.0188841354101896
-0.0518503002822399
-0.0511629022657871
0.0919528231024742
0.0209255702793598
0.0573076717555523
0.0617229677736759
0.0476601943373680
-0.0211643036454916
0.0110194375738502
-0.0974731370806694
-0.0381727442145348
-0.0443582385778427
-0.0659080669283867
-0.0566971562802792
0.0023423847742379
0.0469518452882767
0.0451360493898392
0.0346882306039333
0.0670924857258797
0.0622343905270100
-0.0434825122356415
0.0383140072226524
-0.0383815169334412
-0.0476510338485241
0.0186851359903812
0.0587980113923550
0.0368145406246185
-0.0543399713933468
0.0406243428587914
-0.0290453881025314
-0.0248119272291660
-0.0210542604327202
-0.0392243079841137
0.0827392339706421
-0.0219850111752748
0.0197679530829191
0.0476625673472881
-0.0650242939591408
0.0934303030371666
-0.0675800219178200
0.0290028285235167
0.0259444173425436
0.0292924679815769
-0.0148570733144879
0.0680311545729637
0.0424690917134285
-0.0062034456059337
0.0517384037375450
-0.0077565046958625
-0.0557072199881077
0.0031911407131702
-0.0172990076243877
0.0170531682670116
0.0505589172244072
0.0570542216300964
0.0569993034005165
0.0100950114428997
0.0145810935646296
0.0661133080720901
0.0389234833419323
0.0206964444369078
0.0813443511724472
0.0396394506096840
-0.0407658480107784
-0.0610653385519981
-0.0787803679704666
-0.0048735095188022
-0.0295086037367582
0.0152411656454206
-0.0560480393469334
0.0308018662035465
0.0643217340111732
-0.0036283016670495
-0.0545601807534695
0.0647045746445656
-0.0301622152328491
-0.0648944377899170
-0.0673069581389427
-0.0143450358882546
-0.0325022973120213
-0.0603905394673347
0.0109015433117747
0.0116465687751770
0.0268882662057877
0.0254520568996668
-0.0400054082274437
-0.0499396026134491
-0.0143968174234033
0.0392474457621574
0.0491555295884609
-0.0157478041946888
0.0393203571438789
0.0333174839615822
0.0216027963906527
-0.0613258071243763
-0.0444329567253590
-0.0163847748190165
-0.0388025380671024
0.0683465376496315
-0.0428508333861828
0.0656839311122894
0.0666461884975433
-0.0210249852389097
0.0273057073354721
-0.0235381703823805
-0.0422239564359188
-0.0374744720757008
-0.0420281924307346
0.0444488003849983
0.0622675754129887
-0.0643697977066040
0.0676976665854454
-0.0103034973144531
0.0482913330197334
0.0021109024528414
0.0630334168672562
0.0467709712684155
0.0705473273992538
-0.0434584245085716
0.0147348456084728
0.0627824068069458
-0.0278081987053156
-0.0316939949989319
0.0561567023396492
0.0654862821102142
-0.0107350135222077
-0.0020702229812741
0.0389744900166988
0.0607339590787888
0.0715820267796516
-0.0892880186438560
-0.0365930646657944
0.0516433753073215
-0.0475663654506207
-0.0591895654797554
-0.0707466676831245
0.0172605849802494
-0.0497186668217182
0.0271019730716944
0.0218831878155470
-0.0390021502971649
0.0249070823192596
0.0561173148453236
0.0525324381887913
-0.0138571616262197
0.0079529490321875
0.0508777089416981
-0.0303868427872658
-0.0619357377290726
-0.0364600382745266
-0.0352472700178623
0.0292554125189781
-0.0115068927407265
0.0203636009246111
0.0237799137830734
0.0148380547761917
-0.0341020822525024
-0.0284621827304363
0.0112565355375409
0.0452125817537308
0.0048818551003933
-0.0281686130911112
0.0218072179704905
0.0122103765606880
-0.0381165817379951
-0.0636774674057961
-0.0218567159026861
-0.0333599895238876
-0.0155994780361652
0.0038528176955879
-0.0419183485209942
-0.0093251559883356
-0.0382271148264408
0.0781776830554008
0.0409416221082211
-0.0440774671733379
0.0208205096423626
-0.0239377506077290
-0.0727520436048508
-0.0625815019011497
0.0860783159732819
0.0106211919337511
-0.0635709911584854
-0.0406683199107647
-0.0439510382711887
0.0573855750262737
-0.0410740561783314
-0.0250569693744183
0.0631990954279900
0.0322897471487522
0.0328963249921799
-0.0895000472664833
0.0124006336554885
0.0176335163414478
0.0685287192463875
-0.0618302263319492
0.0550933592021465
-0.0288416091352701
0.0108809471130371
0.0287061799317598
0.0431030616164207
0.0224240086972713
0.0414232835173607
-0.0312580950558186
-0.0662801414728165
0.0348923467099667
-0.0687313526868820
-0.0275483429431915
0.0134214181452990
0.0646256878972054
0.0516425408422947
-0.0545863509178162
0.0827060937881470
0.0535381585359573
0.0525539629161358
0.0285560805350542
-0.0639631599187851
0.0291982479393482
0.0792067050933838
-0.0565207749605179
0.0548176057636738
-0.0215807482600212
-0.0367398187518120
0.0234097391366959
-0.0404111258685589
-0.0546436198055744
-0.0121067585423589
-0.0147126400843263
0.0751574262976646
-0.0863157585263252
-0.0487900339066982
-0.0414294525980949
0.0479606166481972
-0.0447335578501225
0.0807943269610405
0.0645009279251099
0.0011090602492914
0.0140632819384336
0.0625349506735802
-0.0422422252595425
-0.0808045715093613
0.0221893452107906
-0.0468411482870579
0.0150670260190964
0.0071654948405921
0.0355141498148441
-0.0570263937115669
0.0462104231119156
0.0621424354612827
0.0312817208468914
-0.0072977067902684
-0.0255934316664934
0.0120949726551771
-0.0389828532934189
0.0391096137464046
-0.0269992742687464
-0.0561473295092583
0.0428960211575031
0.0574470348656178
0.0118879508227110
-0.0594529509544373
-0.0031405836343765
-0.0091514131054282
-0.0028397296555340
-0.0487529970705509
0.0596329681575298
0.0048980945721269
0.0239476505666971
-0.0374398753046989
-0.0590984523296356
0.0609980858862400
-0.0843186229467392
0.0499161444604397
0.0310767479240894
-0.0008757049217820
-0.0478095635771751
-0.0514895953238010
-0.0902942344546318
-0.0544190332293510
-0.0307961124926805
0.0224506370723248
-0.0399045012891293
-0.0011243486078456
-0.0164007730782032
-0.0148780783638358
0.0158783551305532
0.0503018796443939
0.0351626314222813
-0.0090632317587733
-0.0201071910560131
-0.0030114918481559
-0.0309043191373348
0.0395421758294106
-0.0587515123188496
-0.0378874912858009
0.0017208465142176
0.0656064078211784
0.0186731982976198
0.0699101835489273
-0.0682244002819061
0.0280812829732895
-0.0491941571235657
