1.378177851438522339e-02
-3.605547547340393066e-02
-4.064811766147613525e-02
-3.467638790607452393e-02
-9.383307187817990780e-04
9.500443004071712494e-03
-7.775377016514539719e-03
-2.881570905447006226e-02
-3.770729899406433105e-02
2.909260615706443787e-02
-1.777422241866588593e-02
9.851247305050492287e-04
3.528162464499473572e-02
-4.962199926376342773e-02
-2.459465898573398590e-02
-2.205582149326801300e-02
1.835212297737598419e-02
-3.536445321515202522e-03
7.719670981168746948e-02
3.182891383767127991e-02
8.896959945559501648e-03
4.225620999932289124e-02
-3.720036149024963379e-02
-1.918022870086133480e-03
-2.953635714948177338e-02
2.114466205239295959e-02
1.105572655797004700e-02
3.160308301448822021e-02
-1.388540863990783691e-02
1.073967758566141129e-02
-7.028623018413782120e-03
-3.475520992651581764e-03
1.259048283100128174e-02
-1.590537838637828827e-02
-2.062575705349445343e-02
5.525218322873115540e-02
1.464686822146177292e-03
2.863884530961513519e-02
2.131467685103416443e-02
-4.630596563220024109e-02
-2.836017310619354248e-02
-1.613968983292579651e-03
-6.511139124631881714e-02
-4.806853830814361572e-02
-3.045630082488059998e-02
1.550076436251401901e-02
-8.189111202955245972e-02
2.177155204117298126e-02
2.705078758299350739e-02
2.128374390304088593e-02
2.907201275229454041e-02
-5.193047598004341125e-02
-8.793490007519721985e-03
6.011869292706251144e-03
-3.898048028349876404e-02
-1.933336630463600159e-02
-6.349477451294660568e-03
-1.463179383426904678e-02
4.070223271846771240e-01
4.811931401491165161e-02
-1.579370722174644470e-02
2.926714345812797546e-02
1.847588084638118744e-02
-2.317150495946407318e-02
1.223170111188665032e-04
2.298305742442607880e-02
2.191091328859329224e-02
-7.050479296594858170e-03
2.410786226391792297e-02
4.922693222761154175e-02
2.723539434373378754e-02
-1.165564055554568768e-03
-8.929842151701450348e-03
1.391052920371294022e-02
-1.331862621009349823e-02
-3.828371642157435417e-03
-6.567570567131042480e-02
-2.855868265032768250e-02
5.776091478765010834e-03
1.815940439701080322e-02
-2.991078235208988190e-02
-7.578267250210046768e-03
-9.437345899641513824e-03
5.166676267981529236e-02
5.133212357759475708e-02
-5.863858968950808048e-04
6.331628654152154922e-03
-1.744122803211212158e-02
4.863817617297172546e-02
1.658058166503906250e-02
3.267342969775199890e-02
-1.223869901150465012e-02
2.179445698857307434e-02
2.141098305583000183e-02
-3.024608083069324493e-02
-2.207236923277378082e-02
4.966184031218290329e-03
-2.451539598405361176e-02
3.608772903680801392e-02
-7.820256985723972321e-03
-3.308507427573204041e-02
-2.719586156308650970e-02
-8.560783229768276215e-03
2.468541823327541351e-02
1.587323844432830811e-02
-4.736437927931547165e-03
2.891918085515499115e-02
4.437446594238281250e-03
2.805892378091812134e-02
-3.667557984590530396e-02
-3.553597722202539444e-03
2.030673436820507050e-02
9.561838582158088684e-03
1.504781190305948257e-03
-8.983601815998554230e-03
-2.399813756346702576e-02
4.151220247149467468e-02
-1.360937952995300293e-02
2.238905988633632660e-02
1.920138299465179443e-02
1.868052408099174500e-02
1.362690702080726624e-02
1.161280926316976547e-02
-3.463369794189929962e-03
1.695778965950012207e-02
1.232053805142641068e-02
-4.723974969238042831e-03
-1.549106207676231861e-03
1.401117350906133652e-02
3.813080117106437683e-02
2.792340330779552460e-02
-8.592800237238407135e-03
-2.731980942189693451e-02
-1.456974889151751995e-03
-3.174738958477973938e-02
2.865560911595821381e-02
-1.194440666586160660e-02
4.155900329351425171e-02
-8.942492306232452393e-02
2.212690748274326324e-02
-1.751336455345153809e-02
-2.412646822631359100e-02
-1.950961723923683167e-02
-3.009015927091240883e-03
-3.071124106645584106e-02
6.456452608108520508e-02
-5.353287234902381897e-02
-2.097380580380558968e-03
-1.179632078856229782e-02
-1.461676973849534988e-02
4.441230744123458862e-02
1.798997074365615845e-02
-2.841636911034584045e-02
3.482851386070251465e-02
-2.463265787810087204e-03
-3.058566525578498840e-02
3.641676157712936401e-02
-9.318371303379535675e-03
-6.211918964982032776e-02
1.073580328375101089e-02
2.089693956077098846e-02
-2.286436595022678375e-02
6.001317407935857773e-03
2.511327899992465973e-02
-5.755558609962463379e-03
6.103384494781494141e-02
1.230230648070573807e-02
5.816395059810020030e-05
-1.785231195390224457e-02
3.535853326320648193e-02
1.868799328804016113e-02
-8.245889330282807350e-05
2.884919382631778717e-02
6.734482478350400925e-03
5.674243345856666565e-02
1.316357310861349106e-02
4.357010126113891602e-02
-1.862003654241561890e-02
-4.271254315972328186e-02
3.889235435053706169e-03
-2.302919887006282806e-02
-3.449519723653793335e-02
7.622481323778629303e-03
2.473960816860198975e-02
3.668058291077613831e-02
-1.708683744072914124e-02
-2.775921719148755074e-03
-1.398419309407472610e-02
1.319829490967094898e-03
5.859499797224998474e-02
4.799504950642585754e-02
5.268980190157890320e-02
-8.713957853615283966e-03
-2.789299562573432922e-02
-5.772499367594718933e-03
1.845647767186164856e-02
2.353234030306339264e-02
2.448322251439094543e-02
7.798880338668823242e-03
-5.262899398803710938e-02
3.690523281693458557e-02
1.163721084594726562e-02
4.812926799058914185e-02
-1.676237583160400391e-02
3.255569189786911011e-02
-3.070593997836112976e-02
-2.129131369292736053e-02
1.838336326181888580e-02
2.419766504317522049e-03
-8.035911619663238525e-02
-2.661719359457492828e-02
2.793855220079421997e-02
6.437191739678382874e-03
1.734823919832706451e-03
7.508609909564256668e-03
-3.318753093481063843e-02
-1.829048618674278259e-03
5.965897813439369202e-02
-2.283542416989803314e-02
3.038983419537544250e-02
-3.446483984589576721e-02
-7.883167862892150879e-01
1.670517958700656891e-02
-6.795086711645126343e-02
-2.468924783170223236e-02
-1.447609905153512955e-02
4.392162337899208069e-02
-3.596501797437667847e-02
2.200409956276416779e-02
2.127909101545810699e-03
-2.324114181101322174e-02
-5.299320071935653687e-02
6.358519196510314941e-03
1.729014888405799866e-02
-1.457030046731233597e-02
2.362355589866638184e-02
-1.603526994585990906e-02
1.076852343976497650e-02
-4.094725474715232849e-03
-1.831730268895626068e-02
1.227897219359874725e-02
3.785178437829017639e-02
-6.441330537199974060e-03
-3.344631940126419067e-02
4.699445795267820358e-03
3.274782001972198486e-02
5.832321941852569580e-02
2.690043486654758453e-02
-4.444697406142950058e-03
1.204207912087440491e-02
-1.346044149249792099e-02
2.238002605736255646e-03
1.325418893247842789e-02
1.105950027704238892e-02
-1.756945811212062836e-02
-2.728011831641197205e-02
1.451455801725387573e-01
-7.692425698041915894e-02
-4.112097248435020447e-02
3.270005434751510620e-02
3.510741889476776123e-02
9.224456734955310822e-03
7.271429896354675293e-02
-1.016760542988777161e-01
-1.028798148036003113e-02
-1.111648231744766235e-02
1.743683665990829468e-01
4.026009887456893921e-02
4.928359016776084900e-02
-5.671884119510650635e-02
-1.633128151297569275e-02
1.799907162785530090e-02
9.566211700439453125e-02
2.887490205466747284e-02
1.642922498285770416e-02
-1.078588794916868210e-02
-2.557449601590633392e-02
1.613034680485725403e-02
-3.084638528525829315e-02
1.285883635282516479e-01
2.741906605660915375e-02
-5.888867378234863281e-02
7.802465558052062988e-02
-4.304319992661476135e-02
-7.130338996648788452e-02
-1.788800582289695740e-02
1.683403700590133667e-01
8.275679312646389008e-03
-5.348283424973487854e-02
-6.408546864986419678e-02
9.281632304191589355e-02
-7.821252197027206421e-02
3.207323700189590454e-02
9.060248732566833496e-02
-1.980568841099739075e-02
2.985281869769096375e-02
-1.561938077211380005e-01
1.684296876192092896e-02
-6.659830361604690552e-02
-7.349018007516860962e-02
9.887041896581649780e-02
-4.657002165913581848e-02
8.079808354377746582e-01
-8.290355652570724487e-02
-1.636252738535404205e-02
-1.871412545442581177e-01
7.274432480335235596e-02
9.500273317098617554e-02
6.703580915927886963e-02
7.880036532878875732e-02
2.779104048386216164e-03
-3.451279830187559128e-03
1.486093550920486450e-01
-1.005456782877445221e-02
-5.169123783707618713e-02
-8.068706840276718140e-02
-7.352692633867263794e-02
-6.495359539985656738e-02
-5.888863001018762589e-03
-1.824245974421501160e-02
-4.004788119345903397e-03
2.606096491217613220e-02
1.425723824650049210e-02
1.350024063140153885e-02
-4.378346353769302368e-02
-2.563495887443423271e-03
5.088109523057937622e-03
4.181051254272460938e-02
-4.469271749258041382e-02
5.347689986228942871e-02
1.895559579133987427e-02
4.105401411652565002e-02
5.585262086242437363e-03
-5.800658091902732849e-02
-9.589956142008304596e-03
-2.602686639875173569e-03
7.701555639505386353e-02
-2.006581425666809082e-02
-4.162912443280220032e-02
1.280474662780761719e-02
-3.319491446018218994e-02
2.094268798828125000e-02
-5.976710468530654907e-02
-7.406423799693584442e-03
7.348877936601638794e-02
-1.755668967962265015e-01
-3.014882095158100128e-02
1.447930466383695602e-02
2.669513970613479614e-02
7.510213553905487061e-02
6.978181190788745880e-04
-9.088580310344696045e-02
9.069550782442092896e-03
-6.844811141490936279e-03
-3.514339029788970947e-02
3.056759946048259735e-02
9.477389045059680939e-03
-1.843263022601604462e-02
5.432263016700744629e-02
4.194815517166716745e-07
9.388881176710128784e-02
9.736350737512111664e-03
5.381516367197036743e-02
4.521717317402362823e-03
-2.110354043543338776e-02
-1.705003529787063599e-02
2.927014790475368500e-02
1.341055426746606827e-02
-3.478917479515075684e-02
-1.919198594987392426e-02
3.378053195774555206e-03
1.160008683800697327e-01
-6.022815778851509094e-02
5.130606144666671753e-02
4.228437691926956177e-02
-1.074327435344457626e-02
-8.448784239590167999e-03
5.496187368407845497e-04
5.395033583045005798e-02
1.232128683477640152e-02
-2.413138747215270996e-02
-2.751626074314117432e-02
5.801607668399810791e-02
7.161066681146621704e-02
2.546224370598793030e-02
1.742484420537948608e-02
-2.398276142776012421e-02
6.425411254167556763e-02
-1.108181010931730270e-02
3.492013202048838139e-04
4.838032275438308716e-02
3.709046170115470886e-02
-2.149583026766777039e-02
3.396208211779594421e-02
4.484368860721588135e-02
3.821274638175964355e-02
8.981118351221084595e-02
5.442947521805763245e-02
-1.674674078822135925e-02
-4.917578771710395813e-02
-1.322616636753082275e-02
2.636019699275493622e-02
-1.105116382241249084e-01
7.817605510354042053e-03
5.283131729811429977e-03
-6.027906015515327454e-02
-3.274367004632949829e-02
-6.433092057704925537e-02
5.455584079027175903e-02
2.860022895038127899e-02
-5.533440969884395599e-03
-2.783762477338314056e-02
-7.144769653677940369e-03
6.804682314395904541e-03
8.370149880647659302e-03
-5.567199550569057465e-03
8.678638376295566559e-03
-4.822118952870368958e-02
-3.360017389059066772e-02
1.428660098463296890e-02
1.210653921589255333e-03
-9.863064624369144440e-03
1.367876678705215454e-01
-6.192528642714023590e-03
3.428219631314277649e-02
-5.070756375789642334e-02
-8.264483883976936340e-03
-2.848428301513195038e-02
8.116582781076431274e-02
-3.811466321349143982e-02
3.615280985832214355e-02
8.513740263879299164e-03
1.322796661406755447e-02
4.353087395429611206e-02
-3.731753909960389137e-03
2.763636177405714989e-03
-3.119552694261074066e-02
3.001275286078453064e-02
4.772733151912689209e-02
4.574027657508850098e-02
4.001782462000846863e-02
-6.506439764052629471e-03
3.512321412563323975e-02
5.784884467720985413e-02
-1.146025490015745163e-02
-5.039877817034721375e-02
-8.704911917448043823e-02
5.148226022720336914e-02
5.939406156539916992e-02
-5.164949223399162292e-02
-1.104922383092343807e-03
-8.656268008053302765e-03
3.915307670831680298e-02
-9.185315109789371490e-03
4.035844281315803528e-02
2.172293886542320251e-02
2.323479857295751572e-04
3.393169725313782692e-03
4.484865069389343262e-02
-3.226932510733604431e-02
-4.151140153408050537e-02
1.690556854009628296e-02
-2.543289400637149811e-02
-3.206637874245643616e-02
3.366673365235328674e-02
-3.171994537115097046e-02
-1.749822683632373810e-02
2.394957281649112701e-02
-1.995125226676464081e-02
-4.766115918755531311e-02
3.303040983155369759e-03
6.961895525455474854e-02
-4.200001060962677002e-02
9.605976194143295288e-02
3.152337670326232910e-02
-2.776464074850082397e-02
-3.669083118438720703e-02
-1.168914698064327240e-02
5.016959086060523987e-02
2.072182856500148773e-02
-1.433131191879510880e-02
-7.276581227779388428e-02
-1.999092660844326019e-02
-1.412958465516567230e-02
1.663283072412014008e-02
-5.627605691552162170e-02
5.085916072130203247e-02
5.597099661827087402e-02
2.355245640501379967e-03
7.744799554347991943e-02
3.120458871126174927e-02
-2.689514495432376862e-02
4.133014753460884094e-02
8.629994466900825500e-03
2.970855496823787689e-02
-2.134594507515430450e-02
-3.925218433141708374e-02
-3.763589262962341309e-02
-2.893922850489616394e-02
5.932226032018661499e-02
-2.475597336888313293e-02
-6.678765267133712769e-02
7.921414077281951904e-02
-2.167494036257266998e-02
-2.222494594752788544e-02
-3.622699528932571411e-02
-1.189946476370096207e-02
-4.471473395824432373e-02
-2.979884855449199677e-03
-4.021886736154556274e-02
-3.731213277205824852e-03
-3.459192439913749695e-02
-2.700059907510876656e-03
-7.165147364139556885e-02
5.568364635109901428e-02
1.377602852880954742e-02
1.082389894872903824e-02
8.310378529131412506e-03
1.624604687094688416e-02
-1.342167519032955170e-02
-4.383602738380432129e-02
7.665350567549467087e-03
2.279945835471153259e-02
1.108823530375957489e-02
-3.028036467730998993e-02
1.696143299341201782e-03
3.396742790937423706e-02
-3.837335482239723206e-02
-1.735113561153411865e-01
-2.254455164074897766e-02
-3.364220261573791504e-02
5.392999202013015747e-02
1.806891709566116333e-02
-9.870353154838085175e-03
-1.387483440339565277e-03
1.676167175173759460e-02
-3.374317288398742676e-02
3.100298903882503510e-02
-1.776735670864582062e-02
-3.660579025745391846e-02
-1.411061082035303116e-02
-4.913836345076560974e-02
-3.449809178709983826e-02
8.113166689872741699e-02
1.646442152559757233e-02
4.131213575601577759e-02
1.427685189992189407e-02
1.081141922622919083e-02
-1.048745401203632355e-02
-7.562036067247390747e-02
-1.795485801994800568e-02
-7.015080656856298447e-03
5.531949549913406372e-02
5.331313982605934143e-02
1.637949235737323761e-02
-2.994269598275423050e-03
-4.306461289525032043e-02
-2.724204678088426590e-03
1.217071060091257095e-02
1.107911486178636551e-02
-7.514835149049758911e-02
-2.858912199735641479e-02
-1.101840436458587646e-01
1.324260514229536057e-02
4.447609651833772659e-03
-4.779744893312454224e-02
-4.622117057442665100e-02
1.234977971762418747e-02
9.176509827375411987e-02
3.664503991603851318e-02
4.826622456312179565e-02
-3.749380260705947876e-02
2.643134444952011108e-02
-2.833600901067256927e-02
6.361332535743713379e-02
3.071629069745540619e-02
3.917163237929344177e-02
-6.547375023365020752e-02
1.825206447392702103e-03
7.224813569337129593e-03
-1.089200377464294434e-02
5.224592238664627075e-02
-4.624186083674430847e-02
5.354873463511466980e-02
-6.953572854399681091e-03
3.005718439817428589e-02
-3.402994945645332336e-02
3.499031811952590942e-02
5.171802639961242676e-02
-5.916309356689453125e-02
1.393382344394922256e-02
3.921839967370033264e-02
1.212488189339637756e-01
3.144387900829315186e-02
4.424438998103141785e-02
2.255402691662311554e-02
-2.695583039894700050e-03
-5.904240533709526062e-03
-3.005634760484099388e-03
6.522891670465469360e-02
-6.601183861494064331e-02
-2.515156753361225128e-02
-9.169721044600009918e-03
-1.168241817504167557e-02
2.933960175141692162e-03
1.479064207524061203e-02
-6.210938096046447754e-02
1.878507621586322784e-02
-4.404022917151451111e-02
1.725649274885654449e-02
-6.935913860797882080e-02
-5.214533209800720215e-02
5.431453511118888855e-02
1.291841827332973480e-02
2.025288343429565430e-02
-5.292728915810585022e-02
6.115811318159103394e-02
-2.733703516423702240e-02
4.213613644242286682e-02
-6.481274962425231934e-03
4.749369993805885315e-02
-2.612717635929584503e-02
-2.249093353748321533e-02
-8.368759602308273315e-02
3.640972077846527100e-02
1.125453561544418335e-01
2.344710379838943481e-02
-2.816330641508102417e-02
6.792469322681427002e-02
2.599258348345756531e-02
-5.387027189135551453e-02
2.680445648729801178e-02
-7.265807688236236572e-02
6.576907634735107422e-02
-4.502651095390319824e-02
4.457479715347290039e-02
6.023167818784713745e-02
-8.770589716732501984e-03
9.629470854997634888e-02
1.096197310835123062e-02
5.945357959717512131e-03
-4.124943539500236511e-02
-7.137064356356859207e-03
-5.053056031465530396e-02
-2.305981889367103577e-02
-1.505295652896165848e-02
3.427352383732795715e-02
-3.234124556183815002e-02
-3.319983556866645813e-02
2.108745463192462921e-02
-3.973585367202758789e-02
6.958448886871337891e-02
2.833170583471655846e-03
-2.354594692587852478e-02
1.533202268183231354e-02
-1.856986247003078461e-02
-5.367719754576683044e-02
1.319983508437871933e-03
4.938140884041786194e-02
9.203983470797538757e-03
6.233236566185951233e-02
8.402934297919273376e-03
1.615788601338863373e-02
-3.643753379583358765e-02
-2.141220681369304657e-02
4.138413816690444946e-02
-2.011419832706451416e-02
4.626553133130073547e-02
3.359507769346237183e-02
-5.357033386826515198e-02
-2.265468426048755646e-02
-4.944467544555664062e-02
-2.250723913311958313e-02
2.249661833047866821e-03
-3.869471698999404907e-02
7.839725166559219360e-02
-6.705589592456817627e-02
-3.259466215968132019e-02
9.179407730698585510e-03
6.839352101087570190e-02
6.402254849672317505e-02
-3.541339188814163208e-02
1.824092306196689606e-02
-2.838902547955513000e-02
-1.744544506072998047e-02
2.163024619221687317e-02
2.916632965207099915e-02
-3.273795172572135925e-02
-1.416537538170814514e-02
-6.825217604637145996e-02
-2.702344767749309540e-02
5.695509165525436401e-02
7.686980813741683960e-02
1.292565558105707169e-02
4.871769621968269348e-02
-5.138419568538665771e-02
1.091803424060344696e-02
5.189616605639457703e-02
-5.340573843568563461e-03
2.653696719789877534e-05
-1.675346679985523224e-02
-2.666560932993888855e-02
6.011594831943511963e-02
5.399795994162559509e-02
-2.079928107559680939e-02
-5.936090275645256042e-02
3.027564473450183868e-02
1.298808455467224121e-01
-8.748038858175277710e-02
4.050355032086372375e-02
-2.001281082630157471e-02
1.507210731506347656e-02
2.817481011152267456e-02
-3.934882953763008118e-02
-8.929545059800148010e-03
4.187365621328353882e-02
1.630985410884022713e-03
9.028402715921401978e-02
-3.343094885349273682e-02
-5.331831797957420349e-02
5.882404372096061707e-02
5.723134055733680725e-02
9.535175748169422150e-03
-4.094315692782402039e-02
-9.711989201605319977e-03
1.681299414485692978e-03
1.989047974348068237e-02
-7.746206969022750854e-02
-1.472080708481371403e-03
6.408939510583877563e-02
1.627548784017562866e-02
-1.047130208462476730e-02
4.773249104619026184e-02
2.556245028972625732e-02
-6.310866773128509521e-02
2.761953324079513550e-02
-4.955590338795445859e-05
3.492560610175132751e-02
1.551544517278671265e-01
-1.228422205895185471e-02
2.854157797992229462e-02
-3.821636736392974854e-02
-7.588422298431396484e-02
2.886513061821460724e-02
-2.319449186325073242e-02
2.133203670382499695e-02
6.338146049529314041e-03
3.838312253355979919e-02
2.474133111536502838e-02
4.095255210995674133e-02
6.200923770666122437e-02
-1.141350250691175461e-02
-9.063976816833019257e-03
2.434370340779423714e-03
1.465655025094747543e-02
-1.043444573879241943e-01
4.644210636615753174e-02
3.865262120962142944e-02
7.346162199974060059e-02
-8.592664450407028198e-02
9.198344312608242035e-03
-1.133681237697601318e-01
3.564826399087905884e-02
4.113044962286949158e-02
-3.569218679331243038e-04
4.611441865563392639e-03
2.779783122241497040e-02
-1.703696325421333313e-02
1.454908167943358421e-03
7.046215236186981201e-03
2.808331139385700226e-02
6.213394924998283386e-02
-3.284845128655433655e-02
5.782156437635421753e-02
3.286204766482114792e-03
-1.232296600937843323e-02
2.098581939935684204e-02
3.435888886451721191e-02
-1.663075527176260948e-03
5.399254616349935532e-03
2.012232132256031036e-02
8.580771833658218384e-02
-1.203384250402450562e-01
-2.336273528635501862e-02
-1.111763492226600647e-01
-1.749175135046243668e-03
-1.874480955302715302e-02
-2.944854460656642914e-02
-5.704566836357116699e-03
7.362626958638429642e-03
-4.797898582182824612e-04
6.190812960267066956e-02
-2.249538898468017578e-03
5.031444132328033447e-02
-2.002684772014617920e-02
-5.652521178126335144e-02
-3.412804380059242249e-02
2.667065151035785675e-02
-4.479634389281272888e-02
-1.462703337892889977e-03
-2.051888406276702881e-02
2.139737643301486969e-02
3.141677379608154297e-02
2.290521748363971710e-02
-6.584905553609132767e-03
-2.153105847537517548e-02
-7.910118997097015381e-02
1.215434633195400238e-02
-4.599958285689353943e-02
-3.031039796769618988e-02
3.469869866967201233e-02
3.735836967825889587e-02
3.645286336541175842e-02
2.758650854229927063e-02
-5.191246047616004944e-02
9.817942976951599121e-03
-3.961885347962379456e-03
2.765481360256671906e-02
-2.614027820527553558e-02
-2.307078242301940918e-02
2.124512009322643280e-02
7.471631467342376709e-02
9.532486647367477417e-02
-9.002092480659484863e-02
1.869591139256954193e-02
-3.296530246734619141e-02
-5.011753737926483154e-02
6.790229678153991699e-02
8.636965602636337280e-02
1.819132454693317413e-02
-7.139693014323711395e-03
-6.439986173063516617e-03
