1.314345281571149826e-02
-1.677249930799007416e-02
-4.980846494436264038e-02
-1.712134480476379395e-02
1.350510865449905396e-02
4.577894136309623718e-02
-3.586759790778160095e-03
-3.714155405759811401e-02
-3.802130371332168579e-02
2.202856540679931641e-02
-2.101385407149791718e-02
1.639446057379245758e-02
1.625501899980008602e-03
-2.599199861288070679e-02
-3.192312270402908325e-02
-2.407255209982395172e-02
-9.612785652279853821e-03
-1.650965423323214054e-04
1.372605115175247192e-01
1.198960375040769577e-02
-7.565877749584615231e-04
5.167564377188682556e-03
-1.712284632958471775e-03
1.964383199810981750e-02
-7.349641993641853333e-03
-8.487557992339134216e-03
-1.892354153096675873e-02
1.660992205142974854e-02
-3.228615969419479370e-02
2.834936976432800293e-02
7.491629570722579956e-02
-1.216958160512149334e-03
7.413076236844062805e-03
-1.925928518176078796e-02
-1.752160117030143738e-02
2.023197710514068604e-02
5.655718501657247543e-03
3.017376549541950226e-02
2.450939826667308807e-02
7.650325074791908264e-03
-3.809746727347373962e-02
3.548177424818277359e-03
-9.866594523191452026e-02
-4.708700627088546753e-02
-2.493194118142127991e-02
-1.872571744024753571e-02
-5.671315267682075500e-02
-1.575469039380550385e-02
1.791745610535144806e-02
9.201209060847759247e-03
1.083157956600189209e-02
-6.353253126144409180e-02
3.012769296765327454e-02
1.749242073856294155e-03
-2.551896125078201294e-02
-5.870622582733631134e-03
2.121634781360626221e-03
-1.276145456358790398e-03
4.461750984191894531e-01
8.937273919582366943e-02
-1.858934760093688965e-02
9.960460010915994644e-04
9.885348379611968994e-03
-3.278208430856466293e-03
7.500898092985153198e-03
2.719285897910594940e-02
7.645904086530208588e-03
-1.296864729374647141e-02
2.447096817195415497e-02
2.302539348602294922e-02
2.793313562870025635e-02
-9.190473705530166626e-03
-3.011846169829368591e-02
6.612145807594060898e-03
-4.444869980216026306e-02
3.095959778875112534e-03
-3.677912428975105286e-02
-5.438088253140449524e-02
8.213465102016925812e-03
3.719360753893852234e-02
-1.387665886431932449e-02
2.979914657771587372e-02
-2.854717662557959557e-03
8.220573514699935913e-02
3.849193081259727478e-02
6.859655026346445084e-03
-9.371764608658850193e-04
-2.163015492260456085e-02
3.500793874263763428e-02
1.442973781377077103e-02
7.879854179918766022e-03
-8.779246360063552856e-03
3.032442927360534668e-02
-2.766136545687913895e-03
-3.406763449311256409e-02
-5.463064648211002350e-03
2.994943037629127502e-02
-2.067357860505580902e-02
5.469308793544769287e-02
3.321234369650483131e-03
-1.450262032449245453e-02
-1.016757450997829437e-02
-1.861923374235630035e-02
8.524786680936813354e-03
6.425408646464347839e-03
-2.270703949034214020e-02
5.056206509470939636e-02
9.237742982804775238e-03
1.254804152995347977e-02
-5.066909268498420715e-02
-1.111826673150062561e-02
2.610004320740699768e-02
2.554923854768276215e-02
1.058863755315542221e-02
-9.390202350914478302e-03
-1.632371917366981506e-02
3.376669064164161682e-02
-1.424352824687957764e-02
-1.252893707714974880e-03
1.330475416034460068e-02
-4.259440582245588303e-03
5.403979215770959854e-03
7.630569860339164734e-03
1.428123214282095432e-04
-3.077292442321777344e-02
-1.138303615152835846e-02
1.093047554604709148e-03
5.743866320699453354e-03
1.809700950980186462e-02
1.348429825156927109e-02
-2.566823968663811684e-03
-6.284250877797603607e-03
-2.340699732303619385e-02
8.620996028184890747e-03
-5.338043347001075745e-02
-3.257014788687229156e-03
2.737980894744396210e-02
1.916814967989921570e-02
-1.066547259688377380e-01
5.080809816718101501e-02
-1.149944681674242020e-02
-1.985428296029567719e-02
-1.406047027558088303e-02
1.204630825668573380e-02
-1.882420666515827179e-02
1.476372033357620239e-01
-2.117348834872245789e-02
-8.585616014897823334e-03
-7.658404763787984848e-03
-2.229349315166473389e-02
4.767763242125511169e-02
2.592641301453113556e-02
-5.303238518536090851e-03
3.774078190326690674e-02
-7.860264740884304047e-03
-3.277407586574554443e-02
7.225150708109140396e-03
-6.875340826809406281e-03
-5.381254479289054871e-02
1.419236417859792709e-03
7.466476876288652420e-03
-2.516957931220531464e-02
1.718562655150890350e-02
3.084293939173221588e-02
-1.289604790508747101e-02
4.392670840024948120e-02
-4.596149956341832876e-04
6.507406942546367645e-05
-2.259077318012714386e-02
-6.215706467628479004e-03
4.562524612993001938e-03
-7.776619400829076767e-03
8.070617914199829102e-03
2.350463531911373138e-02
3.007055073976516724e-02
2.435010719636920840e-05
3.776559606194496155e-02
-6.510337814688682556e-03
-4.287308454513549805e-02
-9.108219295740127563e-03
-1.343404874205589294e-02
-1.828568242490291595e-02
1.432105316780507565e-03
2.742546238005161285e-02
5.421819910407066345e-02
8.734701201319694519e-03
8.132426440715789795e-02
-2.028638496994972229e-03
4.601493012160062790e-03
3.360376879572868347e-02
-1.813662983477115631e-02
5.277473106980323792e-02
8.421264588832855225e-03
-1.693026721477508545e-02
-1.045982073992490768e-02
1.792444847524166107e-02
5.170777905732393265e-03
3.117055259644985199e-02
6.540856510400772095e-02
-2.303577400743961334e-02
3.507151082158088684e-02
2.385627105832099915e-02
8.424128592014312744e-02
-1.817839103750884533e-03
7.643239572644233704e-03
-2.497613430023193359e-02
8.794643916189670563e-03
2.971434732899069786e-03
-1.189059298485517502e-02
-6.369074434041976929e-02
4.345379304140806198e-03
1.013513375073671341e-02
1.814427040517330170e-02
1.381411869078874588e-02
-2.103140018880367279e-02
-4.466146603226661682e-02
-2.448943909257650375e-03
3.633322194218635559e-02
-9.431741636944934726e-05
1.213072612881660461e-02
-8.994329720735549927e-03
-7.515394687652587891e-01
1.769720693118870258e-03
-4.347569867968559265e-02
-2.299414947628974915e-02
-1.528379600495100021e-02
4.239925369620323181e-02
4.971128655597567558e-04
6.657114718109369278e-03
2.006538910791277885e-03
-9.661703370511531830e-03
-8.980724029242992401e-03
-9.575642645359039307e-03
4.854911821894347668e-04
-5.170798301696777344e-02
3.055176697671413422e-02
8.767814375460147858e-03
1.445847284048795700e-02
-3.606911981478333473e-03
-1.606592163443565369e-02
2.562756091356277466e-02
1.399914920330047607e-02
-4.247285425662994385e-02
-2.972795069217681885e-02
-9.829347021877765656e-03
2.023105882108211517e-02
4.348256438970565796e-02
-7.249750196933746338e-03
-8.044578135013580322e-03
3.796319290995597839e-02
-8.730298839509487152e-03
1.285175047814846039e-02
4.280594736337661743e-02
1.669774204492568970e-02
-9.348440915346145630e-03
-7.050651125609874725e-03
1.174100190401077271e-01
3.235096856951713562e-02
-3.609631210565567017e-02
2.840357460081577301e-02
-4.390013590455055237e-02
-6.160600483417510986e-02
-1.074849534779787064e-02
5.313011258840560913e-02
7.907374203205108643e-02
1.103244908154010773e-02
7.942190021276473999e-02
4.575442522764205933e-02
3.829966858029365540e-02
8.620052784681320190e-02
-1.050096973776817322e-01
5.571060627698898315e-02
-1.030358374118804932e-01
8.592692762613296509e-02
-1.333451457321643829e-02
-5.045617744326591492e-02
-5.506849661469459534e-02
7.939431071281433105e-02
-7.381883263587951660e-02
5.447341129183769226e-02
6.435624510049819946e-02
1.846706122159957886e-02
-2.900446997955441475e-03
-5.849839746952056885e-02
-2.178063429892063141e-02
4.464222490787506104e-02
1.045489534735679626e-01
1.172944903373718262e-01
2.804530039429664612e-02
-1.696658879518508911e-02
-4.407369531691074371e-03
4.946023970842361450e-02
-3.373539075255393982e-03
3.920080512762069702e-02
2.603896334767341614e-02
-1.191138289868831635e-02
-3.694453043863177299e-04
1.095044892281293869e-02
-3.119954653084278107e-02
-6.122730299830436707e-02
7.521710544824600220e-02
6.843248754739761353e-02
8.784399032592773438e-01
-2.702210657298564911e-02
4.801152646541595459e-02
1.382356695830821991e-02
9.079295396804809570e-02
2.973337285220623016e-02
-4.925474524497985840e-02
6.372873485088348389e-02
-1.739201508462429047e-02
-1.672215759754180908e-01
-6.699482910335063934e-03
6.923923641443252563e-02
-2.966410294175148010e-02
-3.306406363844871521e-02
-9.669326245784759521e-02
7.469211518764495850e-02
3.691082075238227844e-02
9.553816169500350952e-03
-6.642618216574192047e-03
-1.269145775586366653e-02
3.221407532691955566e-02
7.005525752902030945e-03
-1.735812425613403320e-02
4.358902573585510254e-02
1.384563278406858444e-02
4.448112100362777710e-03
2.975177951157093048e-03
5.122954398393630981e-02
-4.875794798135757446e-02
2.215912006795406342e-02
-1.189094316214323044e-02
-3.046389855444431305e-02
-1.100681070238351822e-02
1.977957971394062042e-02
9.329001605510711670e-02
2.390198409557342529e-02
-5.058130994439125061e-02
-2.733440510928630829e-02
-5.102004855871200562e-02
3.676134347915649414e-02
-7.261062413454055786e-02
-5.708872340619564056e-04
4.300078004598617554e-02
-1.320613622665405273e-01
-1.322029810398817062e-02
1.303280144929885864e-02
1.995707675814628601e-02
6.278098374605178833e-02
-1.564581878483295441e-02
-8.087421953678131104e-02
8.989021182060241699e-03
2.290694601833820343e-02
-1.178026385605335236e-02
4.223330318927764893e-02
-1.021262165158987045e-02
-3.278079628944396973e-02
6.463421136140823364e-02
-1.652654260396957397e-02
4.357935115694999695e-02
2.051159273833036423e-03
6.504680216312408447e-02
3.840672969818115234e-02
-2.105754241347312927e-02
-1.897770166397094727e-02
4.982934147119522095e-02
1.244158204644918442e-02
-2.134660072624683380e-02
-4.927777871489524841e-02
-2.978571504354476929e-02
4.503897577524185181e-02
-7.390091568231582642e-02
4.205640405416488647e-02
4.546135663986206055e-02
9.955829009413719177e-03
-8.774750865995883942e-03
-1.154087367467582226e-03
6.375773251056671143e-02
5.503722000867128372e-03
-1.725130341947078705e-02
7.444268558174371719e-03
3.769891709089279175e-02
5.231257528066635132e-02
2.858253195881843567e-02
1.507452316582202911e-02
-6.296446919441223145e-02
4.955786839127540588e-02
-5.739955231547355652e-02
-3.630702849477529526e-03
5.078338086605072021e-02
4.297257214784622192e-02
6.743370555341243744e-03
1.523255091160535812e-02
-1.006259769201278687e-02
4.808112233877182007e-02
2.383514121174812317e-02
8.089531958103179932e-02
8.814982138574123383e-03
-5.446295812726020813e-02
3.068012883886694908e-04
1.789856515824794769e-02
-1.222073733806610107e-01
-1.004273630678653717e-02
2.151763625442981720e-02
-2.248998731374740601e-02
2.404901012778282166e-02
-1.401539612561464310e-02
4.182501882314682007e-02
1.412960514426231384e-02
1.964725367724895477e-02
-4.512095823884010315e-02
-9.704310214146971703e-04
2.879667282104492188e-02
9.851594455540180206e-03
1.380002964287996292e-02
-1.420116238296031952e-02
-3.859910368919372559e-02
-2.194985188543796539e-02
-1.997180469334125519e-02
-7.727129384875297546e-03
-2.657644264400005341e-02
1.236560866236686707e-01
-7.838470861315727234e-03
-1.119495555758476257e-02
-2.551709115505218506e-02
1.029451470822095871e-02
1.919080130755901337e-02
8.716101944446563721e-02
-2.016063034534454346e-02
-1.297264173626899719e-02
-1.691012084484100342e-02
-3.696588054299354553e-02
6.513028591871261597e-02
-1.598872430622577667e-02
-2.727970108389854431e-02
-4.427231475710868835e-02
8.154964074492454529e-03
3.047740086913108826e-02
5.201171338558197021e-02
1.459915284067392349e-02
3.134490107186138630e-04
1.264965441077947617e-02
4.401988908648490906e-02
-1.196742057800292969e-02
-6.472519040107727051e-02
-6.615671515464782715e-02
7.827541232109069824e-02
-7.872966816648840904e-04
-4.732780158519744873e-02
-2.161123976111412048e-02
-3.579917922616004944e-02
5.422720685601234436e-02
-3.215610608458518982e-02
4.877374321222305298e-02
2.779499068856239319e-02
-2.261441387236118317e-02
1.431134622544050217e-02
3.654998145066201687e-04
-4.023088514804840088e-02
-1.640711538493633270e-02
4.483035206794738770e-02
-2.241390570998191833e-02
3.147961804643273354e-03
3.342581540346145630e-02
-2.707011811435222626e-02
-3.581567853689193726e-02
3.462370485067367554e-02
-3.207824006676673889e-02
-8.545777946710586548e-02
-2.864542230963706970e-02
1.875349320471286774e-02
-4.053717851638793945e-02
8.547956496477127075e-02
-2.259341534227132797e-03
-3.522456064820289612e-02
-2.119818143546581268e-02
-2.368883788585662842e-02
-3.212970448657870293e-03
-1.985182799398899078e-02
6.052040029317140579e-03
-6.681291013956069946e-02
-1.039269473403692245e-02
4.507478326559066772e-02
-4.711808264255523682e-02
-2.263079211115837097e-02
4.451814293861389160e-02
7.692704349756240845e-02
3.173467516899108887e-02
3.741682320833206177e-02
7.275946438312530518e-02
-1.007477287203073502e-02
3.076436370611190796e-02
5.268166773021221161e-03
1.694975234568119049e-02
-4.628595337271690369e-02
-7.048048079013824463e-02
-1.191707793623209000e-02
-7.212438434362411499e-02
6.017288938164710999e-02
-2.513721026480197906e-02
-6.945136934518814087e-02
7.637473940849304199e-02
-1.677402667701244354e-02
-1.783103652996942401e-04
-5.468461662530899048e-03
-2.547336928546428680e-02
-2.324046380817890167e-02
1.367272529751062393e-02
-1.189303491264581680e-02
-1.725344173610210419e-02
-2.052491530776023865e-02
-2.983753010630607605e-02
-7.734419405460357666e-02
4.965408146381378174e-02
-1.233647484332323074e-02
1.565063744783401489e-02
1.478838827461004257e-02
1.611427217721939087e-02
-4.096705093979835510e-02
-8.089204132556915283e-02
1.162745989859104156e-02
7.009807974100112915e-02
2.070032246410846710e-02
5.603552795946598053e-03
2.699869126081466675e-02
-3.302480652928352356e-02
-4.916597157716751099e-02
-1.136126145720481873e-01
-8.386641740798950195e-03
-2.359767816960811615e-02
6.872612982988357544e-02
-3.457440994679927826e-03
-3.642613068222999573e-02
-6.847712397575378418e-02
5.303636658936738968e-03
-6.855557113885879517e-02
-2.227503107860684395e-03
-1.686717197299003601e-02
-4.524727165699005127e-02
1.748354919254779816e-02
-2.339818701148033142e-02
-5.330362915992736816e-02
7.672056555747985840e-02
1.605262793600559235e-02
3.366440162062644958e-02
7.976675406098365784e-03
-3.545004129409790039e-02
-5.185839836485683918e-04
-3.982168808579444885e-02
-4.159156605601310730e-02
1.551736518740653992e-02
7.725556194782257080e-02
2.895529940724372864e-02
4.500463604927062988e-02
-3.132569044828414917e-02
-1.738844998180866241e-02
2.019599080085754395e-03
-4.077807068824768066e-02
2.555654151365160942e-03
-2.992487139999866486e-02
-1.058595255017280579e-02
-1.077733635902404785e-01
4.365705698728561401e-02
1.764991879463195801e-02
-2.940399013459682465e-02
-5.069869011640548706e-02
3.258589655160903931e-02
8.067277818918228149e-02
-8.600569562986493111e-04
1.556440722197294235e-02
-4.502698779106140137e-02
5.207457765936851501e-02
-1.893142797052860260e-02
4.888982325792312622e-02
4.335272312164306641e-02
4.657444730401039124e-02
-4.157548025250434875e-02
4.064538516104221344e-03
6.306023895740509033e-02
-4.066180903464555740e-03
5.097136273980140686e-02
-5.618520453572273254e-02
1.110940705984830856e-02
1.267829630523920059e-02
-6.474226247519254684e-03
-1.321037858724594116e-02
9.788486175239086151e-03
7.852136343717575073e-02
-5.263404548168182373e-02
1.119579747319221497e-02
5.223498865962028503e-02
1.351177394390106201e-01
3.835287317633628845e-02
1.314343959093093872e-01
4.139649122953414917e-02
1.792603731155395508e-02
-5.878841038793325424e-03
1.261775288730859756e-02
7.242214679718017578e-02
-6.854544579982757568e-02
-6.876747310161590576e-02
3.597338683903217316e-03
-2.843665890395641327e-02
-3.503605257719755173e-03
2.026320807635784149e-02
-2.447259798645973206e-02
1.278815697878599167e-02
-4.903464391827583313e-02
1.004423573613166809e-02
-6.753440201282501221e-02
-4.761996865272521973e-02
4.795880615711212158e-02
-1.583697274327278137e-02
4.974354058504104614e-02
-2.417867258191108704e-02
1.435885950922966003e-02
-6.559644639492034912e-02
3.815498575568199158e-02
7.928624749183654785e-03
-9.187236428260803223e-03
-1.080947369337081909e-02
-3.869249671697616577e-02
-7.261364161968231201e-02
4.475551098585128784e-02
3.589528053998947144e-02
-9.888110682368278503e-03
-7.038291078060865402e-03
6.825022399425506592e-02
4.555730894207954407e-02
-4.722829535603523254e-02
6.888439506292343140e-02
-4.477046802639961243e-02
7.632471621036529541e-02
1.522800140082836151e-02
5.915307253599166870e-02
6.297877430915832520e-02
2.997157908976078033e-02
9.338441491127014160e-02
2.626362815499305725e-02
1.213505025953054428e-02
-1.659341342747211456e-02
1.376968994736671448e-02
-2.487173117697238922e-02
-3.645410388708114624e-02
-5.145803559571504593e-03
9.480653330683708191e-03
-1.594185456633567810e-02
-3.693158179521560669e-02
2.795679960399866104e-03
-4.020413011312484741e-02
1.220356859266757965e-02
4.030694440007209778e-02
-4.340184107422828674e-02
-9.350433014333248138e-03
-4.551147669553756714e-02
-1.091342791914939880e-01
1.838748157024383545e-02
3.655922785401344299e-02
-1.383546646684408188e-02
3.371964395046234131e-02
2.255815081298351288e-03
4.570978134870529175e-02
-6.492070108652114868e-02
-3.332208096981048584e-02
2.203964442014694214e-02
2.654292806982994080e-02
4.185939580202102661e-02
1.430512871593236923e-02
-4.708867892622947693e-02
-2.302676811814308167e-02
-2.038081362843513489e-02
1.155077107250690460e-02
-5.576550494879484177e-03
-4.299823194742202759e-02
1.257799118757247925e-01
-4.820700734853744507e-02
-7.236351817846298218e-02
1.069521345198154449e-02
7.321026921272277832e-02
4.218170419335365295e-02
-3.327894583344459534e-02
1.938981376588344574e-02
-6.849930435419082642e-02
1.774624921381473541e-02
1.161487586796283722e-02
-1.392175164073705673e-02
-2.951363474130630493e-02
-3.917102701961994171e-03
-8.298243582248687744e-02
-2.773832902312278748e-02
2.763494104146957397e-02
9.560061246156692505e-02
2.725505735725164413e-03
4.319498315453529358e-02
-6.760931573808193207e-03
2.768166549503803253e-02
8.188158273696899414e-02
-1.267095934599637985e-02
-6.098697776906192303e-04
-6.148678064346313477e-02
2.141625061631202698e-02
2.793505974113941193e-02
5.704356729984283447e-02
1.435281429439783096e-02
-6.085212808102369308e-03
2.134777419269084930e-02
1.083683967590332031e-01
-2.311344258487224579e-02
3.243716806173324585e-02
-3.857645764946937561e-02
-4.577235504984855652e-02
3.272993117570877075e-02
-2.308651059865951538e-02
-8.210873056668788195e-05
6.123330816626548767e-02
-4.315112158656120300e-02
9.047690033912658691e-02
-1.235317289829254150e-01
-2.909718081355094910e-02
7.306909561157226562e-02
-1.194499526172876358e-02
7.498620077967643738e-03
-7.962177507579326630e-03
-2.209631353616714478e-02
-2.233368344604969025e-02
3.366741910576820374e-02
-5.679003894329071045e-02
-3.532416373491287231e-02
1.987721025943756104e-02
-3.543016687035560608e-02
6.375241093337535858e-03
2.421474084258079529e-02
1.605167798697948456e-02
-4.160526767373085022e-02
-1.744326576590538025e-02
1.585047319531440735e-02
4.488157574087381363e-03
1.569439768791198730e-01
-2.506315708160400391e-02
5.180528014898300171e-02
-3.087666258215904236e-02
-7.643659412860870361e-02
2.865988574922084808e-02
-3.692020103335380554e-02
1.674920506775379181e-02
2.354492060840129852e-02
4.164654389023780823e-02
5.364231020212173462e-02
2.286733128130435944e-02
5.662221461534500122e-02
-1.559884287416934967e-03
3.313499689102172852e-02
5.701540783047676086e-02
-5.819952115416526794e-03
-1.089258790016174316e-01
3.821222484111785889e-02
-1.052562147378921509e-02
4.025783017277717590e-02
-8.048626780509948730e-02
2.565051242709159851e-02
-8.954738825559616089e-02
4.755208641290664673e-02
5.708266794681549072e-02
-2.672888524830341339e-02
-5.863437429070472717e-02
9.239759296178817749e-03
3.721136227250099182e-02
4.723396152257919312e-02
4.751748219132423401e-02
-1.398963388055562973e-02
4.984038695693016052e-02
-2.502172067761421204e-02
3.560849279165267944e-02
2.843076176941394806e-02
2.823184709995985031e-03
3.672515600919723511e-02
-9.237708523869514465e-03
8.570807985961437225e-03
2.120215073227882385e-02
2.472930029034614563e-02
1.251174211502075195e-01
-1.121236830949783325e-01
4.584567248821258545e-02
-9.098980575799942017e-02
8.115776814520359039e-03
-3.260982036590576172e-02
-3.356877341866493225e-02
2.349589392542839050e-02
-1.718224375508725643e-03
3.750237077474594116e-02
2.739884331822395325e-02
-4.825657978653907776e-02
6.727024167776107788e-02
-1.782002858817577362e-02
-5.976163595914840698e-02
-1.529342215508222580e-02
2.127604372799396515e-02
-3.021051362156867981e-02
2.564317733049392700e-02
-2.540444210171699524e-02
3.505641967058181763e-02
2.241561561822891235e-02
-5.340491980314254761e-02
-2.909990260377526283e-03
-1.513163000345230103e-02
-8.489862829446792603e-02
3.309842571616172791e-02
-1.437366101890802383e-02
-3.493766114115715027e-02
1.212400011718273163e-02
2.332491986453533173e-02
8.407003432512283325e-02
4.338220227509737015e-03
-5.976534634828567505e-02
-1.289601903408765793e-02
1.760032214224338531e-02
1.584649831056594849e-02
-1.641182415187358856e-02
1.907240250147879124e-03
4.515486769378185272e-03
6.949620693922042847e-02
8.325757086277008057e-02
-9.141071885824203491e-02
9.913965128362178802e-03
-7.868283987045288086e-02
-3.745739161968231201e-02
5.935183539986610413e-02
8.536175638437271118e-02
2.284898795187473297e-02
2.104764617979526520e-02
3.715171664953231812e-02
