0.0776897594332695
-0.0715154781937599
0.0771685689687729
0.0578402467072010
0.0148558504879475
0.0524916797876358
-0.0754428803920746
-0.0429581068456173
-0.0832882225513458
-0.0645018666982651
-0.0760145187377930
0.0829224660992622
0.0238349996507168
0.1016866639256477
0.0644584819674492
0.0987402573227882
0.0588867105543613
0.0183135643601418
-0.0908494442701340
-0.1041939184069633
0.0080569740384817
0.0132335526868701
0.0866672247648239
-0.0067414296790957
-0.0006860545254312
0.1205531731247902
-0.0447128452360630
-0.0309913102537394
0.0155026689171791
0.0761004835367203
0.0332127995789051
-0.0245783664286137
0.0851664319634438
0.0542321018874645
-0.0262321978807449
0.0866920277476311
0.0929547548294067
-0.0258395709097385
-0.0296523906290531
0.0163918584585190
0.0323291495442390
-0.0346346125006676
-0.0139016686007380
0.0092825582250953
-0.0841677710413933
-0.0909775495529175
0.0765689015388489
0.0351712666451931
-0.0964544713497162
0.0806705281138420
-0.0589794106781483
-0.0559086315333843
-0.0293324962258339
0.0261190570890903
-0.0457023270428181
0.1020849868655205
0.0165965575724840
-0.0331570431590080
0.0472422353923321
0.0370188690721989
-0.0111244544386864
-0.0705698207020760
-0.0764534845948219
-0.0936669707298279
0.0415383875370026
0.0133303189650178
0.0371269471943378
-0.1062644571065903
0.0945110619068146
-0.0704304128885269
-0.0365458317101002
0.0723787322640419
0.0247006863355637
0.0874402448534966
-0.0583420023322105
0.0475599616765976
-0.0656267181038857
0.0039422614499927
0.1117340102791786
0.0099157504737377
-0.0314284339547157
-0.1147553771734238
0.1024106666445732
-0.0196414124220610
0.0426152125000954
0.0635017752647400
0.0958965644240379
0.0679619610309601
-0.0435476861894131
0.0519973523914814
-0.0367423333227634
0.0309068765491247
-0.0710992440581322
0.0118429837748408
-0.0839390754699707
0.0193798691034317
0.0437529273331165
0.1245767548680305
0.1224692687392235
-0.0627481192350388
0.0072981566190720
0.1249137446284294
0.0265647340565920
-0.0651838332414627
-0.0788462981581688
-0.0824595689773560
0.0024270857684314
-0.0682768672704697
0.0549618937075138
0.0083851581439376
-0.0161190144717693
0.0508842766284943
0.0608658269047737
0.0355172343552113
-0.0439991988241673
0.0359818488359451
0.0665689632296562
-0.0958969965577126
0.0222911983728409
0.0745709463953972
0.0507335886359215
0.0637503713369370
0.0415614619851112
0.0472065620124340
0.0415605641901493
-0.0476238690316677
0.0045444867573678
-0.0736676752567291
-0.0631316453218460
-0.0283790510147810
0.0871447101235390
0.0826714262366295
0.0117791751399636
-0.0869691371917725
0.0442111082375050
0.0270168781280518
-0.0980654582381248
0.0030699851922691
0.0180273372679949
-0.0567116662859917
0.0343526005744934
0.0160167608410120
-0.0814829021692276
-0.0532054267823696
-0.0463273823261261
0.0122057255357504
-0.1350698471069336
0.0207109320908785
0.0801497250795364
-0.1063479632139206
-0.0028610378503799
0.0825180336833000
-0.0496205613017082
0.0608487613499165
-0.0197658278048038
-0.0723493248224258
0.0991456061601639
-0.0718338117003441
-0.0356144234538078
-0.0040329559706151
0.0452368482947350
-0.0742435455322266
-0.0266459062695503
-0.0316633693873882
-0.0597600489854813
0.0508608110249043
-0.0858479887247086
0.0440196990966797
-0.0488942489027977
0.0928011611104012
0.0270486772060394
-0.0947474092245102
-0.0783172473311424
-0.0939574390649796
-0.0889544561505318
0.0375630296766758
-0.0518653392791748
-0.1154902502894402
0.0789041593670845
-0.0789438933134079
-0.0035951242316514
0.1001561656594276
0.0863143950700760
-0.0661460906267166
-0.0794053673744202
0.0951629206538200
-0.0695839524269104
0.0577992610633373
-0.0436227098107338
0.0922814682126045
0.0835653916001320
-0.1101059690117836
-0.0122116478160024
0.0512634553015232
0.0461281202733517
0.0779932141304016
0.0036288781557232
0.1143300980329514
-0.0392430834472179
-0.0073286821134388
0.0692796632647514
0.1153389886021614
-0.0756310150027275
0.0445481091737747
0.0262014865875244
0.0211720261722803
0.0422838591039181
-0.0124320192262530
0.0427413545548916
-0.0569269247353077
-0.0685771107673645
0.0938181802630424
-0.0303956139832735
-0.0032841085921973
-0.0638431087136269
-0.0362906418740749
-0.0535490550100803
0.0799708664417267
0.0073829772882164
0.0124796815216541
-0.0381670147180557
-0.0328589379787445
-0.0250922422856092
0.0497629530727863
-0.0559401959180832
-0.0697683617472649
-0.0756874158978462
-0.0086729284375906
0.0212898533791304
0.0643833577632904
0.0177389606833458
-0.0292053595185280
0.0444877073168755
-0.0858180671930313
0.0346978455781937
-0.0407648906111717
-0.0238243229687214
0.0286597684025764
0.1106836646795273
0.0061702001839876
-0.0361242778599262
-0.0770415216684341
0.0654477849602699
-0.0339498259127140
0.0391358360648155
-0.0381112508475780
0.0557317733764648
0.0950039699673653
-0.0555985942482948
-0.0518904887139797
-0.0142704583704472
-0.0643206834793091
0.0885255783796310
0.0546027533710003
0.0258824415504932
-0.0326587781310081
0.0396932922303677
-0.0571927949786186
-0.0378054156899452
-0.0915763452649117
0.0605121441185474
-0.1985418051481247
0.0752857849001884
0.1562669724225998
-0.0712444111704826
0.0343027077615261
-0.0775449648499489
0.1207336261868477
0.1453011929988861
-0.0185629930347204
-0.0016847671940923
-0.0651048123836517
-0.2196435630321503
-0.0790027230978012
0.1771098077297211
-0.2438923567533493
-0.1539696305990219
-0.0967710837721825
-0.0423199236392975
-0.0910464823246002
-0.0181842185556889
-0.0731145143508911
-0.1909795552492142
-0.2005932331085205
-0.0469728857278824
0.0479573719203472
0.0375201478600502
-0.0770355686545372
-0.0506859831511974
-0.1338119804859161
-0.2258389294147491
-0.0568123683333397
0.1092470064759254
0.0550630092620850
-0.0249018222093582
-0.1190249323844910
-0.0945886969566345
0.0415321588516235
-0.0406639464199543
-0.1692069172859192
-0.1687843054533005
0.0567624233663082
0.1451247036457062
-0.2407637089490891
-0.1208700984716415
0.1456018686294556
0.0513670779764652
0.1639046519994736
-0.0267782267183065
-0.1348904967308044
-0.0100595252588391
-0.1687915176153183
0.1859448105096817
0.1222146600484848
-0.0098780719563365
0.1134562939405441
0.1127652600407600
0.3131032288074493
0.0779728069901466
-0.1691832989454269
-0.0060017663054168
0.0249613877385855
-0.0028355692047626
-0.0196742173284292
0.0604936182498932
-0.0077825607731938
0.0035889232531190
0.0267398525029421
-0.0411988198757172
-0.0136114200577140
-0.0403118282556534
-0.0798196941614151
0.0146134365350008
-0.0566557794809341
-0.0447183363139629
0.0020319663453847
-0.0348477400839329
0.0139812817797065
0.0500213168561459
-0.0133075099438429
-0.0268169622868299
0.0179031100124121
-0.0120445052161813
-0.0304687302559614
0.0252443738281727
-0.0827584117650986
-0.0351268947124481
-0.0632074028253555
0.1089838668704033
-0.0776100158691406
0.0961482003331184
-0.0110194124281406
0.0556774437427521
0.0689122229814529
-0.0228940285742283
-0.0351784229278564
0.0272777639329433
0.0327040106058121
-0.0272978544235229
0.0275038965046406
-0.0052531375549734
-0.1071682721376419
-0.0060382033698261
-0.0251986887305975
-0.0215686168521643
0.0280455760657787
0.0402253642678261
-0.0137024279683828
0.0678103864192963
-0.0440430641174316
-0.0753435119986534
-0.0546291321516037
-0.0388256087899208
0.0468911007046700
-0.0384158864617348
-0.0791108161211014
-0.0022852229885757
-0.0259942710399628
0.0004946914850734
-0.0116743715479970
-0.0116269495338202
-0.0076929740607738
0.0269287340342999
0.0553798042237759
0.0211054291576147
-0.0593026876449585
0.0725068151950836
-0.0575072355568409
0.0156890042126179
0.0203055217862129
0.0310829058289528
-0.0314727686345577
0.0142391901463270
0.0011854306794703
0.0016711632488295
0.0051286038942635
-0.0063673150725663
-0.0584371052682400
0.0637108385562897
-0.0025454547721893
0.0521400459110737
-0.0811717435717583
-0.0035802838392556
0.0490502864122391
0.0383081994950771
-0.0443572364747524
0.0360526368021965
0.0616628862917423
0.0536639988422394
0.0310892574489117
-0.0600606128573418
0.0624263957142830
0.0827372595667839
-0.0359555520117283
-0.0048740152269602
-0.0570462271571159
0.0312783047556877
0.0375709719955921
-0.0178916696459055
-0.0123051749542356
-0.0566390678286552
0.0309928320348263
0.0294176992028952
0.0700455829501152
-0.0604710355401039
0.0320948921144009
-0.0100039150565863
0.0557675436139107
-0.0587966293096542
0.0011519261170179
-0.0551735535264015
0.0469017438590527
0.0435194857418537
0.0172265917062759
0.0080066584050655
-0.0388501212000847
0.0282892659306526
-0.0021123094484210
-0.0412878766655922
-0.0377879552543163
-0.0560689084231853
-0.0466495342552662
-0.0276920273900032
-0.0552405305206776
0.0215357169508934
-0.0536684691905975
0.0202511847019196
-0.0597037635743618
0.0133652202785015
-0.0378588922321796
-0.0221865177154541
-0.0175521336495876
0.0816851854324341
0.0442572385072708
-0.0532492920756340
0.0097163831815124
0.0842776298522949
0.0677715986967087
0.0648695528507233
-0.0136307235807180
0.0532657466828823
0.0184216741472483
0.0006849746569060
-0.0543912388384342
0.0174073483794928
0.0388297513127327
-0.0019777889829129
-0.1086375191807747
-0.0143477981910110
0.0398162901401520
0.0561139658093452
0.0239943638443947
-0.0695541501045227
-0.0179489236325026
-0.0448918789625168
0.0611745454370975
-0.0357386060059071
-0.0366607196629047
-0.0290481764823198
-0.0290338546037674
-0.0001396074658260
0.0081052631139755
0.0280910432338715
0.0489419847726822
0.0127956531941891
-0.0534113422036171
-0.0538485869765282
0.0335296615958214
0.0131798218935728
-0.0057839672081172
0.0519296713173389
-0.0261272881180048
-0.0091839078813791
0.0846398174762726
0.0225180238485336
-0.0600881911814213
0.0416395142674446
-0.0618690736591816
-0.0073140468448400
0.0379219949245453
-0.0710921734571457
0.0418589897453785
0.0059334794059396
-0.0736507028341293
0.0222677271813154
0.0381991751492023
0.0291918814182281
-0.0488408133387566
-0.0331419892609119
-0.0330210775136948
-0.0586245991289616
0.0656988769769669
0.0239543616771698
0.0279477331787348
0.0515629649162292
0.0567507483065128
-0.0720538496971130
-0.0180713962763548
-0.0118209570646286
0.0069088949821889
0.0493152178823948
0.0529537759721279
0.0864121541380882
-0.0847677290439606
0.0258424244821072
-0.0459500253200531
0.0031856237910688
-0.0349675714969635
-0.0659967958927155
0.0084475791081786
0.0376547947525978
-0.0040830387733877
0.0030345311388373
-0.0511111058294773
-0.0493280887603760
-0.0696989223361015
0.0237723123282194
0.0238712690770626
-0.0417846143245697
0.0004771364910994
0.0895941331982613
-0.0436880700290203
0.0390863232314587
0.0101655358448625
-0.0192965101450682
-0.0470959991216660
0.0032143662683666
0.0242203194648027
0.0233290866017342
-0.0352096036076546
-0.0535992197692394
0.0112847210839391
-0.0321591682732105
-0.0100106233730912
-0.0540780425071716
-0.0115930736064911
0.0306930337101221
0.0457535199820995
-0.0541447438299656
-0.0072894650511444
0.0246057994663715
0.0171002112329006
-0.1084889248013496
0.0503768138587475
-0.0507831908762455
-0.0289451740682125
-0.0119755370542407
0.0084786452353001
0.0379539504647255
-0.0084027033299208
-0.0029619566630572
0.0043331999331713
0.0132779413834214
-0.0282677654176950
-0.0685637146234512
0.0343480110168457
-0.0119093265384436
-0.0558684952557087
0.0135096637532115
0.0156699474900961
-0.0467279665172100
0.0640057846903801
0.0388857796788216
-0.0596767812967300
-0.0085286572575569
0.0542531795799732
-0.0094979889690876
0.0128615172579885
0.0222858060151339
0.0417539961636066
-0.0438762716948986
0.0239797960966825
0.0536127462983131
-0.0083141727373004
-0.0566279031336308
0.0595611780881882
-0.0206385217607021
0.0012572507839650
-0.0297081023454666
0.0210817400366068
0.0222852975130081
-0.0549965612590313
0.0621726661920547
-0.0870850384235382
0.0229306109249592
-0.0672152042388916
0.0547261312603951
-0.0099060507491231
-0.0124894818291068
-0.0206794124096632
0.0149363484233618
-0.0577661655843258
-0.0550907067954540
0.0042399857193232
0.0543897934257984
-0.0023147854954004
0.0598700083792210
-0.0825482457876205
-0.0424212999641895
-0.0607036314904690
-0.0017596271354705
-0.0107628982514143
0.0008155222167261
0.0825728550553322
0.0046289446763694
0.0742901265621185
-0.0688258856534958
-0.0317988321185112
-0.1005058437585831
-0.0015242125373334
-0.0253316517919302
0.0100271692499518
0.0368129238486290
-0.0561413429677486
-0.0052923085168004
-0.0248100664466619
0.0425303317606449
0.0350274369120598
-0.0799564793705940
0.0062647783197463
-0.0576650463044643
-0.0903543233871460
0.0260033905506134
0.0080355657264590
-0.0363068990409374
-0.0471148341894150
0.0299864094704390
-0.0096932845190167
0.0217767264693975
0.0045027513988316
0.0513131581246853
-0.0044075711630285
-0.0499630719423294
0.0635817795991898
0.0162103567272425
-0.0184914525598288
0.0831604376435280
-0.0180942825973034
0.0433557890355587
-0.0014809849672019
0.0513178817927837
-0.0571358315646648
-0.0573222152888775
-0.0460727438330650
0.0983981862664223
0.1183542311191559
0.0119031276553869
0.0388722755014896
0.0079592419788241
0.0278257168829441
0.0133482422679663
-0.0371351614594460
-0.0184945948421955
-0.0348433330655098
-0.0582935549318790
-0.0594378635287285
-0.0198329519480467
0.0679294690489769
0.0386505685746670
0.0372438095510006
0.0384036861360073
0.0139109166339040
-0.0016602600226179
0.0467426143586636
-0.0471929907798767
0.0020052248146385
0.0479696765542030
-0.0240118633955717
-0.0710496529936790
-0.0417942740023136
0.0386693961918354
-0.0351858437061310
0.0165640693157911
0.0763357579708099
-0.0004644151485991
0.0319751165807247
-0.0597755946218967
0.0197048615664244
0.0182685311883688
0.0384178832173347
-0.0641111359000206
0.0289675593376160
-0.0325750373303890
0.0550311170518398
-0.0138312466442585
0.0034568454138935
0.0579926669597626
0.0442182198166847
-0.0088498461991549
0.0182973463088274
0.0571874007582664
-0.0316430181264877
0.0596490167081356
-0.0343580171465874
0.0264678746461868
-0.0329823978245258
-0.0252097696065903
-0.0012833893997595
-0.0115251969546080
0.0362376868724823
-0.0119969770312309
-0.0473328903317451
0.0442965216934681
0.0137492250651121
-0.0304192863404751
-0.0200413186103106
0.0656328275799751
-0.0763643831014633
0.0664337649941444
-0.0551910921931267
0.0041858227923512
0.0051207961514592
-0.0676824599504471
-0.0076082926243544
0.0528844706714153
-0.0617669485509396
0.0315748639404774
0.0039429543539882
-0.0499461479485035
-0.0447529405355453
0.0573690794408321
-0.0439769588410854
0.0562164746224880
-0.0039870403707027
-0.0626748129725456
-0.0727357193827629
-0.0105777205899358
-0.0274338088929653
0.0218399427831173
-0.0069212177768350
0.0056116851046681
-0.0630519017577171
0.0039593051187694
0.0134864952415228
0.0597523935139179
0.0555905960500240
0.0537738278508186
-0.0099190045148134
-0.0161346979439259
0.0776930898427963
0.0798069089651108
-0.0283152032643557
0.0234661176800728
0.0533282458782196
-0.0731882750988007
-0.0771609619259834
0.0373138114809990
-0.0617550238966942
-0.0264376718550920
0.0359248071908951
0.0388507507741451
0.0004794512933586
0.0129211228340864
-0.0816502720117569
-0.0270515736192465
-0.0141941569745541
-0.0002274295402458
-0.0309671368449926
0.0589323900640011
-0.0623349063098431
-0.0114815635606647
-0.0241331923753023
0.0720588266849518
-0.0286926329135895
-0.0088515914976597
0.0243729595094919
0.0498573631048203
-0.0611502900719643
0.0339599885046482
-0.0591401197016239
-0.0361491814255714
0.0454477667808533
-0.0899509266018867
0.0748701766133308
-0.0325399264693260
0.0456670410931110
-0.0497015528380871
-0.0311005730181932
-0.0182862449437380
-0.0468602143228054
0.0316064991056919
0.0725862607359886
-0.0286220777779818
-0.0516879074275494
0.0166895147413015
0.0348011106252670
-0.0167987179011106
-0.0433859266340733
0.0522679835557938
-0.0490571334958076
0.0339857414364815
0.0167078338563442
0.0375112406909466
0.0382314547896385
0.0410569161176682
0.0392481274902821
0.0263389535248280
0.0187290012836456
-0.0669631138443947
-0.0222598146647215
0.0360585153102875
-0.0421673357486725
0.0867690220475197
-0.0464757122099400
-0.0950785800814629
-0.0519387945532799
0.0502194389700890
0.0412480235099792
-0.0165440980345011
-0.0248825419694185
0.0081504769623280
-0.0253529958426952
