0.0122404024004936
-0.0719024166464806
0.1102537289261818
0.1027480736374855
0.0645284801721573
0.0635889545083046
-0.0399503074586391
-0.0862788036465645
-0.0205778144299984
-0.0583664700388908
-0.0466836988925934
0.0321275778114796
0.0631006211042404
0.0537961572408676
0.0285532828420401
0.0800276175141335
0.0827665254473686
0.0357727408409119
-0.1050772070884705
-0.0396865159273148
0.0125226620584726
-0.0524426549673080
0.0453922525048256
-0.0259802639484406
-0.0485645346343517
0.0927933678030968
-0.0518159195780754
0.0176292993128300
0.0153898820281029
0.0596546903252602
0.0554120801389217
-0.0465463921427727
0.0879473686218262
0.0188981872051954
-0.0134892445057631
0.1047862321138382
0.1085377633571625
-0.0309952497482300
-0.0449647717177868
0.0067517752759159
-0.0033018761314452
-0.0609844587743282
-0.0251744464039803
-0.0148691292852163
-0.0669990926980972
-0.0815543457865715
0.1093428432941437
0.0167825575917959
-0.1140716448426247
0.0883635878562927
0.0033524476457387
-0.0626274198293686
-0.0449888743460178
0.0692958384752274
-0.1097737774252892
0.0462872982025146
0.0310001634061337
-0.0373914949595928
0.0355940498411655
0.0819141492247581
-0.0127895362675190
-0.0237436611205339
-0.0639249980449677
-0.0670580565929413
0.0380421392619610
0.0522640347480774
0.0709443315863609
-0.1023985221982002
0.1008361726999283
-0.1131295338273048
-0.0563762784004211
0.0997689887881279
0.0723887160420418
0.0283698085695505
-0.0335965156555176
0.0752045810222626
-0.0721975415945053
-0.0129084913060069
0.1087400093674660
0.0794487446546555
-0.0310804061591625
-0.0967944040894508
0.0580338090658188
-0.0135283200070262
0.0455085374414921
0.0134744662791491
0.0914726480841637
0.1036495491862297
-0.0285795722156763
0.0528649687767029
-0.0430747717618942
0.0579770095646381
-0.0864590033888817
0.0624967664480209
-0.0987453013658524
-0.0194556377828121
0.0501453801989555
0.1496099531650543
0.1295491009950638
-0.0624739490449429
-0.0072298166342080
0.1373975723981857
0.0652462542057037
-0.0697136595845222
-0.0989987775683403
-0.0519403293728828
0.0469740554690361
-0.0545702539384365
0.0037623583339155
-0.0076576564460993
0.0080748265609145
0.0714133456349373
-0.0084271682426333
-0.0169988777488470
0.0076278499327600
0.0551193952560425
0.0141498353332281
-0.0676311999559402
0.0317927300930023
0.0842320844531059
0.0189273394644260
0.0669550001621246
0.0589764825999737
0.0816829204559326
0.0333816111087799
-0.0479790717363358
-0.0184648949652910
-0.0472200922667980
-0.0611425414681435
-0.0068002552725375
0.0859271436929703
0.0759934186935425
0.0092616304755211
-0.0837679132819176
0.0256200637668371
0.0103403506800532
-0.0973723083734512
0.0538176745176315
0.0205887630581856
-0.0470538251101971
0.0535272546112537
-0.0010047856485471
-0.0695171356201172
-0.0855499878525734
-0.0000376357529603
-0.0071928510442376
-0.1358220428228378
0.0398969426751137
0.1022470891475677
-0.0768748521804810
-0.0282879043370485
0.0535152256488800
-0.0547420531511307
0.0538120903074741
0.0123009923845530
-0.0332272350788116
0.1142502427101135
-0.0772358700633049
-0.0259952116757631
-0.0748966783285141
0.0349111743271351
-0.0664946213364601
-0.0614737309515476
-0.0164065845310688
-0.0527957491576672
-0.0163119435310364
-0.0668947771191597
0.0468267947435379
-0.0558460131287575
0.0774285867810249
0.0193007066845894
-0.0663129240274429
-0.0469065569341183
-0.0864503607153893
-0.0344844944775105
0.0951615124940872
-0.0408861264586449
-0.1049556732177734
0.0063212360255420
-0.0429774299263954
0.0672818049788475
0.0071206712163985
0.0641516223549843
-0.0214390624314547
-0.0665738582611084
0.0902254655957222
-0.0778566002845764
0.0672984421253204
-0.0524140968918800
0.1211666390299797
0.0336326584219933
-0.1204361394047737
-0.0357368178665638
0.0684096813201904
0.0452170483767986
0.0636131316423416
0.0234193485230207
0.1167359724640846
-0.0439828634262085
0.0328450277447701
0.0533696711063385
0.0996593534946442
-0.0455082282423973
0.0710709393024445
0.0132851060479879
0.0367853268980980
0.0562136471271515
-0.0050131469033659
0.0844556465744972
-0.0598299242556095
-0.0619857981801033
0.0721621587872505
0.0049006096087396
-0.0651950910687447
0.0330831408500671
-0.0450851172208786
-0.0235866811126471
0.0487699210643768
-0.0321428440511227
-0.0495336093008518
-0.0648914873600006
-0.0627436116337776
0.0171103645116091
-0.0054260664619505
-0.0610349588096142
-0.0243004895746708
-0.0936497375369072
0.0461728721857071
0.0252762064337730
-0.0117149306461215
0.0055806264281273
-0.0328130833804607
-0.0235189013183117
-0.0730470269918442
0.0396247617900372
0.0023694112896919
-0.0245331358164549
0.0206254459917545
0.0512215159833431
0.0126361418515444
-0.0586584247648716
-0.0933111459016800
0.0910330861806870
0.0071347821503878
0.0266342516988516
-0.0647678822278976
0.0815582722425461
0.1151087060570717
-0.0714282616972923
-0.0787037163972855
0.0019063167273998
-0.0803937092423439
0.0969623550772667
0.0624914132058620
0.0361744202673435
0.0511809140443802
-0.0799412056803703
-0.0057549769990146
-0.1723608821630478
-0.0756586343050003
0.0044782622717321
-0.1670397967100143
0.0702868029475212
0.1517872363328934
-0.0249173734337091
-0.0098228808492422
-0.1665291786193848
0.0163950845599174
0.1003094837069511
0.1583975255489349
-0.1541695892810822
0.0552698671817780
-0.3638085722923279
0.0435350872576237
0.1208172813057899
-0.1865506768226624
0.0148959131911397
0.0306318048387766
-0.0167940482497215
-0.1453243941068649
-0.0795655176043510
0.0357635393738747
-0.1331239938735962
-0.1793842315673828
-0.0020490258466452
-0.1257372498512268
-0.0751361325383186
-0.0304149445146322
-0.0780565142631531
-0.1354415416717529
-0.2314153909683228
0.0320700109004974
0.0910980477929115
-0.0862404704093933
-0.1175360977649689
-0.0612082928419113
0.0621784813702106
-0.0115086045116186
0.0170929152518511
0.0521168783307076
0.0028995233587921
-0.0554860420525074
0.1147223114967346
-0.2940758466720581
-0.1736717075109482
-0.0356254838407040
-0.0654654353857040
0.0185625366866589
0.0671906024217606
-0.0673355162143707
0.0393338985741138
-0.2696852087974548
0.1179329901933670
-0.0061265523545444
-0.1995965838432312
0.1137952283024788
0.0867755189538002
0.3303923904895782
-0.0065872184932232
-0.0231709759682417
-0.0321235992014408
0.0325772687792778
0.0249866805970669
-0.0402806363999844
0.0421661064028740
-0.0291431527584791
-0.0474016889929771
0.0706212967634201
-0.0398438796401024
-0.0121908942237496
-0.0422784313559532
-0.0333183631300926
0.0106730423867702
-0.0492824427783489
-0.0755983516573906
0.0053738914430141
-0.0490117706358433
0.0164960604161024
0.0247648097574711
0.0042135249823332
-0.0733299404382706
0.0046727149747312
-0.0209090951830149
-0.0388560742139816
0.0104545410722494
-0.0600287728011608
-0.0346444360911846
-0.0493912622332573
0.1039034724235535
-0.0733815878629684
0.0897014290094376
-0.0336666330695152
0.0489953160285950
0.0582290403544903
-0.0295025873929262
-0.0460330620408058
0.0101328082382679
0.0480455234646797
-0.0710801109671593
0.0309716127812862
-0.0132962241768837
-0.1048083752393723
-0.0635664165019989
-0.0350646637380123
-0.0257632751017809
0.0132385799661279
0.0358251668512821
-0.0408900789916515
0.0436031110584736
-0.0500875897705555
-0.0704545378684998
-0.0753580853343010
-0.0568425469100475
0.0642399340867996
0.0003991429402959
-0.0769956782460213
-0.0085813766345382
-0.0155388629063964
0.0308976322412491
-0.0248868968337774
-0.0327868089079857
-0.0229401085525751
0.0449164249002934
0.0145164094865322
0.0198912378400564
-0.0582888312637806
0.0727882757782936
-0.0546757280826569
-0.0255829039961100
0.0506683997809887
-0.0086051998659968
-0.0546179376542568
0.0363305173814297
-0.0208477750420570
-0.0118980631232262
-0.0260409228503704
-0.0030570903327316
-0.0523283481597900
0.0409992188215256
0.0218566749244928
0.0232069399207830
-0.0497955009341240
0.0252843070775270
0.0905430167913437
0.0644335076212883
-0.0699471086263657
0.0096928998827934
0.0323745459318161
0.0287945177406073
0.0552252829074860
-0.0669723078608513
0.0913306027650833
0.0912337377667427
-0.0674970224499702
-0.0209079142659903
-0.0342959538102150
0.0376771576702595
0.0056885248050094
0.0073670623824000
0.0270665660500526
-0.0701023191213608
0.0554024390876293
0.0633959546685219
0.0818673744797707
-0.0591482855379581
0.0353725142776966
-0.0190229434520006
0.0209176503121853
-0.0282342787832022
-0.0265522785484791
-0.0490512251853943
0.0487158969044685
0.0138602210208774
0.0184046719223261
-0.0076789250597358
-0.0363451838493347
0.0203730594366789
-0.0006343449931592
0.0001487398985773
-0.0811510086059570
-0.0656188651919365
-0.0269591044634581
-0.0323963314294815
-0.0709594935178757
0.0252200458198786
-0.0253611262887716
0.0342905223369598
-0.0721958428621292
-0.0051032043993473
-0.0621517226099968
-0.0084785576909781
-0.0094171538949013
0.0714046135544777
0.0154532780870795
-0.0663183480501175
0.0358225479722023
0.0703702047467232
0.0306234359741211
0.0533861517906189
-0.0201907847076654
0.0641791224479675
0.0229830536991358
0.0066202729940414
-0.0560658611357212
0.0018143574707210
0.0322597734630108
-0.0481757670640945
-0.0377862937748432
-0.0346263386309147
0.0364275909960270
0.0518451817333698
0.0522255972027779
-0.0251196064054966
-0.0136463632807136
-0.0246854424476624
0.0641436055302620
-0.0439372509717941
-0.0275530274957418
-0.0177530832588673
-0.0624004341661930
-0.0201508905738592
-0.0029112608171999
0.0010580791858956
0.0338074639439583
-0.0130556225776672
-0.0453456938266754
-0.0646597295999527
0.0035761187318712
0.0135630266740918
-0.0063649038784206
0.0149471061304212
-0.0510982237756252
-0.0310149453580379
0.0737285166978836
-0.0327859334647655
-0.0434363484382629
0.0518955849111080
-0.0328109860420227
-0.0069701867178082
0.0389377065002918
-0.0591292977333069
0.0564573258161545
0.0112458532676101
-0.0642649084329605
-0.0129877971485257
0.0129115171730518
0.0112105971202254
-0.0445792712271214
-0.0300560984760523
-0.0331681519746780
-0.0631799995899200
0.0302168745547533
0.0486391671001911
-0.0002372319286224
0.0169647131115198
0.0650575608015060
-0.1015088036656380
-0.0122858462855220
0.0252597387880087
0.0106822382658720
0.0377971380949020
0.0723550617694855
0.0498758926987648
-0.0522056370973587
0.0392483249306679
0.0180986318737268
0.0320592746138573
-0.0176889691501856
-0.0941471308469772
0.0339895486831665
0.0423568412661552
-0.0338738001883030
-0.0152754392474890
-0.0627906695008278
-0.0760639235377312
-0.0435218922793865
0.0540752373635769
0.0800653621554375
-0.0076955612748861
-0.0346170216798782
0.0807812884449959
-0.0395684801042080
0.0494060628116131
-0.0128622744232416
-0.0091184573248029
-0.0317358151078224
0.0224525537341833
0.0255738906562328
0.0642899423837662
-0.0402106456458569
-0.0304447617381811
0.0072531052865088
-0.0184922926127911
0.0270209945738316
-0.0734126493334770
0.0087202023714781
0.0491770468652248
0.0461730174720287
-0.0337546505033970
0.0260516200214624
-0.0139101492241025
0.0197723899036646
-0.0613807439804077
0.0669848993420601
-0.0189285781234503
-0.0390378646552563
-0.0167358070611954
0.0130217112600803
0.0148525936529040
0.0032195802778006
0.0326420478522778
0.0080785127356648
0.0043132472783327
-0.0322424843907356
-0.0700570940971375
0.0241435542702675
-0.0159880835562944
-0.0509373322129250
0.0094454893842340
0.0326882749795914
-0.0578275844454765
0.0565518550574780
0.0854915156960487
-0.0060184840112925
-0.0175842829048634
0.0355507396161556
-0.0186085980385542
0.0155210718512535
-0.0025446976069361
0.0297656916081905
-0.0494072325527668
0.0402801930904388
0.0159911066293716
-0.0202064346522093
-0.0624934062361717
0.0539803914725780
-0.0557154752314091
-0.0509688109159470
-0.0058938064612448
0.0436100512742996
-0.0274544246494770
-0.0098108910024166
0.0602291710674763
-0.0772995501756668
0.0136963259428740
-0.0495703443884850
0.0326215475797653
-0.0336832255125046
-0.0047665406018496
-0.0688022449612617
0.0021628187969327
-0.0319377295672894
-0.0378312319517136
-0.0001877753675217
0.0843867957592010
-0.0099262986332178
0.0075536691583693
-0.0842626467347145
-0.0475957989692688
-0.0255370419472456
0.0079348199069500
-0.0046024397015572
0.0434097647666931
0.0895858183503151
-0.0131093105301261
0.0588776357471943
-0.0430816933512688
-0.0307995826005936
-0.0718492195010185
-0.0464707575738430
-0.0292036365717649
0.0398773252964020
0.0160999950021505
-0.0371118597686291
-0.0167925804853439
-0.0347089432179928
0.0279439315199852
0.0470537804067135
-0.0833175256848335
0.0206127539277077
-0.0399169623851776
-0.0663000568747520
0.0375895239412785
-0.0016226796433330
0.0011013402836397
-0.0361918434500694
0.0293665770441294
-0.0101147759705782
0.0377761088311672
-0.0023480956442654
0.0654162392020226
-0.0191647838801146
-0.0171701088547707
0.0557746328413486
0.0317872129380703
-0.0745976045727730
0.0839036107063293
0.0040257321670651
0.0698543116450310
-0.0111604863777757
0.0642799064517021
-0.0289271511137486
-0.0720085948705673
-0.0460634380578995
0.0979076176881790
0.0975521653890610
0.0074042556807399
0.0101203899830580
0.0068830321542919
0.0244073811918497
-0.0080755334347486
-0.0321214608848095
0.0326112210750580
-0.0177946314215660
-0.0573175884783268
-0.0444692149758339
-0.0304983370006084
0.0476875938475132
0.0671637579798698
0.0457672178745270
0.0686284601688385
0.0321428291499615
-0.0242756772786379
0.0052675371989608
-0.0816307887434959
-0.0221437066793442
0.0677658095955849
-0.0137463072314858
-0.0432345531880856
-0.0354708693921566
0.0044526127167046
-0.0583406947553158
-0.0009072835673578
0.0573847480118275
-0.0002088104520226
0.0117808738723397
-0.0419348292052746
0.0306389480829239
0.0021559533197433
0.0232064910233021
-0.0287390947341919
0.0419451668858528
-0.0519077777862549
0.0572533756494522
0.0220615360885859
-0.0036538389977068
0.0675240233540535
0.0583727024495602
-0.0044313976541162
0.0163327194750309
0.0548241809010506
-0.0169167798012495
0.0333106368780136
-0.0395288318395615
0.0140301706269383
-0.0493483096361160
-0.0398558527231216
-0.0325967594981194
0.0300789717584848
0.0330953225493431
0.0132237793877721
-0.0376698151230812
0.0672215744853020
0.0266143847256899
-0.0237216446548700
-0.0438225530087948
0.0663343444466591
-0.0791299641132355
0.0326752439141273
-0.0721646249294281
-0.0129637643694878
0.0399867445230484
-0.0566534288227558
-0.0182965304702520
0.0399353578686714
-0.0411244593560696
-0.0054083233699203
0.0159849766641855
-0.0321343876421452
0.0003733751073014
0.0335080400109291
-0.0716397836804390
0.0622878149151802
0.0353921912610531
-0.0572815425693989
-0.0978613197803497
0.0047705285251141
-0.0412336066365242
0.0256148967891932
-0.0347819291055202
0.0248163193464279
-0.0560162290930748
-0.0236340947449207
0.0619611367583275
0.0743046775460243
0.0722662582993507
0.0821918472647667
-0.0330423302948475
-0.0208049975335598
0.0608905404806137
0.0351781956851482
0.0027786628343165
0.0264862105250359
0.0610566437244415
-0.0271862559020519
-0.0428409688174725
0.0085964640602469
-0.0761103406548500
-0.0057729519903660
0.0399849265813828
0.0247763041406870
0.0200657881796360
-0.0170572996139526
-0.0543102398514748
-0.0209620110690594
-0.0118634691461921
0.0056772939860821
-0.0032668230123818
0.0637408569455147
-0.0478851273655891
-0.0127293504774570
0.0091038104146719
0.0565356202423573
-0.0279241185635328
0.0041068843565881
0.0001102278110920
0.0768663957715034
-0.0661062300205231
0.0278811343014240
-0.0216052029281855
-0.0393633469939232
0.0362038724124432
-0.0939792394638062
0.0200163554400206
-0.0098179839551449
0.0435243435204029
-0.0687582567334175
-0.0644792839884758
0.0420961640775204
-0.0200308468192816
0.0019372641108930
0.0348595902323723
0.0030535506084561
-0.0399810411036015
0.0481469966471195
0.0224389974027872
-0.0106318024918437
-0.0535870417952538
0.0357670038938522
-0.0677884593605995
0.0082115270197392
0.0245586838573217
-0.0241765752434731
0.0525332577526569
0.0143517935648561
0.0773594528436661
0.0656082704663277
0.0460239909589291
-0.0397533997893333
0.0089043518528342
0.0451824478805065
-0.0460531376302242
0.0882050991058350
-0.0496262609958649
-0.0760047510266304
-0.0497430525720119
0.0641491264104843
0.0373844020068645
-0.0057852813042700
-0.0178691335022449
0.0006364783039317
-0.0408014543354511
