0.0563176125288010
-0.0685773938894272
0.0777769312262535
0.0830668359994888
0.0501457154750824
0.0818139240145683
-0.0548048019409180
-0.0802920237183571
-0.0543585568666458
-0.0936211794614792
-0.0644643083214760
0.0508039966225624
0.0649522766470909
0.0880771949887276
0.0578616373240948
0.0936748981475830
0.0876583084464073
0.0673095956444740
-0.0849316865205765
-0.0677400305867195
0.0216121133416891
-0.0294621177017689
0.0672881007194519
-0.0195505153387785
-0.0113263782113791
0.0887919962406158
-0.0444186069071293
-0.0381382219493389
0.0399208702147007
0.0478346459567547
0.0584132038056850
-0.0408689007163048
0.0679049342870712
0.0373169146478176
-0.0232094954699278
0.0976603403687477
0.0741664916276932
-0.0215087961405516
-0.0487466752529144
0.0256636850535870
0.0187801960855722
-0.0657826811075211
-0.0397904478013515
0.0021807940211147
-0.0909441411495209
-0.0793372392654419
0.0866420939564705
0.0398166663944721
-0.0943649932742119
0.0837233215570450
0.0065884422510862
-0.0391527302563190
-0.0431716889142990
0.0627004131674767
-0.0708570629358292
0.0811339542269707
0.0367076136171818
-0.0623781532049179
0.0175821837037802
0.0458466373383999
-0.0378990806639194
-0.0512954220175743
-0.0735923424363136
-0.0710813626646996
0.0696163177490234
0.0346067808568478
0.0510990843176842
-0.1197235956788063
0.0817200243473053
-0.1028110608458519
-0.0622505620121956
0.0731462091207504
0.0442113541066647
0.0573120601475239
-0.0625092014670372
0.0466744974255562
-0.0491761676967144
-0.0245914794504642
0.1058257371187210
0.0295033939182758
-0.0200707949697971
-0.1074252352118492
0.0688464716076851
0.0028743478469551
0.0080454340204597
0.0544786751270294
0.0646750405430794
0.0540620237588882
-0.0120576666668057
0.0188345331698656
-0.0427733212709427
0.0456567406654358
-0.0495742224156857
0.0530249625444412
-0.1007705628871918
-0.0193709060549736
0.0227942410856485
0.1334641724824905
0.1147722899913788
-0.0711491778492928
0.0310344751924276
0.1309081912040710
0.0292528327554464
-0.0599789805710316
-0.1007391288876534
-0.0689790919423103
0.0466285236179829
-0.0789632275700569
0.0213594045490026
-0.0148140136152506
-0.0212834812700748
0.0652409717440605
0.0263768844306469
0.0358082838356495
-0.0138298990204930
0.0620343349874020
0.0531315468251705
-0.0896205753087997
0.0498233549296856
0.0728132575750351
0.0815302282571793
0.0563585981726646
0.0277301166206598
0.0545737482607365
0.0358047150075436
-0.0350874699652195
-0.0085875429213047
-0.0728612095117569
-0.0912207812070847
-0.0311463270336390
0.0657449513673782
0.0766569152474403
-0.0331373028457165
-0.0841422826051712
0.0537183359265327
0.0515406802296638
-0.1160316392779350
0.0196805801242590
0.0505550280213356
-0.0636064782738686
0.0601433888077736
0.0069317603483796
-0.0859381183981895
-0.0850879997014999
-0.0243205167353153
-0.0058624842204154
-0.1370805948972702
0.0623642057180405
0.1076799407601357
-0.0924441292881966
-0.0399085953831673
0.0794323980808258
-0.0511677898466587
0.0485432222485542
-0.0317787714302540
-0.0648612082004547
0.0997155308723450
-0.0848352685570717
-0.0271469838917255
-0.0398040935397148
0.0370713286101818
-0.0786209553480148
-0.0566454008221626
-0.0452950373291969
-0.0595379807054996
0.0217279717326164
-0.0747635141015053
0.0381932333111763
-0.0506090410053730
0.0688736140727997
0.0177156291902065
-0.0549714118242264
-0.0655353069305420
-0.1077419370412827
-0.0469023510813713
0.0746747329831123
-0.0315137952566147
-0.0668494403362274
0.0774219781160355
-0.0575046502053738
0.0171900764107704
0.0709088668227196
0.0767109096050262
-0.0625478923320770
-0.0544753298163414
0.1034292206168175
-0.0921745225787163
0.0593395046889782
-0.0831943303346634
0.1152068749070168
0.0757723301649094
-0.0925721526145935
-0.0167531874030828
0.0396114550530910
0.0543915182352066
0.0740852057933807
0.0149258291348815
0.1096469163894653
-0.0591033399105072
0.0025473833084106
0.0688969120383263
0.1066052243113518
-0.0355456508696079
0.0489174649119377
0.0146314771845937
0.0430624149739742
0.0387129262089729
-0.0157603099942207
0.0782265737652779
-0.0434635281562805
-0.0607975125312805
0.0766661390662193
-0.0015938514843583
-0.0384249500930309
-0.0204558782279491
-0.0402992330491543
-0.0423812754452229
0.0443348810076714
-0.0022027427330613
-0.0263814199715853
-0.0528004430234432
-0.0280427727848291
-0.0305393598973751
0.0316760502755642
-0.0638754963874817
-0.0401591323316097
-0.0759049430489540
0.0315338484942913
0.0266720354557037
0.0434742905199528
0.0301641691476107
-0.0136867500841618
0.0168945156037807
-0.0746138617396355
0.0254806485027075
-0.0306386444717646
-0.0193944703787565
0.0204426515847445
0.1015757247805595
0.0058782976120710
-0.0829641893506050
-0.0729416981339455
0.0574476346373558
-0.0300589725375175
0.0270461812615395
-0.0337273217737675
0.0898129045963287
0.1499597281217575
-0.0681723207235336
-0.0736231729388237
0.0174546651542187
-0.0687934160232544
0.0917499884963036
0.0851533338427544
0.0455614626407623
-0.0025258024688810
0.0422201752662659
-0.0280285403132439
-0.0824757814407349
-0.0667798146605492
0.0651293694972992
-0.2427564114332199
0.0905713886022568
0.1509207636117935
-0.0837698653340340
0.0380597822368145
-0.0920543745160103
0.1380683779716492
0.1259401291608810
-0.0436414144933224
-0.0203735083341599
-0.0247049238532782
-0.2501695752143860
-0.0617699399590492
0.1752493381500244
-0.2406895905733109
-0.1292565017938614
-0.0769288018345833
-0.0252676382660866
-0.1150079742074013
-0.0179896559566259
-0.0564215667545795
-0.1516441255807877
-0.2188028693199158
-0.0546714924275875
-0.0108605986461043
0.0663695484399796
-0.0825297906994820
-0.0333126150071621
-0.1131279617547989
-0.2043351978063583
-0.0196860395371914
0.1383256763219833
-0.0010293179657310
-0.0390191115438938
-0.1026700288057327
-0.0616953037679195
0.0686095654964447
-0.0642266646027565
-0.1140267997980118
-0.1251329779624939
0.0359834879636765
0.1137272268533707
-0.2534231245517731
-0.1498006731271744
0.1378729492425919
0.0623751357197762
0.1569371223449707
-0.0317891798913479
-0.1263351142406464
-0.0202176831662655
-0.1982870101928711
0.1513671129941940
0.1080569103360176
-0.0184744764119387
0.1129710897803307
0.1628445833921432
0.3144691586494446
0.1161045059561729
-0.1916823983192444
0.0006852546939626
0.0357235372066498
0.0113731799647212
-0.0380742177367210
0.0421057417988777
0.0068335882388055
-0.0107533242553473
-0.0047732861712575
-0.0123422890901566
-0.0103203961625695
-0.0617060922086239
-0.0576918348670006
0.0055952626280487
-0.0728924199938774
-0.0328968167304993
-0.0009494344121777
-0.0261378418654203
0.0282327439635992
0.0456207804381847
0.0061843884177506
-0.0575095154345036
0.0108136814087629
-0.0112911444157362
-0.0156109016388655
0.0076208943501115
-0.0813207030296326
-0.0492541566491127
-0.0346519500017166
0.1240863800048828
-0.0803827047348022
0.0856444314122200
-0.0068742921575904
0.0554770119488239
0.0607494749128819
-0.0234640315175056
-0.0317418016493320
0.0232386495918036
0.0274168718606234
-0.0318144746124744
0.0572713650763035
-0.0091654919087887
-0.1006437316536903
0.0073287887498736
-0.0077310944907367
-0.0294739473611116
0.0233936272561550
0.0536915324628353
-0.0170852262526751
0.0676572322845459
-0.0186394844204187
-0.0935926437377930
-0.0541342310607433
-0.0493888147175312
0.0190643351525068
-0.0281039811670780
-0.0858479142189026
-0.0083403652533889
-0.0233327001333237
0.0293586961925030
-0.0260531511157751
-0.0001645610173000
-0.0081557678058743
0.0309701170772314
0.0714382380247116
0.0485971570014954
-0.0491346232593060
0.0741053372621536
-0.0225221794098616
-0.0003547984233592
-0.0109302001073956
0.0121143590658903
-0.0226359106600285
0.0215307660400867
-0.0108366813510656
-0.0124654481187463
0.0036123348399997
0.0126923248171806
-0.0800374001264572
0.0547662675380707
0.0141005208715796
0.0470770113170147
-0.0614063367247581
-0.0086693493649364
0.0789229273796082
0.0370037741959095
-0.0524126216769218
0.0313913412392139
0.0724633112549782
0.0287227109074593
0.0366266816854477
-0.0519926175475121
0.0480324029922485
0.0694808289408684
-0.0318068861961365
0.0204677041620016
-0.0642035380005836
0.0137384785339236
0.0449106656014919
-0.0284155663102865
-0.0164626650512218
-0.0682263299822807
0.0211325939744711
0.0174845904111862
0.0718287304043770
-0.0382228568196297
0.0268046073615551
-0.0124356783926487
0.0459664352238178
-0.0450291261076927
0.0115856816992164
-0.0428667776286602
0.0466039404273033
0.0283544417470694
0.0354605801403522
-0.0112792560830712
-0.0429808944463730
0.0144156040623784
-0.0022298374678940
-0.0502220615744591
-0.0297151822596788
-0.0435575507581234
-0.0415798537433147
-0.0234653446823359
-0.0505131445825100
0.0028019975870848
-0.0690635666251183
0.0221305787563324
-0.0652423352003098
-0.0017181108705699
-0.0528654903173447
-0.0239284243434668
-0.0053582349792123
0.0518760532140732
0.0313920341432095
-0.0596065185964108
0.0026440641377121
0.0648147761821747
0.0841162130236626
0.0763104185461998
-0.0089167030528188
0.0456223487854004
0.0080172428861260
-0.0117601547390223
-0.0777096003293991
0.0072832060977817
0.0401883460581303
-0.0051336903125048
-0.0826366841793060
-0.0430348813533783
0.0408285297453403
0.0652717873454094
0.0303567852824926
-0.0563209429383278
-0.0330419465899467
-0.0495607443153858
0.0469899401068687
-0.0177239645272493
-0.0301742367446423
-0.0262322090566158
-0.0186311677098274
0.0219460390508175
0.0233684759587049
0.0254577007144690
0.0625318139791489
0.0028830738738179
-0.0430856384336948
-0.0674187913537025
0.0289115495979786
0.0189481303095818
-0.0082849636673927
0.0453959144651890
-0.0434293150901794
-0.0150486128404737
0.0663511976599693
0.0178643912076950
-0.0495807044208050
0.0491966120898724
-0.0580521561205387
-0.0105213895440102
0.0395237244665623
-0.0808938816189766
0.0625533089041710
-0.0082601755857468
-0.0458577610552311
0.0086636068299413
0.0312808752059937
0.0353655070066452
-0.0462354272603989
-0.0384461954236031
-0.0256582647562027
-0.0726642161607742
0.0570901632308960
0.0136420652270317
0.0254900567233562
0.0375394523143768
0.0431062765419483
-0.0751687139272690
-0.0038144302088767
0.0109326699748635
0.0153060806915164
0.0532253682613373
0.0645263120532036
0.0895884931087494
-0.0592978708446026
0.0295235924422741
-0.0254285819828510
0.0260653998702765
-0.0086837923154235
-0.0595992431044579
0.0096622416749597
0.0335725434124470
-0.0069949189200997
0.0082599157467484
-0.0313722677528858
-0.0782579183578491
-0.0542053245007992
0.0258524660021067
0.0100925751030445
-0.0386313945055008
0.0199366845190525
0.0972229242324829
-0.0393679812550545
0.0619384236633778
-0.0080785946920514
0.0188792776316404
-0.0336773470044136
0.0052886083722115
0.0325766876339912
0.0082795005291700
-0.0386947654187679
-0.0500429123640060
-0.0255088880658150
-0.0236609037965536
-0.0042007276788354
-0.0932782366871834
0.0017909879097715
0.0136159323155880
0.0481361895799637
-0.0447585619986057
0.0072502107359469
0.0419271625578403
-0.0206284392625093
-0.0897557139396667
0.0484354719519615
-0.0309952478855848
-0.0351807624101639
-0.0232629682868719
0.0160483922809362
0.0250057652592659
0.0149766141548753
-0.0015497300773859
0.0057108057662845
0.0215118955820799
-0.0579276308417320
-0.0861486792564392
0.0257791783660650
-0.0375913977622986
-0.0599602311849594
0.0220320615917444
0.0039985855109990
-0.0283395908772945
0.0403080619871616
0.0671608150005341
-0.0418586805462837
-0.0010621724650264
0.0558762885630131
-0.0102968802675605
0.0270981639623642
0.0207754448056221
0.0342936292290688
-0.0495925433933735
0.0374185256659985
0.0665475577116013
-0.0075594633817673
-0.0671245604753494
0.0652528777718544
-0.0211019348353148
0.0209008120000362
-0.0360548719763756
0.0335536636412144
0.0193279627710581
-0.0514866784214973
0.0909223854541779
-0.1073664128780365
0.0199448354542255
-0.0634661689400673
0.0598753243684769
-0.0095631629228592
0.0102834217250347
-0.0358154438436031
-0.0094671631231904
-0.0389829427003860
-0.0649868845939636
-0.0110964952036738
0.0405132360756397
-0.0098223090171814
0.0453056767582893
-0.0826061144471169
-0.0520204380154610
-0.0535275675356388
-0.0062817768193781
0.0157229863107204
0.0048446035943925
0.0885121822357178
-0.0150524135679007
0.0719821751117706
-0.0488681197166443
-0.0119089353829622
-0.1028874963521957
-0.0079219508916140
-0.0366490222513676
0.0128752803429961
0.0200658552348614
-0.0588452145457268
-0.0036178054288030
-0.0236290097236633
0.0463901385664940
0.0537460967898369
-0.0530322231352329
-0.0110396156087518
-0.0497923865914345
-0.0805343315005302
0.0064706052653491
-0.0215225014835596
-0.0418548882007599
-0.0379522927105427
0.0411348491907120
-0.0234861299395561
0.0241450089961290
0.0152093507349491
0.0415503717958927
-0.0322995334863663
-0.0192542206496000
0.0703586265444756
0.0305037386715412
-0.0356620736420155
0.0942905172705650
-0.0005854028277099
0.0332879647612572
0.0067684105597436
0.0531317666172981
-0.0588100850582123
-0.0557993948459625
-0.0250969007611275
0.0921858698129654
0.1131216734647751
0.0133089590817690
0.0446231700479984
0.0380633771419525
0.0360298603773117
0.0174066945910454
-0.0241829827427864
0.0003317296213936
-0.0632551833987236
-0.0583718456327915
-0.0573522858321667
-0.0127524854615331
0.0797431915998459
0.0379209145903587
0.0379340425133705
0.0202276315540075
0.0212653651833534
-0.0064826337620616
0.0465056225657463
-0.0515119023621082
0.0107441311702132
0.0281070116907358
-0.0019409002270550
-0.0732455626130104
-0.0592169612646103
0.0674969628453255
-0.0414612665772438
0.0286255404353142
0.0749272853136063
0.0202135127037764
0.0336726456880569
-0.0619062297046185
0.0177662428468466
0.0259747020900249
0.0387491770088673
-0.0434896461665630
0.0406330749392509
-0.0380167253315449
0.0422560125589371
-0.0143661955371499
0.0103350132703781
0.0742911770939827
0.0498425960540771
0.0171769578009844
0.0209628790616989
0.0537576638162136
-0.0236655324697495
0.0631146430969238
-0.0322923883795738
0.0341337881982327
-0.0212135557085276
-0.0422844029963017
-0.0047158789820969
-0.0006922691245563
0.0408682785928249
-0.0224370304495096
-0.0456790626049042
0.0623674914240837
0.0103230988606811
-0.0476297698915005
-0.0324619822204113
0.0681422501802444
-0.0946584865450859
0.0377756655216217
-0.0479674190282822
0.0183522514998913
0.0172185078263283
-0.0368273854255676
-0.0068338951095939
0.0698125138878822
-0.0554756335914135
0.0502892956137657
0.0004168560844846
-0.0586465857923031
-0.0373986512422562
0.0490470826625824
-0.0454938746988773
0.0637079477310181
-0.0065737604163587
-0.0528005324304104
-0.0746454820036888
-0.0183424670249224
-0.0453549101948738
0.0261221919208765
0.0062238029204309
0.0180019140243530
-0.0699344426393509
-0.0025558697525412
0.0358191989362240
0.0476340614259243
0.0535225570201874
0.0521827563643456
0.0113810151815414
-0.0236208364367485
0.0839289352297783
0.0724936574697495
-0.0198601149022579
0.0178737062960863
0.0649309679865837
-0.0679145753383636
-0.0413291417062283
0.0147592965513468
-0.0800599604845047
-0.0081324744969606
0.0462138801813126
0.0395949371159077
-0.0226996168494225
0.0153152886778116
-0.0772367417812347
-0.0330960080027580
-0.0227339807897806
-0.0041488609276712
-0.0233565997332335
0.0517681129276752
-0.0421758741140366
-0.0149689512327313
-0.0173956435173750
0.0628272742033005
-0.0448595918715000
-0.0158469304442406
0.0251002646982670
0.0448458306491375
-0.0564928986132145
0.0287161972373724
-0.0591824017465115
-0.0367026031017303
0.0344216749072075
-0.1041437163949013
0.0662423670291901
-0.0422463081777096
0.0334862098097801
-0.0662467926740646
-0.0371346920728683
-0.0560906007885933
-0.0333294756710529
0.0219101849943399
0.0725382193922997
-0.0008394903852604
-0.0492387078702450
0.0087201818823814
0.0284049734473228
0.0021480801515281
-0.0317856855690479
0.0469026044011116
-0.0538031943142414
0.0244852006435394
0.0524959191679955
0.0233670342713594
0.0329843796789646
0.0491877533495426
0.0371338613331318
0.0224217381328344
0.0438174009323120
-0.0585622116923332
-0.0325286798179150
0.0293872468173504
-0.0306809525936842
0.0845423564314842
-0.0146445445716381
-0.0826965719461441
-0.0550379715859890
0.0236146058887243
0.0453607290983200
-0.0222235787659883
-0.0026327697560191
-0.0010730864014477
-0.0119673525914550
