-0.0347559116780758
-0.0700479149818420
0.0890283659100533
0.0646232217550278
0.0798370838165283
0.0503056161105633
0.0580894909799099
-0.0728281214833260
0.0848434194922447
-0.0592932887375355
-0.0552025698125362
-0.0539067946374416
0.0572127215564251
0.0088259708136320
-0.0903451368212700
-0.0143880695104599
0.0927564874291420
0.0584142580628395
-0.0175972394645214
0.0062554939649999
0.0738525688648224
-0.0986550748348236
-0.0202797427773476
0.0092979427427053
-0.0630143508315086
0.0393188707530499
-0.0587288029491901
-0.0412488654255867
0.1002277210354805
-0.0429638400673866
0.0739418044686317
-0.0473566427826881
0.0095443157479167
0.0384502708911896
-0.0422825813293457
0.0961437672376633
0.0141699034720659
-0.0737633481621742
-0.0146509530022740
0.1054248958826065
-0.0416262336075306
-0.0606530793011189
-0.0347565710544586
0.0248876735568047
-0.0084176585078239
0.0432586707174778
0.0889711976051331
-0.0317400135099888
-0.0812385976314545
0.0851352959871292
0.1006900593638420
-0.0000731136460672
-0.0556224323809147
0.1138231605291367
-0.1310520470142365
-0.0309041887521744
0.0253647994250059
-0.0803713873028755
-0.0714550390839577
0.0709019526839256
-0.0481610782444477
0.0205742418766022
0.0267677735537291
0.0416200049221516
0.0140894344076514
0.0602055154740810
0.0498401112854481
-0.1040350794792175
0.0208305735141039
-0.0768090188503265
-0.0641203746199608
0.0751654207706451
0.0511109903454781
-0.0521948263049126
-0.0362209156155586
0.0856000408530235
0.0531353019177914
-0.0460233800113201
0.0312819778919220
0.0664661303162575
0.0290368720889091
-0.0413225665688515
-0.0329938493669033
0.0552926845848560
-0.0489783622324467
0.0182301942259073
0.0283199846744537
0.0423764064908028
-0.0443366952240467
-0.0305537022650242
-0.0103706326335669
0.0872881561517715
-0.0012467837659642
0.0794165730476379
-0.1130784377455711
-0.0818216502666473
-0.0006187272956595
0.0453311689198017
0.0398760847747326
-0.0669188797473907
0.0253251176327467
0.1260401308536530
-0.0014108965406194
0.0203787554055452
-0.0768970474600792
-0.0750556141138077
0.0675215721130371
-0.0554696246981621
-0.0425883904099464
-0.0516942702233791
0.0193709209561348
-0.0259239375591278
-0.0807930156588554
-0.0205437671393156
0.0841028541326523
0.0802265107631683
-0.0434808582067490
-0.0554266162216663
0.0245824344456196
0.0760958269238472
0.0224218387156725
0.0829473286867142
-0.0370900332927704
0.0678208097815514
0.0543601252138615
0.0263195671141148
0.0149015616625547
0.0086320098489523
-0.0575246550142765
0.0456555783748627
0.0246209930628538
0.0089526660740376
-0.0619338564574718
-0.0513592772185802
-0.0056446585804224
0.0768805518746376
-0.0630998685956001
0.0672342255711555
0.0270188804715872
-0.0076530012302101
0.1006289348006248
-0.0422373078763485
0.0273015517741442
-0.0696551799774170
0.0108963130041957
-0.0655168741941452
-0.0927489995956421
0.1454681903123856
0.1034799590706825
-0.0182134453207254
-0.1282564848661423
-0.0043560927733779
-0.0907266288995743
-0.0538852699100971
-0.0319458693265915
0.0742317885160446
0.1164188385009766
0.0118912803009152
0.0347873158752918
-0.0986241102218628
-0.0554466955363750
0.0124488640576601
-0.0641736835241318
-0.0751559883356094
-0.0394177027046680
-0.0983826741576195
-0.0133094238117337
0.0374771170318127
-0.0155103961005807
-0.0096124801784754
-0.0098736844956875
0.0699180439114571
-0.0189093053340912
-0.0752684399485588
0.1042208597064018
0.1340371817350388
0.0721597447991371
0.0030078629497439
-0.0057740136981010
0.0294141024351120
0.0686495453119278
-0.0513536557555199
-0.0522466562688351
0.0848563238978386
0.0071512758731842
0.0044838874600828
-0.0181967448443174
0.0722862631082535
-0.0644861683249474
0.1572292149066925
-0.0283952504396439
-0.0879545435309410
-0.0038975731004030
-0.0082583343610168
0.0700427889823914
-0.0492271967232227
0.0458560585975647
0.1425578743219376
-0.1115933880209923
0.0207514055073261
0.0795171782374382
-0.0126768453046679
0.0276915822178125
0.0147263770923018
-0.0532511211931705
0.0880069211125374
0.0052807992324233
-0.0144074987620115
0.1203274652361870
0.0798306316137314
-0.0216653048992157
-0.0387427993118763
0.0936242640018463
-0.0890880525112152
0.0603142045438290
-0.0042244931682944
0.0369721576571465
0.0155922519043088
-0.0537162795662880
-0.0911650285124779
-0.0630252212285995
-0.0277218408882618
-0.0276084039360285
-0.0786945074796677
-0.0218846481293440
0.0967032462358475
-0.0832371264696121
0.1084549725055695
0.0699926167726517
-0.0910926535725594
0.0120797064155340
0.0650129839777946
-0.0412055514752865
-0.0108778327703476
0.0424734242260456
0.0763765126466751
-0.0476819090545177
-0.0130154751241207
-0.0310425590723753
0.0094280093908310
-0.0562367811799049
-0.0658983066678047
0.0678521096706390
0.0092235570773482
-0.0666679814457893
-0.0435420908033848
0.0908846929669380
0.1398494392633438
-0.0968377590179443
-0.0598332062363625
0.0252614803612232
-0.0853427127003670
0.0530318096280098
0.0477201305329800
-0.0082116229459643
0.0502478033304214
0.0591996870934963
0.0586881376802921
-0.1495998799800873
-0.0857806652784348
0.0571629516780376
-0.1211882159113884
-0.0481023378670216
0.1790347248315811
0.0028232899494469
0.1519071012735367
-0.0841609239578247
0.0223870333284140
0.1877620369195938
0.0957067608833313
-0.1524172127246857
-0.1819496005773544
-0.3433243632316589
0.0336332246661186
0.1435688734054565
-0.1674357652664185
-0.1020359322428703
-0.0436481311917305
-0.0361740775406361
0.0341163650155067
0.0031266438309103
-0.0241133030503988
-0.1480638235807419
-0.0972301289439201
-0.1278938055038452
0.0212255977094173
-0.0962288901209831
-0.0155233573168516
-0.1782840490341187
-0.2105356901884079
-0.2675363123416901
-0.0032986369915307
0.0546649284660816
0.0558173879981041
0.0546162314713001
0.0555110909044743
0.1201220303773880
-0.0074781845323741
0.0401390790939331
0.0187835395336151
-0.0587165914475918
-0.0807429850101471
0.0505865290760994
-0.2722194790840149
-0.1978080570697784
-0.0301187802106142
0.0655828416347504
-0.0018464160384610
-0.1402789503335953
0.0338826738297939
-0.0212121438235044
-0.1245096698403358
0.2051784098148346
0.0962238237261772
-0.0627659708261490
0.1508171558380127
-0.0507747381925583
0.3315013349056244
-0.0295976102352142
-0.0583531558513641
0.0112525364384055
-0.0314885899424553
-0.0080318320542574
0.0011197044514120
0.0147361345589161
-0.0292103141546249
-0.0145716229453683
-0.0009681945666671
-0.0062179393135011
0.0375932045280933
-0.0302686356008053
-0.1079506948590279
-0.0087314797565341
-0.0243971291929483
-0.0510281100869179
-0.0434951409697533
-0.0534000620245934
-0.0839316695928574
0.1291584670543671
-0.0469847545027733
-0.0643469765782356
-0.0351568125188351
0.0046782935969532
0.0013586474815384
0.0118953436613083
-0.0803759023547173
-0.0521928817033768
-0.0564359761774540
0.0271830335259438
-0.0688813477754593
0.0446228906512260
-0.0041386727243662
0.1042579934000969
0.0220888424664736
-0.0790666416287422
-0.0939669832587242
-0.0159554947167635
0.0899275615811348
-0.0614616833627224
0.0297915097326040
-0.0153122190386057
-0.0804936438798904
0.0103171272203326
0.0385846272110939
-0.0416199453175068
-0.0469885319471359
0.0572071112692356
-0.0590420998632908
0.0168188046664000
-0.0806734859943390
-0.0828365534543991
-0.0307670366019011
-0.0607326813042164
0.0341125987470150
-0.0097876489162445
-0.0539211034774780
0.0192418005317450
0.0454518422484398
-0.0464458204805851
0.0034675253555179
-0.0116231385618448
-0.0600985139608383
0.0282976627349854
0.0319851115345955
-0.0024932643864304
-0.1147441715002060
0.0692214369773865
-0.0361017398536205
-0.0075273951515555
0.0105335917323828
0.0265022926032543
-0.0335731133818626
0.0430105552077293
0.0166623294353485
-0.0062594576738775
0.0686851292848587
-0.0301984865218401
-0.0066719879396260
0.0426886193454266
-0.0325595997273922
0.0386551432311535
-0.0656015127897263
-0.0400450900197029
0.0574339069426060
-0.0109253814443946
-0.0560669898986816
0.0562857948243618
0.0048753689043224
0.0067954822443426
0.0491625815629959
-0.0322171524167061
0.0875683501362801
0.0338206961750984
0.0301680844277143
-0.0298344679176807
-0.0275712050497532
0.0244232043623924
-0.0322431772947311
0.0210641287267208
0.0799054652452469
-0.0198869686573744
0.0016629426972941
0.0119770066812634
0.0810594484210014
-0.0862081646919250
0.0733690783381462
0.0492477603256702
0.0221979375928640
-0.0087975431233644
0.0069841640070081
-0.0352301523089409
0.0337883234024048
0.0124082136899233
-0.0066104666329920
-0.0177823491394520
-0.0082963593304157
0.0330290682613850
-0.0184258352965117
-0.0156928729265928
-0.0303009711205959
0.0000459855618828
-0.0652677938342094
-0.0380585379898548
-0.0876501947641373
0.0599311962723732
-0.0560457482933998
0.0061241672374308
-0.0522021353244781
0.0322781316936016
-0.0059421751648188
-0.0147840976715088
-0.0346662811934948
0.0568220652639866
0.0638255178928375
-0.0155344586819410
-0.0095371138304472
0.0539013184607029
0.0111442357301712
0.0298843644559383
-0.0101515380665660
0.0651941373944283
0.0452842749655247
-0.0128895025700331
-0.0303161852061749
-0.0094551090151072
0.0683791413903236
-0.0276279095560312
-0.0634219944477081
0.0002810643636622
0.0547380559146404
0.0711171105504036
-0.0088475821539760
-0.0426424443721771
-0.0091670136898756
0.0009410095517524
0.0791120082139969
-0.0586310774087906
-0.0174794979393482
-0.0479989349842072
-0.0245552230626345
-0.0039820312522352
-0.0573138371109962
0.0345697179436684
0.0544655919075012
-0.0046513928100467
-0.0428113825619221
-0.0144620668143034
0.0688010826706886
0.0096277631819248
0.0010057223262265
0.0314884372055531
-0.0213624984025955
-0.0161858741194010
0.0700924545526505
-0.0294823125004768
0.0072098933160305
0.0659752339124680
-0.0845236927270889
0.0507062785327435
0.0300210546702147
-0.0551879405975342
0.0165063031017780
0.0305907558649778
-0.0881730839610100
-0.0029146976303309
0.0772143229842186
0.0195266082882881
0.0094919595867395
-0.0165773816406727
-0.0799173414707184
-0.0074838032014668
0.0773852989077568
0.0491117872297764
0.0395570024847984
-0.0014347183750942
0.0500868782401085
-0.0511676743626595
-0.0143599957227707
-0.0069059338420630
0.0296724289655685
0.0359336994588375
0.0226902440190315
0.0298367328941822
-0.0505570881068707
0.0334367938339710
-0.0479279085993767
-0.0007685527089052
-0.0211040135473013
-0.0856046006083488
-0.0143996141850948
0.0296502709388733
-0.0766025707125664
-0.0005696474690922
-0.0665382221341133
-0.0020271539688110
-0.0505587086081505
-0.0282529760152102
0.0033184285275638
-0.0813105702400208
-0.0189159065485001
0.0291795246303082
-0.0180172510445118
0.0524967014789581
-0.0198625009506941
0.0118065504357219
-0.0110281771048903
-0.0294966902583838
0.0139936907216907
0.0532390326261520
-0.0661089792847633
-0.0343980602920055
0.0288349520415068
-0.0308047477155924
-0.0055552758276463
-0.0619360283017159
0.0259586684405804
0.0055605154484510
0.0467881821095943
0.0009809738257900
0.0763068720698357
0.0028412407264113
0.0809082239866257
-0.0256199929863214
0.0340687260031700
-0.0249178837984800
-0.0332118645310402
0.0262913871556520
0.0130910547450185
0.0015787676675245
-0.0108599523082376
-0.0566565096378326
-0.0004063943633810
-0.0387417487800121
-0.0068285078741610
-0.0502881370484829
-0.0248945672065020
-0.0447656959295273
-0.0088128903880715
0.0127030964940786
0.0342863947153091
-0.0216126814484596
0.0721674561500549
0.0457764603197575
-0.0121118007227778
0.0405344367027283
0.0207074545323849
-0.0281007736921310
0.0198781620711088
0.0202296283096075
-0.0187941063195467
0.0453744605183601
0.0256306901574135
0.0308150686323643
0.0140400128439069
-0.0541290864348412
0.0227172281593084
-0.0025014069397002
-0.0146039566025138
-0.0393306203186512
0.0180593337863684
0.0137947564944625
-0.0348283611238003
0.0739444196224213
-0.0568681992590427
-0.0009294244227931
-0.0359848029911518
-0.0196873098611832
-0.0241934098303318
-0.0322498492896557
-0.0168172065168619
-0.0454053357243538
-0.0551956929266453
-0.0227264817804098
0.0801125243306160
0.0361484587192535
-0.0354743935167789
0.0289097446948290
-0.0967098399996758
-0.0280479732900858
-0.0021789222955704
-0.0466313250362873
-0.0248207561671734
-0.0100014274939895
0.1068088188767433
-0.0122809587046504
0.0138658266514540
-0.0858740285038948
-0.0801617279648781
-0.0718215927481651
-0.0142340464517474
-0.0659176781773567
-0.0334367342293262
0.0481177419424057
-0.0548430718481541
0.0092600351199508
-0.0303734578192234
0.0024134060367942
0.0166112296283245
-0.0355331785976887
0.0251154303550720
-0.0020280035678297
-0.0512725301086903
-0.0211682748049498
0.0169211793690920
-0.0228286795318127
-0.0193845070898533
0.0507619604468346
-0.0007342219469137
0.0378967560827732
-0.0233846548944712
0.0363287515938282
0.0067970938980579
-0.0293343551456928
0.0632619112730026
0.0517393723130226
-0.0195774324238300
0.0400991812348366
-0.0560992769896984
0.0088227912783623
-0.0511959493160248
0.0351604521274567
-0.0671897009015083
-0.0296497289091349
-0.0848681777715683
0.0918961763381958
0.1320030093193054
-0.0059512061998248
0.0612749420106411
-0.0087815690785646
0.0818967372179031
-0.0705531835556030
-0.0424069315195084
0.0200937725603580
-0.0121304616332054
-0.0216043591499329
-0.0599593669176102
-0.0325568802654743
0.0409504286944866
0.0278089977800846
0.0464339479804039
-0.0099492203444242
0.0211352910846472
-0.0056291427463293
0.0477043129503727
-0.0295287724584341
-0.0142932906746864
0.0495015755295753
-0.0382935181260109
-0.1010308265686035
0.0344049446284771
0.0342902988195419
-0.0192471314221621
0.0411589145660400
0.0838415846228600
-0.0372702777385712
0.0098491078242660
-0.0339984111487865
0.0616588443517685
-0.0103741381317377
0.0266794282943010
-0.0993746966123581
0.0707367956638336
-0.0241524670273066
0.1023712903261185
-0.0194836873561144
-0.0062769786454737
0.0843325257301331
0.0239043757319450
-0.0450559407472610
0.0266416259109974
0.0856447741389275
-0.0371076539158821
0.0801778808236122
0.0116914380341768
0.0052284905686975
-0.0274011157453060
-0.0265317223966122
-0.0003881849406753
-0.0164495110511780
-0.0317833647131920
-0.0899979770183563
-0.0897385925054550
0.0129391672089696
0.0109466500580311
-0.0388973504304886
-0.0200688913464546
0.0658233612775803
-0.0707748904824257
0.0406905859708786
-0.0166264940053225
0.0055561414919794
0.0554454401135445
-0.0336601249873638
0.0214800294488668
0.0297441296279430
-0.0669523626565933
-0.0175113994628191
-0.0197873059660196
-0.0519810989499092
-0.0808160006999969
0.0541786178946495
-0.0089327190071344
0.0549242123961449
-0.0328665971755981
0.0137970224022865
-0.0855221450328827
0.0189126059412956
-0.0510350242257118
-0.0110145024955273
-0.0380770675837994
0.0481519177556038
-0.0165127217769623
0.0397342890501022
-0.0096849147230387
0.0382054112851620
0.0228290613740683
0.0459783375263214
-0.0285658650100231
0.0440396256744862
0.0416806563735008
-0.0163498669862747
-0.0559359714388847
-0.0368480496108532
0.0222981385886669
-0.0332102365791798
-0.0703204795718193
0.0242877956479788
-0.0644256547093391
0.0469111539423466
0.0270365644246340
0.0019764399621636
0.0236661136150360
-0.0194744300097227
-0.0709792599081993
-0.0200460515916348
0.0186046231538057
0.0480562821030617
-0.0138746313750744
0.0392349772155285
0.0045717628672719
-0.0404389128088951
-0.0157581903040409
0.0566190741956234
0.0245769210159779
-0.0174319725483656
-0.0331936851143837
0.0423406027257442
-0.0476677827537060
0.0422694161534309
-0.0110091948881745
-0.0625752955675125
0.0216569695621729
-0.0525545366108418
0.0150491436943412
-0.0277228076010942
0.0210430882871151
-0.0331881232559681
-0.0431757643818855
0.0381700284779072
-0.0621513053774834
0.0444777011871338
0.0398316942155361
-0.0765794739127159
-0.0254042837768793
-0.0247656591236591
0.0219254922121763
-0.0225110631436110
-0.0634360238909721
0.0385187268257141
0.0200376380234957
-0.0117187993600965
0.0571049749851227
0.0052254414185882
0.0502515025436878
0.0060679600574076
0.0208809375762939
0.0057922573760152
0.0284949969500303
-0.0279765352606773
0.0210995916277170
0.0874986946582794
0.0104644624516368
0.0526141822338104
-0.0430304147303104
-0.0611006207764149
-0.0162602923810482
0.0287320688366890
0.0881453007459641
0.0127962594851851
-0.0417575500905514
0.0214581731706858
0.0151002071797848
