6.482130382210016251e-03
5.518667399883270264e-03
-4.470405355095863342e-02
-2.558101713657379150e-02
2.332459390163421631e-02
4.139191284775733948e-02
-1.901309820823371410e-03
-5.352756008505821228e-02
-1.899213157594203949e-02
1.310918387025594711e-02
-2.664303779602050781e-02
1.590764708817005157e-02
-1.360010169446468353e-02
-6.974396295845508575e-03
-2.789307013154029846e-02
-3.902936726808547974e-02
-1.405967492610216141e-02
-2.370622009038925171e-02
1.508975923061370850e-01
2.654903195798397064e-02
-5.948120728135108948e-03
1.635405234992504120e-02
7.879009470343589783e-03
6.973840761929750443e-03
5.971621256321668625e-03
-5.164505913853645325e-03
-9.763257578015327454e-03
7.343550212681293488e-03
-2.283043228089809418e-02
3.142767399549484253e-02
5.845382809638977051e-02
-2.258296683430671692e-02
6.573557388037443161e-03
-5.220744293183088303e-03
-2.046636072918772697e-03
1.941963471472263336e-02
1.384614384733140469e-03
2.197569236159324646e-02
4.503367003053426743e-03
-5.950587801635265350e-04
-2.682435698807239532e-02
9.686403907835483551e-03
-1.149092093110084534e-01
-4.925004020333290100e-02
-2.139031328260898590e-02
-1.565179042518138885e-02
-4.617215692996978760e-02
-1.580221764743328094e-02
2.429348044097423553e-02
8.587465621531009674e-03
9.843811392784118652e-03
-3.808825835585594177e-02
7.322322577238082886e-03
-2.285131020471453667e-03
-2.638069540262222290e-02
-1.818308490328490734e-03
1.102460362017154694e-02
-2.786425407975912094e-03
4.275126457214355469e-01
1.009340509772300720e-01
-1.006410457193851471e-02
-1.565371872857213020e-03
-9.588454850018024445e-03
-9.004708379507064819e-03
2.199993468821048737e-02
-5.160008091479539871e-03
4.850510042160749435e-03
-1.143051777034997940e-02
7.327630370855331421e-02
1.857419870793819427e-02
2.055146731436252594e-02
-1.249123550951480865e-02
-4.494143649935722351e-02
4.191400483250617981e-03
-1.862853765487670898e-02
-1.694331690669059753e-02
-4.795236513018608093e-02
-5.421689152717590332e-02
3.506851196289062500e-02
6.346910446882247925e-02
-1.708343438804149628e-02
3.973133862018585205e-02
5.317026749253273010e-03
9.279115498065948486e-02
-5.308310966938734055e-03
5.172523204237222672e-03
9.438473731279373169e-03
4.747426602989435196e-03
3.533423319458961487e-02
1.787136122584342957e-02
1.716582453809678555e-03
-3.556050360202789307e-02
7.555650174617767334e-02
1.585460640490055084e-02
-2.955327369272708893e-02
-5.668976344168186188e-03
2.351523190736770630e-02
-1.163300964981317520e-02
7.039658725261688232e-02
9.002081118524074554e-03
-1.140243466943502426e-02
-1.789170131087303162e-02
-1.866827160120010376e-02
-8.701457642018795013e-03
-1.199084147810935974e-02
-3.057976439595222473e-02
4.079528152942657471e-02
2.328257821500301361e-02
1.398204546421766281e-02
-5.557940155267715454e-02
-1.119523681700229645e-02
2.109802328050136566e-02
5.001299548894166946e-03
-3.675658954307436943e-04
-1.252816058695316315e-02
-4.337318707257509232e-03
6.104776635766029358e-03
-7.157493382692337036e-03
-7.647719699889421463e-03
7.579916622489690781e-03
-1.938216388225555420e-02
-7.116472814232110977e-03
7.897896692156791687e-03
-1.369230821728706360e-02
-4.394445195794105530e-02
-1.404250040650367737e-02
1.398880779743194580e-02
-1.482967985793948174e-03
2.644729986786842346e-02
1.612939871847629547e-02
-4.778539389371871948e-02
-8.406683802604675293e-03
-2.022834494709968567e-02
7.530240342020988464e-03
-5.059001222252845764e-02
-1.001273933798074722e-02
1.070340350270271301e-02
2.115240320563316345e-02
-1.511515080928802490e-01
4.351063817739486694e-02
-9.911864064633846283e-03
-1.108872238546609879e-02
-2.299139462411403656e-02
2.935171825811266899e-03
-2.240479737520217896e-02
1.588937640190124512e-01
-6.152349989861249924e-03
-1.329892035573720932e-02
-6.548672914505004883e-03
-2.407850511372089386e-02
4.774726182222366333e-02
2.358940988779067993e-02
-1.917150430381298065e-02
1.334784086793661118e-02
2.825806615874171257e-03
-7.701408118009567261e-03
-4.569723270833492279e-03
3.829128574579954147e-03
-5.144605785608291626e-02
9.570102207362651825e-03
-2.751066931523382664e-04
-3.328034281730651855e-02
6.643538922071456909e-02
3.217714279890060425e-02
-1.220314204692840576e-02
4.672429338097572327e-02
3.084076382219791412e-02
-6.610805867239832878e-04
2.792624756693840027e-03
-1.048760768026113510e-02
-1.345771271735429764e-02
-3.121030516922473907e-03
-8.867909200489521027e-03
1.567510771565139294e-03
2.666698023676872253e-02
8.735571056604385376e-03
1.944602467119693756e-02
1.938428846187889576e-03
-3.409982845187187195e-02
-5.330635234713554382e-03
-1.904872991144657135e-02
-8.171056397259235382e-03
1.248704618774354458e-03
4.049259051680564880e-02
5.037163197994232178e-02
1.446699956431984901e-03
7.060988992452621460e-02
3.578202566131949425e-03
-1.609129481948912144e-03
2.877364307641983032e-02
-4.271583631634712219e-03
5.767790600657463074e-02
2.918440848588943481e-02
-1.996564492583274841e-02
-3.554791910573840141e-03
1.818559318780899048e-02
-2.494517527520656586e-02
3.050449676811695099e-02
6.275107711553573608e-02
-5.818169098347425461e-03
9.110689908266067505e-02
2.836668677628040314e-02
7.292504608631134033e-02
-4.554315819405019283e-04
-1.225917716510593891e-03
-6.462404876947402954e-02
2.447418496012687683e-02
-3.019675612449645996e-02
-7.654286921024322510e-03
-6.202064827084541321e-02
9.309922344982624054e-03
-1.354619953781366348e-02
3.336102142930030823e-02
2.302564308047294617e-02
-1.423758920282125473e-02
-2.270863950252532959e-02
-9.432120248675346375e-03
3.052846714854240417e-02
1.374075654894113541e-02
2.619507256895303726e-03
8.361035026609897614e-03
-7.294923067092895508e-01
1.121567329391837120e-03
-4.890048503875732422e-02
-5.002376157790422440e-03
-6.160981953144073486e-03
1.207285560667514801e-02
3.468924202024936676e-03
4.861819092184305191e-03
-1.224965602159500122e-02
-1.624696888029575348e-02
1.065261010080575943e-02
2.842992777004837990e-03
-2.856772020459175110e-02
-5.101319402456283569e-02
1.082666218280792236e-02
-1.151403877884149551e-03
1.183131709694862366e-02
-1.469458453357219696e-02
-1.711398363113403320e-02
1.883168332278728485e-02
1.827777735888957977e-02
-6.876318901777267456e-02
-6.499499827623367310e-02
8.261816692538559437e-04
2.502315677702426910e-02
2.996757254004478455e-02
-1.542206015437841415e-02
-6.016024854034185410e-03
4.863929934799671173e-03
5.451046163216233253e-04
1.010796893388032913e-02
7.215142250061035156e-02
8.013587445020675659e-03
-1.349470764398574829e-02
-9.191555902361869812e-03
1.608773320913314819e-01
2.776825241744518280e-02
-7.930111140012741089e-02
1.418398618698120117e-01
7.738000154495239258e-02
-1.724571920931339264e-02
-1.000142470002174377e-01
-9.275657683610916138e-02
-4.929652810096740723e-02
4.310498759150505066e-02
3.848096728324890137e-02
1.281258165836334229e-01
2.017680555582046509e-02
-5.857962742447853088e-02
-6.152401864528656006e-02
8.997756056487560272e-03
9.662639349699020386e-03
5.433951038867235184e-03
-5.952640995383262634e-02
1.013963576406240463e-02
8.640503883361816406e-02
9.335578978061676025e-02
-1.026702597737312317e-01
-5.263377726078033447e-02
4.214970394968986511e-03
-5.910904705524444580e-02
-1.658773981034755707e-02
-7.259817421436309814e-02
-6.253606826066970825e-02
-5.763653293251991272e-02
1.881439238786697388e-02
-4.071513656526803970e-03
-2.127954736351966858e-02
3.990865498781204224e-02
-9.347969666123390198e-03
7.407987862825393677e-02
-2.957171946763992310e-02
7.318495213985443115e-02
-1.255504190921783447e-01
-2.696599625051021576e-02
-7.641968131065368652e-02
1.100389063358306885e-01
-1.518556326627731323e-01
-2.176570519804954529e-02
-9.536232054233551025e-02
-9.033915400505065918e-02
8.184062242507934570e-01
-8.382186293601989746e-02
3.275579586625099182e-02
-9.878512471914291382e-02
9.264685213565826416e-03
9.772881865501403809e-02
1.158246886916458607e-03
-5.772773548960685730e-02
1.946559362113475800e-02
-1.166628152132034302e-01
-9.089867584407329559e-03
1.067110300064086914e-01
-6.455844640731811523e-02
7.682552188634872437e-02
-1.625565253198146820e-02
-1.679958775639533997e-02
-1.259760707616806030e-01
2.439217083156108856e-02
4.244750831276178360e-03
3.094946593046188354e-02
-1.096823532134294510e-02
1.207006722688674927e-02
-6.118517834693193436e-03
-3.398604318499565125e-02
-7.025165949016809464e-03
3.258110582828521729e-02
-2.422657050192356110e-02
4.406719282269477844e-02
2.687137201428413391e-02
2.412749268114566803e-02
-4.156714305281639099e-02
-4.173530265688896179e-02
2.898090460803359747e-04
-2.543732337653636932e-02
4.504491388797760010e-02
-1.500741299241781235e-02
-2.297861874103546143e-02
2.468206174671649933e-02
3.124802606180310249e-03
2.184022404253482819e-02
-2.090869471430778503e-02
4.672084935009479523e-03
2.489130012691020966e-02
-1.845426708459854126e-01
-2.689598873257637024e-02
5.590996146202087402e-02
3.683352260850369930e-04
4.954386502504348755e-02
5.560250207781791687e-02
-9.965569525957107544e-02
2.224644273519515991e-02
-3.101302869617938995e-02
-2.231006510555744171e-02
5.326129868626594543e-02
2.917747013270854950e-02
-3.256960213184356689e-02
1.977648958563804626e-02
1.612334512174129486e-02
2.876947075128555298e-02
1.958168298006057739e-02
4.770023375749588013e-02
2.465844526886940002e-02
1.585082896053791046e-02
-1.682813838124275208e-02
-8.827298879623413086e-03
-3.194530308246612549e-02
-2.166384458541870117e-02
-2.212311327457427979e-02
1.193397771567106247e-02
1.421649903059005737e-01
-4.878353327512741089e-02
8.351120352745056152e-02
3.578806295990943909e-02
-3.350911661982536316e-03
-4.582388326525688171e-02
9.289940819144248962e-03
1.171642541885375977e-02
3.468404710292816162e-02
-6.362435966730117798e-02
-1.818903908133506775e-02
6.196269392967224121e-02
7.237993180751800537e-02
3.144174814224243164e-02
3.997971490025520325e-02
1.553669944405555725e-02
6.133252754807472229e-02
-5.375927314162254333e-03
2.768038213253021240e-02
1.066671311855316162e-02
1.273640710860490799e-02
-3.677343204617500305e-02
4.008610174059867859e-02
3.420943394303321838e-02
1.697776466608047485e-02
8.036875724792480469e-02
4.887802526354789734e-02
-4.708360880613327026e-03
-3.218682110309600830e-02
-3.294689580798149109e-02
-3.817094257101416588e-03
-1.284902393817901611e-01
4.660928621888160706e-03
1.385077647864818573e-02
-3.332226723432540894e-02
-4.288995265960693359e-02
-8.797170221805572510e-02
2.829729020595550537e-02
5.136701464653015137e-02
-2.727071382105350494e-02
2.021038904786109924e-02
-3.334906697273254395e-02
1.574472151696681976e-02
1.593734696507453918e-02
3.519923659041523933e-03
-3.183441609144210815e-02
-4.042317345738410950e-02
-3.122795140370726585e-03
-1.294968766160309315e-03
3.633332625031471252e-02
-1.987914182245731354e-02
1.495587378740310669e-01
-1.397249381989240646e-02
4.733419790863990784e-02
-3.735461458563804626e-02
1.357942260801792145e-02
-5.575009435415267944e-02
5.873116478323936462e-02
-1.640255190432071686e-02
2.219819463789463043e-02
-2.224211394786834717e-02
3.402617201209068298e-02
5.955193564295768738e-02
1.282351370900869370e-02
-8.458319120109081268e-03
-1.404867944074794650e-04
-1.109784841537475586e-02
3.558409959077835083e-02
1.776181347668170929e-02
4.155719652771949768e-02
1.473273988813161850e-02
3.804378584027290344e-02
7.509841024875640869e-02
-1.415464282035827637e-02
-2.958870679140090942e-02
-1.082028374075889587e-01
5.049637705087661743e-02
4.539224505424499512e-02
-8.180544525384902954e-02
1.637421920895576477e-02
-1.483512762933969498e-02
2.738660573959350586e-02
-3.118458762764930725e-02
8.137209340929985046e-03
1.862443052232265472e-02
-5.795789416879415512e-03
-3.538648039102554321e-02
3.937733545899391174e-02
-3.051308356225490570e-02
-3.864397853612899780e-02
1.636557094752788544e-02
-4.706745676230639219e-04
-4.697956889867782593e-02
3.505211696028709412e-02
-1.781502738595008850e-02
-1.805957220494747162e-02
1.810868829488754272e-02
-1.523821800947189331e-02
-1.856870949268341064e-02
-9.087383747100830078e-03
4.731604456901550293e-02
-2.314070612192153931e-02
7.374170422554016113e-02
3.359874710440635681e-02
-2.992461249232292175e-02
-5.970564484596252441e-02
-6.218883767724037170e-02
6.279966235160827637e-02
1.518496312201023102e-02
-1.693987473845481873e-02
-6.390598416328430176e-02
-2.484432049095630646e-02
5.524797830730676651e-03
4.145154263824224472e-03
-4.866585135459899902e-02
4.000955820083618164e-02
6.566055864095687866e-02
1.971350982785224915e-02
7.164362818002700806e-02
2.463415032252669334e-03
6.404459942132234573e-03
2.762348391115665436e-02
-1.076109334826469421e-02
2.776824310421943665e-02
1.931862439960241318e-03
7.437161169946193695e-03
-2.874386124312877655e-02
-1.530628371983766556e-02
8.879362046718597412e-02
-3.904319927096366882e-02
-6.866346299648284912e-02
8.569117635488510132e-02
5.891108419746160507e-03
1.328625949099659920e-03
-2.668302319943904877e-02
-3.965212032198905945e-02
-7.651223987340927124e-02
2.081906981766223907e-02
-2.156269736588001251e-02
-2.379370480775833130e-02
-5.374241992831230164e-02
4.189579561352729797e-02
-6.592717766761779785e-02
1.680661179125308990e-02
-2.273881062865257263e-02
-3.224172815680503845e-02
-2.682568971067667007e-03
2.999150007963180542e-02
-2.847762219607830048e-02
-2.928486280143260956e-02
5.061342567205429077e-02
3.879586979746818542e-02
8.129322901368141174e-03
-1.596749015152454376e-02
1.712874136865139008e-02
2.785608731210231781e-02
-1.609500125050544739e-02
-8.280237019062042236e-02
-3.739234432578086853e-02
-1.775873452425003052e-02
7.473432272672653198e-02
-4.405768122524023056e-03
1.463354844599962234e-02
-1.198092577396892011e-04
3.336191549897193909e-02
-5.655236169695854187e-02
2.066848613321781158e-02
1.273392233997583389e-02
-2.048209682106971741e-02
-3.673847019672393799e-02
-3.578368574380874634e-02
-3.186866408213973045e-03
5.319077149033546448e-02
1.444922015070915222e-02
5.939802899956703186e-02
1.590246520936489105e-02
1.765307039022445679e-02
-5.193229019641876221e-02
-8.154487609863281250e-02
-5.261047184467315674e-02
3.946427628397941589e-02
2.049414440989494324e-02
4.348713904619216919e-02
9.491171687841415405e-03
-5.148384952917695045e-04
-3.741327673196792603e-02
2.568966709077358246e-02
4.849691689014434814e-02
-2.103042975068092346e-02
-5.215189605951309204e-02
-2.565937489271163940e-02
-5.410114675760269165e-02
-4.942177329212427139e-03
-3.658171370625495911e-02
-1.577338762581348419e-02
-7.631097733974456787e-02
-2.187020704150199890e-02
8.165980130434036255e-02
3.997210785746574402e-02
5.961044505238533020e-02
-6.035432964563369751e-02
4.588301852345466614e-02
-1.495413947850465775e-02
6.215510144829750061e-02
9.264219552278518677e-03
3.063124977052211761e-02
-5.342511087656021118e-02
2.484992146492004395e-02
9.280470199882984161e-03
3.412443213164806366e-03
4.258722066879272461e-02
-3.489923104643821716e-02
5.445202440023422241e-02
1.541279628872871399e-02
3.046709485352039337e-02
-6.021615862846374512e-02
4.271318018436431885e-02
2.222299203276634216e-02
-4.042224586009979248e-02
1.881691860035061836e-03
3.747189044952392578e-02
1.477895230054855347e-01
2.135934308171272278e-02
5.855959653854370117e-02
4.910789430141448975e-02
-7.363940589129924774e-03
-3.669298440217971802e-02
-4.378534853458404541e-02
5.772281438112258911e-02
-9.108095429837703705e-03
-1.133107952773571014e-02
3.735520690679550171e-02
3.023502789437770844e-02
7.502758875489234924e-03
1.855358853936195374e-02
-5.207589641213417053e-02
1.783716119825839996e-02
-2.248907461762428284e-02
-2.558222273364663124e-03
-6.636430323123931885e-02
-2.539321780204772949e-02
3.566145664080977440e-03
1.030717976391315460e-02
-3.221672400832176208e-02
-1.389426458626985550e-02
1.167878322303295135e-02
-4.297712072730064392e-02
7.724376767873764038e-02
1.276823971420526505e-02
4.234840720891952515e-02
-9.387679398059844971e-03
-3.462737053632736206e-02
-3.920064494013786316e-02
1.255831588059663773e-02
9.055931866168975830e-02
1.393121387809514999e-02
6.049827206879854202e-03
3.985558822751045227e-02
1.836700364947319031e-02
-2.884641848504543304e-02
-2.597826160490512848e-02
-5.045159906148910522e-02
8.849677443504333496e-02
-6.155164167284965515e-02
5.158681795001029968e-02
8.050239086151123047e-02
1.056073233485221863e-02
1.061327606439590454e-01
1.312716049142181873e-04
-1.554953772574663162e-02
-2.333314716815948486e-02
-1.688876003026962280e-02
-3.579680249094963074e-02
1.014235243201255798e-02
-1.463609002530574799e-02
6.525139324367046356e-03
-3.375343233346939087e-02
-3.208158537745475769e-02
3.258154029026627541e-03
-3.697266429662704468e-02
7.078304141759872437e-02
3.516060858964920044e-02
-1.816758140921592712e-02
2.230009436607360840e-02
-6.707476451992988586e-03
-7.606120407581329346e-02
5.005842074751853943e-02
9.584312140941619873e-02
-3.888260945677757263e-02
2.233776636421680450e-02
-7.609582040458917618e-03
-5.549388471990823746e-03
-4.838334023952484131e-02
1.344040501862764359e-02
2.600274607539176941e-02
9.303874336183071136e-03
7.754447311162948608e-02
5.682190414518117905e-03
-2.970072440803050995e-02
-3.251220658421516418e-02
-2.148284390568733215e-02
1.643419265747070312e-02
2.113080397248268127e-02
-1.045511364936828613e-01
8.465465158224105835e-02
-6.255558878183364868e-02
-2.841420937329530716e-03
-3.558837343007326126e-03
5.220635980367660522e-02
2.158434316515922546e-02
-4.115132242441177368e-02
2.283786982297897339e-02
-3.583863610401749611e-03
-1.457175891846418381e-02
1.941583864390850067e-02
2.490650117397308350e-02
-7.998947054147720337e-03
-1.605159416794776917e-02
-3.857722878456115723e-02
4.914574325084686279e-03
6.703421473503112793e-02
1.897976500913500786e-03
5.390939489006996155e-02
6.294993311166763306e-02
-1.492090430110692978e-02
-1.072013401426374912e-03
2.926144562661647797e-02
-2.296254038810729980e-02
-2.664933353662490845e-02
7.819596678018569946e-03
-4.099540039896965027e-02
5.126141011714935303e-02
6.353715807199478149e-02
-4.526717215776443481e-02
-4.976062849164009094e-02
3.568400070071220398e-02
7.309827208518981934e-02
-7.597967982292175293e-02
6.195379793643951416e-02
-2.622395288199186325e-03
3.389468416571617126e-02
4.777174815535545349e-02
1.379902288317680359e-02
2.874158509075641632e-02
1.543381344527006149e-02
3.328653797507286072e-02
1.119095534086227417e-01
-6.308175623416900635e-02
-4.141791909933090210e-02
8.649089932441711426e-02
3.999231383204460144e-02
8.234499394893646240e-02
-3.969580680131912231e-02
2.701256796717643738e-02
2.392457611858844757e-02
2.743730694055557251e-02
-1.831521838903427124e-02
-1.561615150421857834e-02
4.030813649296760559e-02
3.669920377433300018e-03
1.846746169030666351e-02
2.565235458314418793e-02
-2.481999807059764862e-03
-2.146476879715919495e-02
4.785418510437011719e-02
1.654036901891231537e-02
6.997719407081604004e-03
1.900402456521987915e-01
1.340408530086278915e-02
4.500509053468704224e-02
6.783380638808012009e-03
-5.916101858019828796e-02
4.017757624387741089e-02
-2.732322178781032562e-02
4.737955052405595779e-03
2.957498840987682343e-02
9.305088222026824951e-02
5.721214413642883301e-02
2.562807686626911163e-02
7.049316167831420898e-02
-4.261641949415206909e-02
-2.963884733617305756e-02
-3.465873003005981445e-02
2.015084493905305862e-03
-1.216445192694664001e-01
1.209574285894632339e-02
6.631693243980407715e-02
7.259672880172729492e-02
-1.049234122037887573e-01
5.203891545534133911e-03
-8.855700492858886719e-02
2.913084439933300018e-02
3.944379463791847229e-02
-1.355767250061035156e-02
-1.667886599898338318e-02
2.898218296468257904e-02
7.885001599788665771e-03
-1.489774789661169052e-02
7.749300450086593628e-02
1.078207604587078094e-02
4.583676159381866455e-02
-8.369153365492820740e-03
8.062686771154403687e-02
-3.735412657260894775e-02
-2.234104787930846214e-03
7.911582477390766144e-03
2.209846861660480499e-02
-4.426729865372180939e-03
2.106072939932346344e-02
1.094669569283723831e-02
3.147303313016891479e-02
-1.647515743970870972e-01
-2.360598184168338776e-02
-5.981172248721122742e-02
4.048625752329826355e-02
-7.364281266927719116e-02
-3.441411256790161133e-02
-2.817087993025779724e-02
5.421945359557867050e-03
2.337801828980445862e-02
1.934611424803733826e-02
-1.036042068153619766e-02
5.883330851793289185e-02
-2.683510631322860718e-02
-4.276908189058303833e-02
-3.358210995793342590e-02
3.612291812896728516e-02
-4.985328763723373413e-02
1.956457272171974182e-02
-2.501390688121318817e-02
1.327795814722776413e-02
2.445026300847530365e-02
2.750808559358119965e-02
7.785640191286802292e-04
-1.095697283744812012e-02
-3.078348375856876373e-02
4.745019227266311646e-02
-7.775349076837301254e-03
-3.595106676220893860e-02
1.664723083376884460e-02
3.764640912413597107e-02
4.041828215122222900e-02
1.731381379067897797e-02
-4.816422238945960999e-02
3.274670615792274475e-02
-1.412332616746425629e-02
2.318340726196765900e-02
-1.226760819554328918e-02
-1.104385405778884888e-02
3.040902316570281982e-02
6.679586321115493774e-02
1.302578449249267578e-01
-9.829726070165634155e-02
-1.300299540162086487e-03
-2.430641837418079376e-02
-4.053552076220512390e-02
6.529254466295242310e-02
6.477673351764678955e-02
7.582602556794881821e-03
-2.522177807986736298e-02
1.286342646926641464e-02
