0.0582478493452072
-0.0756320208311081
0.0914865583181381
0.0837163403630257
0.0500654205679893
0.0550570711493492
-0.0647741034626961
-0.0774862915277481
-0.0794811099767685
-0.0742833763360977
-0.0464449897408485
0.0649098753929138
0.0414823144674301
0.0789560303092003
0.0856266766786575
0.1018123105168343
0.0571938343346119
0.0374735854566097
-0.0875063091516495
-0.0439656339585781
0.0025331235956401
-0.0112735377624631
0.0732376053929329
-0.0383998602628708
-0.0241658389568329
0.0971523150801659
-0.0412373952567577
0.0027915544342250
-0.0247948262840509
0.0748513266444206
0.0351365357637405
-0.0427140891551971
0.0773003250360489
0.0299293678253889
-0.0110070314258337
0.0578946508467197
0.1074016988277435
0.0060239234007895
-0.0501634851098061
-0.0278538260608912
0.0367232337594032
-0.0417374037206173
-0.0336984321475029
-0.0063181780278683
-0.0815778225660324
-0.0975653976202011
0.0746352300047874
0.0296270325779915
-0.0922327861189842
0.0626184493303299
-0.0376866273581982
-0.0659878253936768
-0.0427831634879112
0.0370022319257259
-0.0723404064774513
0.1063729599118233
0.0187911204993725
-0.0058747045695782
0.0471237152814865
0.0558659024536610
-0.0240159034729004
-0.0527770407497883
-0.0859390497207642
-0.0947813689708710
0.0365943610668182
0.0202937275171280
0.0602598004043102
-0.1021260172128677
0.1031926423311234
-0.0827525779604912
-0.0367170050740242
0.0852384343743324
0.0463828667998314
0.0568038038909435
-0.0369347073137760
0.0529138036072254
-0.0833224803209305
0.0256092865020037
0.0965377390384674
0.0571432411670685
-0.0331055261194706
-0.1054761633276939
0.0827848836779594
-0.0286182090640068
0.0591513216495514
0.0282411836087704
0.0834611952304840
0.0914832949638367
-0.0162431579083204
0.0514415279030800
-0.0373963154852390
0.0382320284843445
-0.0765740871429443
0.0312193762511015
-0.0639423057436943
0.0288435015827417
0.0593804754316807
0.1350553780794144
0.1359505653381348
-0.0737119391560555
-0.0060882610268891
0.1385092884302139
0.0595136061310768
-0.1029747575521469
-0.0790651515126228
-0.0621207095682621
0.0339150838553905
-0.0512107126414776
0.0051857871003449
-0.0101493485271931
0.0064599537290633
0.0861415117979050
0.0375945270061493
0.0234413407742977
-0.0219122935086489
0.0340265706181526
0.0316837094724178
-0.0567035004496574
0.0486614517867565
0.0541258938610554
0.0472102463245392
0.0634543374180794
0.0615630559623241
0.0782294794917107
0.0155658405274153
-0.0489368028938770
-0.0126033332198858
-0.0597842521965504
-0.0767405405640602
-0.0276322849094868
0.0766674652695656
0.0896164029836655
0.0123147787526250
-0.0520618632435799
0.0507075861096382
0.0255986563861370
-0.1009398922324181
0.0132644781842828
0.0028640774544328
-0.0618313811719418
0.0298280995339155
0.0231562405824661
-0.0952174738049507
-0.0691963136196136
-0.0135776828974485
0.0129705416038632
-0.1204464957118034
0.0057221800088882
0.0910568609833717
-0.0858940109610558
-0.0021977608557791
0.0698077529668808
-0.0342536605894566
0.0753412097692490
-0.0033282877411693
-0.0904530286788940
0.0856557860970497
-0.0841996669769287
-0.0199573673307896
-0.0389561466872692
0.0382957719266415
-0.0735604539513588
-0.0321383140981197
-0.0006436997209676
-0.0613436512649059
0.0552322603762150
-0.0770459100604057
0.0321299843490124
-0.0452454425394535
0.0920404121279716
0.0386065505445004
-0.1008490324020386
-0.0810926705598831
-0.0893892645835876
-0.0938267633318901
0.0507600270211697
-0.0688137859106064
-0.1253816038370132
0.0447401702404022
-0.0576795153319836
0.0152379553765059
0.0728926658630371
0.0903370678424835
-0.0629724636673927
-0.0818382725119591
0.0937518849968910
-0.0923456028103828
0.0462998375296593
-0.0392447561025620
0.0826157480478287
0.0582427121698856
-0.1025509983301163
-0.0361538380384445
0.0984204635024071
0.0267188511788845
0.0866311490535736
0.0320785716176033
0.0992097407579422
-0.0128420591354370
0.0177803430706263
0.0523825548589230
0.1239638254046440
-0.0643535554409027
0.0735139325261116
0.0247972514480352
0.0096678193658590
0.0409037396311760
-0.0123516852036119
0.0503917858004570
-0.0867555066943169
-0.0565612614154816
0.0978795066475868
-0.0462688244879246
-0.0398370027542114
-0.0177122037857771
-0.0303778108209372
-0.0626324862241745
0.0611545518040657
-0.0026767535600811
-0.0148035800084472
-0.0399811193346977
-0.0484940558671951
0.0046402812004089
0.0422385893762112
-0.0524258539080620
-0.0597968548536301
-0.0850138589739799
-0.0206271912902594
-0.0048434981144965
0.0331789553165436
0.0023051439784467
-0.0567603856325150
0.0207226723432541
-0.0916006416082382
0.0460193641483784
-0.0560419037938118
-0.0065752016380429
0.0397703126072884
0.0920996218919754
0.0081319874152541
-0.0585416443645954
-0.0778029933571815
0.0762630552053452
-0.0293054133653641
0.0648650228977203
-0.0499085411429405
0.0614495836198330
0.0960000753402710
-0.0570099204778671
-0.0710458159446716
-0.0043029384687543
-0.0499810799956322
0.0982788652181625
0.0656822845339775
0.0534648522734642
0.0184388756752014
0.1170742139220238
-0.0380318574607372
-0.1138333082199097
-0.0247807428240776
0.1490156203508377
-0.1912140846252441
-0.0275039169937372
0.2043723911046982
-0.0289873667061329
0.0681013315916061
-0.1037686616182327
0.0195990614593029
0.2092110663652420
-0.0060158059932292
-0.1225609704852104
-0.1151319667696953
-0.2534471750259399
0.0207010693848133
0.1915201842784882
-0.2208871394395828
-0.0974562540650368
-0.0719975456595421
-0.0340817794203758
-0.0476019866764545
0.0238056425005198
-0.0397922508418560
-0.1418698579072952
-0.1592498570680618
-0.1514529883861542
0.1022356823086739
0.0041563399136066
0.0442008413374424
-0.1096996068954468
-0.1635700762271881
-0.2343905866146088
-0.0420749001204967
0.1006079018115997
0.0169095024466515
0.0619524493813515
-0.0418577790260315
0.0430520921945572
0.0909957736730576
-0.0722152739763260
-0.0840360745787621
-0.0610830523073673
-0.0622918866574764
0.0657914355397224
-0.2947808802127838
-0.1738180667161942
0.0979864448308945
0.0905196070671082
0.1277920007705688
-0.1165613234043121
-0.0113347340375185
-0.0680652707815170
-0.1351687610149384
0.1862642765045166
0.0858792737126350
-0.0340560451149940
0.1161082237958908
0.0811614170670509
0.3374847769737244
0.0913567021489143
-0.1038608327507973
-0.0351271070539951
0.0254278164356947
0.0135812256485224
-0.0471086129546165
0.0396023094654083
-0.0164794828742743
-0.0289893336594105
0.0538117438554764
-0.0444920472800732
-0.0041859438642859
-0.0318551659584045
-0.0730170980095863
0.0293456502258778
-0.0675285756587982
-0.0854596346616745
0.0113479970023036
-0.0261351633816957
0.0212527737021446
0.0380331538617611
-0.0406850464642048
-0.0344267003238201
0.0156852286309004
-0.0277295447885990
-0.0333594828844070
0.0935943350195885
-0.0399781949818134
-0.0219797659665346
-0.0598200075328350
0.0901298299431801
-0.0608156584203243
0.0912958830595016
-0.0124455410987139
0.0620712898671627
0.0774999633431435
-0.0253278706222773
-0.0326694771647453
0.0653769895434380
0.0583808422088623
-0.0771545767784119
0.0199133027344942
-0.0294887349009514
-0.0789109393954277
-0.0056934622116387
-0.0690031647682190
-0.0248814411461353
-0.0002986874897033
0.0239830147475004
-0.0151342088356614
0.0703200623393059
-0.0598684735596180
-0.0743665844202042
-0.0490179061889648
-0.0562748983502388
0.0316328555345535
-0.0352972783148289
-0.0603355206549168
-0.0318521186709404
-0.0118764154613018
0.0050208382308483
-0.0125690940767527
-0.0196779090911150
-0.0278820209205151
0.0639641657471657
0.0672656595706940
0.0100114252418280
-0.0520896613597870
0.0447926223278046
-0.0538151301443577
-0.0284178406000137
0.0214900020509958
0.0289925616234541
-0.0237005595117807
0.0316724516451359
-0.0039781536906958
0.0142918536439538
0.0051935776136816
-0.0058230715803802
-0.0655412301421165
0.0272144936025143
-0.0096986312419176
0.0152562679722905
-0.0631836429238319
0.0204011071473360
0.0784510672092438
0.0391353182494640
-0.0687297061085701
0.0404017269611359
0.0468216463923454
0.0532307960093021
0.0475921444594860
-0.0466672219336033
0.0825372561812401
0.0866742432117462
-0.0234903357923031
0.0020249742083251
-0.0470441691577435
0.0194113831967115
0.0407231748104095
0.0197697337716818
0.0231197159737349
-0.0914295017719269
0.0596676729619503
0.0280964244157076
0.0616660155355930
-0.0645856112241745
0.0149591490626335
-0.0046610571444035
0.0513369031250477
-0.0449847429990768
-0.0180372931063175
-0.0515259243547916
0.0550068393349648
0.0019251691410318
0.0043386961333454
0.0184801984578371
-0.0171012412756681
0.0182618405669928
0.0009172735153697
-0.0071688778698444
-0.0434381365776062
-0.0494887195527554
-0.0354822613298893
-0.0218712091445923
-0.0327725820243359
0.0319714434444904
-0.0479738563299179
0.0757490694522858
-0.0625597089529037
0.0133688021451235
-0.0397944375872612
-0.0180851332843304
0.0054461387917399
0.0735621228814125
0.0131932450458407
-0.0559024624526501
0.0207000020891428
0.0826970636844635
0.0652773082256317
0.0557413361966610
-0.0138613423332572
0.0699438080191612
-0.0071656983345747
0.0110827898606658
-0.0709939599037170
-0.0129842935130000
0.0582879856228828
-0.0230901706963778
-0.0381351113319397
-0.0622096918523312
0.0498724356293678
0.0671100020408630
0.0060539902187884
-0.0352406054735184
0.0210527181625366
-0.0405021496117115
0.0817055255174637
-0.0467768050730228
-0.0532371401786804
-0.0152652524411678
-0.0156375225633383
0.0029428864363581
0.0124187571927905
0.0270690042525530
0.0249661840498447
-0.0355675742030144
-0.0632816702127457
-0.0454013049602509
-0.0116865150630474
-0.0185936726629734
-0.0212273374199867
0.0370407029986382
-0.0793720185756683
0.0080610625445843
0.0866527929902077
0.0180159471929073
-0.0341266654431820
0.0475041009485722
-0.0300913732498884
-0.0082771601155400
0.0263364408165216
-0.0762137398123741
0.0918317809700966
0.0246812533587217
-0.0374204814434052
-0.0151431886479259
0.0318379662930965
0.0026169493794441
-0.0416914448142052
-0.0244677383452654
-0.0339829586446285
-0.0609039179980755
0.0100342063233256
0.0132435625419021
0.0472822189331055
0.0169201511889696
0.0308698434382677
-0.1090345382690430
-0.0045311423018575
0.0035261772572994
0.0288650076836348
0.0237642973661423
0.0486274957656860
0.0668621361255646
-0.0737945362925529
0.0203721188008785
0.0003040465235244
0.0305858962237835
-0.0244008526206017
-0.0548069849610329
0.0276793986558914
0.0287525001913309
-0.0151397204026580
0.0005238701123744
-0.0652142167091370
-0.0335297659039497
-0.0422477275133133
0.0294298753142357
0.0455454476177692
-0.0014509124448523
-0.0445172861218452
0.0614221878349781
-0.0476198941469193
0.0301581248641014
0.0123475641012192
0.0261454172432423
-0.0362182594835758
0.0196288041770458
0.0281222276389599
0.0508914887905121
-0.0407795384526253
-0.0584899000823498
-0.0258364845067263
-0.0379861183464527
-0.0166180077940226
-0.0615635924041271
0.0124188372865319
0.0352300480008125
0.0532434955239296
-0.0103216795250773
0.0083196777850389
-0.0109210070222616
0.0200724750757217
-0.1157991588115692
0.0700967162847519
-0.0237526111304760
0.0002309708943358
0.0052375486120582
-0.0152079761028290
0.0418294630944729
0.0038679968565702
-0.0061398069374263
0.0103603051975369
0.0365918613970280
-0.0531617328524590
-0.0805152133107185
0.0112956231459975
-0.0190423410385847
-0.0213899649679661
0.0118882805109024
0.0088856061920524
-0.0552260130643845
0.0521553233265877
0.0688379928469658
-0.0217449907213449
0.0064594103023410
0.0569191202521324
0.0026658005081117
-0.0143266972154379
-0.0014136501122266
0.0273399688303471
-0.0486121736466885
0.0630900114774704
0.0477384179830551
-0.0429904833436012
-0.0652664527297020
0.0622188076376915
0.0071098720654845
-0.0007210987387225
-0.0179373640567064
0.0094655081629753
-0.0184898935258389
-0.0113920886069536
0.0876480117440224
-0.1147102266550064
0.0283608138561249
-0.0733866319060326
0.0122489184141159
-0.0413337685167789
0.0147378062829375
-0.0433708019554615
-0.0227515306323767
-0.0525017939507961
-0.0452278144657612
0.0023867301642895
0.0787527486681938
-0.0245698094367981
0.0317683257162571
-0.0658593401312828
-0.0235998909920454
-0.0442983731627464
0.0297329612076283
0.0024849807377905
0.0151712270453572
0.1023856997489929
-0.0066903354600072
0.0632833018898964
-0.0476075336337090
-0.0209365990012884
-0.0756056606769562
-0.0161262452602386
-0.0188614372164011
0.0254871733486652
0.0176206752657890
-0.0306791365146637
-0.0024781459942460
-0.0343213081359863
0.0235345289111137
0.0546270571649075
-0.0513193495571613
0.0365083180367947
-0.0522731393575668
-0.0406517907977104
0.0247891284525394
0.0045853811316192
-0.0113981980830431
-0.0490222983062267
0.0359256975352764
0.0146417701616883
0.0244437027722597
-0.0075124907307327
0.0644151642918587
0.0177720785140991
-0.0427645705640316
0.0746285170316696
0.0390383005142212
-0.0331757590174675
0.0804323628544807
0.0074243410490453
0.0481875427067280
0.0020273316185921
0.0728694275021553
-0.0715218856930733
-0.0590007267892361
-0.0358036234974861
0.1197489798069000
0.0930303037166595
0.0011371662840247
0.0024244524538517
0.0209236219525337
0.0012777872616425
0.0050393184646964
-0.0349921956658363
0.0054503655992448
0.0099567892029881
-0.0510147288441658
-0.0686519667506218
-0.0052277850918472
0.0356598086655140
0.0531820394098759
0.0290923286229372
0.0447881333529949
0.0111803263425827
-0.0354420393705368
0.0579634904861450
-0.0693481117486954
-0.0202228017151356
0.0338809080421925
-0.0441432148218155
-0.0651395395398140
-0.0377349629998207
0.0396452248096466
-0.0553163886070251
0.0554279759526253
0.0701433867216110
0.0093355393037200
0.0011006888234988
-0.0600454285740852
0.0096570104360580
-0.0097628170624375
0.0415279939770699
-0.0611872225999832
0.0768230035901070
-0.0437602065503597
0.0393882393836975
0.0044871480204165
-0.0029247838538140
0.0672832801938057
0.0448065586388111
-0.0353824906051159
0.0115881916135550
0.0755901634693146
0.0080645652487874
0.0352993123233318
-0.0195414889603853
-0.0016781922895461
-0.0404767617583275
-0.0471016950905323
-0.0569520108401775
0.0409298650920391
0.0107952449470758
0.0031572538428009
-0.0722317844629288
0.0544160865247250
-0.0020704523194581
-0.0226105228066444
-0.0418868623673916
0.0708157196640968
-0.0945453718304634
0.0275828652083874
-0.0640081167221069
0.0162030067294836
0.0312392450869083
-0.0488538295030594
0.0006805206649005
0.0282112285494804
-0.0502126887440681
0.0069735888391733
-0.0055335909128189
-0.0609398745000362
0.0050152502954006
0.0530480220913887
-0.0669324025511742
0.0898350924253464
0.0005643562180921
-0.0462800636887550
-0.0690233483910561
-0.0149180432781577
-0.0513835288584232
0.0379099622368813
-0.0356123968958855
0.0388889387249947
-0.0579361245036125
0.0130504434928298
0.0237432643771172
0.0485776439309120
0.0235771499574184
0.0603008195757866
-0.0204524323344231
-0.0453449413180351
0.0707048773765564
0.0437779612839222
-0.0250002462416887
0.0247762687504292
0.0624675974249840
-0.0435887165367603
-0.0411836765706539
0.0415327548980713
-0.0631841793656349
-0.0019748085178435
0.0308292005211115
0.0092717260122299
-0.0055369767360389
-0.0063821766525507
-0.0621192269027233
-0.0097964014858007
-0.0055410340428352
0.0034953774884343
-0.0423521250486374
0.0390993058681488
-0.0381294786930084
-0.0008035414502956
-0.0204740874469280
0.0556818507611752
-0.0422244220972061
0.0090964632108808
0.0002610509109218
0.0728101655840874
-0.0273096729069948
0.0262100957334042
-0.0356815196573734
-0.0595679469406605
0.0188887342810631
-0.0637290477752686
0.0494687594473362
-0.0407880432903767
0.0585853420197964
-0.0612465105950832
-0.0543703772127628
0.0076301367953420
-0.0366353094577789
0.0415060855448246
0.0578323565423489
-0.0197117123752832
-0.0519444048404694
0.0347904078662395
0.0151690654456615
0.0033314086031169
-0.0662851259112358
0.0254601035267115
-0.0797101557254791
0.0260259993374348
0.0154166789725423
0.0128634953871369
0.0558660961687565
-0.0053419265896082
0.0560733750462532
0.0474328324198723
0.0503196865320206
-0.0841359794139862
-0.0163615476340055
0.0265546906739473
-0.0362050496041775
0.0923175662755966
-0.0470896027982235
-0.0765866860747337
-0.0342425629496574
0.0535057596862316
0.0188341606408358
0.0338528528809547
-0.0350543409585953
0.0222376435995102
-0.0224902704358101
