0.0098479473963380
-0.0764761567115784
0.0958566516637802
0.0807672515511513
0.0697726756334305
0.0613679997622967
-0.0377008989453316
-0.0676903724670410
-0.0132594285532832
-0.0856713876128197
-0.0678502991795540
0.0301903896033764
0.0845785439014435
0.0642280280590057
0.0259347520768642
0.0929751917719841
0.0715965479612350
0.0411693453788757
-0.0921332314610481
-0.0433286167681217
0.0103539237752557
-0.0528570786118507
0.0542355813086033
-0.0102755343541503
-0.0256529618054628
0.0709289535880089
-0.0398322232067585
-0.0072325305081904
0.0366961583495140
0.0452427081763744
0.0750078633427620
-0.0490334741771221
0.0863658934831619
0.0187254995107651
-0.0151879694312811
0.1036904975771904
0.0906213000416756
-0.0445614196360111
-0.0636950358748436
0.0379129722714424
-0.0014594084350392
-0.0786042809486389
-0.0384608320891857
-0.0075613013468683
-0.0717281848192215
-0.0599382631480694
0.1144261807203293
0.0257385522127151
-0.1053236797451973
0.1017526090145111
0.0291263367980719
-0.0437209419906139
-0.0470726601779461
0.0813576355576515
-0.1135874316096306
0.0464743934571743
0.0439883098006248
-0.0726307705044746
0.0150076346471906
0.0793308466672897
-0.0371846072375774
-0.0126505773514509
-0.0711477175354958
-0.0619150698184967
0.0354600735008717
0.0414188839495182
0.0565386451780796
-0.1276296973228455
0.0987463071942329
-0.1056137830018997
-0.0532390139997005
0.0874355286359787
0.0789192095398903
0.0162910632789135
-0.0568573996424675
0.0869234055280685
-0.0517362281680107
-0.0368175841867924
0.0910451933741570
0.0683408826589584
-0.0210759546607733
-0.1059084162116051
0.0586398094892502
0.0076575879938900
0.0230098906904459
0.0321373492479324
0.0966106653213501
0.0714003667235374
-0.0216345619410276
0.0352486297488213
-0.0579199753701687
0.0728411599993706
-0.0749883130192757
0.0753627717494965
-0.0914451852440834
-0.0304548814892769
0.0306792035698891
0.1394690424203873
0.1085010692477226
-0.0637035369873047
0.0230752862989902
0.1336011290550232
0.0647243186831474
-0.0522515885531902
-0.1107501313090324
-0.0607021115720272
0.0612460821866989
-0.0625922158360481
0.0054616685956717
-0.0174863953143358
-0.0143908802419901
0.0507656335830688
-0.0137465819716454
-0.0070373015478253
0.0127260712906718
0.0673300251364708
0.0178022049367428
-0.0754169523715973
0.0330808684229851
0.0725690126419067
0.0241861902177334
0.0698295682668686
0.0443418212234974
0.0702184513211250
0.0546547174453735
-0.0447148717939854
-0.0033148271031678
-0.0306999031454325
-0.0670294463634491
-0.0098556093871593
0.0826791226863861
0.0762293040752411
-0.0103980181738734
-0.0905222818255424
0.0263953432440758
0.0299387536942959
-0.0973998010158539
0.0454945787787437
0.0492601729929447
-0.0383348017930984
0.0671269223093987
0.0078544467687607
-0.0567293241620064
-0.1125309467315674
0.0109481438994408
-0.0172798819839954
-0.1402686834335327
0.0760954096913338
0.1015334725379944
-0.0868267267942429
-0.0426501594483852
0.0747857913374901
-0.0507722906768322
0.0256837066262960
-0.0111564816907048
-0.0319482348859310
0.1081065759062767
-0.0716182589530945
-0.0227310098707676
-0.0762589275836945
0.0243756528943777
-0.0482570379972458
-0.0740528106689453
-0.0257148798555136
-0.0644583404064178
-0.0200601853430271
-0.0701300278306007
0.0330640189349651
-0.0625366866588593
0.0781909599900246
0.0134390834718943
-0.0428612455725670
-0.0489097870886326
-0.0958994030952454
-0.0214860159903765
0.0972301214933395
-0.0235459860414267
-0.0741664990782738
0.0365314111113548
-0.0470353513956070
0.0670806393027306
0.0194515064358711
0.0500197745859623
-0.0259607378393412
-0.0554962903261185
0.0755185857415199
-0.0747166424989700
0.0664736554026604
-0.0805275961756706
0.1317277699708939
0.0264439396560192
-0.1135265156626701
-0.0305268205702305
0.0449443161487579
0.0445258021354675
0.0486355908215046
0.0183459166437387
0.1277214139699936
-0.0621243715286255
0.0123263010755181
0.0758215859532356
0.0830062553286552
-0.0243352316319942
0.0640705972909927
-0.0196490176022053
0.0643145292997360
0.0494813881814480
-0.0321935974061489
0.0915466099977493
-0.0257978998124599
-0.0416475906968117
0.0664906203746796
0.0156640503555536
-0.0477143526077271
0.0205425061285496
-0.0657520517706871
-0.0072500039823353
0.0315055884420872
-0.0228364486247301
-0.0457372032105923
-0.0722152069211006
-0.0604443512856960
-0.0021487856283784
-0.0048883231356740
-0.0648580938577652
-0.0169741734862328
-0.0775613486766815
0.0814554765820503
0.0468001216650009
-0.0071343374438584
-0.0104170460253954
-0.0176985654979944
-0.0040493467822671
-0.0896466076374054
0.0258295517414808
0.0036766778212041
-0.0415108762681484
0.0103304311633110
0.0778317824006081
0.0155636016279459
-0.0755151137709618
-0.0671174228191376
0.0720383375883102
0.0066319182515144
0.0082912351936102
-0.0570194050669670
0.0832269489765167
0.1359338462352753
-0.0804828703403473
-0.0769312083721161
0.0127587048336864
-0.0904127061367035
0.0970542952418327
0.0832590907812119
0.0113008012995124
0.0446875616908073
-0.0070722168311477
-0.0914254486560822
-0.0801416859030724
-0.0048519605770707
0.0711692199110985
-0.2113001495599747
0.0670434683561325
0.1799841374158859
-0.0839511975646019
-0.0293703060597181
-0.0782535150647163
0.0763005092740059
0.0987888425588608
0.0015257202321663
-0.0323080606758595
0.0506216920912266
-0.2418191283941269
-0.0120623521506786
0.1897693276405334
-0.2471951693296432
-0.0686385184526443
-0.0446463637053967
-0.0139647312462330
-0.1676309555768967
-0.0745855718851089
-0.0284003876149654
-0.1752951145172119
-0.2534705996513367
-0.0326503030955791
0.0168597251176834
0.0347347855567932
-0.0189260207116604
0.0121974702924490
-0.0860312655568123
-0.1936854869127274
-0.0374713055789471
0.1146099343895912
-0.0477155409753323
-0.0336127132177353
-0.1524524986743927
-0.0575590431690216
0.0940514728426933
-0.0728794932365417
-0.1182095259428024
-0.0893759578466415
0.0174828749150038
0.1371894329786301
-0.2632306516170502
-0.1060348153114319
0.1393881738185883
0.0303342826664448
0.1868749111890793
-0.0198476966470480
-0.1535809040069580
-0.0237885843962431
-0.2268325239419937
0.1241094991564751
0.0754072368144989
-0.0564682595431805
0.1141831502318382
0.1814842671155930
0.3190161883831024
0.1289830505847931
-0.1582522988319397
-0.0151754347607493
0.0166419204324484
0.0106196291744709
-0.0534208565950394
0.0676847621798515
-0.0268749743700027
-0.0163275599479675
0.0116130327805877
-0.0514304414391518
0.0307697914540768
-0.0740095376968384
-0.0522158294916153
-0.0106406677514315
-0.0922885909676552
-0.0670219957828522
-0.0299024321138859
-0.0364656448364258
0.0100730154663324
0.0570660196244717
0.0042513683438301
-0.0694089010357857
0.0253590997308493
-0.0356384664773941
-0.0244088303297758
0.0338913574814796
-0.0766876935958862
-0.0299531556665897
-0.0474684499204159
0.0871450752019882
-0.0861358493566513
0.0952448099851608
-0.0045710094273090
0.0472402162849903
0.0492204427719116
-0.0301392544060946
-0.0620502755045891
0.0478958971798420
0.0162729118019342
-0.0531151145696640
0.0347915291786194
-0.0240463949739933
-0.0982467085123062
-0.0330722965300083
-0.0213118158280849
-0.0503098592162132
-0.0045868209563196
0.0587814822793007
-0.0393464155495167
0.0942554175853729
-0.0263197105377913
-0.0777257010340691
-0.0474064312875271
-0.0407498776912689
0.0680895075201988
-0.0540007837116718
-0.0862990841269493
0.0101520009338856
-0.0172982625663280
0.0475572310388088
-0.0176033750176430
-0.0112264873459935
-0.0193001274019480
0.0530586801469326
0.0619325302541256
-0.0131962802261114
-0.0665775313973427
0.0514901578426361
-0.0351221784949303
0.0069814049638808
0.0404098816215992
0.0209725797176361
-0.0434470549225807
0.0176377091556787
-0.0045871813781559
-0.0112278470769525
0.0059059858322144
-0.0216903798282146
-0.0610701292753220
0.0583566427230835
0.0069837849587202
0.0318483114242554
-0.0562722235918045
-0.0438897125422955
0.1256361156702042
0.0161120463162661
-0.0478450618684292
0.0548158697783947
0.0430697984993458
-0.0000635629839962
0.0051422649994493
-0.0762771517038345
0.0388032980263233
0.0592948198318481
-0.0328922718763351
-0.0248500015586615
-0.0333533138036728
0.0451220273971558
0.0453973002731800
-0.0270311031490564
0.0345560573041439
-0.0554758347570896
0.0773741826415062
0.0383952558040619
0.0674718022346497
-0.0535650923848152
0.0548190772533417
-0.0156976506114006
0.0215992350131273
-0.0517964102327824
0.0022091835271567
-0.0732550993561745
0.0378693789243698
0.0216410122811794
0.0156115908175707
-0.0252185687422752
-0.0310512818396091
0.0325521640479565
0.0069739529863000
-0.0055876239202917
-0.0146323274821043
-0.0678999423980713
-0.0511369258165359
-0.0367065891623497
-0.0820928514003754
0.0166261345148087
-0.0693179741501808
0.0110915619879961
-0.0131500689312816
0.0291936546564102
-0.0192160848528147
-0.0104048978537321
-0.0571644529700279
0.0739447996020317
0.0253949835896492
-0.0697404071688652
0.0294002927839756
0.0734779834747314
0.0565158054232597
0.0448735393583775
0.0055550332181156
0.0862818136811256
0.0288080628961325
0.0393363349139690
-0.0430445037782192
0.0208867937326431
0.0206177998334169
-0.0211068671196699
-0.0759970843791962
-0.0391891337931156
-0.0008033210178837
0.0504702590405941
0.0550518594682217
-0.0707274973392487
-0.0312974713742733
-0.0499565452337265
0.0566467307507992
-0.0496546328067780
-0.0185019001364708
-0.0231957659125328
-0.0632113814353943
0.0256229359656572
0.0192716829478741
0.0486367195844650
0.0327262356877327
-0.0393869690597057
-0.0248775351792574
-0.0338828936219215
0.0296863261610270
0.0115722594782710
-0.0214337278157473
0.0267389472573996
-0.0193662848323584
-0.0241423305124044
0.0671994835138321
0.0014052210608497
-0.0695002749562263
0.0725650340318680
-0.0493084192276001
-0.0145304771140218
0.0530818328261375
-0.0531166046857834
0.0093127470463514
0.0116795552894473
-0.0485813952982426
0.0116688869893551
0.0424466282129288
0.0186419785022736
-0.0749705061316490
-0.0272181909531355
-0.0254506934434175
-0.0727711170911789
0.0444838404655457
0.0361256524920464
0.0163662061095238
0.0088938260450959
0.0259285178035498
-0.1053070947527885
-0.0263108517974615
-0.0066123604774475
0.0131524195894599
0.0575327798724174
0.0543077029287815
0.0667489543557167
-0.0894250422716141
0.0229067094624043
-0.0077729844488204
0.0272768959403038
0.0078962575644255
-0.0602207891643047
-0.0063592079095542
0.0694213733077049
-0.0053538903594017
0.0120537271723151
-0.0499112457036972
-0.0180683527141809
-0.0416329726576805
0.0101630222052336
0.0327227599918842
-0.0205352995544672
0.0016328785568476
0.0916558951139450
-0.0524452328681946
0.0298127736896276
0.0216921269893646
0.0087555833160877
-0.0449041277170181
-0.0133755579590797
0.0251301992684603
0.0321272835135460
-0.0531292669475079
-0.0267259534448385
0.0121018849313259
0.0098118828609586
0.0026497256476432
-0.0959662720561028
0.0278728082776070
0.0849625021219254
0.0558474250137806
-0.0306550171226263
0.0009606761159375
0.0246031321585178
0.0235565919429064
-0.0574386976659298
0.0557800754904747
-0.0501040667295456
-0.0121290627866983
-0.0030879608821124
0.0171927176415920
0.0115751177072525
0.0004514408065006
0.0372033230960369
-0.0116746928542852
-0.0201475508511066
-0.0430804528295994
-0.0929856300354004
0.0236632935702801
-0.0145887816324830
-0.0471710897982121
0.0076506258919835
0.0329659357666969
-0.0207704547792673
0.0241742748767138
0.0465627238154411
-0.0615028180181980
-0.0090024471282959
0.0256535392254591
-0.0152848400175571
-0.0023856195621192
-0.0002711772685871
0.0209725815802813
-0.0835431516170502
0.0225090738385916
0.0407373532652855
-0.0139560243114829
-0.0497894361615181
0.0888711437582970
-0.0303277205675840
0.0035472013987601
-0.0131888408213854
0.0047998069785535
0.0022286963649094
-0.0451582372188568
0.0811734423041344
-0.0852926969528198
0.0296338275074959
-0.0375611111521721
-0.0100787980481982
-0.0246787425130606
-0.0007420358015224
-0.0132661722600460
0.0293190274387598
-0.0677599236369133
-0.0753859281539917
-0.0095262043178082
0.0577231943607330
-0.0025257368106395
0.0259297676384449
-0.0625815168023109
-0.0448187515139580
-0.0340204201638699
0.0363047420978546
0.0055095381103456
0.0140425991266966
0.0970600321888924
-0.0102255633100867
0.0896516963839531
-0.0400667749345303
-0.0407043695449829
-0.0580842941999435
-0.0206279139965773
-0.0501172691583633
0.0134069817140698
-0.0017789113335311
-0.0315836295485497
-0.0327214710414410
-0.0004454596491996
0.0408633127808571
0.0189170334488153
-0.0373726636171341
-0.0186765361577272
-0.0241997838020325
-0.1012340411543846
0.0219959691166878
0.0070163826458156
0.0232972614467144
-0.0516442246735096
0.0737415552139282
-0.0404025167226791
0.0036477819085121
0.0158482324331999
0.0198676120489836
-0.0155829377472401
0.0134062916040421
0.0382286868989468
0.0405446924269199
-0.0612984709441662
0.0768361613154411
0.0003423820890021
0.0314906835556030
0.0048025730066001
0.0709303691983223
-0.0347905457019806
-0.0439997650682926
-0.0216608662158251
0.0746455639600754
0.1145100519061089
-0.0092474082484841
0.0245128497481346
0.0114843817427754
0.0059478166513145
0.0110772531479597
-0.0322511866688728
-0.0168381351977587
-0.0093817347660661
-0.0551632270216942
-0.0630211979150772
-0.0364084169268608
0.0653815418481827
0.0579139105975628
0.0392923913896084
0.0356706604361534
0.0449798628687859
-0.0181773956865072
-0.0016688085161150
-0.0398142039775848
0.0132727194577456
0.0507113747298717
-0.0345283113420010
-0.0784984380006790
-0.0333768539130688
0.0061429552733898
-0.0249190628528595
0.0387143120169640
0.0443238057196140
0.0134274819865823
0.0113951107487082
-0.0635393559932709
0.0315095894038677
0.0332367382943630
0.0410582683980465
-0.0395582020282745
0.0599126331508160
-0.0335293188691139
0.0385019853711128
0.0162069164216518
0.0163671150803566
0.0537952482700348
0.0172171425074339
-0.0158349126577377
-0.0252162981778383
0.0658602491021156
-0.0074445349164307
0.0640611499547958
-0.0459879450500011
0.0376688316464424
-0.0444724373519421
-0.0507981330156326
-0.0271625500172377
0.0008254105341621
0.0470165126025677
-0.0231750905513763
-0.0249095130711794
0.0484709069132805
0.0318284295499325
-0.0494958311319351
-0.0517655424773693
0.0299008321017027
-0.0503057129681110
0.0341467671096325
-0.0493635982275009
-0.0162280797958374
0.0100965090095997
-0.0908821001648903
-0.0252557434141636
0.0589792504906654
-0.0465919002890587
0.0406858026981354
-0.0330710746347904
-0.0431249439716339
0.0175703484565020
0.0281611401587725
-0.0104051446542144
0.0138359302654862
0.0291623156517744
-0.0539916157722473
-0.0796146243810654
0.0172414891421795
-0.0468147732317448
0.0128917451947927
-0.0377098359167576
0.0033406859729439
-0.0779177024960518
-0.0073875044472516
0.0548809617757797
0.0293316282331944
0.0400527231395245
0.0472565144300461
-0.0111645655706525
-0.0282352007925510
0.0587399043142796
0.1038629040122032
-0.0123786302283406
0.0244538113474846
0.0577652156352997
-0.0709613189101219
-0.0645706728100777
0.0224400199949741
-0.1131369397044182
-0.0181385129690170
0.0715257376432419
0.0497339814901352
-0.0117541654035449
0.0146219152957201
-0.0485881343483925
-0.0397288501262665
-0.0323036313056946
0.0139447608962655
-0.0283984579145908
0.0133228078484535
-0.0314887315034866
-0.0170477144420147
-0.0321571566164494
0.0149977831169963
-0.0173545107245445
-0.0108712026849389
0.0169471278786659
0.0702146515250206
-0.0686809495091438
0.0313085839152336
-0.0536666549742222
-0.0638255104422569
0.0110061494633555
-0.0745524317026138
0.0373301804065704
-0.0261422004550695
0.0550012625753880
-0.0584641434252262
-0.0505386106669903
-0.0219053030014038
-0.0435991398990154
0.0331103019416332
0.0567914880812168
-0.0176084600389004
-0.0285599380731583
0.0362833105027676
0.0363595560193062
0.0013063460355625
-0.0543890632688999
0.0202180836349726
-0.0667837932705879
0.0415504463016987
0.0205758046358824
0.0237795077264309
0.0246827974915504
0.0580540224909782
0.0765564963221550
0.0385194495320320
0.0357407778501511
-0.0746703371405602
-0.0278968829661608
0.0382415764033794
-0.0326843224465847
0.0599662698805332
-0.0427704602479935
-0.0609701722860336
-0.0795552134513855
0.0511256381869316
0.0251251030713320
-0.0155203752219677
-0.0013761997688562
-0.0059139691293240
-0.0069407853297889
