-0.00646219
-0.01269234
-0.01952454
-0.00845429
-0.00376643
0.02285045
-0.00541712
0.02063132
0.01940969
-0.00225254
0.01010926
-0.02756911
-0.00257014
-0.02974639
-0.02913540
-0.00353617
-0.01152623
-0.00213299
-0.11419412
0.00828922
0.00840816
0.01934723
-0.00538714
-0.02109306
-0.00324177
0.01982941
0.00964934
-0.01237923
-0.00196973
0.00528094
-0.18118791
0.01035858
0.03188201
-0.00182492
-0.00722627
0.05602498
0.02823373
-0.00005612
-0.01677249
-0.05977323
-0.00133911
-0.00632219
0.04461912
-0.01906382
0.00475464
0.01442978
0.00182333
-0.00560637
0.02308004
0.00963241
0.04113077
0.01981206
-0.07892235
-0.00250075
0.02272319
-0.01411332
-0.00664822
0.01292223
0.43508554
0.00172426
-0.00034401
-0.00296054
-0.00075377
-0.01903695
0.00638417
0.00395723
-0.02652558
0.02569138
-0.01979480
0.00438489
0.00113820
-0.00376643
-0.03793147
0.02208336
-0.01390983
-0.02695545
-0.02127795
0.02574652
0.00474172
-0.13667810
-0.00914277
0.01074512
0.01533023
-0.05235833
0.00131229
-0.01023539
-0.02371771
-0.01987803
0.00507841
-0.02422603
0.00865850
-0.03391684
0.04931816
0.00556324
-0.01577709
-0.00478821
0.00047733
-0.01772369
-0.02270066
0.01820503
0.00254318
0.01449235
-0.03920069
0.01629028
-0.00525431
0.00038228
-0.01960316
0.02627218
0.01109400
-0.00935463
0.00959921
0.00247525
-0.01271459
-0.01392606
-0.00233756
-0.00563736
0.03309556
-0.02334460
-0.00652914
0.00024027
0.02341010
0.01777445
0.00641600
-0.00400009
0.00482654
0.02104137
0.00612932
0.00429998
-0.00140380
0.07274882
-0.00691312
0.02239258
0.01713071
0.02822432
0.04570518
-0.03375478
-0.06173019
0.00657183
-0.10129985
0.00077901
0.00868914
0.03554150
-0.00853339
0.01850512
0.01334400
-0.16339809
-0.00565931
-0.01969941
-0.02609234
0.00081747
0.03317510
0.01472981
-0.01630262
-0.04168861
0.00440427
-0.00070128
-0.02119675
-0.01127927
0.00429178
0.02237939
-0.02642134
0.05676407
0.01690482
-0.01390760
-0.00503055
-0.00523208
0.04076194
-0.01376341
0.01473207
0.03500980
-0.01342162
-0.01999790
0.01192704
-0.00667919
0.01385932
0.00060898
0.00564736
0.02283857
-0.03402086
0.01968873
0.01582513
0.00668677
0.02410213
0.00423007
0.04020113
-0.22105646
0.05880250
0.02430546
-0.01163836
0.06927939
0.03277465
-0.00830909
-0.03075606
0.01641303
-0.00611727
-0.01556821
0.01654016
0.00151270
-0.10604788
-0.03223482
0.05667584
-0.01479855
0.09764864
-0.01143208
-0.00641802
-0.03515241
-0.01000849
-0.00127295
-0.00770355
0.06168277
-0.03961067
-0.01346864
0.03186786
0.01013583
0.01669065
0.02329852
-0.01312663
0.03742053
-0.01032130
0.01175026
-0.04148212
-0.70631772
0.00403313
0.00747284
0.01439744
0.00221552
-0.01458281
-0.02296522
0.02663497
0.02164944
-0.04126400
0.00643582
0.02110055
0.01252342
-0.03490052
-0.00505371
-0.01478484
-0.01179307
-0.00218918
0.00955711
0.04052926
0.01200124
0.08547100
-0.06537127
-0.00111108
-0.01330884
0.02060799
0.02541654
0.04422763
0.00682813
-0.02135012
0.02371696
0.02474756
0.02741331
0.01628144
0.01717891
-0.06302455
0.03216457
-0.06287502
0.08639032
-0.01646370
-0.11510286
-0.01558775
0.02296890
0.03575484
-0.01227832
-0.03284622
0.03172765
-0.02243381
0.03815021
0.03378488
0.03515364
-0.02398078
0.06132181
-0.03025649
0.02486953
0.05434591
0.01680527
-0.07952716
-0.02952361
0.11778948
0.00175732
0.03008555
-0.15708822
-0.02449704
-0.02774323
0.03093880
0.04746408
0.03758821
0.06921244
0.07622205
0.07051477
-0.04048346
-0.04535311
-0.01197464
0.01699082
-0.00243776
0.08426226
0.03919163
-0.06510513
-0.03457071
-0.01564153
0.89281213
-0.00270142
0.02261111
0.09929655
-0.06605747
0.14732073
-0.02235679
-0.00385796
-0.08577190
-0.05293713
-0.04071643
0.01954013
0.00586240
0.07405262
-0.05536884
0.00765676
-0.09731396
0.03573115
0.03888329
0.00391054
-0.06630802
0.02737201
0.01495567
-0.04164946
-0.00476049
-0.00281731
-0.04076979
-0.02410155
0.05509883
-0.01987405
-0.01636466
0.04512182
-0.04945822
-0.00923949
0.03537496
0.06139255
-0.03013057
-0.05585280
-0.06063017
-0.02066821
-0.02231731
0.02312445
-0.02545201
0.00470368
-0.04705415
-0.03470515
-0.09148181
0.07805524
0.00521792
-0.06660228
-0.06047111
0.03555728
0.00727734
-0.01316024
0.00528555
-0.05551539
0.06830717
0.00135384
0.01966869
-0.04567320
-0.00960268
-0.02317730
-0.04070523
-0.04282543
0.01901919
0.06988828
0.02274881
0.02892151
-0.05072691
-0.03033980
0.03933140
0.05105110
-0.03732863
0.04944724
0.06380665
-0.02148572
-0.02066541
-0.03937750
0.06199003
0.01935374
-0.00146893
-0.02935072
-0.01162386
0.01542995
0.07220892
0.04413795
-0.02670438
-0.00169835
-0.02628888
0.01814569
0.06867871
0.00377108
0.02188213
0.00859623
0.10211855
0.04920458
-0.05200315
-0.02513791
0.00413685
0.01476720
0.12660509
-0.02515402
0.01069109
-0.05528874
0.05302481
0.04949889
0.04033384
-0.01343362
0.03702001
0.04037775
-0.02479328
0.03273213
0.00132075
-0.01319884
0.05952574
-0.00058590
-0.09426478
0.03706288
0.01767799
0.00214276
-0.08417519
0.00586269
-0.01063879
-0.05159817
0.00424104
-0.00992718
-0.05738875
-0.03005233
-0.03392028
0.02641855
-0.02655339
0.00666514
0.03188786
0.01407348
0.02706686
0.03943026
0.05222939
-0.00547878
-0.07004011
-0.01661318
-0.02845215
0.05911033
0.09039296
0.02568667
0.00420360
-0.20377123
0.01217643
0.01235290
0.06965472
0.03451875
-0.06073995
0.02908214
-0.02203994
0.01044239
0.03574272
0.00434613
0.02730206
-0.00630789
0.07732415
-0.04192412
0.04577689
0.01065843
0.02821081
-0.03923276
-0.05870797
0.05456413
-0.01193913
-0.00054786
0.00004160
-0.00695645
0.04583017
-0.03223653
-0.00099350
-0.04858640
0.00878032
0.03927569
-0.03327475
-0.01196667
-0.05816178
-0.03417785
0.01094680
-0.04835936
0.04417990
0.06180380
0.02126161
-0.00301995
-0.01226032
0.01035710
0.04224963
-0.05131848
-0.01734972
0.03462689
0.00360367
-0.02544681
-0.01732842
-0.06977826
0.02499607
-0.01342981
0.07713071
-0.01846508
-0.00895262
0.01221041
0.02380341
0.00877466
0.01626885
0.03880058
0.00243760
-0.02862538
-0.01173127
0.01969856
-0.02262332
0.05823630
0.03345495
-0.02531373
0.05423230
0.00223197
-0.00801648
0.01032956
0.06309455
-0.07301749
-0.03270766
-0.00842725
0.00265521
-0.06638470
0.04632775
-0.02750678
-0.17970239
0.00039162
0.02187026
-0.09163428
-0.01719840
-0.02351182
0.00952497
-0.02885809
-0.00444915
0.08645136
0.03052715
0.02680054
0.02543106
0.03927803
0.03646059
-0.10797841
0.01644648
-0.11623888
-0.00486417
-0.03739964
0.00580905
-0.03554176
-0.03838158
-0.00228386
0.02868646
0.00766831
-0.07169641
-0.06583077
0.02441004
-0.00024920
-0.00621623
-0.02357464
-0.00246163
-0.03033988
-0.04395868
-0.01420031
0.02846780
-0.08399637
-0.00313363
0.05972763
0.06945262
-0.03144534
0.01396991
0.05586449
-0.03034174
0.02764823
0.00085667
-0.00595213
-0.01097339
-0.04210269
-0.05828346
-0.04050161
0.00744693
-0.00102339
0.05850804
0.09355648
-0.02543458
-0.00569267
-0.00373648
-0.00418993
-0.00343102
0.00404806
0.00503353
-0.02523750
-0.02829523
-0.04317539
-0.00544673
-0.00016062
0.02449514
-0.00549153
-0.00411156
-0.01304673
-0.02152754
-0.02043471
0.00926529
-0.05756665
0.03167756
-0.03332657
-0.05309406
-0.06185892
-0.02418909
0.00539210
0.02758069
-0.02380189
-0.02037843
-0.01334217
-0.13910194
0.02073612
0.01946296
-0.08879621
-0.02567551
0.03448453
-0.00294828
0.04305895
0.01923421
0.00765473
-0.01366336
0.10570340
0.00222455
-0.00539065
-0.07669666
-0.04149450
-0.00823420
0.03312692
0.00900345
-0.00303766
0.02128325
-0.01979694
-0.15672025
-0.05528522
-0.07579105
-0.05126820
-0.01089113
-0.01787997
-0.01791815
0.05008809
-0.00295574
0.02920314
0.01406157
-0.03672841
-0.00125489
0.03124774
0.04105035
-0.00617211
0.02284045
-0.06213295
0.04575033
0.03122142
-0.02545143
-0.04391279
-0.04456183
0.08949031
0.09128008
-0.01086169
0.03629949
-0.01485328
0.01056702
-0.03444634
-0.01828705
-0.06055255
-0.01989329
0.01213704
0.01125519
0.01921704
-0.05018564
0.00541351
0.09893943
-0.05169013
-0.00206939
-0.02835339
-0.02888262
-0.03011098
0.00753632
0.02304517
0.00010623
-0.01054731
-0.04979887
0.01162476
0.01920108
-0.09163957
-0.07281102
-0.01135050
0.02398450
0.05825097
0.02184009
-0.01371365
0.03364532
0.01769995
-0.01487246
0.04655365
-0.03396557
0.04513341
-0.01340008
-0.02393727
-0.07697239
-0.03960382
0.02722256
-0.05907319
0.00766273
-0.01864163
0.04978538
-0.00775737
0.05311890
-0.03362140
0.03965462
-0.03613256
0.05323627
-0.02162701
0.05990244
-0.06771124
0.01492750
-0.06314801
0.02246375
0.03483779
-0.03855620
0.02219188
0.02301067
-0.00536396
-0.05360613
0.00493297
0.01279143
0.04495465
0.04036851
-0.00816919
0.06520242
0.02702242
0.00432995
-0.08924518
-0.02022357
-0.01822566
-0.14853387
0.04117120
-0.05196511
-0.02395685
-0.05516993
0.00431995
-0.07334650
-0.02073248
-0.04363288
-0.01291796
-0.05062725
0.00885765
-0.04432782
-0.02977193
0.04171417
0.03587614
0.01117583
0.09426741
0.03690678
-0.07024653
-0.00181538
0.04625313
0.03888957
0.09713153
-0.03191631
0.01973931
-0.08293265
-0.00571807
-0.02915144
-0.05680477
0.04163064
-0.14728802
-0.01883481
-0.01941325
-0.03031504
0.09208855
0.05461913
-0.01100072
-0.06455456
-0.01131209
0.00068767
-0.00806062
-0.05291329
-0.05172508
0.17237364
0.02607492
-0.05300245
-0.02726855
-0.01314187
0.02000171
-0.01931848
-0.03302414
-0.05068379
-0.04489378
-0.04267314
-0.00153580
0.00904999
-0.05597668
0.01114234
-0.05476497
-0.00607941
-0.06653886
0.03366250
0.05244543
-0.00964234
0.06020410
-0.00924372
0.01059097
0.02390773
0.00921909
0.00508171
0.00490031
0.03400555
-0.00726853
-0.01791741
-0.06669480
0.00982803
0.00957107
0.02332299
0.00383689
0.00049925
0.02248737
-0.03980206
-0.00601547
0.00858955
0.13311422
0.01273208
0.01285147
-0.05121368
-0.02154721
0.00017733
-0.00673353
0.01123111
0.00588979
