0.00989612
-0.02770191
0.00678198
-0.01101807
-0.01175876
0.01294793
-0.00032585
0.03455590
0.00441662
0.00338870
0.01525542
-0.00809139
0.00419150
-0.02420392
-0.04019151
-0.00698173
-0.00433209
0.00172275
-0.10247761
0.00281930
0.01769177
0.05282828
-0.03825766
-0.00632057
-0.01247432
-0.00140589
0.03212941
-0.00688080
-0.01787614
0.01563629
-0.18933585
0.02357802
0.03483109
-0.00552522
-0.01457368
0.07023779
0.02320361
0.01334962
-0.01536593
-0.08632723
-0.02111337
0.00244683
0.06949408
-0.01508744
0.00637070
-0.00989842
-0.00633871
0.01721958
0.00702274
0.01682421
0.03856355
-0.03104632
-0.05656937
-0.01775430
0.02500373
-0.01640438
-0.01080584
0.00470254
0.42848063
-0.02662501
0.00652732
0.01194857
0.00346666
-0.04513309
-0.01975695
0.04209423
-0.02018137
0.01075609
-0.05489401
0.00850264
0.00665941
-0.00796860
-0.04604822
0.01817242
0.00461195
0.00011673
-0.02958315
0.04118790
-0.00748905
-0.12306983
-0.02135612
0.00454520
0.00052999
-0.06068961
0.07111129
0.00715986
-0.00313007
-0.01927879
0.00940274
-0.03817280
0.00638618
-0.00413620
-0.02198994
0.01857490
-0.02165476
-0.00138942
0.00087903
-0.00250457
-0.04443330
0.01274534
0.00222001
0.04191598
-0.03296249
0.01878722
0.00241182
0.01567863
-0.02134042
0.00807749
0.01368902
0.00821805
0.01481070
0.01970732
-0.00321239
0.00915559
0.00302417
-0.00051934
0.02317293
-0.02672489
0.01416485
-0.01226435
0.01295783
0.00690935
0.01389028
-0.00752218
0.02571221
0.02695350
-0.02010604
0.01448569
-0.00260276
0.12059028
0.01751146
0.03159222
-0.00861570
0.02236833
0.07026241
-0.01249008
-0.06432564
-0.00187802
-0.09011956
-0.00017462
-0.05636524
0.02427984
-0.02684301
0.01753803
-0.01056894
-0.13425562
-0.01313708
-0.02258715
-0.02626658
0.01350716
0.00902425
0.00818407
-0.03501896
-0.01945078
0.01051930
0.00895302
-0.01811938
-0.01564584
-0.01228511
0.04310413
-0.04102921
0.02361364
-0.01528553
0.01227975
-0.01619218
0.02259145
0.00643713
-0.02102602
0.01070582
0.03792433
0.00262132
-0.00827795
0.01507279
-0.01052386
0.02198110
-0.00287632
0.02347527
0.00663588
-0.08304275
0.01541257
0.01721841
-0.01460971
0.01554564
0.01537510
0.02334190
-0.19329561
0.00666951
-0.00675271
-0.00522254
0.08309910
0.07107101
0.00378713
-0.03303475
0.01633609
-0.02511662
-0.02005444
0.07327095
0.00200206
-0.12920275
-0.03287502
0.02023285
-0.01314364
0.11743768
-0.01697362
-0.00876655
-0.01233661
-0.01562058
0.00183458
-0.00293262
0.02350200
-0.05385520
-0.01131150
0.02371773
0.01358238
0.03813574
0.02271173
-0.00802425
0.04988403
-0.02563102
0.01397545
-0.05770317
-0.68322939
0.01997498
0.01538598
0.01324270
-0.01102798
-0.00406096
-0.03077311
0.03388251
0.02234379
-0.04808824
-0.04011939
0.05388565
0.01212164
-0.00372889
-0.02370343
0.00147079
-0.01830950
0.01220698
-0.00526750
0.03977300
0.00049188
0.10644295
-0.03085408
0.00193835
-0.00752793
0.01463342
0.03284771
0.01923975
-0.01825681
-0.00473308
0.00820543
-0.00119017
0.02077033
0.01730716
-0.01816134
-0.17889339
0.06861368
-0.07943744
0.07356254
-0.08156887
0.05312810
-0.04751793
0.03426869
-0.04041879
0.02255489
0.01310956
0.17286114
0.12495901
0.02395969
0.02755743
-0.00627379
-0.10375013
-0.09019735
-0.06095267
-0.06099099
0.04280205
0.06943952
-0.20307747
-0.10793569
0.05380192
0.05875978
-0.06959451
-0.09851048
-0.11309621
0.07863151
-0.00457120
-0.05690228
0.07666956
0.03364581
0.11324853
0.09505562
-0.02337269
0.02834898
-0.04697514
0.07011519
0.01577719
0.18337078
-0.01674730
0.00632428
-0.07038402
-0.08304612
0.78630006
-0.09982297
0.05699291
0.02430543
0.01511250
0.01054556
-0.01515653
0.06981715
0.02376654
-0.10091440
-0.09041584
0.06856798
-0.01436428
0.07660469
0.03795924
0.07750824
0.01047283
0.04804219
0.01752432
0.01374310
-0.05719712
-0.01646721
-0.03949887
-0.05360077
-0.07019661
0.03447860
-0.01941047
0.02135056
0.05184269
-0.02463440
0.00197923
0.04576946
-0.02717705
0.00341433
0.03319798
0.04630759
0.01256377
-0.00132805
0.02970513
0.01545708
0.02810280
0.01810125
-0.05512128
-0.08154185
-0.03189863
0.02394667
-0.03873741
0.06760073
0.01564345
-0.04821354
-0.05013542
-0.02540865
0.00058363
-0.07932162
0.03149440
-0.04806619
0.06923048
0.01296508
0.03492327
-0.00015100
-0.01044468
-0.02603828
-0.04061024
0.00319219
-0.02686954
0.02831961
-0.00876908
0.05399102
0.00926153
-0.04142735
0.00485058
0.08315435
-0.05584232
0.02794057
0.07923596
0.01112568
0.03902214
0.00777284
0.06022486
-0.03115586
0.05471906
-0.05599096
-0.01572421
-0.00105926
0.06867465
0.04127205
-0.01220191
0.00567403
-0.07216661
0.01807712
0.00194040
0.02517954
0.05631628
-0.01801386
0.07321293
-0.00464275
-0.06377953
0.04071567
0.00186896
0.06256025
0.10845823
0.00693283
-0.00323355
-0.11237998
-0.03056862
0.04975720
0.00586244
0.01116490
-0.00353589
0.03900611
-0.04447369
-0.01000517
0.00507607
-0.00709854
0.06644472
-0.00916959
-0.07671823
0.07834005
0.02640930
0.00649624
-0.07497558
0.00822960
-0.03008993
-0.00829505
-0.00580228
-0.11505606
-0.06376256
0.02443128
0.02560504
-0.04454615
0.03500739
0.00184539
0.00133535
0.02378568
0.03792741
0.11493033
0.02565212
-0.04196957
-0.04882934
-0.05101365
0.00216855
0.04485573
0.05637017
0.07681577
-0.01376212
-0.11412419
0.00888379
0.00837911
0.07081196
0.05466761
-0.05451574
0.03560381
-0.02559959
0.02132523
0.04657790
-0.00019984
0.08529484
-0.05416375
-0.03692972
-0.07379993
0.03487387
0.02060894
-0.00605575
-0.01522655
-0.01022367
0.00072642
-0.02647705
-0.02553330
0.07472125
0.06021400
0.01440121
-0.01888947
-0.02620213
0.04216565
-0.04480802
0.09731622
-0.01163866
0.05001310
-0.04610275
-0.04999112
0.02505610
-0.07943487
0.04007590
-0.02560911
0.02765762
-0.01435554
-0.04406290
0.04325295
-0.01245633
-0.05721720
0.00967737
-0.00208217
-0.01967157
-0.02660497
-0.01126780
-0.02286277
0.06845173
-0.02683465
0.01578850
0.00947980
0.02136133
-0.01328542
0.02396824
0.01807575
-0.00074607
-0.00816315
-0.03721639
-0.02703628
0.02531451
0.05467248
0.03789709
0.05031437
0.03654772
-0.01571546
0.04010283
0.01286975
0.00208173
0.03399687
0.05097380
-0.09771289
0.01034843
-0.05103087
0.00315948
-0.09743682
0.07500207
-0.04784977
-0.12566485
-0.00058594
0.01364681
-0.14547928
0.00395743
-0.07594058
0.12914786
0.04477770
-0.00374901
0.04858648
0.01498965
0.02019378
0.04239064
0.04595137
0.01728527
-0.05190748
0.02996869
-0.10236371
-0.01720591
0.03890751
-0.00424566
-0.05847446
-0.02736328
0.01714336
0.01975314
0.05642604
-0.03156004
-0.02323882
-0.00362905
0.00288786
0.05926436
0.00450718
0.01059483
0.03618731
-0.05549687
-0.03337290
0.02095107
-0.05407474
-0.00224761
0.05074661
0.00935857
-0.05659909
0.01538460
0.04782594
0.00590190
0.00260091
-0.00129914
-0.02265099
-0.02566300
-0.06754436
-0.06466145
-0.07800335
-0.06070828
-0.01740176
0.03778973
0.09911434
-0.02927648
0.06037610
-0.00450669
0.03802002
-0.03266672
0.03613711
-0.04429474
-0.00424550
-0.00560093
-0.06379536
0.01479234
-0.01059817
0.01339352
-0.02066166
-0.01334281
-0.02531148
-0.01612504
-0.02977040
-0.00752159
-0.07081091
0.02994268
0.03793871
-0.11247951
-0.00389310
-0.01626539
0.04423224
0.00832892
0.00495972
-0.00319950
0.01920727
-0.01600458
0.00074118
0.02914086
-0.00498081
-0.02807042
0.06804289
0.01119225
0.01273488
0.00498886
-0.00490514
0.01606333
0.05053868
0.03402624
0.02336896
-0.05459234
-0.03411626
-0.00752684
0.05779754
0.02374063
0.03182904
-0.05022655
-0.01684674
-0.10807684
-0.03323890
-0.14866850
-0.05274154
-0.05364451
-0.03060684
-0.00104073
0.02980503
0.02594253
-0.02125738
0.03111299
-0.02752964
0.06180598
0.06909069
-0.00480147
0.01702210
0.03752882
-0.03439443
0.03544841
0.12434581
0.05400161
-0.05060202
0.00907433
0.06224560
0.11484860
-0.00769605
0.04133688
-0.00732308
-0.04331829
-0.05082838
0.00304671
-0.03388015
-0.05134750
0.03869976
0.02577415
-0.04065946
-0.04214870
0.01461704
0.05364962
-0.05457149
-0.04017411
0.00275821
-0.03219770
0.04824532
0.00361182
0.09008442
0.04194711
0.04970736
-0.03640161
0.01695503
0.03852450
-0.06386424
-0.01101205
-0.00999486
-0.02109883
0.04348936
0.01252416
0.01748239
0.03019155
-0.02814977
-0.00894441
-0.01006902
-0.06037666
0.04815172
-0.00977513
-0.10786811
-0.06232849
-0.01852888
0.03390579
-0.07446644
0.00198089
0.01206741
0.01417185
-0.00743047
0.07128336
0.02643274
-0.01011377
-0.05799517
0.05782413
-0.02155448
0.02901281
-0.08732025
0.02822544
-0.07288387
0.00410985
0.04188376
-0.00417171
-0.01721664
0.00022203
0.03252405
-0.00290906
-0.10295290
0.01328462
0.02937414
0.00969029
-0.02466089
0.08653785
-0.02879348
-0.03975937
-0.02236571
0.00212519
-0.03996138
-0.11074564
0.00943295
-0.02847936
-0.02989340
-0.05221343
-0.06203074
-0.07561286
0.00773522
-0.03406829
-0.03224810
-0.05327400
0.02305265
-0.05375395
-0.09707185
0.03388299
-0.04272044
0.02856866
0.00592353
0.01305084
-0.00197508
-0.00236767
0.05738803
0.03927430
0.04956852
-0.00863563
0.01540533
-0.04113022
0.01739175
0.01323808
-0.03194159
-0.00207270
-0.07646937
0.00535795
0.00648382
-0.03084817
0.11247672
0.06935514
0.01773894
0.00450184
-0.00625283
-0.05953555
0.02037247
-0.06755376
-0.01422722
0.09612594
-0.01232404
-0.05899636
0.00553038
-0.00247943
0.03546480
-0.00726912
0.02513065
-0.08533286
-0.00967085
-0.03536243
-0.03556196
0.01295029
-0.07288524
0.02454259
-0.05817284
-0.01997971
-0.01119459
-0.00626011
0.01373986
-0.00482287
-0.00120966
-0.02180729
-0.01837904
0.06984704
0.01232548
0.03028486
0.01224214
0.01036832
0.06572483
-0.02951233
-0.02907139
0.00274005
0.01216684
0.00767356
0.03085672
-0.00486775
-0.00444860
-0.00296961
-0.04379333
0.01935722
0.05740829
0.01902139
0.05301207
-0.02169602
-0.01670611
0.01660223
-0.04996717
-0.06289314
-0.01603609
