0.0077310623601079
0.0447707511484623
-0.0683711469173431
-0.0105869006365538
0.0075671407394111
0.0980906412005424
0.0671710073947906
-0.1533451080322266
-0.0598422214388847
-0.0132152801379561
-0.0362956747412682
-0.0512436479330063
-0.0661321431398392
-0.0241535194218159
0.0092124287039042
0.0372016131877899
-0.0267377402633429
0.0389632731676102
0.0263678822666407
0.0290856715291739
0.0046318732202053
-0.0736603289842606
0.0314984917640686
0.0004505395481829
-0.0408445112407207
0.0920986533164978
0.0995979979634285
-0.0294152926653624
-0.0703782290220261
0.1035356447100639
-0.0702307149767876
-0.0581663325428963
-0.0130991246551275
-0.0573939979076385
-0.0745410472154617
-0.0443058758974075
0.0105076460167766
-0.0235877018421888
-0.0355481766164303
-0.0347351133823395
0.0621584504842758
0.1402974575757980
-0.0106957564130425
0.0468311458826065
-0.0446531213819981
-0.0921573042869568
-0.0561416782438755
0.0526471734046936
0.0305366497486830
-0.0903168246150017
0.0044029518030584
0.0702004209160805
0.1345149278640747
-0.0674088001251221
0.0236317142844200
0.0978395640850067
-0.0175538100302219
0.0337309837341309
0.1708911359310150
0.1153456717729568
0.0670057535171509
0.0595633424818516
-0.0902007073163986
0.0015848737675697
0.0247803516685963
-0.0909636020660400
0.0500582866370678
0.0901488289237022
0.0139041580259800
-0.0357037000358105
0.0552581474184990
-0.0392410494387150
0.0320815965533257
-0.0448340773582458
0.1332578808069229
0.0814350470900536
-0.0410780869424343
-0.0398233532905579
0.0584207437932491
0.0113789662718773
-0.1018917113542557
0.0150268618017435
-0.0598334036767483
0.0347922109067440
0.0023037570063025
-0.0824116840958595
-0.0087496908381581
0.1251774877309799
-0.0135797383263707
-0.0003035243717022
0.0208136383444071
-0.0712696388363838
0.0338539332151413
-0.0171310678124428
0.0007069568964653
0.0146025363355875
0.0546680241823196
0.0802578181028366
-0.0268170535564423
0.0620902553200722
-0.0061769750900567
0.0672179907560349
0.0795744284987450
-0.0472848899662495
-0.1049415171146393
0.0379989221692085
-0.1037698164582253
-0.0266740228980780
-0.0068228505551815
0.0327881015837193
0.0199026633054018
0.0131144495680928
-0.0575015582144260
0.0054367161355913
-0.1069190055131912
-0.0170832630246878
-0.1119545921683311
0.0449064411222935
-0.0022562467493117
0.0144278034567833
0.0110033759847283
0.0643779709935188
-0.0073223384097219
0.0589774213731289
-0.1005432158708572
-0.0465224422514439
0.0084521584212780
0.0563376620411873
0.0943170934915543
0.0136129427701235
0.1025200858712196
0.0477719642221928
0.1475264281034470
-0.1163827180862427
-0.0127192242071033
-0.0133901992812753
-0.0484121739864349
0.0382553003728390
-0.0540840290486813
-0.0196817442774773
-0.0880015194416046
-0.0774210095405579
-0.0470893979072571
-0.0732875242829323
0.0543239451944828
-0.0290931873023510
-0.0058381105773151
-0.0055459942668676
-0.0399773903191090
-0.0456421077251434
0.0419150777161121
0.0311009418219328
0.0356752686202526
0.0283077303320169
0.1175651252269745
-0.0202332958579063
-0.0458246506750584
0.1012375801801682
-0.0676761195063591
-0.0512670800089836
-0.0850965157151222
0.0953314006328583
-0.0420321375131607
0.0733730643987656
0.0287166703492403
-0.0820934846997261
0.0004079599457327
-0.0249869450926781
-0.0108461910858750
-0.0187545567750931
0.0078678335994482
-0.0854134410619736
-0.0402068346738815
0.1205775067210197
0.0331692993640900
0.0345646142959595
-0.1530013382434845
-0.1042353436350822
-0.0972971245646477
-0.0289778802543879
-0.0260037314146757
0.0186723396182060
-0.0243500601500273
-0.0056576663628221
0.0362724103033543
0.0433054231107235
0.0494724921882153
-0.1264288723468781
0.0982123315334320
-0.0187547858804464
0.0223414599895477
-0.0906275510787964
0.0960313156247139
0.0508749745786190
-0.0329997949302197
0.0434583537280560
-0.0104423426091671
0.0089698508381844
0.0064272028394043
0.1065825596451759
0.0008009885204956
-0.0171282868832350
-0.0209474209696054
0.0698400437831879
-0.0757262483239174
-0.1288025081157684
-0.0926385223865509
-0.0820334479212761
-0.1016301736235619
-0.0320640765130520
-0.0165989156812429
-0.0228621829301119
-0.0541228652000427
-0.0367652177810669
0.1070498451590538
0.0834618955850601
-0.0016491005662829
0.0784288123250008
0.0370976291596889
-0.0632817968726158
0.0441983975470066
-0.0033094403333962
0.1538885533809662
0.0323041677474976
0.0539970435202122
-0.0236608013510704
-0.0539701730012894
-0.0814037024974823
0.0831716582179070
0.0333138816058636
0.0451352819800377
-0.0199237279593945
-0.0087392637506127
-0.0282902270555496
-0.0101793128997087
0.0111499354243279
0.0358643941581249
0.0370338894426823
-0.0214445106685162
0.0031114532612264
0.0065933954901993
0.0371586866676807
0.0096160490065813
-0.0259463284164667
-0.0543711222708225
0.1431942731142044
-0.0898895636200905
0.0198164451867342
0.0124578867107630
0.0930528566241264
0.0028292413335294
0.1161060258746147
0.0094943717122078
-0.0798350945115089
0.0194034576416016
0.0393690690398216
-0.1007434874773026
-0.0596017651259899
-0.1145307049155235
-0.0532478913664818
-0.0288502611219883
-0.0184945072978735
-0.0774710699915886
0.0369864329695702
0.0361771211028099
0.1622096151113510
-0.0683194771409035
0.0976588502526283
0.0002925586013589
0.1743601113557816
0.0054593514651060
-0.0730521008372307
-0.3531635403633118
-0.0137236556038260
-0.0217785965651274
-0.2526842951774597
-0.0490779355168343
-0.0605906881392002
0.1107549965381622
0.0997454822063446
0.0661548078060150
-0.0753314346075058
-0.2109061926603317
-0.1228922680020332
0.0607126578688622
-0.0890249535441399
-0.2037223577499390
-0.0553121343255043
-0.0317816287279129
-0.1314997971057892
-0.1857659965753555
-0.1304515302181244
0.0533766970038414
0.0734113678336143
-0.0027649663388729
-0.1575635373592377
-0.0681205317378044
-0.1102538853883743
0.0870830863714218
-0.0716267973184586
-0.0613818392157555
0.1073965579271317
0.2279564738273621
-0.2360044568777084
-0.0098182763904333
0.0374410413205624
-0.0314473286271095
-0.0300681628286839
0.0398767478764057
-0.1614090055227280
0.0176466628909111
-0.1871091872453690
0.1225003302097321
0.1268865913152695
-0.1910883188247681
0.1950682103633881
-0.1058680936694145
0.2885494828224182
-0.0929624214768410
-0.1017466410994530
-0.0718198120594025
0.0026434201281518
-0.0433217883110046
0.0175725426524878
0.0466844104230404
0.0285000968724489
-0.0521758720278740
-0.0485204495489597
-0.0281531140208244
0.0045229094102979
-0.0065535940229893
0.0349319353699684
0.0215472429990768
0.0018215454183519
0.0415333360433578
-0.0647837296128273
-0.0167100727558136
0.0000492294711876
0.0148399407044053
-0.0129287149757147
-0.0080027217045426
0.0050372951664031
0.0517438463866711
0.0648394748568535
-0.0257597751915455
0.0085976747795939
-0.0206971857696772
0.0171321127563715
0.0613205246627331
0.0116563700139523
-0.0391541384160519
0.0060916189104319
-0.0680047869682312
-0.0038152083288878
-0.0244908332824707
-0.0344398915767670
0.0267108138650656
0.0607827007770538
0.0145782772451639
0.0770105719566345
-0.0771511197090149
-0.0635872781276703
-0.0535484366118908
0.0349821150302887
0.0941469520330429
-0.0406150855123997
-0.0253275632858276
0.0250403638929129
-0.0693706944584846
0.0273621343076229
0.0178303979337215
-0.0045267059467733
-0.0123271560296416
-0.0140489703044295
-0.1006073430180550
0.0209116563200951
-0.0680512115359306
0.0393557026982307
-0.0408997274935246
-0.0183036495000124
-0.0319015942513943
-0.0173003990203142
0.0600374713540077
-0.0020328056998551
0.0291723981499672
-0.0321207083761692
-0.0031282112468034
-0.0548804737627506
-0.0400282666087151
-0.0015933640534058
0.0706868618726730
0.0835419446229935
-0.0151215391233563
-0.0394444577395916
0.0075011104345322
0.0394547767937183
0.0342673696577549
-0.0522647127509117
-0.0360005199909210
0.0156062385067344
-0.0359995216131210
-0.0682395324110985
0.0016852332046255
-0.0104033816605806
0.0852156579494476
-0.0377816930413246
0.0570855848491192
0.0384776666760445
0.0410101637244225
0.0113996481522918
-0.0365182273089886
-0.0129483267664909
-0.0144637525081635
0.1133377552032471
-0.0266335718333721
0.0094692939892411
0.0179249551147223
-0.0567739307880402
0.0484642945230007
-0.0622373893857002
-0.0623683929443359
-0.0084852818399668
-0.0772643014788628
-0.0240842271596193
0.0041478564962745
0.0211641602218151
0.0342748463153839
-0.0180969163775444
-0.0328894630074501
0.0301018469035625
0.0340736210346222
0.0476477332413197
0.0116093894466758
0.0216626282781363
-0.0506966039538383
-0.0191984288394451
0.0916828885674477
-0.0523906089365482
-0.0077667376026511
-0.0016621804097667
-0.0235251132398844
-0.0591478683054447
-0.0778209716081619
0.0207026787102222
-0.0566889084875584
-0.0250526033341885
-0.0230456106364727
0.0706110149621964
-0.0402278788387775
-0.0539690591394901
-0.0852124616503716
0.0489441268146038
0.0177171006798744
-0.0134868966415524
-0.0291642751544714
-0.0583829544484615
0.0243396442383528
0.0331362411379814
-0.0291211884468794
-0.0578835271298885
-0.0000461991585325
0.0296485032886267
0.0116181354969740
-0.0354453325271606
-0.0195584017783403
0.0527134127914906
-0.0803541764616966
-0.0831463485956192
-0.0393536426126957
0.0891213268041611
0.0026035557966679
0.0416027940809727
0.1022442728281021
-0.0578900501132011
-0.0933254957199097
0.0025597508065403
-0.0162623897194862
-0.0116456057876348
-0.0356045886874199
0.0492698997259140
0.0140410438179970
0.0131582701578736
0.0790484100580215
-0.0110524836927652
-0.0078252945095301
-0.0186305064707994
-0.0496763139963150
0.0234145820140839
0.0032061522360891
0.0356602743268013
0.0715400129556656
0.0224481150507927
-0.0001695025275694
0.0186340529471636
0.0576229244470596
0.0436349920928478
-0.0260096881538630
-0.0448683910071850
-0.0760885775089264
-0.0203551612794399
-0.0712027102708817
0.0606626719236374
-0.0056493501178920
-0.0366393141448498
0.0185801070183516
0.0664661601185799
0.0300240553915501
-0.0321971103549004
0.0560773015022278
-0.0147906495258212
0.0594715848565102
-0.0699323639273643
0.0470449551939964
-0.0248496104031801
0.0908071920275688
-0.0357601456344128
-0.0497762113809586
-0.0371427685022354
0.0554652698338032
0.0414827577769756
0.0604494065046310
0.0026188371703029
0.0293197128921747
-0.0680522173643112
0.0597225204110146
0.0529784485697746
-0.0174153633415699
-0.0295785386115313
0.0292273424565792
0.0285122767090797
-0.0229357630014420
-0.0261779800057411
-0.0115229701623321
-0.0005486196023412
0.0467183068394661
-0.0032013549935073
0.0465782023966312
0.0477338172495365
0.0344762504100800
-0.0499447323381901
0.0113468589261174
-0.0145965944975615
0.0582207664847374
0.0274544209241867
-0.0046464349143207
0.0513476543128490
0.0094467857852578
-0.1000508815050125
-0.0107729034498334
0.0689257979393005
0.0209277905523777
-0.0301478039473295
0.0055633150041103
-0.0828175395727158
-0.0331932604312897
0.0000404082020395
-0.0536823086440563
-0.0505382083356380
-0.0050288788042963
0.0238071810454130
-0.0217489581555128
0.0176870338618755
-0.0381707325577736
0.0559959262609482
0.0525800026953220
0.0352029837667942
0.1030396521091461
0.0715687498450279
0.0119342412799597
-0.0045347684063017
-0.0410697571933270
0.0349848680198193
0.0921411812305450
0.0070856004022062
-0.0225742459297180
-0.0178773626685143
-0.0654625296592712
-0.0031401647720486
0.0414302945137024
0.0065750791691244
0.0801316872239113
0.0583163797855377
0.0169049520045519
0.0421446859836578
0.0546633303165436
-0.0260577723383904
-0.0651154443621635
0.0445980466902256
0.0350763127207756
-0.0036884888540953
0.0187413152307272
-0.0188289079815149
0.0297072809189558
0.0400449372828007
-0.0634938552975655
0.0267776027321815
0.0432662926614285
0.0362174026668072
0.0028670134488493
-0.0233515463769436
0.0079685198143125
-0.0815014690160751
-0.0121357813477516
-0.0675591230392456
0.0460909232497215
-0.0307365078479052
0.0231800936162472
0.0877143144607544
-0.0587568618357182
0.0112339397892356
-0.0388708487153053
-0.0416930392384529
0.0373602621257305
-0.0306272674351931
-0.0045940633863211
0.0365546718239784
0.0696195513010025
0.0418532639741898
0.0309140421450138
-0.0212260447442532
0.0288351513445377
-0.0368079468607903
-0.0544304065406322
0.0540259331464767
0.0548128224909306
-0.0341622456908226
0.0926075950264931
0.0764916464686394
0.0016342062735930
-0.0199012029916048
0.0310031585395336
-0.0744965150952339
0.0232205446809530
0.0051938728429377
0.0482445657253265
-0.0592874772846699
0.0367243401706219
0.0301824510097504
-0.0215111505240202
-0.0266024824231863
-0.0648275688290596
-0.0023293078411371
0.0186694506555796
-0.0112589122727513
-0.0844193249940872
-0.0240627210587263
0.0108061013743281
0.0715897381305695
-0.0007294325041585
-0.0578363798558712
-0.0786530524492264
0.0217356253415346
0.0413456745445728
-0.0221334900707006
-0.0018865686142817
0.0155340554192662
-0.0006761371041648
-0.0067665716633201
-0.0168889630585909
0.0518714636564255
0.1109255403280258
-0.0427416712045670
0.0180464796721935
0.0104887764900923
0.0222863014787436
0.0490738563239574
-0.0351842679083347
0.0331229567527771
-0.0642199590802193
-0.0210382416844368
0.0314052142202854
-0.0692411735653877
-0.0323461741209030
0.0374572314321995
0.0368268638849258
0.0012298029614612
0.0275525227189064
0.0211392417550087
0.0366549938917160
-0.0139639172703028
0.0066028493456542
-0.0226623583585024
0.0519741736352444
0.0433664433658123
-0.0628030523657799
0.0083475802093744
0.0195193029940128
0.0365028455853462
-0.0209442339837551
0.0117941051721573
0.0536622777581215
-0.0049561015330255
0.0058485884219408
-0.0039170444943011
-0.0354965142905712
-0.0206121355295181
-0.0643277391791344
-0.0120164062827826
0.0289084780961275
-0.0087249940261245
-0.1305187195539474
-0.0714736878871918
-0.0766546055674553
-0.0984099507331848
-0.0145947886630893
0.0257858801633120
0.0074468255043030
0.0414130799472332
-0.0201668776571751
0.0470618642866611
-0.0121108936145902
0.0019484492950141
0.0119158932939172
0.0800452828407288
-0.0154822496697307
0.0570685975253582
0.0061980546452105
0.0768665820360184
-0.0466333590447903
-0.0182730667293072
-0.0468683466315269
0.0471099987626076
-0.0397647954523563
-0.0418216288089752
-0.0319002754986286
0.0003625131212175
0.0099970661103725
-0.0455449707806110
0.0367117673158646
-0.0449029877781868
0.1043578386306763
0.0312260277569294
0.0038631483912468
-0.0061673079617321
-0.0275088865309954
-0.0228687245398760
-0.0221354216337204
0.0238112937659025
0.0224171280860901
-0.0343413054943085
0.0549846664071083
0.0368371419608593
-0.0261680614203215
-0.0248261205852032
0.0750827491283417
-0.0006689711590298
-0.0100461766123772
-0.0214263554662466
-0.0052619469352067
0.0844129398465157
-0.0078565618023276
-0.0400178655982018
-0.0356407947838306
-0.0724543258547783
-0.0649234876036644
-0.0645794346928596
-0.0356179475784302
-0.0429459847509861
-0.0653643235564232
0.0492362529039383
0.0529947802424431
0.0286659039556980
0.0372656993567944
0.0082351164892316
-0.0062193614430726
-0.0324047580361366
0.0974290445446968
-0.0324487835168839
-0.0305920001119375
-0.0831438526511192
-0.0156827308237553
-0.0727175548672676
-0.0265102274715900
-0.0081712445244193
-0.0153850894421339
0.0163080729544163
-0.0017942670965567
-0.1134148091077805
0.0350362136960030
-0.0086079230532050
-0.0097446851432323
0.0526308082044125
0.0335203409194946
-0.0657067075371742
0.0621345825493336
0.0150922797620296
-0.0111938621848822
0.0683976933360100
0.0301717706024647
0.0822382345795631
0.0425630658864975
0.0143986120820045
-0.0005381471710280
0.0750414058566093
0.0419806540012360
0.0127920163795352
0.0322678945958614
-0.0759353414177895
-0.0590118356049061
0.0151117863133550
0.0619319863617420
0.0296630281955004
-0.0109219178557396
-0.0422613546252251
-0.0331577397882938
0.0020490165334195
-0.0365449339151382
-0.0021565682254732
0.0276438258588314
0.0296354629099369
-0.0372801944613457
0.0049968804232776
0.0182618666440248
-0.0456820949912071
-0.0812984779477119
-0.0556889921426773
0.0314519666135311
0.1015366390347481
-0.0092975981533527
0.0624962709844112
-0.0579463951289654
-0.0128041272982955
-0.0404858104884624
0.0001170468822238
-0.0390601307153702
-0.0079801697283983
-0.0155498646199703
0.0562706738710403
-0.0021796021610498
0.0145830959081650
0.0116569679230452
0.0206334386020899
