4.951383173465728760e-02
1.391588803380727768e-02
-2.451823092997074127e-02
3.299966454505920410e-02
1.547769992612302303e-03
1.792779006063938141e-02
1.871069520711898804e-02
-1.005068887025117874e-02
-2.584466338157653809e-02
1.298967981711030006e-03
3.029062878340482712e-03
-1.789397932589054108e-02
1.256785262376070023e-02
4.934005904942750931e-03
-2.501194551587104797e-02
1.427054777741432190e-02
-2.089926786720752716e-02
1.678365655243396759e-02
1.608246713876724243e-01
4.109650105237960815e-02
-8.218714036047458649e-03
-3.857814474031329155e-03
4.203151445835828781e-03
4.621079936623573303e-02
2.775945141911506653e-02
-4.946263134479522705e-02
-2.097965776920318604e-02
-4.075583815574645996e-02
-2.893158048391342163e-02
2.496048063039779663e-02
1.378901302814483643e-01
2.011672593653202057e-02
9.650613181293010712e-03
1.592120714485645294e-02
5.297431722283363342e-03
-3.330931067466735840e-02
1.428905641660094261e-03
1.157602481544017792e-02
1.766518689692020416e-02
6.373971700668334961e-02
-2.407378284260630608e-03
2.521970123052597046e-02
-6.884586066007614136e-02
4.698800388723611832e-03
-2.751958929002285004e-02
-6.702980026602745056e-03
-2.724835416302084923e-03
-1.879179180832579732e-04
1.694687083363533020e-02
-2.232678793370723724e-02
2.258685790002346039e-02
-8.677402883768081665e-02
9.695862978696823120e-02
3.555526956915855408e-02
-1.548092113807797432e-03
1.552143041044473648e-02
-2.852090075612068176e-02
2.258493751287460327e-02
4.283629357814788818e-01
7.331547886133193970e-02
-1.017688773572444916e-02
2.419720776379108429e-02
-1.133679039776325226e-02
-3.998138476163148880e-03
1.036825217306613922e-02
4.526304081082344055e-02
-2.037818916141986847e-02
-1.647890545427799225e-02
-2.834257204085588455e-03
-2.107626572251319885e-02
2.556839026510715485e-02
1.512996386736631393e-02
-1.864779181778430939e-02
1.640879735350608826e-02
-4.211599007248878479e-02
2.544147148728370667e-02
1.532354019582271576e-02
-2.641527354717254639e-02
-7.256933022290468216e-03
1.015348136425018311e-01
-2.047993987798690796e-02
3.603198379278182983e-02
1.746048405766487122e-02
6.253029406070709229e-02
4.965716600418090820e-02
8.120540878735482693e-04
1.047749351710081100e-02
-7.255260832607746124e-03
2.321988344192504883e-02
-3.092809207737445831e-02
5.738263949751853943e-03
1.189958397299051285e-02
-3.778124228119850159e-02
-1.916305162012577057e-02
2.624615328386425972e-03
-7.853877730667591095e-03
1.752445846796035767e-02
-1.786458678543567657e-02
4.882621765136718750e-02
-3.572189481928944588e-03
7.897795177996158600e-03
4.022099077701568604e-02
3.862418234348297119e-03
-2.802552189677953720e-03
1.838460005819797516e-02
1.085534691810607910e-02
7.182788103818893433e-02
-1.807416230440139771e-02
2.053183130919933319e-02
1.252307207323610783e-03
-1.593449525535106659e-02
3.707832843065261841e-02
3.477700427174568176e-02
8.761122822761535645e-03
-1.781597360968589783e-02
3.343196213245391846e-02
-7.796261925250291824e-04
-6.589126773178577423e-03
5.229189526289701462e-03
-9.777516126632690430e-03
-8.279704488813877106e-03
-9.014380164444446564e-03
-1.258822344243526459e-02
-5.298574455082416534e-03
-3.758965432643890381e-02
7.127542980015277863e-03
-2.100768312811851501e-02
7.633168715983629227e-03
6.185811944305896759e-03
-2.634095726534724236e-03
2.411061897873878479e-03
2.749545819824561477e-05
-2.672848850488662720e-02
1.581671764142811298e-03
-3.517074882984161377e-02
-2.044137939810752869e-02
6.989067047834396362e-02
-2.085103839635848999e-02
-4.264707490801811218e-02
7.356120739132165909e-03
-5.786630883812904358e-02
8.847303688526153564e-03
6.414382252842187881e-03
-2.445044741034507751e-02
6.162742152810096741e-03
1.847819834947586060e-01
8.279224857687950134e-03
-2.776750829070806503e-03
-5.327272228896617889e-03
-1.407836005091667175e-02
2.274448797106742859e-02
7.770596072077751160e-03
1.147579960525035858e-02
4.650708287954330444e-02
-3.946969751268625259e-03
-1.580939628183841705e-02
-2.706512622535228729e-02
9.565185755491256714e-03
-5.136526376008987427e-02
-2.566236071288585663e-02
-2.546742185950279236e-02
-4.794510081410408020e-02
3.869676729664206505e-03
-1.717678643763065338e-02
-1.315206382423639297e-02
4.505839943885803223e-02
-4.178434237837791443e-02
-2.578922919929027557e-02
-1.187547668814659119e-02
-4.612080007791519165e-02
-3.271818626672029495e-03
-9.432460181415081024e-03
1.168945804238319397e-02
2.242278493940830231e-02
3.926371410489082336e-02
2.181001938879489899e-02
1.953449286520481110e-02
7.027895189821720123e-03
-5.082796514034271240e-02
1.886592595838010311e-03
2.966143935918807983e-02
-2.461609616875648499e-02
-2.624694956466555595e-03
7.089956663548946381e-03
2.235335484147071838e-02
1.263118684291839600e-01
-1.345613412559032440e-02
4.717866424471139908e-03
-2.064280211925506592e-03
-3.925452940165996552e-03
-4.969526454806327820e-02
1.043883524835109711e-02
1.330846175551414490e-02
-1.254998054355382919e-02
1.237777899950742722e-02
2.361436933279037476e-02
2.569193579256534576e-02
-1.069207210093736649e-02
7.318214327096939087e-02
-1.128031872212886810e-02
-3.055276162922382355e-02
2.145337685942649841e-02
3.618305549025535583e-02
2.235270803794264793e-03
-1.563415676355361938e-02
3.602199256420135498e-02
2.706967294216156006e-02
4.896989557892084122e-03
2.207815181463956833e-03
-6.750232726335525513e-02
2.428985759615898132e-02
-9.545420296490192413e-03
-6.010358687490224838e-03
-4.653583280742168427e-03
1.610721461474895477e-02
-1.638266816735267639e-02
1.498413085937500000e-02
2.244571223855018616e-02
2.517400123178958893e-02
2.786464244127273560e-02
-1.578780822455883026e-02
-7.309647202491760254e-01
6.040895823389291763e-03
4.768754355609416962e-03
3.155906219035387039e-03
-3.652704413980245590e-03
2.416373975574970245e-02
3.880564868450164795e-02
-1.098483614623546600e-02
5.275879055261611938e-03
-5.523129831999540329e-03
3.195203375071287155e-03
1.374359428882598877e-02
-1.532670389860868454e-02
-2.472000755369663239e-02
3.691254556179046631e-02
3.251944109797477722e-02
-1.773824915289878845e-02
-2.228074334561824799e-02
-2.572241052985191345e-02
2.513146772980690002e-02
-4.478115588426589966e-02
-5.766539648175239563e-02
1.721000671386718750e-02
-3.455162048339843750e-02
-2.717356896027922630e-03
-5.906539969146251678e-03
-2.122885175049304962e-02
7.030898123048245907e-04
3.191141411662101746e-02
2.328794682398438454e-03
-5.529912654310464859e-03
3.035046905279159546e-02
-2.607896924018859863e-03
-7.145758252590894699e-03
-2.125186473131179810e-02
5.964034795761108398e-02
-3.988792374730110168e-02
-6.092577055096626282e-02
2.646251022815704346e-02
2.536367624998092651e-02
3.633250668644905090e-02
-2.602621540427207947e-02
-8.368717879056930542e-02
2.702589146792888641e-02
1.447026990354061127e-02
6.886848062276840210e-02
9.157156944274902344e-02
5.736981332302093506e-02
-1.311285048723220825e-02
4.432236030697822571e-02
-6.641283165663480759e-03
8.856236003339290619e-03
6.115382537245750427e-02
-1.681884750723838806e-02
-4.664010554552078247e-02
-2.420333772897720337e-02
-2.063720859587192535e-02
-5.474713165313005447e-03
7.765533030033111572e-02
4.134856909513473511e-02
4.829965904355049133e-02
-1.574391685426235199e-02
-5.949212983250617981e-02
-8.840014040470123291e-02
1.922156778164207935e-03
1.194016188383102417e-01
6.799522787332534790e-03
-8.739270269870758057e-02
-3.039314225316047668e-02
1.065753251314163208e-01
-9.252286702394485474e-02
1.152562722563743591e-02
7.532349228858947754e-02
-2.500666864216327667e-02
1.331579592078924179e-02
-7.771237939596176147e-02
1.021615117788314819e-01
-1.009609177708625793e-02
-4.621499776840209961e-02
3.440139815211296082e-02
-2.598891407251358032e-02
9.024251103401184082e-01
-4.180537536740303040e-02
1.041546813212335110e-03
-8.514639735221862793e-02
-9.679382666945457458e-03
1.080451682209968567e-01
5.739589408040046692e-02
8.966767042875289917e-02
8.840428665280342102e-03
-7.158900797367095947e-02
5.730604752898216248e-03
3.251549229025840759e-02
-2.884502988308668137e-03
-2.180233970284461975e-02
1.001329440623521805e-02
-5.868625640869140625e-02
3.179708495736122131e-02
6.700854748487472534e-02
2.352771535515785217e-02
4.563368484377861023e-02
1.129089854657649994e-02
-9.088873630389571190e-04
8.950116112828254700e-03
1.603700593113899231e-02
-1.595240645110607147e-02
-1.811223104596138000e-02
-8.926506154239177704e-03
4.666087031364440918e-02
2.494899556040763855e-02
3.050526976585388184e-02
2.171669527888298035e-02
-3.962584584951400757e-02
1.705326326191425323e-02
2.803067443892359734e-03
6.179139763116836548e-02
2.732921764254570007e-02
-7.635629177093505859e-02
-2.152116969227790833e-02
1.907520811073482037e-03
1.751080155372619629e-02
-6.012585014104843140e-02
-4.533893242478370667e-02
3.927694261074066162e-02
-1.508309096097946167e-01
1.700420305132865906e-02
1.232346519827842712e-02
1.005739998072385788e-02
1.540725380182266235e-01
1.059025600552558899e-01
-1.192649528384208679e-01
-5.349087063223123550e-03
-4.805852472782135010e-02
-2.857385016977787018e-02
-3.201128914952278137e-02
-2.368901297450065613e-02
2.587956748902797699e-02
-1.438170298933982849e-02
5.081313848495483398e-02
9.456229209899902344e-02
-1.851792819797992706e-02
2.006638981401920319e-02
-3.485163673758506775e-02
-2.233792655169963837e-02
-2.727427706122398376e-02
1.213945914059877396e-02
-3.150596097111701965e-02
-1.095610950142145157e-02
2.468028850853443146e-02
-3.677608072757720947e-02
1.197345331311225891e-01
6.569955497980117798e-02
2.900733985006809235e-02
-3.623189777135848999e-02
3.127957880496978760e-02
3.074400499463081360e-02
-2.880592364817857742e-03
3.700577095150947571e-02
1.306622568517923355e-02
-2.000705339014530182e-02
2.977026812732219696e-02
4.681139066815376282e-02
-3.825682029128074646e-02
8.699864149093627930e-03
-3.925487399101257324e-02
2.062926068902015686e-03
1.342052221298217773e-02
-6.897336989641189575e-02
-1.570073701441287994e-02
3.734052926301956177e-02
3.678917884826660156e-02
-6.387836765497922897e-03
1.886115595698356628e-02
2.858717925846576691e-02
1.726627722382545471e-02
9.702435880899429321e-02
6.035944446921348572e-02
-5.540938675403594971e-02
2.913184463977813721e-02
-3.002391196787357330e-02
3.215133026242256165e-02
-1.301253139972686768e-01
1.729987561702728271e-02
2.077428391203284264e-03
-7.259469479322433472e-02
5.400294065475463867e-02
3.907280415296554565e-02
3.256155550479888916e-02
5.077282339334487915e-02
2.807839773595333099e-02
-9.207245893776416779e-03
-2.748308330774307251e-02
-2.775994502007961273e-02
-4.218790680170059204e-02
-1.889359019696712494e-02
9.134761057794094086e-03
-7.440924178808927536e-03
3.533085063099861145e-02
1.309265382587909698e-03
-2.905938960611820221e-02
6.276156753301620483e-03
1.587510108947753906e-01
6.265045609325170517e-03
3.642776235938072205e-02
-4.858658090233802795e-02
2.681131660938262939e-02
2.483212575316429138e-02
5.549582466483116150e-02
4.190987348556518555e-02
-1.283127721399068832e-02
4.997270181775093079e-02
-8.337370119988918304e-03
-3.310568258166313171e-02
1.644781976938247681e-02
7.200301624834537506e-03
1.397246215492486954e-02
2.328333817422389984e-02
3.893057629466056824e-02
1.259677764028310776e-02
-1.792145334184169769e-02
-2.234587818384170532e-02
-1.630666479468345642e-02
3.399410471320152283e-02
4.298144578933715820e-02
-2.251863293349742889e-02
-2.639888785779476166e-02
-5.523978034034371376e-04
4.079593345522880554e-02
-7.173143327236175537e-02
4.895633459091186523e-02
7.708670943975448608e-02
-3.672464191913604736e-02
2.781996317207813263e-02
6.182561628520488739e-03
-2.221562899649143219e-03
1.238503120839595795e-02
3.703988716006278992e-02
5.419712886214256287e-02
5.151058733463287354e-02
2.663714252412319183e-02
4.703828133642673492e-03
5.654402077198028564e-02
3.985402733087539673e-02
-4.839546512812376022e-03
-5.366042722016572952e-03
-1.800851337611675262e-02
-3.672474063932895660e-03
-3.771563619375228882e-02
-3.459021076560020447e-02
-1.402951311320066452e-02
1.405381411314010620e-02
-2.435458265244960785e-02
5.743383243680000305e-02
-2.045060507953166962e-02
-2.866219263523817062e-03
1.839674822986125946e-02
-3.638320416212081909e-02
2.274168655276298523e-02
-3.250521048903465271e-02
-4.099835455417633057e-02
-3.779328614473342896e-02
-7.823991030454635620e-02
3.774090728256851435e-04
3.110147640109062195e-02
-5.158827826380729675e-02
-1.323008909821510315e-02
3.546542674303054810e-02
-2.159918099641799927e-02
4.210558161139488220e-02
1.956646703183650970e-02
-4.314613714814186096e-02
-3.835538402199745178e-02
-1.245478354394435883e-02
9.538532793521881104e-02
1.949494704604148865e-02
-1.218115817755460739e-02
-1.496291370131075382e-03
3.161803632974624634e-02
2.194568887352943420e-02
-1.504509802907705307e-02
-3.461472317576408386e-02
-4.582275636494159698e-03
6.055092439055442810e-02
1.648099347949028015e-02
9.967788122594356537e-03
-4.924448439851403236e-04
2.104142494499683380e-02
5.567417945712804794e-03
-4.326504096388816833e-02
9.001536294817924500e-03
-1.710421405732631683e-02
5.857812985777854919e-02
8.299872279167175293e-03
2.158755995333194733e-02
-3.305413294583559036e-03
3.581122308969497681e-02
1.335405744612216949e-02
3.140453621745109558e-02
1.701453700661659241e-02
-4.554356634616851807e-02
-5.870052613317966461e-03
-5.831975024193525314e-03
1.204360183328390121e-02
-7.536689285188913345e-03
-1.644186116755008698e-02
6.706784665584564209e-02
-4.426040127873420715e-02
-1.540197134017944336e-01
-1.073190197348594666e-02
1.124642137438058853e-02
-1.654399558901786804e-02
8.486436307430267334e-02
-2.746332995593547821e-02
-2.608222421258687973e-04
-1.164898183196783066e-02
-3.809915855526924133e-02
-7.953055202960968018e-03
4.887056536972522736e-03
2.969034574925899506e-02
1.959425583481788635e-02
-7.443110458552837372e-03
2.132264152169227600e-02
7.322394847869873047e-02
3.995976969599723816e-02
1.028452970786020160e-04
1.006848365068435669e-02
4.337282851338386536e-02
2.421797625720500946e-02
-8.868630230426788330e-02
7.700817193835973740e-03
-3.953748196363449097e-02
2.986832149326801300e-02
-7.566375657916069031e-03
-4.731464199721813202e-03
4.199714958667755127e-02
-4.206009209156036377e-02
-2.316935174167156219e-02
5.735153332352638245e-02
2.135039865970611572e-02
-1.098280176520347595e-01
-2.646791562438011169e-02
-7.155839353799819946e-02
1.845875568687915802e-02
-2.540856134146451950e-03
1.088219508528709412e-02
-6.566383410245180130e-03
7.382261101156473160e-03
7.559943944215774536e-02
-6.977824959903955460e-03
-9.011534042656421661e-03
-3.816051036119461060e-02
1.587587594985961914e-02
-3.115550789516419172e-04
7.742495834827423096e-02
-8.252969942986965179e-03
4.873128980398178101e-02
-3.521690145134925842e-02
3.673976659774780273e-02
5.422016605734825134e-03
-1.852235570549964905e-02
-7.235403172671794891e-03
-2.111790515482425690e-02
1.375943608582019806e-02
-1.909415423870086670e-02
3.314939513802528381e-02
-1.187108270823955536e-02
-6.013494450598955154e-03
3.395259007811546326e-02
-2.015730924904346466e-02
6.428905576467514038e-02
1.975346356630325317e-02
1.183565184473991394e-01
-6.509534548968076706e-03
-2.526229992508888245e-02
1.795212551951408386e-02
-2.148238010704517365e-02
2.457860484719276428e-02
4.641298204660415649e-03
1.430061273276805878e-02
1.669605262577533722e-02
5.383813753724098206e-03
2.856972441077232361e-02
3.828430175781250000e-02
6.144186947494745255e-03
1.405138894915580750e-02
-5.031772330403327942e-02
-6.520040333271026611e-02
5.264314357191324234e-03
8.447943627834320068e-02
-3.288140753284096718e-03
3.077211417257785797e-02
1.236853189766407013e-02
8.329796046018600464e-02
-1.227819249033927917e-01
-3.011050261557102203e-02
3.996749222278594971e-02
4.074636846780776978e-02
-1.120993215590715408e-02
2.098944596946239471e-02
3.787779808044433594e-02
2.058646827936172485e-02
1.064987387508153915e-02
-6.174825131893157959e-02
-1.216286141425371170e-02
1.708602607250213623e-01
7.873468846082687378e-02
-2.209010906517505646e-02
3.664923459291458130e-02
6.142701022326946259e-03
-6.018315628170967102e-02
-3.886479139328002930e-02
-9.212150238454341888e-03
2.183331549167633057e-02
-4.331655800342559814e-02
-4.999225027859210968e-03
1.100950688123703003e-01
-7.848864421248435974e-03
4.902523010969161987e-02
-6.686975248157978058e-03
3.167285758536309004e-04
-7.122872862964868546e-03
-4.108805581927299500e-02
-4.915458709001541138e-02
2.268019132316112518e-02
2.688620612025260925e-02
-2.017959486693143845e-03
-7.897197455167770386e-02
2.188108302652835846e-02
5.104019492864608765e-02
2.742478810250759125e-02
-2.266063347633462399e-05
-6.405019666999578476e-03
7.295136153697967529e-02
5.101967137306928635e-03
-5.156493745744228363e-03
1.015066448599100113e-02
-2.338176034390926361e-02
2.387259388342499733e-03
-4.375485703349113464e-03
6.517456471920013428e-02
-4.044227674603462219e-02
1.799690723419189453e-02
2.319456264376640320e-02
1.104946620762348175e-02
5.169610376469790936e-04
-3.553819283843040466e-02
-2.746521122753620148e-02
-1.700143888592720032e-02
3.638393059372901917e-02
-1.661427691578865051e-02
-4.109110310673713684e-02
-4.498272016644477844e-02
3.913972154259681702e-02
-1.291847135871648788e-02
-1.270976290106773376e-02
2.750972518697381020e-03
3.697282075881958008e-02
1.468773279339075089e-02
5.790093913674354553e-02
9.422069787979125977e-02
3.993592411279678345e-02
-7.354678213596343994e-02
4.968362674117088318e-02
-6.665323674678802490e-02
2.985828369855880737e-02
-5.082808434963226318e-02
-4.852002114057540894e-02
7.354555651545524597e-03
-7.956547662615776062e-03
1.859153434634208679e-02
6.139849871397018433e-02
4.329944960772991180e-03
1.997662521898746490e-02
-4.129304736852645874e-02
5.170530639588832855e-03
-4.190547019243240356e-02
1.455301512032747269e-02
-4.659454803913831711e-03
4.205877706408500671e-02
5.862376093864440918e-02
-1.758541911840438843e-02
2.217627130448818207e-02
-3.433283418416976929e-03
-1.101670507341623306e-02
-2.372597530484199524e-02
-1.569486595690250397e-02
4.583395086228847504e-03
-8.645090460777282715e-02
1.800308190286159515e-02
-7.810344547033309937e-02
-7.502947002649307251e-03
5.490574054419994354e-03
-1.513797137886285782e-02
6.506988406181335449e-02
-2.707146666944026947e-02
1.597819849848747253e-02
1.254536360502243042e-01
1.335805207490921021e-01
-2.352217026054859161e-02
2.736572921276092529e-02
8.856516331434249878e-02
1.828942261636257172e-02
-7.417232729494571686e-03
2.505030110478401184e-02
-1.494451798498630524e-02
-1.849092170596122742e-02
-4.913046024739742279e-03
-9.669127874076366425e-03
4.648143053054809570e-02
8.257967233657836914e-02
2.603817358613014221e-02
7.252933830022811890e-02
7.519628386944532394e-03
-3.266916843131184578e-03
4.345000535249710083e-02
-2.861114591360092163e-02
4.493974149227142334e-03
2.296235561370849609e-01
-2.544460073113441467e-02
1.628759317100048065e-02
-8.429432660341262817e-02
-1.263796538114547729e-02
9.362312033772468567e-03
-6.166946142911911011e-02
-5.731597775593400002e-04
8.370666764676570892e-03
9.808556176722049713e-03
-1.652153767645359039e-02
-1.001458708196878433e-02
2.882670611143112183e-02
3.878611326217651367e-02
-2.883202582597732544e-02
-9.841675870120525360e-03
-4.044131562113761902e-02
-4.731843993067741394e-02
3.243621904402971268e-03
4.843711480498313904e-02
-3.682827204465866089e-02
-1.034521386027336121e-01
-3.212693333625793457e-02
-1.014700010418891907e-01
-1.659711264073848724e-02
-1.368869747966527939e-02
3.593629226088523865e-02
3.284250199794769287e-02
4.579141363501548767e-02
1.494840811938047409e-02
-4.205638542771339417e-03
7.421920448541641235e-02
2.378324046730995178e-02
1.746790856122970581e-02
-1.469178963452577591e-02
5.191398784518241882e-02
-8.481451310217380524e-03
-4.327952861785888672e-02
1.874507963657379150e-02
-4.028598964214324951e-02
5.551578477025032043e-02
2.679621800780296326e-02
3.459841758012771606e-02
-1.134429294324945658e-05
-1.833867579698562622e-01
-1.401580218225717545e-02
-7.748788595199584961e-02
1.715079881250858307e-02
5.860967189073562622e-02
-3.592470288276672363e-02
2.344817854464054108e-03
-2.835896424949169159e-02
2.919858694076538086e-02
-5.617342423647642136e-03
-3.688947111368179321e-02
2.350709773600101471e-02
-3.933434933423995972e-02
1.353403646498918533e-02
3.587049245834350586e-02
-2.725265221670269966e-03
-4.339967854321002960e-03
-2.979018166661262512e-02
-2.359310351312160492e-02
2.898354642093181610e-02
3.046812023967504501e-03
1.232672780752182007e-01
2.226831391453742981e-02
6.523821502923965454e-02
-3.051455691456794739e-02
2.228870801627635956e-02
4.412749037146568298e-02
1.182877644896507263e-02
-3.950212150812149048e-02
5.481940135359764099e-02
3.032165020704269409e-02
-1.232384610921144485e-02
6.952145602554082870e-03
-6.532680243253707886e-02
1.617797277867794037e-02
-5.429965630173683167e-02
1.457095704972743988e-02
9.241370484232902527e-03
3.597905486822128296e-02
1.998536661267280579e-02
1.736386865377426147e-02
-5.058178305625915527e-02
2.970946719869971275e-03
6.126474961638450623e-02
3.591391025111079216e-03
7.923441939055919647e-03
6.416171044111251831e-02
2.795558050274848938e-02
-7.591590285301208496e-02
2.081275731325149536e-02
