0.03066721
-0.00127541
-0.03964887
0.02901683
0.01421152
0.01782771
0.00677138
-0.00186729
0.02349476
0.02135423
0.00852886
0.01571480
0.00955527
-0.00376816
-0.02148141
0.02022426
-0.00811954
0.01952085
0.14898266
0.02825182
-0.02041441
-0.04364016
0.04706901
0.06972387
0.00078756
-0.06548552
-0.04502664
-0.02828598
-0.02841118
0.00678596
0.15373819
0.00219881
0.00554749
0.01080477
0.00557368
-0.02495142
-0.00801680
0.03259942
0.01783662
0.07899190
-0.00979979
0.02725919
-0.01937269
0.00074359
-0.03420862
-0.00024630
-0.01147790
0.00233648
0.02792434
-0.02199175
0.00925164
-0.03295403
0.08727346
0.02163958
-0.01099748
0.02216407
-0.00593363
0.02024442
0.40161180
0.10473084
-0.00900979
0.02280449
-0.02154797
0.04876247
0.00142903
0.01212851
0.03025975
-0.03074937
-0.01518691
-0.02730594
0.05215599
0.00206961
-0.03451900
-0.01556874
-0.04985695
0.04882412
0.03090836
-0.05190372
0.00433291
0.02706062
-0.02286810
0.02034428
-0.00213705
0.01780090
0.04607598
0.02864343
0.01424622
0.01573317
0.01994213
-0.02274111
0.02490963
-0.00844008
-0.03865605
-0.02324802
0.00270019
-0.00143706
0.01364815
-0.00275345
0.04824899
-0.00283164
-0.00888243
0.02541889
-0.00453217
0.00015189
0.01510083
0.01784004
0.06477614
-0.02078653
0.01346391
0.00583729
-0.00188756
0.02955167
0.02066088
0.00514163
-0.00482192
0.00960425
0.03946920
-0.01631856
0.01075149
-0.01857163
-0.01852186
-0.01455821
0.01745661
-0.01635696
-0.03916903
0.01182341
-0.01229531
0.01074374
-0.00146049
-0.04316123
-0.00881460
-0.00729216
-0.02546357
0.00872787
-0.05356394
0.00380795
0.05076355
-0.03328534
0.00279500
0.00531109
-0.06030326
-0.00056041
-0.00793388
-0.03588525
0.01949456
0.12767145
0.02456538
-0.01053482
-0.02640688
-0.01917366
0.01380850
0.00902663
0.02497930
0.06004988
0.00294841
0.02490808
-0.03989018
0.00102430
-0.02346887
-0.01697512
-0.01538509
0.00039550
-0.02800877
0.00691907
-0.00802463
0.01543819
0.01646154
-0.01214685
-0.01588420
-0.09012239
0.00959193
-0.00719033
0.00487122
0.01882001
0.02793416
-0.00211099
0.02220310
0.01096429
0.00136837
-0.01100571
0.00030612
-0.01778871
-0.03525082
0.00459476
0.02499838
0.13025855
0.02961840
0.00931245
0.01785944
-0.03544871
-0.09666371
0.02194614
0.02691951
0.00757017
-0.02560650
0.00291849
-0.00919546
-0.00822876
0.02963439
0.01449751
-0.03612224
0.01260219
0.03515157
0.00299662
-0.01244246
0.04928898
0.00303736
0.00851177
-0.01718567
0.00077890
0.00742461
-0.00009639
-0.02682185
0.01385117
0.02504807
-0.07384233
0.01474187
0.02094223
0.03887704
0.02694900
-0.02430940
-0.75401598
-0.00032728
0.00617584
0.00040937
0.00038746
0.02205387
0.03830948
-0.01961059
0.00385167
-0.01928962
0.05148740
0.01546339
-0.01942241
-0.01380883
0.03130635
0.03994634
-0.00744594
-0.01039749
-0.03094709
0.02356992
-0.04454993
-0.04510751
-0.00603911
-0.02057849
-0.00758738
-0.00876447
-0.01294810
-0.01170567
0.05939625
-0.00646113
-0.00151833
0.00245989
-0.01417310
0.00050185
-0.01311136
0.04844358
-0.08633651
-0.10773684
0.05936468
0.01347653
-0.06144943
-0.01485815
-0.09016062
-0.00446005
-0.02917607
0.15802270
0.09057425
0.03578999
-0.05117901
-0.04180168
-0.00900283
-0.01911001
0.05464578
-0.03026588
0.05794605
0.03011069
-0.05675039
-0.10965716
0.10355350
0.06437586
-0.02486261
-0.04454541
-0.07236754
-0.08511638
-0.11782563
0.21497980
0.01392611
-0.11385159
0.02222685
0.04390382
0.09452368
0.07835238
0.07384668
-0.07892050
-0.05174001
-0.01277109
0.09706100
0.00363953
-0.04347255
0.08645667
0.04431957
0.82451481
-0.11119691
0.09092145
-0.04216876
0.04536008
0.05466907
0.02817958
0.07584893
0.01218420
-0.12818584
0.04424842
-0.02925198
0.02577746
0.01786378
-0.04537122
-0.02884143
0.03406601
0.07046641
-0.01291646
0.05928062
0.04089208
0.03017418
0.03711804
-0.01810208
0.00151925
-0.01337351
-0.02553955
0.01281327
0.04478389
0.04341441
-0.00773499
-0.00057325
-0.00541222
-0.09688637
0.01979940
0.01289382
-0.07562014
0.01238379
-0.05588158
-0.00530871
-0.04859655
-0.06942569
0.02800078
-0.04470329
-0.00685413
-0.00486191
-0.05360063
0.09293400
0.01167167
-0.11307281
0.01046523
0.03789856
0.00175216
-0.02714410
0.03520747
0.00401882
-0.05988568
0.04156256
0.01952333
-0.02399283
0.04433876
0.00441229
0.01834673
-0.01925300
0.01860427
0.01692978
0.01570267
-0.02653361
-0.01977258
0.05310829
0.04540579
0.02497614
-0.00134008
0.05744929
0.03956668
-0.00395146
0.00022666
0.03198593
0.03811655
0.00933821
-0.00578721
-0.06738841
0.01199327
-0.01230942
0.06073116
0.02478394
-0.05270068
0.07564715
-0.00975691
0.00540462
0.01579915
0.03698149
0.04434638
0.07039195
0.14338303
0.13504137
-0.07259465
-0.03175675
0.00182444
-0.04550100
-0.03422801
0.04390515
-0.03423356
-0.00608658
0.00959583
-0.00921587
-0.02772347
0.06403725
0.08539622
0.03628079
-0.00941794
0.00114843
0.01960392
-0.01570125
0.04545291
0.01530758
-0.06585094
0.03794106
-0.02597886
0.09906789
0.09366062
0.03660433
-0.00577614
-0.08974231
0.04889229
0.00908049
0.00620617
0.01062823
0.00996906
0.07584433
-0.01364953
0.00139223
0.00508727
-0.01540694
0.01731532
-0.04515120
0.05643484
0.02712104
0.00424087
0.01878168
-0.01140670
0.01001958
0.07549376
0.04924329
-0.04061980
0.00126568
0.08274715
-0.07050550
0.11451866
0.09340459
-0.01162729
0.00647133
-0.03761058
-0.04288296
-0.01791702
0.02429244
0.06585802
0.00678204
0.05191737
-0.02005877
0.05397931
-0.04413750
-0.03925994
0.01040521
-0.02539717
0.02539534
0.02946913
0.02528912
-0.03719401
0.01330543
-0.02258577
-0.01488185
0.05532637
-0.03783587
0.00466198
-0.00389900
-0.00772924
-0.03723040
-0.02326651
0.00316053
-0.02364205
0.04874652
0.02458866
-0.02347613
0.03364320
0.02090247
0.04209972
0.06940816
-0.00637810
-0.00280201
0.02223062
-0.03926966
0.03392605
0.00841233
0.01498752
-0.02606882
-0.06974468
0.01263602
0.03060709
-0.06787907
-0.00934383
-0.03375983
-0.01050091
-0.04575929
0.02593924
0.03341750
0.02664910
0.05021845
-0.06879782
0.01900776
-0.01187518
0.02193764
-0.02835642
-0.03376070
0.01024877
-0.00351124
-0.02801766
-0.00768741
0.00566962
-0.03963921
-0.08691171
0.03145033
-0.03671433
0.05006912
0.04482869
-0.02049497
-0.18787266
-0.08290815
-0.04181676
-0.03084687
-0.03604153
0.05668688
-0.13445307
0.01837937
0.02780810
0.07671861
0.00360686
0.02291893
0.02215988
0.01650013
0.04892246
-0.01695538
0.02296912
-0.04369157
0.02018007
0.03479243
-0.02463976
-0.00522894
-0.01235765
-0.08460269
-0.06216546
0.00203365
-0.03345145
0.06683810
-0.03232788
-0.01253829
0.02231163
0.04073105
0.01323724
-0.03426360
-0.05042358
0.05811645
-0.01889871
-0.05795019
-0.05122491
-0.04576310
0.00877974
0.03967813
-0.02101281
-0.01520487
-0.00690708
0.02396649
-0.00441407
0.05000935
-0.04624503
-0.02778313
-0.01302654
0.05571101
0.00010385
-0.00207804
0.00777179
-0.00517941
-0.09019190
-0.04562369
0.01611487
0.00476035
-0.00027493
-0.03018133
0.04333351
0.01530707
0.06409372
-0.02919235
-0.08972816
-0.01370469
-0.00451685
-0.00667952
0.01531723
-0.00193371
0.01067670
0.01387996
0.06125814
-0.03939381
0.01600480
-0.00520422
0.05322773
-0.02063859
0.04728611
0.04236719
0.04680783
0.00872045
0.01066825
0.02928531
-0.02145091
0.03456206
0.04433094
-0.02002236
-0.06853663
-0.01620465
0.02532679
-0.03393803
-0.01347597
-0.01631274
0.08545939
0.18536183
0.05485730
-0.01786955
-0.00175182
-0.02528540
-0.04408436
-0.01541369
-0.04167708
0.04380777
-0.03399042
-0.02185124
0.04262977
-0.03370877
0.08993615
-0.05023431
0.08082731
-0.01894283
-0.02319547
0.01238599
0.02601902
-0.01660416
0.00303131
-0.00868815
-0.11531943
0.06029541
0.07885846
-0.02097496
-0.04734667
0.05795942
0.03826245
0.00494775
-0.08540956
-0.03215444
-0.03246816
0.04015081
0.02896983
0.01083218
0.00801798
0.04382302
0.04458065
-0.08337388
0.04624236
-0.03638019
0.02213857
0.01535044
0.02754916
0.03750676
-0.00434221
0.01348813
-0.02467629
0.04497679
0.02354614
0.00940014
-0.02042445
-0.01133199
0.10723598
0.02630924
-0.04571037
0.07052723
-0.02550355
0.02660215
0.01120917
-0.03002333
-0.07010721
0.01634293
0.05366858
0.00621207
0.04034514
0.02022944
0.01981676
0.00889576
0.00601801
-0.01586258
-0.01076708
-0.04003097
0.09675783
-0.02492021
-0.03754192
-0.05987091
0.00580170
-0.03401762
0.02942183
0.08523462
0.00105754
0.03949713
0.01801033
-0.00375130
0.05941026
-0.03135255
0.01161555
-0.06943924
0.07700463
0.11203834
0.09534840
-0.03368049
0.04679295
0.07076581
-0.02444460
-0.00088377
0.04672031
0.04689723
-0.01153484
0.06401276
0.05061664
0.01892389
0.07389508
0.01620788
0.03485424
0.01108581
-0.02880784
-0.00510710
-0.00194082
0.03325580
0.10489075
0.04640139
0.01080250
-0.04856744
-0.02197240
0.01501301
-0.04115498
0.00000348
-0.04648154
0.02545642
0.02822424
-0.04506078
-0.01011511
-0.02686490
-0.03262648
0.04579520
0.01078975
0.00434306
0.00226636
0.00550987
0.04585343
-0.11904568
0.01354173
-0.03477538
-0.03886997
-0.02216891
-0.03437929
0.02040422
0.03677109
-0.03629865
-0.04054527
-0.10476816
0.05364858
-0.02095008
-0.07487904
-0.01797271
-0.01351208
-0.00156552
-0.03558830
0.02104523
-0.03215354
-0.01321742
-0.00770001
-0.08196899
-0.07666404
-0.04634919
-0.03295779
-0.01267263
0.02456116
-0.00797228
-0.07137579
0.01780678
-0.01614237
0.00098910
-0.02084273
0.03080532
-0.04820274
-0.02799943
0.00945018
-0.00622409
0.02136677
-0.02683177
-0.01808603
0.11884627
-0.00229085
0.15009399
0.01279491
0.04397113
0.02600596
-0.00507055
0.06819355
0.00867374
-0.02701458
0.02080276
-0.03872408
0.07607151
-0.00314283
-0.04974370
-0.02913364
-0.03232017
0.00963202
0.03026553
-0.00791094
0.03411174
0.00754173
-0.07646313
-0.00509935
0.02845931
0.00946166
-0.01308990
-0.00794621
0.02672646
-0.02029301
0.05741839
