4.359566792845726013e-02
8.184854872524738312e-03
-1.878548972308635712e-02
2.921615168452262878e-02
2.673931885510683060e-03
2.942537143826484680e-02
2.115774340927600861e-02
-1.857430301606655121e-02
-2.407311089336872101e-02
6.832563783973455429e-03
-2.951350295916199684e-03
-2.064768038690090179e-02
1.356772147119045258e-02
2.338187769055366516e-02
-1.505206339061260223e-02
8.102941326797008514e-03
-1.785160228610038757e-02
2.039676345884799957e-02
1.831331700086593628e-01
4.265506565570831299e-02
-6.409099325537681580e-03
1.313899084925651550e-02
-7.097654510289430618e-03
2.912056259810924530e-02
2.312366664409637451e-02
-3.144275024533271790e-02
-2.225525118410587311e-02
-4.628698527812957764e-02
-2.713230252265930176e-02
1.278636138886213303e-02
1.317647993564605713e-01
1.481555495411157608e-02
1.915280334651470184e-02
4.812609404325485229e-03
1.264462526887655258e-02
-1.938737928867340088e-02
-4.923513159155845642e-03
1.266982499510049820e-02
1.569991931319236755e-02
3.647667914628982544e-02
-6.074049510061740875e-03
2.191810123622417450e-02
-9.028836339712142944e-02
-7.721808739006519318e-03
-2.123388461768627167e-02
-1.288806367665529251e-02
-1.002970617264509201e-02
-6.068453192710876465e-03
9.207285009324550629e-03
-1.422940660268068314e-02
2.431871742010116577e-02
-9.093600511550903320e-02
8.845728635787963867e-02
2.964675799012184143e-02
-9.346034377813339233e-03
3.540603676810860634e-03
-2.445329166948795319e-02
2.402132749557495117e-02
4.187156558036804199e-01
8.031174540519714355e-02
-1.276747044175863266e-02
2.449817396700382233e-02
-8.251010440289974213e-03
-1.466151140630245209e-02
1.509285904467105865e-02
4.709186777472496033e-02
-1.727726869285106659e-02
-1.517905946820974350e-02
1.902255415916442871e-02
-1.776188984513282776e-02
1.386320311576128006e-02
1.357511058449745178e-02
-2.104606851935386658e-02
1.051506120711565018e-02
-2.390039339661598206e-02
2.401212416589260101e-02
9.444308467209339142e-03
-1.569681055843830109e-02
-4.921670537441968918e-03
1.289692521095275879e-01
-2.439046837389469147e-02
3.445275872945785522e-02
1.191827002912759781e-02
7.318304479122161865e-02
5.209979042410850525e-02
-5.044050514698028564e-03
8.974784053862094879e-03
-6.367182359099388123e-04
3.029618784785270691e-02
-3.071431629359722137e-02
-5.897521041333675385e-03
1.058782823383808136e-02
-2.484996430575847626e-02
-1.042197551578283310e-02
2.289297757670283318e-03
-1.390869542956352234e-02
1.889476552605628967e-02
-1.969720050692558289e-02
4.793618991971015930e-02
-1.554731279611587524e-03
3.132123267278075218e-03
4.167013242840766907e-02
6.876149680465459824e-03
-2.710801782086491585e-03
1.055611390620470047e-02
-1.558210002258419991e-03
6.085502356290817261e-02
-1.521534752100706100e-02
3.360277786850929260e-02
-5.481646861881017685e-03
-2.554474398493766785e-02
2.931649051606655121e-02
2.291133999824523926e-02
1.495484611950814724e-03
-2.040162868797779083e-02
2.503835223615169525e-02
7.087568519636988640e-04
-9.475417435169219971e-03
4.798527806997299194e-03
-9.706404991447925568e-03
-4.451696760952472687e-03
-2.466357778757810593e-03
-1.484486088156700134e-02
-1.154125854372978210e-02
-5.115928128361701965e-02
5.636569578200578690e-03
-2.467026561498641968e-02
6.188491825014352798e-03
1.000522449612617493e-02
1.402069348841905594e-02
-1.767370104789733887e-02
-3.242188831791281700e-04
-2.141897194087505341e-02
6.126776337623596191e-03
-3.098816238343715668e-02
-2.118540182709693909e-02
5.177543312311172485e-02
-1.152286306023597717e-02
-7.014179974794387817e-02
9.219801053404808044e-03
-7.263826578855514526e-02
1.082634832710027695e-02
-6.692124879918992519e-04
-2.132004499435424805e-02
1.844984013587236404e-03
2.131771892309188843e-01
4.435540176928043365e-03
-5.697355605661869049e-03
-4.672023002058267593e-03
-1.386720221489667892e-02
2.998718060553073883e-02
1.638269610702991486e-02
4.274917766451835632e-03
3.589085489511489868e-02
-6.952130701392889023e-03
-1.847220025956630707e-02
-1.050713378936052322e-02
5.044104531407356262e-03
-6.231537833809852600e-02
-2.715758420526981354e-02
-1.377188414335250854e-02
-6.825707852840423584e-02
2.515503391623497009e-02
-6.297167390584945679e-03
-6.921058055013418198e-03
5.555852502584457397e-02
-3.518301993608474731e-02
-2.510906755924224854e-02
-8.320202119648456573e-03
-3.470217809081077576e-02
1.486509609094355255e-05
-1.390574779361486435e-02
1.034662593156099319e-02
1.668647117912769318e-02
4.091576114296913147e-02
2.108390629291534424e-02
9.127952158451080322e-03
3.830228932201862335e-03
-5.602282285690307617e-02
-1.304840319789946079e-03
2.902332134544849396e-02
-2.381706051528453827e-02
-4.399926910991780460e-05
1.318635791540145874e-02
2.148198336362838745e-02
1.271923333406448364e-01
-2.964361943304538727e-02
5.601373966783285141e-03
-7.090356666594743729e-03
2.384925028309226036e-03
-1.253234501928091049e-02
1.758010499179363251e-02
1.238919235765933990e-02
-2.047609724104404449e-02
1.475325971841812134e-02
2.343387156724929810e-02
1.501018553972244263e-02
1.112888450734317303e-03
7.763697206974029541e-02
-1.091339252889156342e-02
-1.430533546954393387e-02
2.386972494423389435e-02
4.178002476692199707e-02
-1.204102486371994019e-02
-8.829753845930099487e-03
1.813037507236003876e-02
2.770537510514259338e-02
8.188437670469284058e-03
1.606609486043453217e-02
-9.450736641883850098e-02
1.547498162835836411e-02
-1.760908029973506927e-02
4.803640302270650864e-03
9.982974734157323837e-04
1.716210693120956421e-02
-1.233884785324335098e-02
1.082837581634521484e-02
2.793025970458984375e-02
1.097394339740276337e-02
1.741430535912513733e-02
-1.365965045988559723e-02
-7.208917140960693359e-01
8.019249886274337769e-03
-5.757292266935110092e-03
6.919349543750286102e-03
1.696970546618103981e-03
1.563845388591289520e-02
3.310452774167060852e-02
-3.773743752390146255e-03
9.992632083594799042e-03
-4.577110987156629562e-03
-5.551687441766262054e-03
9.590442292392253876e-03
-1.293775998055934906e-02
-3.039212524890899658e-02
2.669234201312065125e-02
1.463492866605520248e-02
-1.050209812819957733e-02
-2.273656986653804779e-02
-2.078947052359580994e-02
1.336262561380863190e-02
-3.211417421698570251e-02
-8.497167378664016724e-02
1.227272767573595047e-02
-2.865074202418327332e-02
1.239657495170831680e-02
-6.366098299622535706e-03
-1.338472403585910797e-02
-2.955544739961624146e-03
1.087229792028665543e-02
2.837955253198742867e-03
-3.683787072077393532e-03
3.528939560055732727e-02
-5.376216489821672440e-03
-8.972157724201679230e-03
-1.762569136917591095e-02
1.210908312350511551e-02
-8.533478528261184692e-02
-4.355054814368486404e-03
-2.725064940750598907e-02
5.639796704053878784e-02
6.491205841302871704e-02
3.434581914916634560e-03
-1.142350956797599792e-01
7.379855960607528687e-02
5.010843276977539062e-03
8.213219791650772095e-02
-9.626480191946029663e-02
4.415233153849840164e-03
-5.685050785541534424e-02
1.644822955131530762e-02
1.831195084378123283e-03
8.007582277059555054e-02
7.934185862541198730e-02
-2.608158066868782043e-02
-3.931863605976104736e-02
-3.409329056739807129e-02
-7.395911216735839844e-02
4.429977387189865112e-02
7.572075724601745605e-02
-4.646673798561096191e-02
2.329591289162635803e-02
1.736189052462577820e-02
1.581534370779991150e-02
-6.159685552120208740e-02
7.540337741374969482e-02
1.321988403797149658e-01
2.824635803699493408e-02
-6.120985373854637146e-02
-2.629880979657173157e-02
2.319291681051254272e-01
-8.229920268058776855e-02
1.538165379315614700e-02
5.278574302792549133e-02
5.805199593305587769e-02
-7.271827012300491333e-02
-2.200532853603363037e-01
-7.941668480634689331e-02
4.107550904154777527e-02
3.410490602254867554e-02
1.575076580047607422e-01
3.695103153586387634e-02
7.879290580749511719e-01
1.830875128507614136e-02
-3.324823826551437378e-02
-7.969902455806732178e-02
3.646687045693397522e-02
1.605227738618850708e-01
7.151166349649429321e-02
4.830974712967872620e-02
4.340682551264762878e-02
2.790336683392524719e-02
2.242148369550704956e-01
6.506630778312683105e-02
5.328456684947013855e-02
-2.109812386333942413e-02
2.451901696622371674e-02
-2.079863846302032471e-02
3.086212091147899628e-02
-5.260538775473833084e-03
3.559859842061996460e-02
4.894908517599105835e-02
-1.104428665712475777e-03
-2.460470050573348999e-02
1.967251487076282501e-02
-1.390291145071387291e-03
1.346542220562696457e-02
-4.151162132620811462e-02
-9.930287487804889679e-03
2.213368192315101624e-02
2.043927274644374847e-02
2.417104877531528473e-02
5.727590527385473251e-03
-3.923293575644493103e-02
3.443438932299613953e-02
-2.229188568890094757e-02
5.913738906383514404e-02
3.089052997529506683e-02
-6.972594559192657471e-02
-4.461469501256942749e-02
2.522532595321536064e-03
5.135981366038322449e-03
-4.065178334712982178e-02
-4.497229307889938354e-02
3.432052209973335266e-02
-1.235534474253654480e-01
1.100219972431659698e-02
4.942447319626808167e-02
8.652042015455663204e-04
1.257166266441345215e-01
1.079628914594650269e-01
-1.120872721076011658e-01
-5.254215560853481293e-03
-2.349497005343437195e-02
-8.849416859447956085e-03
-2.856961451470851898e-02
-3.732801601290702820e-02
5.529631674289703369e-02
1.100322417914867401e-02
4.808394983410835266e-02
8.330786228179931641e-02
-2.951995655894279480e-02
3.952867165207862854e-02
-6.499290466308593750e-02
-1.475464645773172379e-02
-3.565092012286186218e-02
1.001369580626487732e-02
-6.294251978397369385e-02
-1.525135897099971771e-02
3.266930812969803810e-03
-3.135148063302040100e-02
9.173715859651565552e-02
8.141771703958511353e-02
3.337819874286651611e-02
-3.414282947778701782e-02
2.060658112168312073e-02
3.032281622290611267e-02
-2.401830255985260010e-02
3.277550265192985535e-02
2.739570103585720062e-02
1.339502749033272266e-03
2.072191424667835236e-02
1.550047751516103745e-02
-5.413214117288589478e-02
3.537719324231147766e-02
-4.691059514880180359e-02
1.104542613029479980e-02
-5.944136064499616623e-03
-8.714208751916885376e-02
-1.277114730328321457e-03
2.853473648428916931e-02
4.036168009042739868e-02
3.332169353961944580e-02
-4.483344499021768570e-03
-4.611573182046413422e-03
2.175532840192317963e-02
6.473960727453231812e-02
3.482057899236679077e-02
-6.377369165420532227e-02
2.151351235806941986e-02
-4.138394072651863098e-02
-5.507393740117549896e-03
-1.078531593084335327e-01
2.249046973884105682e-02
5.772534292191267014e-03
-1.876081712543964386e-02
4.624491184949874878e-02
6.187723949551582336e-02
1.137987151741981506e-02
4.886130988597869873e-02
2.087241970002651215e-02
2.739092567935585976e-03
-2.870348468422889709e-02
-5.295807495713233948e-02
-3.726119920611381531e-02
-2.806239388883113861e-02
7.577221374958753586e-03
1.072912383824586868e-02
6.033271551132202148e-02
2.858489751815795898e-04
6.334202480502426624e-04
3.154900297522544861e-02
1.575914621353149414e-01
-9.378034621477127075e-03
1.566361077129840851e-02
-2.849292010068893433e-02
2.805453352630138397e-02
4.555972758680582047e-03
4.955503717064857483e-02
3.309115022420883179e-02
-1.077746227383613586e-02
5.779241025447845459e-02
-2.568688802421092987e-02
-4.384000226855278015e-02
2.682758867740631104e-02
-6.168963387608528137e-03
5.241817794740200043e-03
7.457491941750049591e-03
4.097499698400497437e-02
2.528121508657932281e-02
-4.043313860893249512e-02
2.181234303861856461e-03
-3.676248714327812195e-02
1.765117235481739044e-02
5.094930902123451233e-02
2.281379327178001404e-02
9.085495956242084503e-03
3.033235669136047363e-02
4.195941239595413208e-02
-4.527277871966362000e-02
1.929498650133609772e-02
8.271495997905731201e-02
-2.127420343458652496e-02
2.954287268221378326e-02
-3.011336317285895348e-03
-4.129345715045928955e-02
7.827525027096271515e-03
6.090198457241058350e-02
2.255450002849102020e-02
4.716951027512550354e-02
7.316632568836212158e-02
-1.286298595368862152e-02
5.876468867063522339e-02
4.978917911648750305e-02
-3.320902585983276367e-02
6.702031940221786499e-03
-3.067317046225070953e-02
-1.622872613370418549e-02
-4.329024627804756165e-02
-3.663418442010879517e-02
6.682598032057285309e-03
-1.184910722076892853e-02
-2.219585294369608164e-04
1.619591563940048218e-02
-3.495005890727043152e-02
-1.062000822275876999e-02
3.521841391921043396e-02
-4.361592233180999756e-02
6.059681531041860580e-03
-6.167294457554817200e-02
-4.519166052341461182e-02
-1.702904514968395233e-02
-1.061863973736763000e-01
2.330314740538597107e-02
3.941708803176879883e-02
-2.883930504322052002e-02
-2.555620856583118439e-02
2.267916686832904816e-02
-7.671413011848926544e-03
1.368409860879182816e-02
1.670979522168636322e-02
-2.616282738745212555e-02
-3.420766815543174744e-02
-2.037154883146286011e-02
7.769708335399627686e-02
1.100657507777214050e-02
-5.942481569945812225e-03
3.526270762085914612e-02
-4.838099121116101742e-04
-1.129786978708580136e-04
1.734973862767219543e-03
-2.503348141908645630e-02
-2.009699121117591858e-02
8.239053189754486084e-02
2.958386763930320740e-02
4.690227285027503967e-02
6.365751381963491440e-03
-1.912280218675732613e-03
-2.118776366114616394e-02
6.518839858472347260e-03
-1.815344206988811493e-02
3.314064070582389832e-02
3.151511773467063904e-02
2.349775843322277069e-02
1.999682188034057617e-02
-1.399123854935169220e-02
1.771863922476768494e-02
-7.006220985203981400e-04
5.397966504096984863e-02
4.101199284195899963e-02
-8.060521632432937622e-02
-1.118569727987051010e-02
-3.705315664410591125e-02
2.052518911659717560e-02
-4.125998821109533310e-03
2.224609442055225372e-02
7.975650578737258911e-02
-6.055758148431777954e-02
-1.564578115940093994e-01
-3.301017731428146362e-02
3.133098036050796509e-02
-1.210574153810739517e-02
3.926109522581100464e-02
-1.100638532079756260e-03
-3.136985003948211670e-02
-1.618329249322414398e-02
-1.751493662595748901e-02
-3.350543975830078125e-02
5.164141301065683365e-03
3.172650560736656189e-02
2.857768535614013672e-02
-3.458783403038978577e-02
3.967175260186195374e-02
5.024646222591400146e-02
3.357373550534248352e-02
2.303293285876861773e-06
2.455945312976837158e-02
2.109594084322452545e-02
2.217774651944637299e-02
-7.230439037084579468e-02
4.825744312256574631e-03
-2.439359389245510101e-02
1.814332418143749237e-02
9.287354536354541779e-03
-2.190577797591686249e-02
3.626052662730216980e-02
-1.759724691510200500e-02
-3.228246420621871948e-02
3.574845194816589355e-02
2.809190377593040466e-02
-9.519111365079879761e-02
-2.839107811450958252e-02
-2.099872566759586334e-02
5.588568001985549927e-02
-1.254456304013729095e-02
1.803199946880340576e-02
-2.437240630388259888e-02
1.267381571233272552e-02
5.507025122642517090e-02
1.043267734348773956e-02
-3.413559496402740479e-02
-4.959518089890480042e-02
-1.832009106874465942e-02
3.861488401889801025e-02
6.954757869243621826e-02
-4.654593765735626221e-03
-9.832107461988925934e-03
-1.920417137444019318e-02
1.908240467309951782e-02
2.093450725078582764e-02
-2.284135483205318451e-02
-1.450996752828359604e-02
8.100353879854083061e-04
2.831142581999301910e-02
-2.111800760030746460e-02
-5.217040306888520718e-04
-1.383475773036479950e-02
-1.689661853015422821e-02
3.673731535673141479e-02
-1.839167997241020203e-02
6.768064945936203003e-02
1.273134350776672363e-02
1.435856372117996216e-01
-1.951186452060937881e-03
-8.218272030353546143e-02
3.050570189952850342e-02
-2.198643423616886139e-02
-6.751079345121979713e-04
-3.892145119607448578e-03
-1.675508357584476471e-02
5.577246844768524170e-02
3.899273229762911797e-03
2.646416053175926208e-02
7.239915430545806885e-02
-3.148722229525446892e-03
1.205903477966785431e-02
-4.788953065872192383e-02
-8.150262385606765747e-02
-6.352829514071345329e-04
5.352909490466117859e-02
1.738390140235424042e-02
2.917224541306495667e-02
-3.316371142864227295e-02
6.907477229833602905e-02
-8.730106800794601440e-02
1.297745766350999475e-04
5.736627802252769470e-02
5.673393234610557556e-02
-6.597143597900867462e-03
1.797581091523170471e-03
3.276164829730987549e-02
2.644515223801136017e-02
-2.751439437270164490e-02
-4.728066548705101013e-02
-9.890276938676834106e-03
1.665612459182739258e-01
8.008544892072677612e-02
-4.968960955739021301e-02
4.268074408173561096e-02
-5.123130977153778076e-03
-2.592559717595577240e-02
-6.469043344259262085e-02
6.784824654459953308e-03
2.095044963061809540e-02
-3.985548391938209534e-02
-2.403966709971427917e-02
1.431026607751846313e-01
-2.249067090451717377e-02
6.900822371244430542e-02
-2.563362754881381989e-02
2.455190010368824005e-02
-2.000477863475680351e-03
-5.849067494273185730e-02
-3.924854472279548645e-02
2.868222817778587341e-02
2.402603626251220703e-02
-2.864482067525386810e-02
-7.959246635437011719e-02
5.363669712096452713e-03
6.325778365135192871e-02
4.427656158804893494e-02
-4.342394694685935974e-02
-9.921202436089515686e-03
5.964419618248939514e-02
-3.233892202842980623e-04
-5.045728292316198349e-03
-1.052638329565525055e-02
-4.582261200994253159e-03
-2.884097211062908173e-02
-5.245198681950569153e-02
4.757144302129745483e-02
-4.734377935528755188e-02
-2.651904709637165070e-03
3.142178431153297424e-02
3.965301439166069031e-02
-6.520785391330718994e-02
3.497012704610824585e-02
-3.255983814597129822e-02
-7.942884229123592377e-03
5.582332238554954529e-02
-1.640093885362148285e-02
-5.553748458623886108e-03
-3.933414071798324585e-02
3.173545002937316895e-02
-2.997069805860519409e-02
-2.411584928631782532e-02
1.516486518085002899e-02
5.403654649853706360e-02
4.003398120403289795e-02
4.778150841593742371e-02
9.381268173456192017e-02
1.793145202100276947e-02
-5.469183251261711121e-02
7.654812932014465332e-02
-6.210651993751525879e-02
6.529396399855613708e-03
-3.993412852287292480e-02
-4.583011940121650696e-02
-1.872960478067398071e-02
7.796162739396095276e-03
1.354875881224870682e-02
3.303977474570274353e-02
1.989035494625568390e-02
-1.622890587896108627e-03
-5.050121620297431946e-02
3.741449490189552307e-02
-3.300876915454864502e-02
1.925158128142356873e-02
-2.415278740227222443e-02
3.472005948424339294e-02
7.420168071985244751e-02
-2.914795093238353729e-02
-2.440093085169792175e-03
-4.542833194136619568e-02
4.816851112991571426e-03
-2.169535029679536819e-03
5.747027695178985596e-03
1.927350088953971863e-02
-6.248163431882858276e-02
3.718743845820426941e-02
-6.466805189847946167e-02
-1.081870682537555695e-02
8.892548270523548126e-03
-1.897136680781841278e-02
6.051845848560333252e-02
-4.150575771927833557e-02
9.259784594178199768e-03
9.482167661190032959e-02
1.564534753561019897e-01
-4.115841537714004517e-02
1.723139919340610504e-02
6.218245252966880798e-02
8.281999034807085991e-04
1.410976797342300415e-02
1.268450170755386353e-02
-5.424670409411191940e-03
-1.538637280464172363e-02
2.378750219941139221e-02
7.539308629930019379e-03
5.699770525097846985e-02
6.686858087778091431e-02
9.769445285201072693e-03
5.039448663592338562e-02
4.266163706779479980e-02
3.555867820978164673e-03
5.109226703643798828e-02
-6.558645050972700119e-03
-6.714737974107265472e-03
2.303944528102874756e-01
-7.491493597626686096e-04
-2.086672793666366488e-05
-9.140795469284057617e-02
2.943422459065914154e-02
-1.366714946925640106e-03
-3.529268130660057068e-02
-3.012474998831748962e-02
1.912356726825237274e-02
-6.791478022933006287e-03
-4.212417639791965485e-03
-2.360012009739875793e-02
7.489243987947702408e-03
5.056895688176155090e-02
-3.599113970994949341e-02
8.338237181305885315e-03
-4.437885433435440063e-02
-3.457689308561384678e-04
1.703212969005107880e-02
3.743965923786163330e-02
-4.555221274495124817e-02
-1.252274364233016968e-01
-1.366197317838668823e-02
-7.110927999019622803e-02
-1.823249459266662598e-02
-1.721249660477042198e-03
2.635022066533565521e-02
2.661374770104885101e-02
3.193726018071174622e-02
3.866752982139587402e-02
-2.532349899411201477e-02
6.460656225681304932e-02
3.804923593997955322e-02
-7.046680897474288940e-03
-1.122372597455978394e-02
8.712385781109333038e-03
-3.258728235960006714e-02
-4.343272000551223755e-02
-2.163264341652393341e-02
-5.667576938867568970e-02
1.300779264420270920e-02
1.140759326517581940e-02
1.766976900398731232e-02
-1.132501009851694107e-02
-1.958446949720382690e-01
6.618274841457605362e-03
-5.311924964189529419e-02
8.805808611214160919e-03
7.421829551458358765e-02
-4.690950736403465271e-02
-1.703910902142524719e-02
-5.101246759295463562e-03
4.783540964126586914e-02
-6.006117444485425949e-03
-4.529963061213493347e-02
1.774814538657665253e-02
-3.777597844600677490e-02
5.866573750972747803e-02
1.609728485345840454e-02
9.310352616012096405e-03
4.741983022540807724e-03
-1.842398382723331451e-02
-3.108766302466392517e-02
2.653738297522068024e-02
1.065509859472513199e-02
1.156079396605491638e-01
3.822951763868331909e-02
5.587066709995269775e-02
-2.893215278163552284e-04
2.592918090522289276e-02
6.919868290424346924e-02
-6.233920343220233917e-03
-5.114497989416122437e-02
5.718545988202095032e-02
1.670436374843120575e-02
6.334275472909212112e-03
1.999360136687755585e-02
-6.885694712400436401e-02
2.215169928967952728e-02
-6.586569547653198242e-02
1.364814490079879761e-02
-3.149176947772502899e-03
3.943739831447601318e-02
1.137258298695087433e-02
4.556512460112571716e-03
-7.471946626901626587e-02
1.633516326546669006e-02
5.618491023778915405e-02
-1.182327885180711746e-02
1.892627961933612823e-02
8.106412366032600403e-03
2.133500017225742340e-02
-5.625180155038833618e-02
2.113540843129158020e-02
