0.02493926
-0.02986351
-0.02921974
0.00081969
-0.00464703
0.03293873
0.01303823
-0.01184841
-0.04059254
0.02244549
-0.01485956
-0.00577381
0.02103777
-0.01378684
-0.02842654
-0.00199490
-0.01016181
0.02398691
0.12544170
0.02179069
0.00101855
0.01536612
-0.01971703
0.02141275
-0.00966009
-0.00932165
-0.02203042
-0.00024479
-0.03082955
0.01525184
0.07980377
0.02277572
0.01343646
-0.02010655
-0.00727254
0.01790188
0.00185133
0.03162470
0.03021381
0.00338274
-0.03528314
-0.00518984
-0.08664840
-0.02779087
-0.01158755
-0.01028740
-0.04159095
-0.00465747
0.02329185
-0.00329460
0.02130638
-0.07321249
0.04988844
0.01345038
-0.02230874
-0.00918225
-0.01726255
0.00393325
0.44331518
0.06194335
-0.02234795
0.01557399
0.01745352
-0.01321035
0.00328402
0.04618870
-0.00707468
-0.01317393
0.00580560
0.01514906
0.02885185
-0.00751058
-0.00433532
0.00583679
-0.04056380
0.01808165
-0.01731790
-0.02512318
-0.00975890
0.06556679
-0.01568787
0.02955601
-0.00578811
0.07269666
0.05466035
0.00764226
0.00061117
-0.01743848
0.03498549
-0.00537817
0.01821874
0.01469076
-0.00462509
-0.01267103
-0.02781807
-0.01309786
0.02484094
-0.02136771
0.04390022
-0.00829970
-0.01150510
0.01093715
-0.01028517
0.01946398
0.01872412
-0.00921418
0.04604674
-0.00932055
0.02394116
-0.02456025
-0.01680129
0.02401932
0.02406836
-0.00241024
-0.00921488
-0.00788543
0.02778997
-0.01881302
0.00261011
0.00026389
0.00296422
0.00955350
-0.00251044
0.00542569
-0.02749269
0.00680224
-0.01735824
0.00484434
0.00790331
0.01561988
0.00494882
-0.00876946
-0.02702957
0.00493478
-0.02686277
-0.00108003
0.02386921
0.00973090
-0.06560133
0.02725754
-0.03141046
-0.00448421
-0.00589157
-0.00425530
-0.00760237
0.14903460
-0.01817841
-0.01472709
-0.00659361
-0.02195676
0.03693321
0.02153958
0.00227514
0.03862070
-0.00071918
-0.03631097
0.00286060
-0.00808140
-0.05568486
-0.02014654
0.00411300
-0.04268273
0.00299040
0.00763173
-0.00270999
0.04633689
-0.02421989
-0.01781782
-0.02439422
0.00310767
0.01690982
-0.01171238
0.01795339
0.02997314
0.04283615
0.01236459
0.03694903
-0.00895203
-0.04233406
-0.00456480
0.00119467
-0.02688620
0.00498969
0.02321985
0.03315531
0.05206460
0.01012155
-0.00835218
0.00275303
0.02305643
-0.00435361
0.03884730
-0.00687752
-0.01491731
-0.00730763
0.02125916
0.02087684
0.02045039
0.05572682
-0.03497104
0.00127814
0.01829883
0.04948593
-0.01214967
0.00537067
0.00114031
0.00557291
0.02784647
0.00101045
-0.07441762
-0.00852384
0.00704945
-0.00006645
0.01015873
-0.00787143
-0.03596423
0.00518632
0.04627320
-0.01001213
0.01592858
-0.01995606
-0.78262877
-0.00042506
-0.02766986
-0.01464821
-0.01042642
0.03220915
-0.00257445
0.01227420
0.01187643
-0.00970056
-0.02507962
-0.00879691
0.01732813
-0.03373675
0.03044294
0.00022527
0.00536166
-0.00285515
-0.01332925
0.02728771
0.00238657
-0.04761109
0.00005772
-0.02089719
0.02264831
0.02556399
0.00362309
0.00308896
0.02782461
-0.00892060
0.00818193
0.02361344
0.01356685
-0.00693322
-0.00732122
-0.11578037
0.05992084
-0.06188356
0.12548649
-0.13221532
-0.02613859
0.02824646
0.05547437
0.01256156
-0.05924035
0.04871543
0.14150940
0.02683894
0.08754270
-0.01196711
-0.02783971
-0.10724611
-0.03738092
-0.09405015
-0.06407942
0.01920756
0.09649469
-0.18532816
-0.01872405
0.08789051
-0.02131831
-0.10784192
-0.07073299
-0.07693867
0.04774208
-0.01480425
-0.04425708
0.03426183
0.06773846
0.05629867
0.11812423
0.00338475
0.01451714
-0.07290250
0.05312408
-0.02572471
0.14244494
0.06919298
-0.03064111
-0.06073857
0.04169661
0.81644291
-0.10264187
0.06489752
0.07852057
0.04088365
-0.00356122
0.01797900
0.05662911
-0.06334572
-0.13482711
-0.07465784
0.02450241
0.00820711
0.07921271
-0.05946927
0.06729845
-0.00565659
0.04174183
0.01266121
0.03214341
0.02334734
-0.02890535
0.01665554
0.00226950
0.02178186
0.01440471
-0.02089729
0.01728920
0.01805983
0.04159158
0.00213628
-0.04621810
0.02066339
-0.01873884
0.05067912
0.03073805
-0.05920675
-0.01811366
0.03223828
0.01003386
-0.03977000
-0.03838119
0.04002713
-0.14060196
0.01727866
0.03701647
0.00288269
0.12685132
0.08359076
-0.08112457
-0.00170256
-0.04262459
-0.03096054
-0.02382330
-0.00622875
0.04041123
0.03522295
0.05628501
0.09716190
-0.00579794
0.05714922
-0.05654681
-0.03854038
-0.01749477
0.01736772
-0.06013301
-0.00606543
0.01742459
-0.01997181
0.11082001
0.04754269
0.04833344
-0.00398302
0.01106803
0.05117830
0.00751059
0.03248752
-0.00155824
0.00573776
0.03529955
0.04116474
-0.04015226
0.02182044
-0.02610802
-0.01884974
0.00849722
-0.08906773
-0.01150595
0.06838426
0.04013203
-0.00338208
0.01547517
0.01357000
0.02647599
0.06444246
0.04381316
-0.07130897
0.00402560
-0.06021532
-0.00955663
-0.10952490
0.00659689
0.03006040
-0.03623116
0.04706431
0.02758714
0.03677811
0.03438279
-0.02356230
0.00322215
-0.00062226
-0.05279383
0.00061607
-0.00708336
0.03696457
-0.02158619
0.01885343
0.00255572
-0.02717134
-0.00083941
0.14932102
-0.01674417
0.03365200
-0.02350388
0.01262218
0.02141853
0.05192060
0.03777393
-0.02723670
0.06592749
-0.01664203
-0.00421712
0.00772221
0.00587283
0.01261911
0.02026437
0.02277485
0.00668241
0.00609272
0.01248471
-0.04227599
0.01282049
0.04366233
0.01701782
0.00403786
0.03787524
0.04786592
-0.07368681
0.01848374
0.07978203
-0.05289829
0.01205509
0.00480295
-0.01829922
-0.00605553
0.05506717
0.01918064
0.02544666
0.08072636
0.01762730
0.05166559
0.04069226
-0.01605219
0.02495291
-0.07018677
-0.02102668
-0.03385222
-0.04748255
0.01090718
-0.01080364
0.01010550
0.07717764
-0.03269254
-0.01537133
0.00535553
-0.03156865
0.01371660
-0.04368584
-0.03504612
-0.02338828
-0.07820187
0.03939992
0.01152588
-0.04157684
-0.00825095
0.05852456
-0.01288333
0.02009800
0.00987983
-0.03275630
-0.01419680
0.01213333
0.06305303
-0.00095252
-0.03293980
0.01803580
-0.01552251
0.00190104
-0.02581513
-0.02292079
-0.00983264
0.07041772
0.04429517
0.03828256
-0.00735895
0.00482407
-0.00193611
-0.03176662
-0.03597604
-0.00304100
0.03895727
0.04631000
0.01648711
-0.01038502
-0.01595052
0.01831725
0.05163611
0.05225183
-0.09454651
-0.01816353
0.00228288
-0.01600556
0.00218261
-0.00120289
0.09304320
-0.06587806
-0.17350991
-0.03660305
0.01803271
-0.01443600
0.03858927
-0.00581659
-0.03636731
0.00863187
-0.01327996
-0.02654495
-0.01081125
-0.02211340
0.00763483
-0.02277691
0.01034174
0.07049286
0.03613140
-0.00652800
-0.01085869
-0.01212955
0.00928777
-0.07756386
-0.00315905
-0.03504067
0.04129156
0.01540595
-0.01437315
0.03323368
-0.00259856
0.00360310
0.03807869
0.01848045
-0.10734621
0.00237270
-0.05117633
0.05600321
-0.00919682
-0.01388033
-0.03401292
0.00528927
0.08006912
0.01594690
-0.01601132
-0.06689683
-0.01808188
0.00698786
0.06839587
-0.01986588
0.03939231
-0.03774166
0.02648376
0.05272189
-0.03830223
0.00390803
-0.05204459
0.00778557
-0.03561521
-0.01059364
-0.01005631
-0.00396183
0.03593770
-0.01362213
0.04145400
0.01309693
0.16072686
-0.01488497
-0.03046525
0.05963282
0.00175127
-0.02689179
-0.01575107
0.02289812
0.02789251
-0.01645963
0.02552072
0.05029966
-0.02572628
0.00368233
-0.05381900
-0.05424207
0.01128889
0.05009777
0.00301791
0.01728217
-0.00920489
0.05971204
-0.07644946
-0.00176758
0.06379867
0.02194502
-0.02655186
0.01457283
0.02107115
0.03437301
-0.02976055
-0.07311555
-0.00119500
0.16306217
0.05965732
-0.03257870
0.05753025
0.02664499
-0.03942487
-0.04564507
-0.02183265
0.05672117
-0.06428227
-0.00177197
0.14258583
0.01100167
0.09369928
-0.00651159
-0.04131155
-0.01544721
-0.04216462
-0.06869265
0.00809314
0.01800559
-0.03846795
-0.07179496
0.01164093
0.03630906
0.03045740
-0.01357089
-0.01972602
0.04143132
0.00441504
-0.01135544
-0.02536887
0.00235889
0.02017343
-0.01795100
0.02688582
-0.02969126
-0.00334705
-0.00025861
0.02486574
-0.06111793
-0.01839001
-0.00628251
0.02118330
0.04264630
-0.02025877
-0.00129487
-0.04334957
0.03931917
-0.02736587
0.03349931
0.00239238
0.01043676
0.03062194
0.04895505
0.10493708
0.02234803
-0.05321943
0.08994830
-0.03700681
0.00442452
-0.03805486
-0.04379509
-0.03160054
-0.00330085
0.00230962
0.05226067
0.02405107
0.01482530
-0.04132228
-0.00620084
0.00368825
0.06511290
-0.01917163
0.03452638
0.07257707
-0.02613092
0.01092414
-0.01806595
0.01262313
-0.00560973
-0.00594394
0.05952440
-0.09976262
0.05636076
-0.04698149
0.00580061
0.01575894
-0.03772721
0.05225934
0.00093332
-0.00855331
0.08185216
0.15896371
-0.02765108
0.03869399
0.02896634
0.01266592
0.00083145
-0.00700991
0.00366934
-0.01615538
0.01505490
0.02361869
0.04846670
0.04467716
0.00292752
0.06420577
0.03383256
-0.00921492
0.03889999
-0.00080460
0.01916379
0.25747338
-0.00429733
0.02093492
-0.05252704
-0.00756692
-0.00447826
-0.06696998
-0.01478486
0.04308148
0.00561031
-0.01640361
0.00407386
0.02031459
0.02889024
-0.02482898
0.01223028
-0.04306144
-0.01075022
0.00956255
0.01721502
-0.01490147
-0.12543483
-0.02036629
-0.08620673
-0.00374491
0.01158799
0.01997885
-0.01386561
0.00267949
0.06018317
-0.03354103
0.05005782
0.03072173
0.00836361
-0.02421374
0.00469972
0.00861299
-0.01748777
-0.01008135
-0.03545711
0.03044119
0.04327059
0.00056107
0.00792887
-0.21619900
0.00088724
-0.03837277
0.00247083
0.03733963
-0.05547170
0.00046970
-0.00305721
0.06119550
0.00157637
-0.04827600
0.04412503
-0.02528763
0.01943307
0.00666747
0.01625509
-0.01251474
0.00459046
-0.05428109
0.01776966
0.01385395
0.08852693
0.04099501
0.02915033
-0.05523726
0.02520669
0.05333743
-0.02183858
-0.04079314
0.05081605
0.01193293
-0.02791808
0.02131273
-0.06070751
0.02566503
-0.07132070
0.01874181
-0.00229298
0.05331881
0.04062957
0.01323093
-0.09686048
-0.00057603
0.06542864
-0.00737662
0.01640055
0.05660286
0.00542163
-0.03998604
0.01296274
