0.02868351
-0.02343328
-0.04059110
-0.00218320
-0.00730825
0.02928877
0.00925967
-0.02136953
-0.05291865
0.02145303
-0.00673574
-0.01684514
0.03311862
-0.02154658
-0.03888061
-0.00128883
-0.01578217
0.03203195
0.14733046
0.02585459
-0.00464265
0.00825664
-0.01407455
0.02792338
-0.00182613
-0.01693426
-0.02231385
-0.00472194
-0.02982457
0.01696376
0.11109109
0.02190159
0.00987733
-0.01584993
-0.01318459
0.00492704
0.01105580
0.02752859
0.02818574
0.02992214
-0.02978109
0.00567318
-0.08076975
-0.01911125
-0.01875788
-0.00492846
-0.04865681
-0.00027146
0.02636505
-0.01126123
0.03051550
-0.07175118
0.07346354
0.02791945
-0.01703657
-0.00025730
-0.03061873
0.00572077
0.43664509
0.07758772
-0.02104562
0.02801426
0.00908329
-0.00682453
0.01001840
0.04941506
-0.00008092
-0.00698656
-0.00678513
0.01384129
0.02457297
-0.00027335
-0.00642737
0.01634126
-0.05005867
0.01886085
-0.02454056
-0.03475514
-0.00814064
0.05374160
-0.01769493
0.01759332
0.00410872
0.07186896
0.05988229
-0.00110672
-0.00484465
-0.02103658
0.04117775
-0.01922868
0.02400016
0.00877320
-0.01952222
-0.01508581
-0.02265177
-0.01380845
0.02664232
-0.02506874
0.05741563
-0.00645878
-0.01391579
0.01019164
-0.01370833
0.02334170
0.02633898
0.00501321
0.06110786
-0.00464213
0.02800420
-0.01907500
-0.01414448
0.03007833
0.03752359
-0.00545267
-0.00559373
0.00191039
0.03522176
-0.02007274
0.00579480
0.00055374
0.01423624
0.00433286
0.00388784
0.00859908
-0.01629673
0.02543250
-0.01928789
0.00577759
0.00548029
0.00718674
0.02840716
-0.00571849
-0.02752540
0.01036172
-0.04313276
0.00554301
0.04663472
0.00669005
-0.05044949
0.02381372
-0.02937496
0.00750375
-0.00566377
0.00695470
-0.00843238
0.15365966
-0.02764530
-0.01282716
-0.00253551
-0.01871222
0.05128222
0.03005175
0.00956544
0.05311685
0.00467861
-0.03908150
0.01033171
-0.00556286
-0.05367795
-0.01952569
0.00094256
-0.03536997
-0.01376973
-0.00165298
-0.01301600
0.05449356
-0.03052571
-0.02414625
-0.01975130
0.00016807
0.01787453
-0.01605562
0.02303340
0.03440386
0.05362510
0.01812419
0.04364435
-0.01038067
-0.04476141
0.00087969
0.00611470
-0.03029374
0.00052959
0.01242546
0.04320264
0.05756871
0.04660639
-0.01019589
-0.00102478
0.02257722
-0.02857949
0.03129348
-0.01794156
-0.01448882
-0.01063081
0.02324854
0.03329650
0.01425204
0.07711849
-0.04163016
-0.02455493
0.01254842
0.06740661
-0.00478121
0.00648773
0.01592447
0.00226007
0.02683821
0.00764682
-0.07895790
-0.00072218
0.01019182
-0.01161749
0.00223820
0.00274217
-0.04111772
0.01426167
0.05897433
-0.00938080
0.02846380
-0.02231938
-0.74920911
0.00468746
-0.03126803
-0.01271968
-0.01087248
0.04898802
-0.00137558
0.01471781
0.01588162
-0.01164053
-0.02019096
-0.00228343
0.02454395
-0.03804583
0.04431829
0.00752592
-0.00470727
-0.00516148
-0.01277391
0.02813954
-0.01036469
-0.03898153
0.01189793
-0.02646977
0.01310592
0.03050895
-0.01141870
0.01814764
0.03898929
-0.01214459
0.00548809
0.01883174
0.01728465
-0.00882761
-0.01373525
-0.07172961
0.05868401
-0.00530743
0.02540409
-0.11638860
-0.15546289
0.07512286
0.01582103
0.00847534
-0.09296374
0.03771927
0.02981858
0.01878569
0.06131494
-0.12813409
-0.08466994
-0.12653363
-0.05272650
0.02505813
-0.05688591
0.05852923
0.03932337
-0.25007796
-0.00465912
0.12745810
-0.08629905
-0.01981604
-0.07828492
-0.09136234
-0.01455635
0.03245987
-0.00326956
0.00661342
0.17957492
0.04154378
0.20684844
0.06214069
-0.07074995
0.01140678
-0.01411240
-0.02982126
0.00787463
0.07030032
-0.01876799
0.01901559
0.06100540
0.75800812
-0.01011054
0.11991931
0.15114141
0.03176740
0.03846668
0.07110762
0.01991508
-0.10045695
-0.03842577
-0.01728014
0.00299112
0.03550062
0.05861312
-0.10139347
0.18518184
-0.02747880
-0.01747638
0.01260656
0.03558049
0.01672077
-0.03129524
-0.00806780
0.02799600
-0.02631868
-0.05200746
0.02121928
0.02153287
-0.01120697
0.07757927
0.02909098
-0.03481252
0.03063686
-0.00295729
0.04775729
0.00234427
-0.03882909
-0.02066823
-0.04247595
0.04112604
-0.08298428
-0.06082321
0.05426296
-0.16197740
0.00567814
0.03939166
0.01809047
0.10477290
0.07486866
-0.12452646
-0.02891414
0.00937758
0.01554291
-0.02297558
-0.02360786
0.00521906
0.00781831
0.00445986
0.08484671
-0.02058748
0.03879056
-0.04696799
-0.00014669
-0.06449242
-0.00103563
-0.02181415
-0.01890744
-0.01080928
-0.01717378
0.14574757
0.01011174
0.03883454
0.03193690
0.00012826
-0.01990447
-0.00587071
0.01425122
0.06255525
-0.02020167
0.02623699
-0.01130319
-0.00676984
0.02748664
0.00061045
-0.00524032
0.01782731
-0.06783418
-0.02016207
0.02417527
0.00907755
-0.00404961
-0.01037892
0.03417943
0.03828963
0.14269255
0.10056213
-0.07632333
-0.05680620
-0.02437153
0.02936704
-0.12206736
0.00063068
0.00545924
-0.00238560
0.05080289
0.04337751
-0.00828534
0.06992221
-0.03252559
-0.01472967
-0.01915349
-0.04932298
-0.03384351
-0.02478436
0.01703572
-0.03486319
-0.00700239
-0.01284549
-0.00193243
0.02296148
0.16236062
0.00805421
0.01241518
-0.08342796
-0.01871189
0.00281505
0.07262607
0.01920730
0.02626977
0.01131400
-0.02515713
-0.03522798
0.01398819
-0.02651658
-0.01467592
-0.01783132
0.03163747
0.03127242
-0.01564590
-0.01673452
0.02513348
0.03310118
-0.01240272
-0.02437484
-0.02287460
0.04244167
0.03567187
-0.01734005
0.02665774
0.05033823
0.00765156
0.01757045
0.02114217
-0.02280710
0.01359648
0.05565519
0.05242122
0.02579198
0.07961039
-0.01629233
0.05133261
0.03737534
0.02065330
-0.02795129
0.01224217
0.02496362
-0.04182117
-0.05843643
-0.01864444
0.00709731
-0.01781029
0.04521833
-0.01186598
-0.00650097
0.00116195
-0.09440050
0.02919592
-0.02085775
-0.03788474
-0.00986841
-0.06572334
0.01235307
0.01015893
-0.01935824
-0.01031646
0.09359855
-0.03317437
0.02241402
0.04737602
-0.04113067
0.00815423
0.02515777
0.09591772
-0.00098068
-0.02776687
-0.00066748
0.00480365
0.01015839
0.00945170
-0.05873007
0.01454511
0.03963145
-0.00822895
-0.00671233
-0.01480674
-0.02165530
-0.04078640
0.01558866
0.01267344
0.02579569
0.01865782
-0.04756743
0.03818071
-0.03604636
0.01242985
0.01252061
0.02444644
-0.00050963
-0.07612979
-0.00040193
-0.03948776
-0.01266833
-0.01090809
0.01825734
0.08076577
-0.03029819
-0.20699623
-0.01581190
-0.03513929
-0.00047991
0.02795679
0.01918972
-0.03278310
0.01320463
-0.02363316
-0.00856345
-0.03723890
0.02533937
0.00909507
-0.06353821
-0.01070990
0.06791114
0.01730276
0.04014553
-0.00880453
-0.00058886
0.05525199
-0.05411049
-0.02013571
-0.01541443
0.01287144
0.01900641
0.01519466
0.02915915
-0.02006719
-0.04171079
0.04379038
0.03489140
-0.14785770
-0.05511946
-0.05550262
0.05338084
-0.00505587
-0.05207315
-0.04044299
0.00951277
0.06155180
0.00950607
-0.03880479
-0.04280156
0.03798761
0.04183742
0.07569637
0.04196773
-0.00967384
-0.03139524
0.04726970
-0.00892843
0.00187011
0.04294180
-0.03668591
0.02207265
-0.02146403
0.00846724
-0.01844209
-0.00766045
0.04351799
-0.04551208
0.06266290
0.02721743
0.12620752
0.06713757
-0.03165011
0.00754993
-0.00148703
0.01388584
-0.02886956
0.04058615
-0.03554488
0.07560025
-0.01183100
0.06972625
-0.01791979
0.01910762
-0.04922723
-0.02223668
0.00512248
0.06553021
-0.01298428
-0.01032092
0.02443465
0.08419520
-0.04031538
-0.05373454
0.04904568
0.01627400
0.00440432
0.01199407
0.04025263
0.00581134
-0.04933880
-0.04276325
0.03807993
0.17641567
0.07875921
-0.03166009
0.05145809
0.01741958
-0.07039079
-0.07805427
-0.02933462
0.02673740
-0.01048729
0.01013706
0.12807421
-0.01223828
0.11396895
0.01449257
-0.01597668
-0.02613759
-0.03274236
-0.04690988
-0.02386275
0.00067417
0.01257090
-0.04205185
-0.00753864
0.04469969
-0.00978577
-0.02105511
0.00058677
0.02917119
-0.00489769
-0.03519582
-0.01016121
-0.00483384
-0.01446080
-0.05225945
0.06911566
0.00997212
0.01196198
-0.00085075
-0.01016930
-0.03381452
0.03397406
-0.01136262
0.00381982
-0.00324205
0.01335243
-0.03703379
-0.03455319
0.02683742
-0.01027843
-0.01122958
-0.04641185
0.04354753
0.01968357
0.01620100
0.10464865
-0.00239601
-0.03989133
0.00249149
-0.03392889
0.01583456
-0.03616415
-0.08077949
-0.03339206
-0.03392202
0.04661762
0.02947299
0.03015639
-0.00791592
-0.02696838
0.00935682
-0.02524634
0.03559639
-0.01587032
0.03840546
0.02711060
-0.02395498
0.03562770
-0.02264973
-0.02983181
-0.00912010
0.02766629
0.09220183
-0.05808586
0.04823701
-0.08914369
-0.01742765
0.02307854
-0.01108272
0.00577208
-0.00695868
-0.00991230
0.05452665
0.06762993
-0.01552878
0.01977388
0.08392914
-0.00738662
-0.01395260
-0.01173972
-0.01719742
-0.01711002
-0.03244272
0.01817198
0.06020490
0.06886542
-0.00905146
0.02035016
0.04862342
-0.00945079
0.07231075
-0.03307623
0.01884844
0.17549822
-0.03149259
0.02946214
-0.09734562
-0.00750643
0.01802941
-0.00559752
-0.03010474
-0.00698026
0.00383333
-0.03139129
0.01134754
0.05201334
0.04131211
-0.03676681
0.04867423
0.02330101
-0.04010944
0.04479177
-0.00289540
-0.02545469
-0.11618966
-0.03419957
-0.07770206
-0.00250898
0.00099411
0.03910850
-0.00945550
-0.00971248
0.00481450
-0.00180639
-0.00644309
0.02084302
0.01358082
-0.01438203
0.02195256
-0.03024162
-0.03774382
0.03664146
-0.02273365
0.01537015
-0.01600195
0.02706355
0.02360829
-0.16762257
0.02120786
-0.09123062
0.01315836
0.08003622
-0.04911819
-0.01055603
-0.01578211
0.02501404
0.05306489
-0.02620791
0.04152626
-0.00660731
0.03275090
0.01461094
0.01284024
-0.02247169
-0.02199190
-0.02191032
-0.03027051
0.04657906
0.09389248
-0.01392840
0.03537764
-0.05868556
0.04338907
0.03111054
0.01919141
-0.01251055
0.05651920
0.01351708
0.01551376
-0.02048157
-0.01269365
0.01637851
-0.02191255
-0.01458957
0.00046588
0.01614228
0.03247705
0.08683090
-0.07186337
0.02483798
0.02650510
-0.00439877
0.04103413
0.04080275
0.02420681
-0.06608366
0.02389507
