0.0428322702646255
-0.0631116256117821
0.0799691230058670
0.0948621332645416
0.0898797512054443
0.0415075831115246
-0.0456416681408882
-0.1042793467640877
-0.0322789251804352
-0.0910273641347885
-0.0387258827686310
0.0088502746075392
0.1142281219363213
0.0748362839221954
0.0370250530540943
0.0731917247176170
0.0604945644736290
0.0686876848340034
-0.0416146889328957
0.0426462329924107
-0.0039247740060091
-0.0379664525389671
0.0480291843414307
-0.0946899056434631
-0.0300237629562616
-0.0246174614876509
-0.0509690381586552
-0.0000344419167959
-0.0183434821665287
0.0516030751168728
0.0685715228319168
-0.0968809723854065
0.0243803653866053
0.0383921451866627
0.0162825118750334
-0.0017171145882457
0.0839585661888123
0.0619037076830864
-0.0404090285301208
-0.0672033503651619
0.0171556547284126
-0.0801508948206902
-0.1008230224251747
0.0190365426242352
-0.0672140270471573
-0.1060407534241676
0.0376913659274578
-0.0243793129920959
-0.0128873456269503
0.0902672931551933
0.0253525450825691
-0.0799018740653992
-0.0863919630646706
0.0728757232427597
-0.1025461256504059
0.0647978931665421
-0.0091405585408211
-0.0231491271406412
-0.0423174612224102
0.0191121473908424
-0.1110017746686935
-0.0113934129476547
-0.0322330668568611
-0.0566811673343182
0.0673423931002617
0.0013938000192866
0.0815856307744980
-0.0965589135885239
0.0610512755811214
-0.0931036472320557
-0.0626576766371727
0.1072386279702187
0.0613355077803135
0.0586967431008816
-0.0612682774662971
0.0320699475705624
-0.0400743037462234
0.0068713929504156
0.0667836815118790
0.0828479751944542
0.0398465394973755
-0.0909560397267342
0.0250787101686001
0.0033848036546260
0.0288514625281096
0.0490770936012268
0.0184812825173140
0.0125471530482173
0.0579271502792835
-0.0319901145994663
-0.0282612964510918
0.0318514294922352
-0.0511523447930813
0.0974923744797707
-0.0132801672443748
-0.0176049210131168
-0.0018969402881339
0.0884513109922409
0.1024140939116478
-0.0859560742974281
-0.0244226139038801
0.1272601932287216
0.0535883679986000
-0.1548003703355789
-0.0502499192953110
-0.0284205060452223
0.0547753833234310
-0.0567349307239056
-0.0775106549263000
-0.0093949735164642
-0.0264322664588690
0.1230813190340996
-0.0085581662133336
0.0424607917666435
-0.0006791431806050
0.0506724491715431
0.0151183893904090
-0.0682337805628777
0.1155863776803017
0.0045676724985242
0.0612851455807686
0.0040286630392075
0.0616974681615829
0.0602959096431732
0.0099951829761267
0.0035152744967490
0.0302886292338371
-0.0317938327789307
-0.1109635978937149
-0.0938091203570366
0.0112875010818243
0.0758892446756363
-0.0688479393720627
0.0038243385497481
0.0590071864426136
0.0774507299065590
-0.0704671517014503
0.0336292274296284
0.0358082689344883
-0.0528527013957500
0.0862345695495605
-0.0177886784076691
-0.1223733797669411
-0.1000402793288231
-0.0424680039286613
0.0108986301347613
-0.0819982439279556
0.0709615051746368
0.0739494413137436
-0.0475357212126255
-0.0284723695367575
0.0284042563289404
-0.0191867109388113
0.0254209600389004
-0.0057609113864601
-0.0857231467962265
0.0347528755664825
-0.0975874513387680
0.0038603283464909
-0.1211111471056938
0.0350477360188961
-0.0909039080142975
-0.0540408939123154
-0.0095477057620883
-0.0683070346713066
0.0176167804747820
-0.0331086404621601
0.0196646209806204
-0.0498069524765015
0.0526725575327873
0.0794160515069962
-0.0469144545495510
-0.0531122460961342
-0.1052307412028313
-0.0330211222171783
0.1077187508344650
-0.0601667016744614
-0.0343047529459000
0.0407303497195244
-0.0041522425599396
0.0220460761338472
-0.0010708215413615
0.0413910187780857
-0.0937484204769135
-0.0184988658875227
0.0854461640119553
-0.1479362249374390
0.0475559644401073
-0.0978301987051964
0.0689352527260780
0.0346581451594830
-0.0559584721922874
-0.0395309478044510
0.0946836993098259
0.0020885635167360
0.0901719629764557
0.0485606305301189
0.0585676692426205
-0.0015666520921513
0.0109290219843388
0.0285257101058960
0.0768238976597786
0.0062905973754823
0.0581320114433765
0.0451853871345520
0.0740797817707062
0.0307574924081564
0.0046928990632296
0.0647310242056847
-0.0799188464879990
-0.0223647486418486
0.0555247925221920
-0.0465705692768097
-0.1016357466578484
0.0102941123768687
-0.0430784448981285
-0.0930805057287216
-0.0191367547959089
-0.0218658111989498
-0.0921427905559540
-0.1002937704324722
-0.0097936354577541
-0.0276754032820463
0.0170257277786732
-0.0619453303515911
-0.0324147939682007
-0.0390074066817760
-0.0049722222611308
-0.0547202266752720
-0.0341968573629856
0.0141965672373772
-0.0081720342859626
-0.0106895966455340
-0.0269992183893919
0.0654826462268829
-0.0802081599831581
0.0402820482850075
0.0160767193883657
0.0926399827003479
0.0391470044851303
-0.1360303461551666
-0.0582852028310299
0.0716820061206818
-0.0767331272363663
0.0312575697898865
-0.0373970903456211
0.1089745685458183
0.1483381688594818
-0.0399141572415829
-0.0868840813636780
0.0487625934183598
-0.0277641862630844
0.0712358877062798
0.1246304735541344
0.0692965909838676
0.0592854097485542
-0.1116667315363884
-0.0590518452227116
-0.1243327409029007
-0.0435751415789127
-0.0602966509759426
-0.1008696109056473
0.0190386101603508
0.1140158697962761
-0.0300645139068365
0.0598215535283089
-0.0999178737401962
0.1076111346483231
0.0100699961185455
0.1461531370878220
-0.0667229816317558
0.0219215936958790
-0.3698340654373169
-0.0305239576846361
0.0920211225748062
-0.2651199400424957
0.0133477700874209
-0.0484472103416920
0.0332509577274323
-0.0490844883024693
-0.0084016667678952
0.0107895005494356
-0.1742664277553558
-0.1997336894273758
0.0604588091373444
-0.1312721073627472
-0.1423338651657104
-0.0674188360571861
-0.0162441227585077
-0.1172472089529037
-0.2321872860193253
-0.0895983427762985
0.0771493837237358
-0.0040210993029177
-0.0821440666913986
-0.1290142536163330
-0.0181576143950224
-0.0537026003003120
0.0667405948042870
-0.0390758216381073
-0.0484943389892578
0.0552075803279877
0.1877990663051605
-0.2603325545787811
-0.0971320495009422
0.0161052010953426
-0.0266767386347055
0.0267119165509939
0.0783829540014267
-0.1800068020820618
0.0433663018047810
-0.2528618276119232
0.1234071329236031
0.0911754220724106
-0.2056634724140167
0.2037310600280762
0.0296976584941149
0.3024441301822662
-0.0229201111942530
-0.0988363102078438
0.0089337993413210
0.0261624362319708
-0.0012777646770701
-0.0075643043965101
0.0063257832080126
0.0679188892245293
-0.0493182502686977
-0.0140671897679567
0.1048169285058975
-0.0272258333861828
-0.0202867649495602
-0.0274425894021988
-0.0121168429031968
-0.0206413399428129
-0.0812167525291443
-0.0405111759901047
-0.0200807191431522
0.0144421868026257
0.0446267761290073
0.0013261368731037
-0.0507529079914093
-0.0834648981690407
0.0448089130222797
-0.0053209494799376
-0.0426285006105900
-0.0312379710376263
-0.0467769578099251
-0.0496425554156303
0.0678745359182358
-0.0315651185810566
0.0344818308949471
-0.0287679452449083
-0.0251777172088623
-0.0389312133193016
-0.0854801684617996
-0.0402398109436035
0.0304392147809267
0.0921220406889915
-0.0710643380880356
0.0368442349135876
-0.0095903715118766
-0.0506445840001106
-0.0438542701303959
-0.0144803021103144
-0.0041478946805000
-0.0524722822010517
-0.0317002199590206
-0.0600732266902924
-0.0149574950337410
-0.0583299063146114
-0.0249592997133732
-0.0803758874535561
-0.0311755295842886
0.0182694215327501
0.0125693492591381
-0.0544160157442093
-0.0360197238624096
0.0087274406105280
0.0327897481620312
-0.0634794160723686
-0.0632997825741768
-0.0860826224088669
0.0113305244594812
-0.0709611997008324
0.0320297479629517
-0.0018619667971507
0.0152381444349885
-0.0482811033725739
-0.0112043963745236
-0.0111330496147275
-0.0005928718019277
0.0465247519314289
0.0624059252440929
-0.0747275277972221
0.0364372953772545
-0.0265262145549059
0.0155017320066690
-0.0683228448033333
0.0366064235568047
0.0403853878378868
0.0187320914119482
0.0353452935814857
0.0598921105265617
0.0588392131030560
0.0526623055338860
-0.0828554108738899
0.0377435050904751
-0.0455558039247990
-0.0249797292053699
0.0251497644931078
-0.0028954921290278
0.0638387426733971
0.0854909271001816
0.0624274984002113
0.0025087730027735
0.0262414235621691
-0.0544405467808247
-0.0594308152794838
0.0445778109133244
0.0563378296792507
-0.0215232558548450
-0.0143116889521480
0.0200559496879578
0.0447319149971008
-0.0982469692826271
0.0320834256708622
0.0223358534276485
0.0148883843794465
0.0099618937820196
0.0305117964744568
0.0319394879043102
0.0717431753873825
-0.0076566496863961
-0.0014210323570296
-0.0616985820233822
-0.0654871240258217
-0.0037197542842478
-0.0311599932610989
0.0050548571161926
-0.0644782483577728
-0.0023262603208423
-0.0440433695912361
-0.0363320447504520
-0.0222078189253807
0.0472387261688709
0.0881454944610596
-0.0086789457127452
-0.0738402530550957
-0.0282461009919643
-0.0443056784570217
-0.0548608452081680
0.0020892762113363
0.0507306344807148
-0.0104928547516465
0.0400972776114941
-0.0224685706198215
0.0067506604827940
0.0151984710246325
0.0416907258331776
0.0135607812553644
0.0621276274323463
0.0116818370297551
-0.0382303521037102
-0.0374336279928684
-0.0552434995770454
0.0519439578056335
-0.0798743367195129
0.0461155660450459
-0.0239963605999947
0.0439681671559811
0.0471188351511955
0.0094462726265192
0.0390647165477276
0.0125902090221643
0.0294574555009604
0.0482836775481701
-0.0223919227719307
-0.0364110991358757
-0.0114256916567683
0.0062794969417155
0.0672508180141449
-0.0335790514945984
-0.0446063950657845
-0.0254968870431185
-0.0008257040171884
-0.0365995392203331
-0.0506981499493122
-0.0113533865660429
-0.0152114536613226
0.0112395333126187
-0.0485305488109589
-0.0330044068396091
0.0081722708418965
0.0081095602363348
-0.0408752560615540
0.0303086005151272
0.0278281737118959
-0.0391337200999260
-0.0360869541764259
0.0521374419331551
-0.0752976834774017
0.0048877745866776
-0.0042988364584744
-0.0328001342713833
-0.0666853412985802
-0.0137523617595434
0.0591599307954311
0.0640401020646095
-0.0193756856024265
-0.0584764331579208
0.0091351885348558
0.0188365932554007
-0.0171516519039869
0.0588870272040367
0.0519726648926735
0.0427226647734642
0.0204660166054964
0.0687968060374260
0.0474585145711899
-0.0180747453123331
0.0317373014986515
-0.0494465008378029
-0.0192856080830097
0.0626019462943077
0.0324727930128574
0.0279273018240929
-0.0064874282106757
-0.0497903414070606
-0.0833603069186211
0.0277555007487535
-0.0569339022040367
-0.0231333337724209
0.0115619674324989
-0.0237837024033070
-0.0492263771593571
-0.0270705148577690
0.0400942377746105
0.0570471808314323
-0.0017898110672832
-0.0243227742612362
-0.0945615693926811
0.0047961780801415
0.0218987520784140
-0.0663587525486946
-0.0243269763886929
-0.0202719625085592
0.0513070933520794
-0.0249010082334280
0.0320106856524944
0.0222610756754875
-0.0504902265965939
-0.0514349639415741
-0.0161317065358162
0.0463253036141396
-0.0730220675468445
0.0266119223088026
0.0377206243574619
0.0125627750530839
0.0254243388772011
0.0060773710720241
0.0430367738008499
0.0497395284473896
-0.0219593010842800
0.0153612429276109
-0.0141371889039874
0.0022174268960953
0.0063576363027096
0.0472677946090698
0.0360091403126717
-0.0106048006564379
-0.0512307845056057
0.0135308234021068
0.0284201595932245
-0.0401987247169018
-0.0436171479523182
0.0121861854568124
-0.0505139715969563
0.0177441705018282
0.0459907129406929
-0.0132820848375559
-0.0616370029747486
0.0185370203107595
0.0775647386908531
0.0419702678918839
0.0643112212419510
-0.0582411661744118
-0.0327951237559319
0.0705258697271347
0.0344672091305256
-0.0012315132189542
0.0364793203771114
0.0093750050291419
0.0553561933338642
0.0069439210928977
-0.0776765048503876
-0.0517643652856350
-0.0004888133262284
-0.0480364598333836
0.0024139482993633
0.0414373017847538
-0.0150382760912180
-0.0066246525384486
0.0516848564147949
-0.0267938356846571
-0.0166314002126455
-0.0019390473607928
0.0279122032225132
-0.0594959370791912
-0.0453279092907906
-0.0376509465277195
-0.0387203022837639
-0.0375903211534023
0.0570819973945618
0.0630419924855232
0.0708848983049393
-0.0114611843600869
-0.0113105373457074
-0.0229374412447214
-0.0586472079157829
0.0397452563047409
-0.0857885181903839
0.0280844718217850
0.0080897752195597
-0.0161827430129051
-0.0417089164257050
-0.0396084971725941
-0.0496194250881672
0.0568849295377731
-0.0655450969934464
-0.1006015688180923
0.0177137106657028
0.0240271128714085
0.0691724419593811
-0.0598555132746696
0.0915001928806305
-0.0324233323335648
-0.0309346336871386
-0.0170140191912651
-0.0012886337935925
0.0425441861152649
-0.0039000883698463
-0.0142918145284057
0.0187887251377106
-0.0142068034037948
-0.0211426485329866
0.0363459996879101
0.0808353424072266
-0.0297639146447182
0.0762844532728195
-0.0775892511010170
0.0626137629151344
-0.0553805530071259
-0.0317616611719131
0.0347370095551014
0.0220493525266647
-0.0831356719136238
0.0395310223102570
0.0333844609558582
0.0571303851902485
-0.0594404041767120
0.0151451081037521
-0.0673269331455231
-0.0065683084540069
-0.0592797771096230
-0.0093788653612137
0.0321627892553806
0.0299973003566265
0.0685412362217903
0.0139728346839547
0.1182130947709084
-0.0433875583112240
-0.0096531333401799
0.0195988789200783
-0.0299737546592951
-0.0183151327073574
0.0095203416422009
0.0152653111144900
-0.0191548876464367
0.0210971068590879
0.0594235993921757
0.0097704036161304
0.0376740954816341
-0.0401567146182060
0.0327004157006741
-0.0530672296881676
0.0001308820210397
0.0270508825778961
-0.0016703368164599
-0.0277965683490038
0.0096292532980442
0.1221916377544403
-0.0381389334797859
0.0087613323703408
0.0923049449920654
-0.0361973792314529
0.0601482130587101
-0.0574303530156612
-0.0216915309429169
-0.0662473291158676
-0.0365566946566105
-0.0392932295799255
0.0041462541557848
-0.0176566317677498
0.0370326712727547
0.0030865450389683
-0.0853845626115799
0.0413505472242832
0.0443375222384930
-0.0230496842414141
0.0151134021580219
-0.0085843708366156
-0.0371821261942387
-0.0013984490651637
0.0310456641018391
0.0791930779814720
-0.0386882126331329
0.0111734895035625
0.0362317599356174
0.0285401195287704
-0.0532459132373333
-0.0397355258464813
-0.0415235310792923
0.0036817197687924
0.0163219235837460
0.0453445501625538
-0.0276228338479996
0.0315388329327106
-0.0592665635049343
-0.0559848397970200
-0.0322523228824139
0.0615806020796299
0.0676059946417809
-0.0011926712468266
0.0242117866873741
0.0451866909861565
-0.0515485741198063
-0.0711713656783104
0.0049275164492428
-0.0580467507243156
-0.0576056055724621
0.0034890114329755
-0.0753704309463501
0.0911686047911644
0.0379078313708305
0.0220460630953312
-0.0415146276354790
0.0222826432436705
0.0401843599975109
0.0315857008099556
-0.0042756609618664
0.0177458319813013
0.0202418882399797
0.0439251549541950
0.0225634314119816
-0.0255091860890388
0.0024278683122247
-0.0661287456750870
-0.0606079958379269
0.0225824080407619
0.0417559072375298
-0.0380819551646709
-0.0181331951171160
-0.0111679220572114
0.0255715902894735
0.0620988905429840
0.0056219538673759
-0.0798747539520264
-0.0481313429772854
0.0670007988810539
-0.0308490991592407
-0.0631165802478790
0.0430940687656403
-0.0427709706127644
-0.0311242323368788
0.0559464916586876
0.0520209036767483
0.0566680245101452
0.0527057684957981
0.0536647550761700
-0.0421730130910873
-0.0733593478798866
0.0331977270543575
0.0512670241296291
-0.0169920027256012
0.0280761253088713
-0.0405284874141216
0.0284748598933220
0.0449117943644524
0.0238470677286386
0.0195966493338346
-0.0364946089684963
0.0461952015757561
-0.0933715254068375
-0.0518566034734249
0.0145446043461561
0.0228379387408495
-0.0354644991457462
-0.0539033338427544
0.0498871132731438
-0.0173511058092117
-0.0493225827813148
-0.0201810896396637
-0.0042301039211452
-0.0251327827572823
0.0375521183013916
-0.0169239286333323
-0.0422220416367054
-0.0759519115090370
-0.0095950234681368
-0.0115670496597886
-0.0449174642562866
0.0247812401503325
-0.0388571731746197
0.0446685776114464
-0.0555968843400478
0.0876916870474815
0.0055711567401886
0.0428041890263557
-0.0290461350232363
0.0707729458808899
0.0573531910777092
-0.0444675832986832
0.0752333104610443
-0.0844937339425087
-0.0634532347321510
0.0011807698756456
-0.0062304297462106
0.0804785862565041
0.0403345413506031
-0.0829612165689468
0.0188078805804253
-0.0719756931066513
