0.0212880950421095
-0.0294062457978725
0.0596914961934090
0.1017844751477242
0.0878686606884003
0.0239561852067709
0.0058152480050921
-0.1120703890919685
0.0220253057777882
-0.0778045505285263
-0.0343590304255486
-0.0489783436059952
0.1382820308208466
0.0412882976233959
-0.0226361751556396
0.0306470673531294
0.0739077106118202
0.0808095484972000
-0.0200792308896780
0.0743859484791756
0.0167266130447388
-0.0890175923705101
0.0188131947070360
-0.0768181085586548
-0.0598802641034126
-0.0556617565453053
-0.0645406842231750
-0.0261090192943811
0.0096675734966993
-0.0011065192520618
0.0804117619991302
-0.1097744032740593
-0.0159885101020336
0.0556548908352852
0.0244795586913824
0.0180076174438000
0.0482287853956223
0.0309487283229828
0.0104841254651546
-0.0340392179787159
-0.0164676792919636
-0.0876408442854881
-0.1175151392817497
0.0242166705429554
-0.0370445922017097
-0.0638653561472893
0.0426559001207352
-0.0408908165991306
-0.0050721676088870
0.0847057849168777
0.0741067081689835
-0.0605772398412228
-0.0911343842744827
0.0890921577811241
-0.1217356622219086
0.0145215634256601
-0.0427741184830666
-0.0438146442174911
-0.0854334607720375
0.0014267713995650
-0.1462619602680206
0.0067598987370729
0.0208796113729477
0.0192911420017481
0.0769966021180153
0.0002436384384055
0.0810874626040459
-0.0949298664927483
0.0070933951064944
-0.0782671272754669
-0.0654083564877510
0.1076399534940720
0.0485592782497406
0.0329857505857944
-0.0664997175335884
0.0139988083392382
0.0305660478770733
-0.0233373586088419
0.0591698437929153
0.0971686020493507
0.0686124861240387
-0.0672687217593193
-0.0210379846394062
0.0181978922337294
-0.0289152208715677
0.0619232244789600
-0.0333963185548782
-0.0138923982158303
0.0804766491055489
-0.0944168269634247
0.0082970634102821
0.0100491950288415
-0.0183144435286522
0.1004095524549484
-0.0114625375717878
-0.0641433596611023
-0.0370803810656071
0.0517431311309338
0.0594756528735161
-0.0952368825674057
-0.0218092650175095
0.1369601786136627
0.0011096403468400
-0.1213851496577263
-0.0397902205586433
-0.0364932976663113
0.0378708206117153
-0.0508733652532101
-0.1121903881430626
-0.0056338920257986
-0.0271458514034748
0.0812395885586739
-0.0489151254296303
0.0469473823904991
0.0293777920305729
0.0410314053297043
-0.0008382265805267
-0.0631019026041031
0.1358448863029480
-0.0025950388517231
0.0549044311046600
-0.0055522732436657
0.0219781901687384
0.0736280083656311
0.0057908548042178
0.0676403194665909
0.0518824756145477
-0.0179863180965185
-0.1128850281238556
-0.0767820999026299
-0.0123908556997776
0.0419966466724873
-0.0987385213375092
0.0196758843958378
0.0611786656081676
0.0896546170115471
-0.0437642000615597
0.0627205744385719
0.0409323386847973
-0.0210237782448530
0.1149982735514641
-0.0500277467072010
-0.0921525657176971
-0.0856300964951515
-0.0789227709174156
-0.0331711098551750
-0.0490498542785645
0.1305800080299377
0.0674455910921097
-0.0185407232493162
-0.0778196826577187
-0.0227839499711990
-0.0487156584858894
-0.0275636296719313
-0.0122085632756352
-0.0309947188943624
0.0223356802016497
-0.0567858405411243
0.0134202176705003
-0.1547201275825500
0.0087584014981985
-0.0666256248950958
-0.0532023012638092
-0.0455011427402496
-0.0646901354193687
-0.0595074594020844
0.0064678234048188
0.0263925231993198
-0.0323834195733070
-0.0039323545061052
0.0700108632445335
0.0306144170463085
0.0168469604104757
-0.0941327065229416
0.0398789644241333
0.1260136663913727
-0.0254945512861013
0.0251845158636570
0.0160071626305580
0.0413017459213734
0.0209470503032207
-0.0588622838258743
-0.0177869182080030
-0.0541083961725235
0.0416045263409615
0.0800553709268570
-0.1201280131936073
0.0576598830521107
-0.1010722815990448
0.1036026030778885
0.0027744674589485
-0.0336020067334175
0.0032557081431150
0.0628300309181213
-0.0072402879595757
0.0565463639795780
0.0582222603261471
0.0494555681943893
-0.0225901752710342
0.0082581927999854
0.0245386436581612
0.0430581457912922
0.0495614856481552
0.0502814985811710
0.0274544190615416
0.0843411833047867
0.0124309640377760
0.0293661933392286
0.0707362219691277
-0.0110322954133153
-0.0034051814582199
-0.0108106313273311
-0.0166436657309532
-0.1173175647854805
0.0394786298274994
-0.0070856367237866
-0.0876308605074883
-0.0521920323371887
-0.0300617888569832
-0.1373312771320343
-0.1188188642263412
0.0171152725815773
-0.0425232201814651
-0.0362421870231628
-0.0527008473873138
0.0021365843713284
-0.0335329286754131
0.0380799956619740
-0.0456888899207115
-0.0730126723647118
0.0311659611761570
0.0335506908595562
-0.0318070277571678
0.0331540703773499
0.0783764943480492
-0.0348422676324844
0.0530035309493542
0.0187395103275776
0.0482353270053864
0.0603051520884037
-0.1298137009143829
-0.0654732808470726
0.0754489898681641
-0.0771485269069672
-0.0216883271932602
-0.0156699605286121
0.1502567678689957
0.1475255042314529
-0.0338104739785194
-0.0830826982855797
0.0786732286214828
-0.0164568666368723
0.0425632856786251
0.1126809865236282
0.0716145113110542
0.0765463784337044
-0.0931063592433929
-0.1270913779735565
-0.0380636192858219
-0.0875609368085861
-0.0389433987438679
-0.1280366629362106
0.0150543069466949
0.0979287996888161
-0.0220900382846594
0.0637298151850700
-0.0800683945417404
0.1448383182287216
0.0130747938528657
0.0819897279143333
0.0517494976520538
-0.0030679176561534
-0.2626234591007233
-0.0998118892312050
0.0899295881390572
-0.2794817090034485
-0.0482236966490746
-0.1040505170822144
0.0090529499575496
-0.0435166731476784
0.0215308144688606
-0.0568359419703484
-0.1996221840381622
-0.1928341239690781
0.0972646251320839
-0.0365972928702831
-0.0858494266867638
-0.0857340246438980
0.0251178368926048
-0.1400348991155624
-0.1918865740299225
-0.1409022510051727
0.0966469570994377
0.0448534376919270
-0.0140246516093612
-0.1689968258142471
-0.1328493058681488
-0.0700226947665215
0.0385917015373707
-0.1507298201322556
-0.1591755002737045
0.0935929864645004
0.2517858743667603
-0.1932524293661118
-0.0346256121993065
0.1009579300880432
-0.0048201968893409
0.1227245554327965
0.0527612306177616
-0.2374047487974167
0.0627808049321175
-0.2445780932903290
0.1280623525381088
0.1091696396470070
-0.1440693587064743
0.1665920913219452
0.0606974363327026
0.2598992586135864
0.0067574935965240
-0.1191716864705086
-0.0061687622219324
0.0392824523150921
0.0279621444642544
-0.0401201099157333
-0.0044114226475358
0.0487187765538692
-0.0694559663534164
0.0016807912616059
0.0572531893849373
-0.0161510072648525
-0.0047881631180644
-0.0089858565479517
0.0188628453761339
-0.0144198751077056
-0.0741599425673485
-0.0331005156040192
-0.0042263343930244
0.0395898669958115
0.0148855727165937
-0.0128643764182925
-0.0149264903739095
-0.0452637597918510
0.0734592527151108
-0.0107432100921869
-0.0081465458497405
-0.0025856064166874
0.0076789748854935
-0.0582990348339081
-0.0012603090144694
0.0292220767587423
0.0002941632410511
-0.0574715696275234
-0.0264696460217237
-0.0848453864455223
-0.0533656887710094
-0.0417830385267735
0.0771276429295540
0.0696291029453278
-0.0714248716831207
0.0366890802979469
0.0152161186560988
0.0280078444629908
-0.0589869804680347
-0.0455631501972675
0.0046473918482661
-0.0357147566974163
-0.0357351824641228
-0.0544209517538548
0.0017172122607008
-0.0746461004018784
-0.0044904588721693
-0.0559613294899464
0.0182026773691177
-0.0308010149747133
-0.0001267832558369
-0.0215982180088758
-0.0372000336647034
-0.0219214018434286
0.0588750988245010
-0.0596683099865913
-0.0272327736020088
-0.0522227101027966
0.0247346591204405
-0.0590637698769569
0.0227452460676432
0.0513184554874897
-0.0331730172038078
-0.0555805414915085
0.0055399732664227
-0.0010387557558715
-0.0152460653334856
0.0594940483570099
0.0494310669600964
-0.0397550947964191
0.0524170175194740
-0.0907919108867645
0.0284522883594036
0.0098806787282228
0.0354119278490543
0.0466398820281029
-0.0097018824890256
0.0096470350399613
0.0852633342146873
0.0014989491319284
0.0701268315315247
-0.0084607535973191
0.0135791450738907
-0.0437085591256618
0.0254680272191763
0.0316735133528709
-0.0309916995465755
0.0731410458683968
0.0766092017292976
0.0254444535821676
0.0331275984644890
0.0131185119971633
-0.0472285300493240
-0.0740721225738525
0.0386325083673000
0.0497427321970463
-0.0462987050414085
-0.0182162541896105
-0.0072422688826919
0.0307782385498285
-0.0878229066729546
0.0189442913979292
0.0024724064860493
0.0202523618936539
0.0055202492512763
0.0355265922844410
0.0401324443519115
0.0441409498453140
0.0282601565122604
-0.0424425378441811
-0.0230219569057226
-0.0325926877558231
0.0183738544583321
0.0086567187681794
-0.0100976536050439
-0.0965680629014969
0.0368282161653042
-0.0590193346142769
-0.0536499135196209
0.0075508626177907
0.0238406285643578
0.0862927511334419
0.0003028607461601
-0.0538871064782143
-0.0229895785450935
0.0076719862408936
-0.0571859180927277
-0.0199949275702238
0.0577990226447582
-0.0526949875056744
0.0306723378598690
0.0076477769762278
0.0427178181707859
0.0446768701076508
0.0446365997195244
0.0308426208794117
0.0336152464151382
-0.0228303838521242
-0.0380303449928761
-0.0124081270769238
-0.0749772414565086
0.0399910658597946
-0.0241217873990536
0.0451071113348007
-0.0068754488602281
0.0756482556462288
-0.0045077707618475
-0.0017080670222640
0.0426074825227261
0.0877741053700447
0.0414737239480019
0.0057442616671324
-0.0038510335143656
-0.0213346872478724
0.0490892864763737
0.0188654325902462
0.0610439106822014
-0.0320308916270733
-0.0179773960262537
-0.0312563255429268
0.0172794386744499
-0.0234298203140497
-0.0365429036319256
-0.0230387337505817
-0.0612526498734951
-0.0412248224020004
-0.0959959030151367
0.0019056638702750
0.0627470910549164
0.0507994852960110
-0.0681467428803444
-0.0145493689924479
0.0090220207348466
0.0165620688349009
-0.0807147845625877
0.0431123040616512
-0.0418102294206619
-0.0403153263032436
-0.0083517562597990
-0.0117110628634691
-0.0760433673858643
-0.0301658604294062
0.0363212674856186
0.0411293879151344
0.0318248681724072
-0.0778504014015198
0.0449174456298351
0.0171381682157516
-0.0191748887300491
0.0794779360294342
0.0172745045274496
-0.0116023216396570
0.0387790463864803
0.0624061040580273
0.0285578817129135
-0.0544789358973503
0.0540108866989613
-0.1257782280445099
-0.0243029166013002
0.0574842616915703
-0.0095876669511199
0.0623352229595184
0.0354025252163410
-0.0862702280282974
-0.0437983572483063
0.0659684985876083
-0.0316679552197456
0.0199795495718718
0.0226778145879507
-0.0061268843710423
-0.0011779491323978
-0.0206426419317722
0.0383443497121334
0.0294926706701517
0.0235345605760813
0.0077616358175874
-0.0730790272355080
-0.0280467513948679
0.0274342540651560
-0.0743089318275452
-0.0590202137827873
-0.0169477723538876
0.0275176409631968
-0.0360449552536011
0.0455580130219460
0.0224962625652552
-0.0749056637287140
-0.0702472478151321
-0.0321198813617229
0.0285187475383282
-0.0230080280452967
0.0074240416288376
0.0440981499850750
0.0044904500246048
0.0339590385556221
-0.0293233841657639
0.0162184964865446
0.0344215035438538
-0.0490220673382282
0.0050453264266253
-0.0044805733487010
0.0406814143061638
0.0425736531615257
0.0212573669850826
0.0782626271247864
-0.0477382056415081
-0.0597788132727146
0.0060716564767063
-0.0042871376499534
-0.0432280637323856
-0.0196447707712650
-0.0042157913558185
-0.0232329778373241
0.0405832678079605
0.0438205972313881
0.0047818487510085
-0.0851221159100533
0.0108235916122794
0.0563346296548843
0.0376869514584541
0.0560101047158241
-0.0521763227880001
0.0039387447759509
0.0458307936787605
0.0370170809328556
-0.0120442193001509
0.0385701432824135
0.0203580595552921
0.0751569867134094
0.0328274779021740
-0.0809309855103493
-0.0362852774560452
0.0198474172502756
-0.0615563690662384
0.0336326472461224
0.0089743416756392
-0.0121083948761225
0.0015939889708534
0.0202784147113562
-0.0157329123467207
-0.0015273730969056
0.0024059610441327
0.0252539310604334
-0.0586055368185043
-0.0817730203270912
-0.0036298641934991
-0.0548245422542095
-0.0708196982741356
0.0407531894743443
0.0282880216836929
0.0697753727436066
-0.0146489227190614
-0.0190856792032719
0.0045382175594568
-0.0237039830535650
-0.0001882750075310
-0.0693029537796974
0.0421891473233700
0.0270960759371519
-0.0467863529920578
-0.0579808764159679
-0.0229955743998289
-0.0286544132977724
0.0460461489856243
-0.0473738685250282
-0.0887625664472580
0.0393887422978878
0.0318029820919037
0.0891905277967453
-0.0502306632697582
0.0552459359169006
-0.0273262802511454
0.0175257790833712
-0.0529419146478176
-0.0127126686275005
0.0601680986583233
-0.0495869182050228
-0.0055277058854699
-0.0229417942464352
-0.0118669038638473
-0.0051939305849373
0.0569632500410080
0.0466166883707047
0.0097059421241283
0.0628509745001793
-0.0734647735953331
0.0606938824057579
-0.0342837572097778
-0.0413130298256874
0.0315859019756317
-0.0267060995101929
-0.0349886640906334
0.0370512753725052
0.0286900475621223
0.0562981925904751
-0.0218955166637897
0.0283014588057995
-0.0655355006456375
0.0093273837119341
-0.0529723763465881
-0.0422490015625954
0.0035287395585328
0.0659173130989075
0.0458394736051559
-0.0175191927701235
0.0821377411484718
-0.0570575594902039
-0.0407625064253807
-0.0160788167268038
-0.0234132353216410
0.0130872828885913
0.0157338418066502
0.0697241425514221
-0.0786822959780693
0.0096459481865168
0.0367296710610390
0.0513239912688732
0.0237087812274694
-0.0382384061813354
-0.0256047584116459
-0.0271719060838223
0.0244197659194469
0.0077927247621119
-0.0379138737916946
-0.0023105998989195
0.0311490762978792
0.0869565606117249
-0.0035602883435786
-0.0346915721893311
0.0658858343958855
-0.0347525030374527
0.0617740042507648
-0.0827189311385155
-0.0929879620671272
-0.0395887643098831
0.0279240868985653
-0.0160911101847887
-0.0022017518058419
0.0019358501303941
0.0366917699575424
0.0384894497692585
-0.0797492265701294
0.0362894125282764
0.0011065620929003
-0.0377715490758419
0.0026066601276398
0.0030516027472913
-0.0334183536469936
-0.0593511089682579
-0.0018527023494244
0.0470713749527931
-0.0061611672863364
0.0219153035432100
0.0297191906720400
0.0530388914048672
-0.0309620797634125
-0.0001700031716609
-0.0446118116378784
-0.0369431413710117
-0.0020476544741541
0.0727422833442688
-0.0361902192234993
-0.0051861936226487
-0.0718866884708405
-0.0594134107232094
0.0027810549363494
0.0468797907233238
-0.0190621018409729
-0.0293420050293207
-0.0180953554809093
0.0125530110672116
0.0016406264621764
-0.0754237100481987
-0.0210370309650898
-0.0707884281873703
-0.0206843763589859
0.0171352531760931
-0.0630527064204216
0.0817058160901070
0.0249289385974407
0.0295685473829508
0.0334718748927116
-0.0486245229840279
0.0825742408633232
0.0370360985398293
-0.0055301701650023
0.0027989903464913
-0.0167568214237690
-0.0031553914304823
0.0015716797206551
-0.0252868104726076
-0.0221696682274342
-0.0884841680526733
-0.0526822432875633
0.0453064031898975
-0.0052247866988182
-0.0048031923361123
-0.0174997597932816
-0.0180765260010958
0.0162525698542595
0.0740208104252815
-0.0433783866465092
-0.0805516690015793
0.0025634819176048
0.0589836202561855
-0.0303061921149492
-0.0563205517828465
0.0779577270150185
-0.0526822805404663
-0.0250754058361053
0.0694128870964050
0.0691142529249191
0.0216648560017347
0.1112013235688210
0.0282482244074345
-0.1022529900074005
-0.0990005135536194
0.0000557169114472
0.0084594329819083
-0.0291603729128838
0.0127803301438689
0.0141494097188115
0.0434932895004749
0.0370439514517784
0.0133793121203780
0.0443195477128029
-0.0162233337759972
0.0712208524346352
-0.0638138726353645
-0.0570363290607929
-0.0058991517871618
0.0258596464991570
-0.0424930788576603
-0.0349919274449348
0.0477000474929810
-0.0216306988149881
-0.0583859346807003
-0.0268913581967354
-0.0113972723484039
0.0465704239904881
0.0618524998426437
-0.0078481733798981
-0.0274767279624939
-0.0926239937543869
-0.0032571488991380
-0.0353819392621517
-0.0332640893757343
0.0159401185810566
-0.0154472514986992
0.0629720836877823
-0.0925307199358940
0.0926770716905594
0.0118444487452507
0.0567743219435215
-0.0163298863917589
0.0254141762852669
0.0014784869272262
-0.0562328286468983
0.0667768195271492
-0.0783739015460014
-0.0293064489960670
0.0388553105294704
0.0214813351631165
0.0154951037839055
0.0626254230737686
-0.0932238996028900
0.0255446732044220
-0.0832591280341148
