0.02541277
-0.01418045
-0.04142433
-0.02674072
0.01167405
0.02070217
-0.00039163
-0.05098593
0.00593397
0.02095427
-0.01051330
0.01047125
0.00813316
-0.02321046
-0.03664486
-0.02790724
-0.00970545
-0.03344836
0.12477012
0.04159793
0.00694201
0.04619345
-0.02833540
-0.00733602
0.00115212
0.00439920
0.01016035
0.00284779
-0.03280314
0.00247493
-0.00594223
-0.02160852
0.00970434
0.00083930
-0.00370451
0.06661283
-0.00169754
0.01329101
-0.01186694
-0.05998478
-0.01965856
0.00308467
-0.07166984
-0.05757942
-0.02874799
-0.01512552
-0.06872714
0.01348342
0.02479167
0.01517593
0.00383414
-0.04464686
-0.01102097
0.01388623
-0.03514982
-0.01364744
-0.00279754
-0.00146436
0.39577401
0.08061096
-0.01622889
0.01453135
-0.00008956
-0.02235320
0.00641228
-0.00232145
0.02543389
-0.00395710
0.06411865
0.02019709
0.00658646
-0.01359041
-0.05117321
0.00574118
0.02537693
-0.02749959
-0.07004940
-0.01123227
0.04104358
0.03218837
-0.01434265
0.01749015
0.00988431
0.03757910
0.04949816
0.01655967
0.00014449
0.01286212
0.03777712
0.01204760
0.00110033
-0.03923087
0.03483228
0.03769175
-0.02180043
-0.01461746
0.03148435
-0.02940036
0.04142015
0.02013366
-0.01485879
-0.00620795
-0.02976136
0.00307280
-0.00041667
-0.02753047
0.02409399
0.00972921
0.03069121
-0.05302842
-0.00966816
0.00537080
-0.03003366
-0.00863596
-0.00910581
-0.00546379
0.02902941
-0.02172530
0.00485280
0.00713430
0.00058259
-0.01225157
0.00489774
-0.02246633
-0.02128004
0.01002269
0.02135973
-0.00601493
-0.00114968
0.05535905
-0.04827020
-0.02120098
-0.02867195
0.00536876
-0.01915608
0.01947172
-0.05068479
0.01349773
-0.13677047
0.01225553
-0.09388348
0.00017132
-0.04528987
-0.00035106
-0.04760266
0.10095578
-0.02747585
-0.02574833
-0.01276923
-0.01462733
0.03765604
0.03112552
-0.03777926
0.00610328
0.01519078
0.01799169
-0.00665178
-0.00329386
-0.06752831
0.00091123
0.00123697
-0.05429919
0.06167021
0.02389235
-0.01301659
0.06371505
0.04641786
-0.01110044
0.00318060
0.00734297
0.00608239
0.00115820
0.00662243
-0.01817904
0.03282946
0.02625535
0.01391010
0.00692557
-0.04538035
0.01310653
-0.01321086
-0.00944314
0.00660609
0.04464049
0.02758627
-0.00972497
-0.00703484
0.00097793
-0.00792641
0.05056906
0.06739619
0.06019092
0.00283962
-0.02539531
-0.00505081
0.00184885
-0.01616624
0.02081304
-0.02491772
-0.02859408
0.09743022
0.02737064
0.08728618
-0.04222682
-0.00153944
-0.05608091
0.01757798
-0.02602536
-0.00482061
-0.06981677
-0.02556785
-0.02464896
0.02834240
0.01918283
-0.00781313
-0.03017772
0.00171587
0.04373519
-0.00736542
0.01580333
-0.03183681
-0.75782597
0.00114310
-0.06416112
0.00360579
-0.02292857
-0.00060346
-0.02430206
0.00538950
-0.00857909
-0.04730127
-0.00886185
0.01624992
-0.01291822
-0.01352542
-0.00051112
-0.02306938
-0.00553993
-0.00911947
-0.01668489
-0.00258915
0.03043377
-0.04844562
-0.07189690
0.02120961
0.03026672
0.03296532
0.02768422
-0.01282330
-0.02824992
-0.01008074
0.00844164
0.02983681
0.00212855
-0.01452637
-0.01912267
0.08789776
0.24076173
0.11944552
-0.13238966
0.01776933
-0.07343619
0.04330226
-0.03564893
-0.07781743
0.04947248
-0.01918461
0.10590220
-0.16424184
-0.10561837
-0.08374238
0.07448050
-0.07840358
-0.06913343
0.16251808
-0.05367396
-0.00250445
-0.06148999
-0.08154021
0.01753181
0.01512398
0.07117622
0.10529876
-0.07819596
0.06251067
0.11929904
-0.00197833
0.11933719
0.10128838
-0.06416620
-0.03683632
-0.05607178
0.08486392
-0.08881066
0.10540143
-0.03309212
-0.12538220
-0.02996473
-0.00179449
0.14528368
-0.05490660
-0.07366835
0.74708819
0.03790611
-0.03028002
-0.01103048
-0.05451103
0.06353692
-0.05746827
0.02806146
-0.04447801
-0.05517979
-0.10056936
-0.05331351
-0.12216923
0.03755573
0.06934816
0.05727098
0.05437499
-0.08728318
-0.01094206
-0.01203903
-0.00911204
-0.02018201
-0.02323973
-0.02275953
0.05889523
0.01493638
-0.02277964
-0.00023884
0.02524563
-0.02710017
-0.01155274
-0.01142007
-0.02830979
0.00927693
0.04729956
0.03386253
-0.06254521
-0.01740127
0.07553671
-0.03733151
0.04971901
-0.01755516
-0.00677565
-0.08662068
0.00660591
0.05629432
0.01853039
0.03982222
-0.01119658
-0.00234124
0.05726371
0.00752460
0.01177894
-0.06243048
0.00875910
-0.02528090
0.08636061
-0.01099567
0.03544767
0.02525809
0.10778329
-0.00076233
-0.03678925
-0.00808299
0.02755393
-0.05047818
-0.02548726
-0.01259864
0.00938195
-0.03803354
-0.02722993
0.07550740
0.00200449
0.01483161
0.01394948
-0.00222948
0.00891459
-0.00663788
0.02898502
-0.03143796
0.05646899
0.01353459
-0.01276422
-0.00727763
-0.01920683
0.04954624
-0.01461668
0.01921402
0.00670147
0.02774251
-0.01445604
-0.01803371
-0.02761423
0.01569036
-0.08385766
-0.01794733
0.06242891
0.00011960
-0.04178488
-0.01897806
-0.02666360
-0.00880845
0.01179387
0.05174489
-0.02519180
-0.01806309
-0.00116167
-0.00507499
0.03620948
0.00413087
-0.03534070
-0.01544484
0.07061978
-0.05090611
-0.02090746
-0.00651000
-0.01553073
-0.01574109
0.02490653
-0.01601388
0.12672770
-0.03799243
0.01185316
0.00792671
-0.01452467
-0.07016011
-0.01822370
0.00202487
0.01746716
-0.01115726
-0.03619242
0.03098341
-0.02352602
0.00752216
-0.04713803
0.00987028
0.03719821
0.04866212
0.01583681
0.03026502
-0.03196690
-0.00991386
0.04143171
0.06307977
-0.01614646
0.23302439
0.03589896
0.03390242
-0.06036647
-0.00590443
0.02085195
0.02571265
-0.01948771
-0.04289842
0.00093446
0.02889129
-0.00735463
-0.07187802
-0.02654100
0.02820719
-0.01386669
-0.04407489
-0.03052722
0.00143471
-0.06856962
-0.04159369
-0.00303841
-0.01753374
0.04119118
0.00449373
-0.00879994
0.01128810
0.01903303
-0.02570572
-0.01868268
0.04754359
-0.01775453
-0.01630748
0.00416846
-0.03574583
0.03428784
0.07777847
-0.05072776
-0.02140819
0.02422186
0.01330102
0.03299676
0.01878321
-0.02028359
-0.00882523
0.04071241
0.01392907
-0.01213953
-0.01801777
-0.03748409
0.00972920
-0.07478564
0.05528540
0.02925409
-0.03810858
0.01611673
-0.00110570
0.03596280
0.07926925
-0.01181028
0.01160202
0.01473874
0.02591391
-0.05195630
0.00509268
-0.00387664
-0.01144822
0.03039245
0.03173633
-0.03011209
-0.01717075
0.06057691
0.03502112
-0.11867188
-0.06855398
0.06292678
-0.01151488
0.00419986
0.10266213
0.05325465
-0.08360139
-0.09345626
-0.04393131
0.04250135
0.03645643
-0.04904950
-0.01050352
-0.06005626
0.03120817
-0.02375086
-0.03980572
0.01675614
-0.00112735
0.02574731
-0.03746054
0.00011505
0.03534564
-0.02517374
-0.02152587
0.00128615
0.03606571
-0.06120027
-0.03426621
-0.03914208
0.02583626
0.03460738
0.05345977
-0.02904787
0.02320367
-0.02336749
0.03447479
-0.00742864
-0.02692350
0.03480267
0.03674874
-0.03867900
0.06166250
0.00766672
-0.01386926
-0.07834945
0.01001088
0.02261129
-0.00029804
0.03237407
-0.02266655
-0.05581015
0.00979634
-0.04208359
0.05156946
-0.01669420
-0.03518414
-0.04381848
0.05159549
-0.03693653
-0.01282716
-0.00528235
0.04398084
0.01728950
-0.02877797
-0.00474634
0.00460354
0.05421810
0.00381626
0.02823050
0.00645537
0.16192685
-0.01755071
-0.01007204
0.01088787
0.02089382
-0.08994434
0.00356945
0.00029950
0.04286625
-0.11272366
0.03448936
-0.02312673
-0.01189141
0.02978696
-0.04581668
-0.03993617
-0.04208798
-0.04418360
-0.01974850
-0.05073068
0.01130332
-0.05597998
0.20250347
0.00510893
0.05409976
0.00154456
0.01182091
-0.05983829
-0.03736967
0.04588511
-0.07138279
-0.06459016
0.06077925
0.01916892
-0.01841173
0.01030625
0.06606846
0.01119889
0.04505107
0.04854968
-0.00200265
0.10075945
-0.02918655
-0.02402376
0.08229091
-0.01296193
0.04108414
-0.05610659
0.04740977
-0.00673122
-0.00577783
0.00845555
0.02438383
0.00903994
-0.03487942
-0.01011341
-0.04923087
0.03791745
0.01932198
0.03236786
-0.01603878
-0.01517426
-0.02722403
0.03431972
-0.08675162
0.01062142
-0.01418509
-0.06255872
-0.03096755
0.02728426
0.02242652
-0.03294304
0.06099818
-0.08113699
0.01603905
0.07180747
0.01707512
0.03685519
-0.02784433
0.01497369
-0.00771897
-0.01692037
-0.11639312
0.09741063
0.00807994
-0.00219289
0.01730646
0.07689496
0.02492792
-0.02586069
-0.01124501
0.05729358
0.01989535
-0.04887908
0.02527711
0.01385004
-0.04025287
-0.00426616
-0.00681144
0.02130023
0.09558447
-0.01609080
0.05626179
0.00182759
0.03401906
0.04097810
-0.06683013
-0.04013788
0.02307016
-0.09212105
-0.00699637
0.02242403
0.09946464
-0.01345968
-0.00360466
0.13526407
0.01701574
0.08515162
0.01442593
0.01192824
0.00975237
-0.05137920
-0.02430320
0.03911082
-0.05941070
0.02069239
0.04256123
-0.01186430
0.00193388
-0.09495363
0.00121181
-0.00496116
-0.05690880
0.02772177
0.01364128
0.01050586
-0.02369396
0.01296965
-0.03059606
0.00638311
0.01961892
0.02671832
-0.04457400
0.00301273
0.01318211
-0.02789170
0.12089596
0.01853974
-0.02903093
0.02756514
-0.04144809
-0.01378658
-0.00618709
0.00781088
0.04984322
0.02110921
0.05231049
-0.00878639
-0.01119645
-0.04065808
0.03151226
-0.00105370
-0.05384728
0.00186596
0.05024486
0.03871439
0.03702386
-0.11055429
0.04344648
-0.01030789
0.03434812
0.07072183
0.01118111
0.03579313
0.05602388
0.05574811
-0.00631830
0.05051738
-0.02683778
0.06767625
0.02137514
-0.04115519
0.00181776
0.06981969
-0.06084460
0.00669141
-0.05990152
0.03936152
-0.05362098
0.07730403
-0.10052986
-0.00531441
0.03583945
-0.02470792
-0.02844675
-0.00192255
-0.00545180
0.05631600
0.01133385
-0.02243672
-0.02789138
0.06047023
0.00713321
-0.04555590
-0.03381569
-0.00116933
-0.02332412
0.06813251
-0.03630620
0.05068180
-0.01353452
-0.05837708
0.02764675
-0.02913474
0.02416167
0.01729159
0.05272722
-0.02688975
0.01454260
0.00501811
0.00044900
0.01529756
0.01665238
0.02536886
0.01531177
-0.00351664
0.03081279
0.01456793
0.02491714
0.04638676
-0.00684051
-0.26193187
0.02452323
-0.03344012
-0.07250856
0.04145579
0.04768127
-0.01615464
0.05002896
-0.01620763
