-0.0067016398534179
0.0934586226940155
-0.0834766626358032
-0.0411091484129429
-0.0072986637242138
0.1406877189874649
0.1122762262821198
-0.1387189775705338
-0.0820445492863655
-0.0888444185256958
-0.0618578307330608
-0.0509117916226387
-0.0078987972810864
-0.0714617818593979
0.0421996042132378
0.0805627778172493
-0.0307433977723122
0.0949915200471878
0.0696017593145370
0.0693174004554749
-0.0161443855613470
-0.1122690364718437
0.0502237938344479
-0.0208849478513002
0.0094535751268268
0.0367099978029728
0.1117416173219681
-0.1016416475176811
-0.0718059912323952
0.0830683782696724
-0.0017604811582714
-0.0617790631949902
-0.0026303206104785
-0.0947888493537903
-0.0488471575081348
-0.0411945357918739
-0.0650257095694542
0.0069005871191621
-0.0638612285256386
-0.0212508756667376
0.0660741031169891
0.0811723098158836
-0.0640690550208092
0.0400017946958542
-0.0360301993787289
-0.0793901085853577
-0.0682336911559105
0.1267342418432236
0.0715770572423935
-0.1237835362553596
0.0778390169143677
0.1022276133298874
0.1066742837429047
-0.0498710609972477
0.0439844913780689
0.1019155010581017
0.0257475338876247
-0.0195770449936390
0.0891526937484741
0.1006799936294556
-0.0356916710734367
0.0318949259817600
-0.1163924112915993
-0.0164522752165794
0.0412440598011017
-0.1000196933746338
0.0459947548806667
0.0663485005497932
-0.0410937070846558
-0.0100492732599378
-0.0071049742400646
-0.0954535380005836
0.0443816930055618
-0.0434521585702896
0.0850075855851173
0.0732117816805840
-0.0318037196993828
-0.0597479939460754
0.0116808842867613
0.0132323112338781
-0.0616769082844257
-0.0298590492457151
-0.0365476906299591
0.0727670192718506
-0.0601902678608894
-0.0395955704152584
-0.0043756370432675
0.0598350353538990
0.0697405785322189
-0.0468601956963539
-0.0100950300693512
-0.0484132058918476
0.0591489337384701
0.0542104840278625
0.0408964194357395
0.0020043619442731
0.0116177396848798
0.0399324409663677
-0.0614280961453915
0.0614890232682228
0.0687541440129280
0.0650976523756981
0.0575198233127594
-0.0566622428596020
-0.1288585066795349
0.0466451235115528
-0.0793885588645935
-0.0706270933151245
-0.0402012206614017
-0.0204647649079561
-0.0752454474568367
0.0200002342462540
-0.0995161831378937
0.0007432182901539
-0.1242586299777031
-0.0426455624401569
-0.0856810882687569
0.0006750174798071
0.0449631065130234
0.0016407549846917
0.0689551532268524
0.0644957870244980
-0.0303769912570715
0.0022533466108143
-0.0646939873695374
-0.0519855171442032
0.0421781837940216
0.0837743356823921
0.0423847325146198
-0.0559651479125023
0.0662456899881363
0.0573713779449463
0.0309957116842270
-0.1127260103821754
0.0232979524880648
0.0525391548871994
-0.0425161272287369
0.0335045456886292
0.0465299487113953
-0.0237155202776194
-0.0635606870055199
-0.0292145442217588
-0.0521470718085766
-0.1125645339488983
0.0411304049193859
-0.0203038435429335
0.0409718677401543
0.0602615401148796
-0.0346250794827938
-0.0660012066364288
0.0018893699161708
0.0743532851338387
0.0379150956869125
0.0100988224148750
0.0694980025291443
-0.0949804186820984
-0.0665041282773018
0.1049366295337677
-0.0876737833023071
-0.0430562719702721
-0.0705959349870682
0.0955333635210991
-0.1188192069530487
0.0443530045449734
-0.0214689597487450
-0.0946514382958412
0.0161913223564625
-0.0593931339681149
-0.0151834189891815
-0.0455025918781757
0.0131316855549812
-0.0152398254722357
-0.0181397683918476
0.0957993790507317
0.0678647086024284
-0.0063110529445112
-0.1046878471970558
0.0063961232081056
-0.0103777432814240
-0.0475476644933224
-0.0124083813279867
0.0223674662411213
-0.0409012809395790
-0.0158926136791706
0.0671823099255562
0.0102059775963426
0.0282336547970772
-0.1451443582773209
-0.0109691191464663
-0.0164642184972763
0.0118577247485518
-0.0415016934275627
0.0947965383529663
0.0301313418895006
0.0429236739873886
0.0424382910132408
-0.0308370366692543
-0.0288350209593773
-0.0410797931253910
0.0745560899376869
0.0052564153447747
-0.0541581474244595
0.0312064494937658
0.0705358609557152
-0.0680834650993347
-0.0363530330359936
-0.0871161967515945
-0.1000022217631340
-0.0870479270815849
-0.0238863267004490
0.0235964749008417
-0.0616736263036728
-0.0637698173522949
-0.0572420805692673
0.0928806886076927
0.0157946124672890
-0.0396049916744232
0.0166568830609322
0.0631451234221458
-0.0825104191899300
0.0535515472292900
-0.0090482048690319
0.0754362791776657
0.0832976922392845
0.0093577876687050
-0.0192411206662655
-0.0558633990585804
-0.0039277826435864
0.0923418328166008
0.0893142595887184
0.0588549077510834
-0.0174817182123661
0.0567928180098534
-0.0299178045243025
-0.0243294220417738
-0.0553113035857677
0.0094400793313980
0.0239113774150610
-0.0063630351796746
0.0255031771957874
-0.0532232597470284
0.0848546624183655
-0.0619125515222549
-0.0396112278103828
-0.0571929477155209
0.1350948065519333
-0.0401281900703907
0.1092778667807579
0.0132815847173333
0.0881258249282837
0.0635078698396683
0.0906875282526016
0.0106289945542812
0.0164204891771078
0.0490803644061089
0.0673343911767006
-0.0898486673831940
-0.0079083591699600
-0.1547376066446304
-0.0933079794049263
-0.0012089988449588
-0.1625958532094955
0.0742204934358597
0.1508821994066238
-0.0235161017626524
0.0284700393676758
-0.1508232057094574
0.0528133735060692
0.0836542174220085
0.1505621224641800
-0.1247543171048164
0.0242537502199411
-0.3644590377807617
0.0048303795047104
0.1209152266383171
-0.2202036529779434
0.0051271184347570
-0.0050594066269696
-0.0128136966377497
-0.1100834906101227
-0.0355402417480946
0.0219796597957611
-0.1521086245775223
-0.1725907325744629
0.0122677506878972
-0.1230254620313644
-0.0947800055146217
-0.0531708374619484
-0.0764497816562653
-0.1570163518190384
-0.2444517016410828
-0.0055810874328017
0.0933327376842499
-0.0567199550569057
-0.1039619371294975
-0.0770691484212875
0.0304616317152977
-0.0455469600856304
0.0482648424804211
0.0108711533248425
-0.0383884906768799
-0.0303409043699503
0.1535367071628571
-0.2800775766372681
-0.1643049269914627
-0.0233662333339453
-0.0478129200637341
0.0307529848068953
0.0687477216124535
-0.0934484302997589
0.0567286834120750
-0.2747700214385986
0.1422996819019318
0.0163635965436697
-0.1969063431024551
0.1364083290100098
0.0537783056497574
0.3278517425060272
-0.0276172105222940
-0.0300967358052731
0.0177902504801750
0.0064451675862074
0.0864354595541954
-0.0380505546927452
0.0316259190440178
-0.0400224365293980
-0.0530335605144501
0.0526654720306396
-0.0148030892014503
-0.0255243051797152
0.0541498064994812
0.0229112468659878
0.0049809170886874
0.0288658235222101
-0.0017634878167883
-0.0128516023978591
0.0398502051830292
-0.0106318630278111
-0.0048234099522233
-0.0592044293880463
-0.0288018863648176
0.0482308231294155
0.0057159294374287
-0.0107284309342504
0.0587460361421108
0.0482526086270809
-0.0371081233024597
-0.0426724813878536
-0.0450031645596027
-0.0101103084161878
-0.0498939417302608
-0.1294991225004196
0.0398925058543682
-0.0526670925319195
-0.0318269096314907
0.0363991260528564
-0.0300068240612745
0.1224966272711754
-0.0252588372677565
0.0645937323570251
0.0025083846412599
0.0887083783745766
0.0511641502380371
-0.0178372375667095
-0.0772904306650162
-0.0244358442723751
0.0342009328305721
-0.0637738332152367
0.0739457011222839
-0.0232615657150745
-0.0185158792883158
-0.0057008806616068
-0.0289589557796717
-0.0482844412326813
0.0585790164768696
0.0002877281804103
-0.0580508597195148
0.0922711566090584
0.1092687919735909
-0.0293492265045643
0.0444445870816708
-0.0523414835333824
0.0141342468559742
0.0462488532066345
-0.0446711219847202
0.0643640607595444
0.0067417318932712
0.0531611144542694
-0.0068495008163154
-0.0443469583988190
-0.0044244863092899
0.0477418974041939
0.0958918705582619
-0.0014123809523880
0.0193161610513926
0.0022306761238724
0.0247408207505941
0.0390435606241226
-0.0400457940995693
0.0246710348874331
-0.0486567169427872
0.0662315934896469
0.0157245937734842
0.0307130236178637
-0.0143050504848361
0.0047397455200553
-0.0393651761114597
0.0317444130778313
0.0129684284329414
0.0330935902893543
0.0438256449997425
0.0710330232977867
0.0808021053671837
-0.0665340200066566
0.0606292299926281
0.0108354818075895
-0.0730149671435356
-0.0213817227631807
0.0006660651415586
0.0200556013733149
-0.1110381484031677
-0.0395130887627602
0.0247512198984623
0.0845618098974228
0.0294771958142519
0.0249402802437544
-0.0149373924359679
-0.0409058667719364
0.0535776391625404
-0.0631477758288383
0.0237900223582983
-0.0032542671542615
-0.0248517319560051
-0.0747312903404236
0.0547281317412853
0.0629364699125290
-0.0194017644971609
-0.0404932238161564
0.0417782254517078
-0.0410395115613937
0.0077584707178175
0.0051645920611918
-0.0034492439590394
-0.0015276588965207
-0.0403603166341782
-0.0306415278464556
-0.0154216410592198
0.0509043522179127
0.0393422804772854
-0.0410090424120426
0.0708126425743103
0.0488265492022038
0.0172823388129473
-0.0292123686522245
0.0627027675509453
0.0079518621787429
0.0126277087256312
0.0127245336771011
0.0377235971391201
0.0914350971579552
-0.0373308844864368
-0.0230693668127060
-0.0143112894147635
-0.0809858664870262
-0.0505481064319611
0.0541381500661373
0.0184962637722492
0.1089015230536461
-0.0123395668342710
0.0564499311149120
-0.0465412065386772
0.0017373674781993
0.0007282115402631
0.0830598846077919
0.0242052413523197
-0.0567548796534538
-0.0330625362694263
-0.0101465350016952
0.0429620258510113
0.0476728230714798
-0.0074039683677256
-0.0425874292850494
-0.0085734976455569
0.0155277242884040
0.0152888000011444
0.0363327860832214
-0.0140922609716654
-0.0302546508610249
-0.0359477065503597
0.0272920597344637
-0.1112556084990501
0.0146188605576754
0.0894650295376778
0.0025314181111753
-0.0810422077775002
0.0596181079745293
0.0147733632475138
0.0890727415680885
0.0020844209939241
-0.0046833315864205
0.0187048483639956
0.0469709485769272
0.0037092366255820
0.0264315605163574
-0.0520481206476688
-0.0122876381501555
0.0594487190246582
0.0024997519794852
0.1179334595799446
0.0370574779808521
-0.0125035950914025
0.0285159908235073
-0.0522843748331070
0.0526606515049934
-0.1253907084465027
-0.1261712908744812
-0.0944110453128815
0.0389124006032944
0.0002659976889845
-0.0141052072867751
-0.0171976163983345
-0.0355359949171543
-0.0213845018297434
0.0414884239435196
-0.0729512795805931
0.0772833004593849
0.0288346391171217
-0.0154600245878100
-0.0375670194625854
0.0451714061200619
-0.0498998798429966
-0.0157942660152912
-0.0523457191884518
0.0052660740911961
-0.0525446236133575
-0.0151264630258083
-0.0132485181093216
0.0025455155409873
0.0263158809393644
0.0067129433155060
-0.0247508734464645
0.0160626526921988
0.0471882969141006
-0.0198744330555201
0.0164667721837759
0.0464647747576237
-0.0004194437642582
0.0573183335363865
-0.0041368948295712
-0.0761841461062431
-0.0119805736467242
-0.0291331168264151
-0.0334874577820301
0.0505813919007778
-0.0080725876614451
-0.0378146469593048
-0.0020499150268734
-0.0308753754943609
0.0248116441071033
0.0337285511195660
-0.0213724263012409
-0.0545745491981506
0.0452659539878368
-0.0196360629051924
0.0008306624367833
0.0648804903030396
0.0057391976006329
0.0720478445291519
-0.0268261041492224
0.0402198247611523
-0.0281626433134079
-0.0647142976522446
-0.0292452536523342
0.0011027221335098
-0.0087930718436837
-0.0881300941109657
-0.0667974501848221
-0.0126080838963389
0.0362483784556389
-0.0179233048111200
-0.0289382226765156
0.0329086259007454
0.0594727098941803
-0.0108119901269674
0.0396513640880585
-0.0211583767086267
-0.0366080142557621
-0.0152225233614445
0.0087492354214191
-0.0026547343004495
-0.0255910698324442
0.0780579373240471
0.0308917518705130
0.0359448567032814
0.0233837887644768
0.0203241053968668
-0.0258315652608871
-0.0053411070257425
-0.0793072134256363
-0.0243218839168549
-0.0267379228025675
-0.0048961052671075
0.0094075575470924
-0.0016072907019407
-0.0242066755890846
0.0152770960703492
-0.0200648289173841
0.0349474921822548
-0.0461912490427494
-0.0314810276031494
-0.0532648116350174
0.0187313426285982
-0.0253922753036022
0.0496488139033318
0.0355613455176353
-0.0522989928722382
0.0027547867503017
0.0151825547218323
0.0422683320939541
-0.0482383370399475
0.0327259562909603
0.0284654702991247
-0.0398834794759750
-0.0596680156886578
-0.0093630384653807
-0.0084117241203785
0.0675549432635307
0.0053652431815863
0.0101841874420643
-0.0109405647963285
-0.0069398991763592
-0.0553302094340324
0.0373269878327847
0.0408448912203312
0.0076083480380476
-0.0377396158874035
-0.0236335620284081
0.0303562656044960
0.0022265915758908
-0.0126830255612731
-0.0378640592098236
0.0373955480754375
-0.0764795392751694
-0.0915860310196877
0.1016195118427277
0.1074594333767891
-0.0276286173611879
0.0403012819588184
0.0321003906428814
-0.0224127434194088
0.0020399857312441
-0.0175755061209202
0.0092056170105934
0.0000260926444753
-0.0210907980799675
-0.0178125016391277
0.0248257257044315
-0.0162680428475142
0.0312823355197906
0.0464218258857727
0.0228632409125566
-0.0756243094801903
-0.0897150188684464
-0.0108487112447619
0.0109109766781330
-0.0243537258356810
0.0130171002820134
-0.0320493467152119
-0.0163274463266134
-0.0077637797221541
-0.0523155406117439
0.0513320975005627
-0.0560620017349720
-0.0959012806415558
-0.0000509451820108
-0.0481621697545052
0.0926124826073647
-0.0401383005082607
-0.0592164956033230
0.0347354635596275
-0.0012783949496225
-0.0435665734112263
-0.0472437776625156
0.0342420674860477
-0.0408528931438923
0.0276954490691423
0.0086332932114601
-0.0276486407965422
0.0009657308110036
-0.0639583691954613
0.0037490043323487
-0.0274436902254820
-0.0219792369753122
0.0150128947570920
0.0212869588285685
-0.0062357769347727
-0.0061295158229768
-0.0193218607455492
0.0297383163124323
0.0505489595234394
-0.0098799243569374
0.1003360450267792
-0.0090892566367984
0.0109984362497926
-0.0322212614119053
0.0174712501466274
0.0272045787423849
0.0015860451385379
-0.0412640795111656
0.0324998833239079
-0.0250900257378817
0.0486183390021324
-0.0016654246719554
0.0228061825037003
-0.0737903341650963
0.0130507173016667
-0.0195931885391474
-0.0402547456324100
-0.0086188390851021
-0.0051441276445985
-0.0731663182377815
-0.0602608695626259
0.0314094312489033
-0.0700628459453583
0.0750845596194267
-0.0276821944862604
-0.0317778587341309
-0.0430909469723701
-0.0765180364251137
0.0327052660286427
-0.0448092967271805
-0.0257336962968111
0.0043150032870471
-0.0058283437974751
-0.0715530291199684
0.0556922927498817
0.0326162613928318
-0.0102996677160263
0.0038939488586038
0.0487546697258949
0.0253779757767916
-0.0180698595941067
-0.0258035380393267
-0.0358175262808800
-0.0404087267816067
0.0113379042595625
-0.0538623556494713
-0.0522296540439129
0.0487219281494617
0.0310659483075142
0.1366043239831924
0.0012291222810745
-0.0092320367693901
-0.0052814702503383
0.0575170256197453
-0.0193335488438606
-0.0299657396972179
-0.0117331659421325
0.0036498273257166
0.0649636462330818
-0.0439526885747910
-0.0355625227093697
0.0295020397752523
0.0226565338671207
0.0811096802353859
-0.0606433562934399
-0.0146663328632712
0.0048453127965331
0.1005698591470718
0.0806016251444817
0.0046073650009930
0.0243044830858707
0.0165028031915426
0.0739654675126076
0.0581217929720879
-0.0205279644578695
0.0416423715651035
0.0215169060975313
0.0143811600282788
0.0173160284757614
-0.0243347436189651
0.0181215256452560
-0.0804648846387863
0.0777268260717392
-0.0456818901002407
-0.0540512949228287
0.0156309716403484
-0.0195510592311621
-0.0333550684154034
0.0720752403140068
0.0500409863889217
0.0384107828140259
0.0471382141113281
-0.0185439549386501
0.0569007098674774
0.0258727315813303
-0.0031492549460381
-0.0603429563343525
0.0248295348137617
0.0372718349099159
-0.0289604105055332
-0.0469345822930336
-0.0139279896393418
0.0411138013005257
0.0047919251956046
-0.0277312826365232
0.0356812216341496
-0.0426707640290260
0.0053503760136664
-0.0557816103100777
-0.0230715386569500
-0.0115113072097301
-0.0695614293217659
0.0793222934007645
-0.0380082055926323
-0.0007803760236129
-0.0230808779597282
0.1082617118954659
-0.0062981052324176
0.0303975269198418
0.0011684263590723
0.0412800125777721
0.0330451279878616
0.0487318411469460
0.0184016469866037
0.0182199236005545
-0.0411217696964741
-0.0106947338208556
0.0077204965054989
-0.0336922295391560
-0.0046355910599232
0.0460068434476852
