0.0087316790595651
0.0777996852993965
-0.0824816897511482
-0.0229712519794703
0.0177666787058115
0.1461497396230698
0.0906760767102242
-0.1419795751571655
-0.0704733356833458
-0.0722606927156448
-0.0819946601986885
-0.0463190004229546
-0.0417756140232086
-0.0711641535162926
0.0179373603314161
0.0552680157124996
0.0017716565635055
0.1054259017109871
0.0782219171524048
0.0561418049037457
0.0192203596234322
-0.0928673818707466
0.0536902919411659
-0.0491686426103115
-0.0074844085611403
0.0275935102254152
0.0841594859957695
-0.1432283669710159
-0.0432384759187698
0.0623184703290462
0.0167648773640394
-0.0905387178063393
-0.0170769337564707
-0.0770466998219490
-0.0815955102443695
-0.0512107424438000
-0.0996983423829079
0.0328163094818592
-0.0746102854609489
-0.0411880016326904
0.0612864568829536
0.0864863097667694
-0.0680363476276398
0.0844573453068733
-0.0205442029982805
-0.0616989135742188
-0.0960186347365379
0.1183904632925987
0.0723323300480843
-0.0995576903223991
0.0828257426619530
0.1165058314800262
0.0809928178787231
-0.0740831717848778
0.0558973699808121
0.1282122135162354
0.0284813027828932
-0.0011374118039384
0.0515129975974560
0.0804505571722984
-0.0506538264453411
0.0373272188007832
-0.0792237296700478
0.0199332758784294
0.0602806173264980
-0.0734886825084686
0.0315778963267803
0.0611868053674698
-0.0466928593814373
-0.0227541644126177
-0.0110122784972191
-0.0800148323178291
-0.0006685307598673
-0.0404742956161499
0.0671582147479057
0.0458878353238106
-0.0020879288204014
-0.0673629641532898
0.0170159470289946
0.0140677811577916
-0.0357552021741867
-0.0611478276550770
-0.0651986896991730
0.1091469898819923
-0.0993653610348701
-0.0323348343372345
-0.0692719444632530
0.0200438126921654
0.0662113651633263
-0.0852951258420944
-0.0037922915071249
-0.0400690995156765
0.0907605588436127
0.0348058305680752
0.0234518405050039
-0.0063845701515675
-0.0255029741674662
0.0330495461821556
-0.1026496887207031
0.0758327618241310
0.0853302329778671
0.0363108441233635
0.0434617549180984
-0.0230865478515625
-0.1702421158552170
0.0380316786468029
-0.0429516732692719
-0.1142781302332878
-0.0374903231859207
-0.0431340485811234
-0.0985957160592079
0.0331177338957787
-0.0692760795354843
0.0339342951774597
-0.1169608384370804
-0.0191525984555483
-0.0732055082917213
-0.0117900939658284
0.0486280471086502
0.0420897826552391
0.1199328601360321
0.0456674061715603
-0.0636302158236504
0.0053217536769807
-0.0682575702667236
-0.0309297200292349
0.0247771330177784
0.0561032257974148
-0.0142530845478177
-0.0416413359344006
0.0085249952971935
0.0174887571483850
0.0179971978068352
-0.1216260716319084
0.0211570449173450
0.0664109513163567
-0.0199175532907248
0.0389325655996799
0.0688510611653328
-0.0377546101808548
-0.0262968055903912
-0.0628465488553047
-0.0623762793838978
-0.0832181274890900
0.0318138599395752
-0.0188100524246693
0.0392249226570129
0.1051796600222588
-0.0181518793106079
-0.0405347757041454
0.0206560976803303
0.0386981330811977
0.0501316413283348
0.0301733165979385
0.0440030954778194
-0.0864860191941261
-0.0593192391097546
0.0765455365180969
-0.0502325966954231
-0.0488033592700958
-0.0623198151588440
0.0907917246222496
-0.0875240564346313
0.0141682159155607
-0.0590017773211002
-0.0886608213186264
0.0402376055717468
-0.0956614688038826
0.0258832760155201
-0.0668679103255272
-0.0026316191069782
0.0026894616894424
-0.0011626479681581
0.0803821310400963
0.0682697072625160
-0.0018678519409150
-0.0995792523026466
0.0426872856914997
0.0058359303511679
-0.0422373004257679
-0.0176011137664318
0.0334892831742764
-0.0606234073638916
-0.0131729217246175
0.0514356158673763
0.0206512119621038
-0.0066075171343982
-0.1286626756191254
-0.0420775897800922
-0.0053563611581922
0.0475521609187126
-0.0155488261952996
0.1160125955939293
0.0156587567180395
0.0469520241022110
0.0310560353100300
-0.0034026061184704
-0.0298560075461864
-0.1022450998425484
0.0795328170061111
0.0363948531448841
-0.0621853731572628
0.0573745034635067
0.0301955603063107
-0.0252689532935619
-0.0474620126187801
-0.0880767181515694
-0.0637723505496979
-0.0656268149614334
-0.0028737420216203
0.0245535094290972
-0.0673432350158691
-0.0296890418976545
-0.0395869426429272
0.0765538290143013
0.0405187867581844
-0.0286337230354548
0.0027577283326536
0.0307420250028372
-0.0435469895601273
0.0281961224973202
0.0437906533479691
0.0335093289613724
0.0897733569145203
0.0263184532523155
-0.0135094495490193
-0.0553782768547535
-0.0321662575006485
0.0835422053933144
0.0958948135375977
0.0831098705530167
0.0293450169265270
0.0199467390775681
-0.0100046051666141
-0.0429081767797470
-0.0642087385058403
0.0309255495667458
0.0394248552620411
-0.0064268750138581
0.0350554659962654
-0.0752907097339630
0.0792778804898262
-0.0723923370242119
-0.0646049603819847
-0.0765600353479385
0.1330714821815491
-0.0266260653734207
0.1258332729339600
0.0443899221718311
0.0835197791457176
0.0829365700483322
0.0717880204319954
0.0052912984974682
0.0161993671208620
0.0437985286116600
0.0592469461262226
-0.0518844090402126
-0.0140122883021832
-0.1344423890113831
-0.0385901592671871
0.0207075532525778
-0.1289629042148590
0.0294238775968552
0.1752143800258636
-0.0199517644941807
0.0184330251067877
-0.1179841086268425
0.0291959661990404
0.0900230482220650
0.1318846046924591
-0.1613239049911499
-0.0130908284336329
-0.3665866553783417
0.0218898504972458
0.1402226388454437
-0.2233726829290390
-0.0353828147053719
-0.0210815705358982
0.0026293287519366
-0.0732443183660507
-0.0805115625262260
0.0058980984613299
-0.1759795248508453
-0.2175361514091492
-0.0346840433776379
-0.0558865182101727
-0.0835228934884071
0.0098493574187160
-0.0858865976333618
-0.1041569337248802
-0.2698613405227661
-0.0257569979876280
0.0575045570731163
-0.0070485472679138
-0.0570807233452797
-0.0758708789944649
0.0647778809070587
0.0175217650830746
0.0025423485785723
0.0035524715203792
-0.0098818037658930
-0.0344169624149799
0.1208632737398148
-0.3279246985912323
-0.1517320871353149
0.0219774451106787
-0.0327073223888874
0.0246712099760771
-0.0002042004052782
-0.0938870683312416
0.0090849986299872
-0.2214763015508652
0.1367208063602448
0.0533033423125744
-0.1790481954813004
0.1572023034095764
0.0520931445062160
0.3866408467292786
0.0220374204218388
-0.0886495113372803
-0.0403627343475819
-0.0459768623113632
0.0515595674514771
-0.0024437131360173
-0.0092374105006456
-0.0170634631067514
-0.0773740708827972
0.0484224669635296
-0.0176855195313692
-0.0184255074709654
0.0604344643652439
0.0059915450401604
0.0166619177907705
0.0921185910701752
0.0547431595623493
0.0209703836590052
0.0291413199156523
-0.0174681171774864
-0.0046081356704235
-0.0818354934453964
-0.0042374362237751
0.0691234022378922
0.0224951785057783
-0.0467736460268497
0.0463008768856525
0.0140471979975700
-0.0238004513084888
0.0206966102123260
0.0095852427184582
0.0207951627671719
-0.0427989251911640
-0.0955387055873871
-0.0175945945084095
-0.0002493713109288
-0.0676682442426682
0.0546836256980896
-0.0575246028602123
0.1278973221778870
0.0384234897792339
0.0880382731556892
-0.0238665491342545
0.0261722002178431
0.0641948506236076
-0.0044304975308478
-0.0181660372763872
-0.0256796963512897
-0.0054175541736186
-0.0368696823716164
0.0961540192365646
-0.0831074044108391
0.0336664393544197
-0.0009356570662931
-0.0142759075388312
0.0226737912744284
0.0386773012578487
0.0404559075832367
-0.0400260575115681
0.0834007114171982
0.0726079344749451
-0.0333534367382526
0.0318551287055016
-0.0041345627978444
0.0022118184715509
0.0290327966213226
-0.0367096513509750
0.0297616645693779
0.0786054879426956
0.0397817902266979
-0.0293150376528502
-0.0017894946504384
0.0362418480217457
0.0734213590621948
0.0186224393546581
-0.0475345067679882
0.0383515581488609
0.0567228384315968
0.0550858601927757
0.0408211052417755
0.0030591865070164
-0.0300213787704706
-0.0563615821301937
0.0645265355706215
0.0399865992367268
0.0030993816908449
0.0165322050452232
-0.0455092079937458
-0.0540728680789471
-0.0159479025751352
0.0447364859282970
0.0577407851815224
0.0333449952304363
0.0031757880933583
0.0111696105450392
-0.0511000938713551
0.0162751544266939
0.0552355051040649
-0.0714240074157715
-0.0032709061633795
0.0339040607213974
-0.0031808803323656
-0.0843170955777168
0.0178730022162199
-0.0052309404127300
0.0434682704508305
0.0509391352534294
0.0203826129436493
-0.0452531389892101
-0.0877390950918198
0.0945444181561470
-0.0797091349959373
0.0097123309969902
-0.0499992780387402
-0.0159019082784653
-0.0347378738224506
0.0064786365255713
0.0417259968817234
-0.0301767438650131
0.0200692843645811
0.0232072900980711
-0.0386513918638229
0.0009876858675852
0.0110093383118510
0.0274551138281822
0.0445833504199982
-0.0363970100879669
-0.0344531387090683
-0.0146691072732210
0.0538222342729568
-0.0347223281860352
-0.0330366455018520
0.0996186137199402
0.0423669554293156
0.0252892896533012
0.0112546123564243
0.0366833284497261
-0.0040714503265917
-0.0005975137464702
-0.0305015090852976
-0.0086382580921054
0.0152725940570235
-0.0131498966366053
-0.0160089191049337
0.0342893078923225
-0.0414209142327309
-0.0352499298751354
0.0421764738857746
0.0164964403957129
0.0790978372097015
-0.0023572116624564
0.0662058517336845
-0.0635259747505188
-0.0234327241778374
0.0281053371727467
0.0715414807200432
0.0140336295589805
-0.0140104563906789
-0.0592911839485168
-0.0464337058365345
0.0352563634514809
0.0150193003937602
0.0031614073086530
-0.0424933582544327
-0.0017286238726228
-0.0146482791751623
0.0048382938839495
-0.0001037654583342
-0.0060974713414907
0.0019276879029348
-0.0549721941351891
0.0379126854240894
-0.0581319667398930
0.0309148579835892
0.1035060659050941
0.0051180925220251
-0.0170687437057495
0.0819197520613670
0.0386174879968166
0.0474411174654961
0.0617812052369118
0.0128267640247941
-0.0039173951372504
0.0950306653976440
0.0434801392257214
0.0063835615292192
0.0039014641661197
-0.1012149676680565
0.0555291101336479
0.0333964340388775
0.0607572570443153
0.0603875145316124
0.0716436877846718
0.0085521955043077
-0.0285219103097916
0.0512508079409599
-0.1003365814685822
-0.0725024491548538
-0.0425792261958122
0.0101804425939918
0.0064038136042655
0.0169760268181562
-0.0151933925226331
-0.0223946236073971
0.0372063331305981
-0.0041514132171869
-0.0597745962440968
0.0363527238368988
0.0202916190028191
-0.0044084875844419
-0.1005938798189163
0.0502522662281990
-0.0523590631783009
0.0269673410803080
-0.1234877556562424
-0.0367017574608326
-0.0471495352685452
-0.0069476296193898
-0.0512171015143394
0.0008875561761670
0.0160816162824631
-0.0011460466776043
-0.0356068760156631
0.0300966352224350
0.0072612822987139
-0.0523190721869469
0.0561800785362720
0.0492520742118359
0.0527342408895493
0.0460927560925484
-0.0124366702511907
-0.0400819331407547
0.0647431463003159
0.0402455590665340
-0.0354418642818928
0.0180607903748751
0.0007427681121044
-0.0523397773504257
-0.0664256960153580
-0.0309249088168144
-0.0174323692917824
0.0471644513309002
-0.0157153923064470
-0.0382075719535351
0.0711399018764496
-0.0180287808179855
0.0279633179306984
0.0473768375813961
0.0070271780714393
0.0828558057546616
-0.0644736886024475
0.0378506965935230
-0.0981065779924393
-0.0397897586226463
-0.0580821111798286
0.0222655255347490
0.0134708043187857
-0.0801912322640419
-0.0618249736726284
-0.0276819672435522
0.0336878709495068
0.0385790802538395
-0.0248338952660561
0.0840394943952560
0.0612223595380783
-0.0388774573802948
0.0079547511413693
-0.0355734489858150
-0.0286008436232805
-0.0252271573990583
-0.0296214409172535
-0.0291920844465494
-0.0129753276705742
-0.0016132226446643
-0.0070942384190857
0.0069917212240398
0.0198585633188486
0.0192573945969343
-0.0597637258470058
-0.0145316282287240
-0.0248605068773031
0.0014533137436956
-0.0517978332936764
0.0151007315143943
-0.0146383186802268
-0.0166834741830826
-0.0492052398622036
-0.0104521960020065
0.0115328663960099
0.0559863336384296
-0.0145005742087960
-0.0436220951378345
-0.0475451461970806
-0.0027211774140596
-0.0004583663539961
0.0711884200572968
0.0330009832978249
-0.0604303851723671
0.0227540675550699
-0.0545026697218418
0.0433237105607986
-0.0104612549766898
0.0337277613580227
0.0242161806672812
-0.0827975571155548
-0.0081576602533460
0.0665099769830704
-0.0464956611394882
0.0428908839821815
0.0217310357838869
-0.0063187940977514
0.0033422876149416
-0.0157110150903463
-0.0670181736350060
-0.0185882151126862
0.0314280539751053
0.0185398552566767
-0.0068840552121401
-0.0312114935368299
0.0715190693736076
-0.0213411226868629
-0.0014713773271069
-0.0705444440245628
0.0663655027747154
-0.0207482390105724
-0.0282320063561201
0.0504479371011257
0.0438678003847599
-0.0341373533010483
0.0336942560970783
0.0347294881939888
-0.0345458537340164
-0.0093715665861964
0.0324159562587738
0.0012534371344373
-0.0619858130812645
-0.0272445529699326
0.0338148958981037
0.0307292919605970
-0.0724118649959564
0.0282432865351439
0.0250204745680094
0.0270795784890652
-0.0307062398642302
-0.1135492548346519
0.0258073359727859
0.0530599057674408
-0.0235657822340727
-0.0152233745902777
-0.0351683571934700
0.0096247959882021
-0.0273081269115210
-0.0327851213514805
-0.0239514727145433
-0.0448487214744091
-0.0449030809104443
-0.0135019933804870
-0.0161995366215706
0.0569813027977943
-0.0674449056386948
-0.0518285445868969
0.0506362654268742
0.0553624220192432
-0.0583092607557774
0.0237915180623531
0.0083782505244017
-0.0616225451231003
0.0127521688118577
0.0727219879627228
0.0248220413923264
0.0445051714777946
-0.0174331106245518
-0.0181069225072861
-0.0003255879564676
-0.0355611182749271
-0.0118392156437039
0.0122707970440388
0.0453628376126289
0.0198476538062096
-0.0106954984366894
-0.0271902997046709
0.0488333888351917
-0.0421086102724075
0.0216525644063950
0.0179156325757504
-0.0259632356464863
-0.0358563922345638
0.0389465279877186
0.0841149091720581
0.0359600894153118
-0.0539031438529491
0.0831530243158340
-0.0739090591669083
0.0393883772194386
0.0213631410151720
0.0326025784015656
-0.0572516098618507
-0.0240783747285604
0.0172045473009348
-0.0307039581239223
-0.0510739088058472
-0.0217575561255217
-0.0375314056873322
-0.0283588171005249
0.0447180718183517
-0.0740234777331352
0.0577946342527866
0.0234332047402859
-0.0414004847407341
-0.0803461968898773
-0.0402820594608784
-0.0009896017145365
-0.0117332069203258
0.0023914542980492
0.0727496817708015
0.0189412459731102
-0.0522946529090405
0.0043744156137109
0.0522095896303654
0.0450724698603153
0.0098470365628600
-0.0039231511764228
0.0298982765525579
0.0108042554929852
-0.0474691465497017
-0.0835823714733124
-0.0466301925480366
0.0126036591827869
-0.0118982950225472
-0.0179391596466303
-0.0476407110691071
0.0423955619335175
0.0746075958013535
0.0036899424158037
-0.0193035453557968
0.0080436309799552
0.0602883510291576
-0.0404421202838421
-0.0079358872026205
-0.0354685336351395
-0.0545699261128902
0.0948400273919106
-0.0259455423802137
-0.0327211432158947
0.0109806824475527
-0.0076560662128031
0.0843830332159996
-0.0439792871475220
0.0374656319618225
0.0072166905738413
0.0927667319774628
0.0368151664733887
0.0440339967608452
0.0390905588865280
0.0809412077069283
0.0660334974527359
0.0978731960058212
-0.0033069176133722
0.0591742694377899
-0.0191636644303799
0.0205639880150557
0.0088296858593822
-0.0170087721198797
0.0484139658510685
-0.0583275109529495
0.1076803877949715
-0.0005643296171911
-0.0236937087029219
0.0158579628914595
-0.0098025007173419
-0.0261053889989853
0.0547492690384388
0.0518025681376457
0.0226221010088921
0.0750175416469574
0.0315238051116467
0.0920633897185326
-0.0167348943650723
0.0083748186007142
-0.0529827214777470
0.0645439624786377
0.0856338441371918
-0.0202041398733854
-0.0574067905545235
0.0093362992629409
0.0101525578647852
-0.0174733716994524
-0.0079278005287051
0.0319027006626129
-0.0032301582396030
0.0219059046357870
-0.0625903680920601
-0.0364256761968136
0.0280967988073826
-0.0615621320903301
-0.0185603387653828
-0.0252113491296768
-0.0529823042452335
-0.0095448717474937
0.0535709261894226
0.0158916469663382
0.0850677862763405
0.0653209015727043
0.0619902200996876
-0.0200728420168161
0.0479051768779755
-0.0304271597415209
0.0132310232147574
-0.0400644652545452
0.0566548146307468
0.0013463214272633
0.0039960909634829
0.0309409145265818
0.0196501910686493
