-0.01773650
-0.00330667
0.01885926
-0.11587310
-0.01725458
-0.12147219
-0.02635296
-0.00625621
-0.08090643
-0.02772724
-0.00108323
-0.00652469
-0.02705526
-0.05594948
-0.04081947
-0.03400352
-0.00257756
-0.01143410
-0.24495049
0.01719660
-0.00226693
0.04667417
-0.03335809
-0.00462162
-0.00504056
0.01405468
0.11493563
0.06178915
0.01521079
0.04294784
-0.10973576
-0.01140585
-0.00910562
0.01046978
-0.01887264
-0.00362735
0.02728288
0.01532976
-0.01545003
0.01193062
0.01290272
-0.00547061
0.01177368
0.02550102
0.00942984
0.03487268
-0.00275352
0.01483462
0.04513030
0.01885584
0.01881999
0.07067834
-0.06737279
0.02560688
0.02349938
0.02289880
-0.00008233
-0.01546321
-0.00714392
-0.20910425
0.03031999
0.01912075
0.00190705
-0.05365007
-0.01601649
-0.08343054
-0.02620932
0.01069502
0.00940154
0.06562537
-0.01811102
-0.02513187
0.10207089
0.05250022
0.01387703
-0.05108550
-0.08279716
-0.02344361
0.01623606
0.11695696
-0.02787205
-0.02224953
0.02242457
0.00930002
-0.15410925
0.00184164
0.03028547
-0.02331395
-0.00663968
0.02455488
0.06524096
-0.00811940
0.00899505
0.02113295
-0.00165864
-0.02138667
-0.00412097
0.03104593
0.01189668
-0.00108771
-0.00540317
-0.09905822
-0.00991380
0.00129935
0.00666182
0.04142554
-0.03980470
0.03181423
-0.02605406
0.01014797
0.00979428
0.01755269
0.02571479
-0.02619280
-0.01395780
0.02818641
-0.11639800
0.02080960
0.00299848
-0.00464247
0.00491367
-0.01802401
0.03134694
0.00010417
0.20228045
-0.00205935
0.01868228
0.00942673
0.02341636
-0.05866164
0.07437481
0.01748381
-0.00991099
0.00225971
0.02600442
0.02495047
0.01816479
0.03246495
0.10795926
-0.01609300
0.19098063
0.01178455
-0.00630144
0.03452238
-0.02635518
-0.15293221
-0.00547234
0.01454417
0.02225453
0.01153623
-0.02505515
-0.03235393
-0.03618120
-0.01550906
-0.00174757
0.00677640
-0.00150400
0.01518509
0.04358617
0.08283488
-0.04449803
0.02529225
0.00113399
-0.00927600
-0.01678824
-0.00511750
-0.02458732
-0.02163093
0.02811957
0.09018657
-0.02905254
0.02324083
0.00396593
0.00609447
0.00623282
0.01298525
0.03013942
-0.01592403
0.06328481
0.01922580
-0.05334931
-0.02237731
0.02924907
0.00338487
-0.03686326
0.09864151
-0.36994639
-0.01927086
-0.02785470
0.03910257
-0.00192754
-0.01281302
0.00847674
0.00982924
-0.01509689
0.00197068
0.07158941
-0.00478323
0.01123321
-0.00217266
0.04812665
-0.00846123
-0.37906882
0.06458533
-0.03202294
-0.05791981
0.00344982
-0.04694409
0.00547909
-0.00876399
-0.00942401
0.01786919
-0.01703744
0.00038065
0.01684782
0.09406403
0.00158641
-0.00080769
-0.00034221
0.03946118
0.04125657
-0.35451719
0.01502907
0.00937248
0.01063512
0.00874427
0.00804665
-0.07504132
0.04549583
-0.04880027
-0.00022508
-0.07392668
0.04833891
-0.02521611
0.11704855
-0.02370051
0.00876065
-0.00471338
0.01210363
-0.02300810
0.01114551
0.02606021
0.11863399
-0.01502531
0.00986163
0.00379587
0.04601798
-0.04399573
0.01698687
-0.04071941
0.02901418
-0.01312211
0.02139322
0.02674534
-0.01608863
-0.02850184
-0.06295427
0.15714720
-0.00076462
0.00265578
0.12645799
-0.10956462
-0.00070236
-0.09595970
-0.00210455
0.11087591
-0.18972890
-0.07443542
-0.08697856
-0.06400059
0.04060801
-0.00912709
-0.02037836
-0.01843929
0.07431719
-0.03643538
0.11785275
-0.00050132
-0.03457732
0.02794774
0.00342341
-0.00982999
0.10094241
-0.09199865
0.03390595
0.05919445
-0.07613023
0.02512575
0.09264993
-0.03316204
0.06141431
0.01640792
-0.03812806
-0.15255889
0.06133110
0.01130731
-0.07462208
-0.02882070
0.00895224
0.11470234
-0.08893520
-0.09972239
0.79448968
0.05868101
-0.03781592
0.01167257
-0.13481134
0.14922260
-0.04710362
-0.03171836
0.05424342
0.00410019
-0.00509113
0.01708543
-0.07819496
0.17297980
0.03276952
0.05584472
-0.08600745
0.05441083
0.02834062
0.02655271
0.00413327
0.01810701
0.03004300
0.01746655
0.03510831
-0.03737613
0.02565006
0.01755922
0.01402656
-0.04543595
0.02376796
0.05574083
-0.02181843
0.01739290
0.02545933
-0.02716774
-0.04373842
0.01400026
-0.02637058
-0.01041037
0.02693943
-0.04193088
-0.12076808
0.02063115
0.05829987
-0.02880981
-0.00076082
-0.01083653
0.00501123
0.00109678
0.04042431
0.00075741
0.01166097
-0.07192536
0.00975876
0.00632924
-0.01891897
-0.03688741
0.02193679
-0.03314493
-0.03964867
0.02536378
0.00990476
0.00309627
-0.00510830
0.00433411
0.00948900
-0.02784944
0.00490641
-0.06908516
-0.00591839
-0.02431297
-0.00937530
-0.02816629
-0.08003454
-0.02124576
-0.04465586
0.00287009
-0.02525082
0.01680939
0.08231568
0.05556665
-0.02353085
0.07421444
-0.00737818
0.03251069
0.01770346
0.01349321
0.02589672
-0.01835581
0.00161209
-0.04764708
-0.03216086
-0.03123654
-0.10449510
-0.07109823
0.07923761
0.03523032
-0.01796291
0.03174984
-0.03072024
0.01523510
0.04854788
-0.00812482
-0.01853327
0.00191087
-0.06315093
-0.02018297
0.02838196
-0.00397566
-0.06195940
0.04243468
-0.02749393
-0.03215914
-0.00281967
0.00305050
0.08497898
-0.00668732
-0.03454944
0.03540369
-0.04564835
0.04478558
0.04801039
-0.00188088
-0.01321738
-0.00756546
-0.02729740
0.06864560
-0.00238480
-0.03715287
0.01680165
-0.02922189
-0.00702088
-0.03801223
-0.03925420
-0.00045345
-0.02217215
0.02501234
-0.01725992
-0.00604857
-0.01773303
0.01839017
-0.04511020
-0.07934103
-0.04017822
0.01639958
-0.05313217
-0.00227091
-0.00154188
-0.00733297
-0.02730835
0.01441395
-0.01113275
-0.02121463
0.01096297
-0.00266733
0.01487802
-0.03500625
-0.03316772
0.01239344
-0.00846147
-0.04416035
-0.00547598
-0.03128409
0.01418103
0.04656231
-0.01567432
-0.02438569
0.01157548
0.01047824
-0.04788341
-0.02438569
-0.04862823
-0.00817577
0.01768068
0.01060654
-0.03603095
0.09878045
-0.03001707
-0.04315672
0.07558537
-0.00582993
-0.03146753
0.02236258
0.00263097
-0.05315494
0.00401287
0.05762934
0.00883463
-0.01343942
-0.00150433
-0.00379058
-0.02048800
0.01127745
-0.00418577
-0.00609799
0.03573172
0.03175073
-0.00650712
0.00383518
0.03367695
-0.00293383
-0.01565929
0.01983783
-0.00415988
-0.07510351
-0.03444381
0.02396034
0.01258836
-0.03535953
-0.04360756
-0.06156515
0.03029124
0.00195845
0.04397785
-0.05794480
0.00616005
0.01988458
-0.01573336
0.03421478
0.15750013
0.03873703
-0.03239490
-0.05477981
-0.10905256
0.03158528
0.11810183
-0.03096243
0.01409145
0.04077284
-0.00879871
-0.05623235
0.04965832
-0.01535368
0.00083862
-0.06795998
-0.00298820
-0.01178171
-0.03064743
-0.02119144
0.02328332
0.01395762
0.01741858
0.00009468
-0.01767164
-0.01040214
0.00197905
0.00585588
-0.02810834
0.05324347
-0.01400833
-0.05142330
0.02313902
-0.04949754
0.06099302
-0.00924913
0.00919415
0.01343116
0.12824152
-0.02677398
0.00891719
-0.04678684
0.05248255
0.08377761
-0.00445390
-0.00689907
-0.00724654
-0.00008825
0.01192406
0.05885622
0.01220602
0.01393809
-0.01997436
-0.04354536
0.01374236
-0.01601289
0.02241519
0.00041154
0.00364418
0.00102688
0.04248035
0.00365805
-0.00536774
0.09137653
0.00392395
-0.00088993
0.00450085
0.02914078
0.05071678
-0.03267435
-0.01372384
-0.00847783
0.14474939
-0.03858016
-0.02619830
-0.05273904
-0.01072410
-0.01397367
0.00385633
-0.08141012
-0.02048564
-0.06607439
-0.00031954
0.03142874
0.02295280
-0.02687845
0.00023546
-0.00075790
0.00015922
0.01237338
0.01539561
0.03015015
-0.04401526
-0.01408898
-0.14053574
-0.06802353
0.01486097
-0.06575626
0.01839885
0.01711798
-0.01415923
-0.01666620
-0.05922997
-0.09581851
-0.05661100
0.02477299
-0.01862696
0.01021765
0.02039087
0.00602873
0.01776863
0.01411731
0.04046653
0.02298355
-0.04464732
-0.05173614
-0.14942536
0.00138333
-0.00645975
0.03549137
0.07289770
0.07005966
0.01357769
0.01983893
0.01675601
0.00205602
0.13709678
-0.00978774
0.00402816
-0.00136015
0.02482205
-0.03875876
-0.02235750
-0.00198391
-0.02892987
-0.00609286
0.00082123
-0.08189438
0.04782146
-0.05588751
-0.02995883
-0.02417315
0.07605547
0.00093596
-0.00348588
0.04137864
-0.02865247
0.01290535
-0.03410357
-0.01429804
0.07110631
0.01980356
0.01705528
0.02263033
0.02978471
0.02817057
0.03933840
0.04872128
-0.06195060
-0.05015379
-0.00420444
-0.04575790
-0.02042862
-0.01245962
0.02313279
-0.00874872
0.02634663
0.02646168
0.00054831
-0.00002475
-0.02956440
-0.01145699
0.01488437
-0.00538251
-0.02787156
0.02917513
-0.00763579
-0.00961039
-0.05132813
0.00966358
0.04968414
0.03034416
-0.00282631
-0.01066877
0.02017544
-0.22740215
0.13090008
-0.04180475
-0.03190155
0.06634759
-0.01455565
0.05486988
-0.00271586
-0.01528283
-0.03520948
0.04295296
-0.27204835
0.00890535
0.00485982
-0.02524836
-0.01725239
0.09942745
-0.03652088
-0.09875432
0.02193146
-0.02456160
0.00004377
0.02282839
-0.01727192
-0.00284036
-0.04154980
0.04202978
0.05270337
0.00419675
0.02908061
-0.07499916
-0.00965186
-0.01298809
-0.01747580
0.09790725
0.00932179
-0.02790689
0.02678501
-0.00540315
-0.02373199
0.02301509
0.07595270
-0.04509094
0.02314152
-0.03967324
0.04631267
-0.03960188
-0.01906230
-0.05518084
-0.00608719
-0.02024085
-0.01057442
0.05299616
0.01608635
0.05510275
0.05591780
0.02681294
-0.01731977
0.01072931
0.01762699
0.02941060
0.04096929
0.28126094
-0.04011773
0.03121934
0.01932300
0.06239644
-0.02634924
0.00225836
-0.00635315
0.04118733
-0.03099669
0.02005081
0.02026886
0.09056441
0.00535042
0.01177517
-0.02932899
0.01547502
-0.06549715
-0.02469900
0.04833153
-0.03722572
-0.04098857
-0.00104202
-0.00720601
-0.00435918
-0.03718449
-0.01830036
-0.02493448
0.02108882
0.00936283
0.01458072
0.00930440
0.01691158
0.00492616
-0.07573706
-0.00555122
0.05885315
0.06626232
0.02499866
-0.01055517
0.02422500
-0.04018300
0.01843942
0.07300110
-0.02990941
0.06259109
0.01515049
-0.01861288
-0.03080443
-0.02206489
0.03014934
0.04852634
0.04689277
0.02299717
0.03639559
0.00131604
-0.11257662
-0.00019478
0.05047134
0.01182760
0.01272633
-0.00259454
-0.01798751
