-0.01657465
0.00286781
0.01752556
-0.11076558
-0.01458068
-0.12106729
-0.02554494
-0.01017993
-0.07459723
-0.02897886
0.00424206
-0.00735077
-0.03003740
-0.04578829
-0.03131714
-0.03178219
-0.00467327
-0.01680686
-0.23080447
0.01226028
-0.00448408
0.03748677
-0.03572274
-0.00941010
-0.00292699
0.01692592
0.11078280
0.05635006
0.02027865
0.03904641
-0.09613577
-0.00958388
-0.00686739
0.01979405
-0.01513471
-0.00360925
0.02855170
0.00548946
-0.02087446
0.01450814
0.01392793
-0.00067622
0.00212162
0.02445338
0.00381798
0.03219027
0.00400484
0.02048232
0.03782465
0.01392023
0.01624696
0.06489076
-0.06171466
0.01451074
0.02741362
0.01874840
-0.00176108
-0.01256946
0.01610111
-0.20238602
0.02743787
0.01841063
0.00232097
-0.04449727
-0.01394587
-0.08616316
-0.02472339
0.02021272
0.01635642
0.05977694
-0.02190672
-0.01587100
0.10247746
0.04912109
0.01846458
-0.05175959
-0.07989522
-0.01723585
0.01342962
0.13258986
-0.02241893
-0.02207661
0.02055706
0.00959667
-0.15176649
-0.00332974
0.02499461
-0.02367455
-0.01452023
0.01766022
0.05844373
-0.00745812
0.00662151
0.01995947
0.00015342
-0.01846134
-0.00577959
0.03485341
0.00724725
0.00024953
-0.00003964
-0.09412169
-0.01057647
-0.00144528
0.00229083
0.03322525
-0.03986062
0.03400782
-0.02188743
0.00894533
0.01633319
0.01022759
0.01965550
-0.01875861
-0.01493642
0.02595649
-0.11780179
0.02194087
0.00434764
-0.00843666
0.00517508
-0.01239291
0.03156776
-0.00089695
0.18835114
-0.00129386
0.02278099
0.01292359
0.01913192
-0.06971475
0.06422285
0.02045505
-0.00226058
0.01203012
0.02653570
0.02292951
0.01162556
0.03546674
0.11052304
-0.01795785
0.17986852
0.02286906
-0.00909260
0.04042017
-0.01887207
-0.13466816
-0.00675848
0.01009637
0.01797535
0.01586846
-0.02986478
-0.02608187
-0.03429146
-0.01865174
-0.00115904
0.01334526
0.00401058
0.01043386
0.03724369
0.07268707
-0.03731357
0.01838212
0.00864249
-0.00649303
-0.01746443
-0.01194746
-0.02435634
-0.01204043
0.02343502
0.07836343
-0.03644060
0.02430198
-0.00142362
-0.00146154
-0.00570646
0.00356389
0.02326489
-0.00655016
0.06843407
0.02222777
-0.04987145
-0.01307503
0.02879907
-0.00174062
-0.04242176
0.12086915
-0.38599801
-0.01377806
-0.02547129
0.03522397
0.00044870
-0.01355562
0.00821883
0.00811866
-0.00781355
0.00648466
0.05750043
-0.01193803
0.00869519
0.00189852
0.04916389
-0.01557853
-0.38562313
0.06091274
-0.02572996
-0.05363017
0.00190405
-0.05033672
0.00861311
-0.01221292
-0.00177590
0.01649484
-0.00959570
-0.00130059
0.02397559
0.09499480
-0.00151315
-0.00602359
0.00090276
0.02589192
0.03206206
-0.40190783
0.01353380
0.00853018
0.01099002
0.00957504
0.00522040
-0.06889079
0.03337337
-0.04027267
-0.00650701
-0.06609304
0.03740199
-0.02660841
0.11834271
-0.01502244
0.00582545
-0.00824569
0.00841585
-0.02101593
0.01343898
0.02628044
0.10023481
-0.01126644
0.01511553
0.00124545
0.04151978
-0.04083314
0.01643646
-0.03380935
0.02728575
-0.01766767
0.01930627
0.01942062
-0.00692394
-0.02426350
-0.09672487
0.12997037
0.08514927
-0.06322467
-0.01015479
-0.18845648
0.12353019
-0.02651827
0.04989042
-0.04120087
-0.08999322
-0.00600371
-0.14039457
0.01927019
0.10553651
-0.01387411
-0.03039072
0.03858992
0.05768317
0.01454454
0.09118757
-0.02931829
-0.11359341
0.03692377
0.08002862
-0.07239906
0.08199174
-0.13101831
0.07697748
0.02680929
-0.02547246
0.04446452
0.11524066
0.04064823
0.03259502
0.07060625
0.04426696
-0.13990560
0.12918164
-0.02775723
-0.03039307
-0.07615396
0.15993851
0.10870138
-0.02631309
0.05414599
0.75923395
0.06865801
0.00253749
0.14096801
-0.06669170
0.16950946
0.01981429
-0.04190099
-0.11106582
0.02277944
-0.06161730
-0.09417421
0.01353746
0.13640976
-0.03017300
0.05518747
-0.01892764
0.01707829
0.02793187
0.02699481
-0.02806059
0.03648128
0.03583605
0.01501764
0.03688816
-0.07862372
0.04927292
0.02695937
-0.01439682
-0.03759475
0.02459044
0.05383691
-0.01827715
-0.00338582
0.03940553
-0.03121105
-0.05723200
-0.00614186
-0.04178379
-0.03289775
0.03519903
-0.02438266
-0.11962481
0.00526292
0.07054106
-0.02769440
-0.01046191
0.00170402
0.03497924
-0.00338559
0.05365577
0.02134640
0.00135729
-0.05835053
0.01321068
0.03079752
-0.00382167
-0.03477697
0.02087510
-0.01695734
-0.06514293
0.03385135
0.00167637
0.01882908
-0.00976937
0.01421913
0.03182095
-0.01588662
0.01369623
-0.06736026
0.00219460
-0.03055719
-0.02255612
-0.01878667
-0.07168924
-0.03178531
-0.04423113
0.00320229
-0.03193569
0.00953429
0.07882951
0.04439117
-0.01213354
0.05279026
-0.01923311
0.01714758
0.00095279
0.02420872
0.02173185
0.01973133
0.01792913
-0.06583785
-0.06540513
-0.01809313
-0.11327469
-0.05428823
0.08463960
0.04527300
-0.03305170
-0.00666404
-0.05215155
-0.00457124
0.06589387
0.01445927
-0.02264593
0.00746693
-0.05581049
-0.03113070
0.01702461
0.00600725
-0.06544890
0.04105702
-0.03095731
-0.03690382
-0.02385940
-0.00321639
0.09881550
-0.03124959
-0.02047354
0.03860042
-0.02113806
0.04326263
0.04219292
-0.00256048
0.01763465
-0.02082690
-0.02156189
0.07118724
-0.02261663
-0.03066967
0.00731842
-0.03374737
0.02138727
-0.04173721
-0.03173473
-0.00270241
-0.01432718
0.00521979
-0.01663899
0.00587795
-0.02963278
0.00630094
-0.06528047
-0.05550765
-0.02240886
0.03201322
-0.05745789
0.02054186
-0.01713727
-0.01264476
-0.01087734
0.02635311
-0.01631293
-0.02784508
-0.00120416
-0.00708459
0.00558067
-0.03116703
-0.04269814
-0.00216953
0.01791439
-0.05086127
-0.00497505
-0.02363414
0.01102742
0.05034649
-0.03027304
-0.02469380
-0.01217107
0.00611292
-0.04000709
-0.03352483
-0.03753278
-0.03039686
0.01338774
0.00952707
-0.03625350
0.08640026
-0.02999306
-0.01606917
0.05604599
0.00852821
-0.02337336
0.02433719
-0.00033976
-0.06741399
0.01253984
0.04835583
0.00767205
-0.02849762
0.00672805
0.00805449
-0.01130234
0.00994143
-0.01180559
0.01199559
0.07739051
0.03337431
0.03236352
-0.01387480
-0.00755180
0.00335696
-0.01042981
0.01079922
-0.00844381
-0.05194204
-0.00461422
0.04342926
-0.00671424
-0.02876404
-0.03453268
-0.06260529
-0.00513344
-0.00275742
0.02726156
-0.04835107
0.04092436
0.00167126
-0.03737479
0.00476753
0.14272207
0.04060487
-0.01671901
-0.02920816
-0.09507112
0.00368870
0.09786760
-0.03679375
0.03188751
0.04840544
-0.03617632
-0.03838181
0.05203278
-0.01431223
-0.00691204
-0.07275556
0.02050283
0.00629509
-0.04328143
-0.02622645
0.01940003
0.01682116
0.02569490
0.00302550
0.00915300
-0.02404839
-0.01193577
-0.00313723
-0.01795734
0.08194442
-0.01447241
-0.04218721
0.03136918
-0.06630569
0.06427747
-0.00052016
0.00460438
-0.02903072
0.12438063
-0.03266654
0.00371631
-0.04026815
0.05031382
0.07567804
0.00539898
-0.00106099
-0.00467876
-0.01894005
0.00254365
0.04186184
-0.02124300
0.03321963
-0.00549474
-0.03328018
0.00285967
0.00547152
0.01628654
-0.01297709
0.00958940
-0.00894809
0.05586446
-0.00633025
0.02410956
0.10057979
0.01429475
-0.00353916
0.00381596
-0.00118881
0.05231210
-0.03631878
-0.03111139
-0.00661132
0.10987865
-0.02283168
-0.02793416
-0.04665323
0.00254622
-0.01567054
-0.02714374
-0.06210157
0.02597673
-0.04755781
-0.00639152
0.01319625
0.04691191
-0.02695953
-0.00069783
-0.01134464
-0.00618672
0.02817298
0.00237797
0.00166900
0.00153986
-0.00731635
-0.11417345
-0.06859987
0.03258544
-0.06499384
0.01837355
0.02808291
-0.01056882
-0.01540884
-0.03531614
-0.08164039
-0.06582651
0.02684029
0.00916727
0.00140444
0.05050503
-0.02896627
0.03661912
-0.02023397
0.04315688
0.01367433
-0.04169069
-0.02721766
-0.15008442
-0.00244664
0.01495046
0.02575834
0.06214201
0.08189800
0.01923647
0.03426860
-0.02847773
-0.02608568
0.13643402
-0.03218443
0.01159956
-0.00511198
0.02346925
-0.04149959
-0.04146327
0.01093507
-0.02387371
0.00197662
-0.00303423
-0.07221555
0.06608963
-0.07585484
-0.01810338
-0.00524544
0.08391753
-0.03607566
0.01491269
0.05344472
-0.04422709
0.03522666
-0.02564337
0.01027416
0.09812967
0.00153075
0.01924061
-0.00917486
0.04143045
0.03595309
0.04851819
0.04558158
-0.04982422
-0.05154411
-0.00487701
-0.03029460
-0.02990943
-0.04158228
0.01356956
-0.01297445
0.02944108
0.04208598
-0.00951833
0.00467529
-0.00702875
-0.02699565
0.02082828
0.01241712
-0.03877066
0.04564457
-0.03340226
-0.02843787
-0.06705546
0.01657969
0.07191253
0.02317307
-0.00487950
-0.01434943
0.01212765
-0.21120778
0.10926013
-0.01701057
-0.04908787
0.06184227
0.00422392
0.05054408
0.01203095
-0.00008609
-0.04592998
0.03966789
-0.24580099
0.00646186
0.00341306
-0.00977838
-0.01215633
0.09412058
-0.03096040
-0.11127845
0.00417126
0.01420477
-0.00648744
0.02430828
-0.01562385
-0.00022553
-0.03141329
0.02827262
0.05379933
0.00256810
0.01260499
-0.10181469
-0.00883152
-0.01011371
-0.02382568
0.12098351
0.02695883
-0.00016491
0.03540091
0.00546953
-0.02505186
0.04395773
0.07057903
-0.05110421
0.00803948
-0.04298550
0.04375110
-0.04673541
-0.01389734
-0.03659623
-0.00100999
0.00074349
-0.01785680
0.05402910
0.03747088
0.02819150
0.03826011
0.02920462
-0.02738514
0.00730741
0.01021042
0.01463049
0.01637853
0.27052283
-0.04825101
0.02057002
0.00664297
0.07918303
-0.03852848
-0.02755833
-0.02875159
0.04144611
-0.04872766
-0.01439838
0.01739744
0.08920259
0.01532995
0.01459411
-0.07417425
0.01663796
-0.06030092
-0.02243379
0.03609896
-0.03945876
-0.05160833
-0.01525429
-0.00553034
-0.01754298
-0.04121328
-0.00347292
-0.02262298
0.00312927
0.01839557
0.02569403
0.02116033
0.01693014
0.00781131
-0.08595000
0.02814979
0.07823237
0.07679908
0.03134637
-0.00175666
0.02392552
-0.05431071
0.00359607
0.05962086
-0.00253863
0.08527056
-0.00290066
-0.00889558
-0.03216556
-0.01886346
0.02013626
0.03001359
0.03827931
0.01661162
0.03386379
-0.00854817
-0.09463779
0.00292323
0.05909167
-0.02116575
0.02506154
0.00196235
-0.02761236
