-0.02587442
0.00114736
0.03541436
-0.11224257
-0.00997141
-0.11529807
-0.02067442
0.00306185
-0.07276230
-0.01725563
-0.00758702
-0.00815538
-0.02564082
-0.05192647
-0.02755233
-0.03349063
-0.00194821
-0.01401971
-0.25737283
0.00770448
0.00306210
0.05387920
-0.04209218
-0.01212744
-0.00526443
0.02591815
0.11933286
0.08030110
0.00692358
0.03723030
-0.14400370
-0.00768186
-0.01292917
0.00443712
-0.03174815
0.00690804
0.01477748
0.00930379
-0.01582335
-0.02033987
0.01413995
-0.00172431
0.04291752
0.02049142
0.01654543
0.02182228
-0.01101937
0.01085608
0.03277054
0.01957638
0.01690676
0.06172458
-0.07476904
0.03283380
0.02304834
0.01943253
0.00201991
-0.01285964
0.03982431
-0.22289397
0.01899905
0.00794615
0.00176483
-0.06236708
-0.01546971
-0.06318209
-0.01874365
0.00798229
-0.00635053
0.06549520
-0.01947192
-0.02830686
0.10092429
0.04869804
0.02683855
-0.05116175
-0.07940564
-0.00365542
0.00772327
0.08074249
-0.01457336
-0.03386491
0.01510833
-0.01273566
-0.12029989
-0.00594627
0.02222737
-0.01733751
-0.00768877
0.03066773
0.05141140
-0.00285242
-0.00774425
0.02029976
-0.00239832
-0.01746010
0.00054607
0.01662593
-0.00994071
-0.00358027
-0.01131372
-0.09021315
0.00570888
-0.00315806
-0.00046367
0.04440199
-0.04990874
0.02966889
-0.02611841
0.00966993
-0.00318308
0.01127609
0.01638382
-0.01578992
-0.01627049
0.02112362
-0.10119862
0.02001940
0.00211804
0.00339049
0.00147296
-0.01040212
0.01816563
0.00202613
0.20573378
-0.00947212
0.01434375
0.00504650
0.01267053
-0.02354170
0.08211405
0.02379666
-0.00751083
-0.00253728
0.03833004
0.02718640
0.00436952
0.02972204
0.09326916
-0.01276776
0.15462303
-0.00095689
0.00009075
0.03655681
-0.02968035
-0.17458262
-0.00529671
0.01176733
0.02022425
0.02373922
-0.03185052
-0.01827285
-0.03864233
-0.01774037
-0.00893160
0.01171985
-0.00187660
0.00554322
0.04061686
0.07705469
-0.03737871
0.01486668
-0.00339741
-0.00814443
-0.02082522
-0.00041009
-0.02682315
-0.00828196
0.02119839
0.09835822
-0.02561607
0.03429984
0.00273225
0.00360721
-0.00115075
-0.00018449
0.02468646
-0.01805197
0.04848161
0.01527429
-0.04759836
-0.01219707
0.03372433
0.00164235
-0.03824415
0.06487624
-0.36706650
-0.01581747
-0.01591601
0.04599825
0.02559622
-0.01158095
0.00217394
0.00993294
-0.00928187
-0.01458103
0.07909532
-0.00515686
-0.01695550
-0.00970726
0.03333867
-0.00544867
-0.34585229
0.05468610
-0.03180747
-0.05279674
-0.00051627
-0.04209579
0.00122157
-0.00806566
-0.01974071
0.02619813
-0.01136979
-0.00668841
0.01090284
0.09204315
-0.00259198
-0.01157243
-0.00449588
0.04200497
0.03181215
-0.41837880
0.00621562
0.00900757
0.00256128
0.00528939
0.00683219
-0.08058263
0.04066894
-0.05176116
-0.00273180
-0.08469690
0.04965448
-0.01669882
0.12137089
-0.02872593
0.00473283
0.00470936
0.00727198
-0.01420842
0.00398762
0.03767157
0.12599331
-0.00881416
0.01660221
0.00938605
0.03907641
-0.03139797
0.00799725
-0.04981955
0.02313999
-0.00536060
0.00432252
0.03026819
-0.01392132
-0.02575933
-0.02625227
0.07505056
-0.02503275
0.01541449
-0.01930935
-0.13676085
0.02221536
0.03978068
-0.00276117
0.04814439
-0.10070741
-0.01014053
-0.03785814
0.05976150
0.01790691
0.05445043
-0.03543831
-0.01861685
0.05211309
-0.01744255
-0.03602944
0.03309870
-0.04099817
-0.02951526
0.06967898
0.03392122
0.06476451
-0.07765979
0.01847424
-0.02909079
-0.04973924
0.04229619
0.02879442
-0.00555638
-0.06457398
0.02861154
-0.03140551
-0.10569877
0.02602023
0.06157682
0.02735064
0.03339010
0.05539848
0.00321928
-0.06062959
-0.03004896
0.91232443
0.01946957
-0.05123701
0.11500669
-0.13352390
0.04388470
-0.05323033
0.01628382
-0.04790665
0.01719914
-0.06198883
0.01239080
-0.00339504
0.04877721
-0.00483812
0.04489072
-0.06124013
0.03698204
0.01477175
0.02741583
-0.01736253
-0.00888257
0.01337328
-0.01957287
-0.02516574
0.04257248
0.03101812
0.05119047
0.02130016
-0.08366295
-0.00415457
0.04000076
-0.02426357
0.05871150
-0.00333259
-0.01045922
-0.00510480
0.05934649
0.06372465
0.02254881
0.02655794
0.01574953
-0.11929253
0.02471840
0.04302346
0.02508037
-0.00584139
-0.01365147
0.00452255
-0.00611849
-0.00965420
-0.10266729
-0.02284456
-0.09363206
-0.00211834
0.00457792
-0.06931440
0.03739906
0.03809861
-0.02459540
-0.02169144
-0.00385579
0.00183337
0.01774672
-0.04988190
-0.04235785
-0.02484708
-0.00166968
0.02788514
-0.03815885
0.04770477
-0.01173432
-0.03802228
0.01673236
-0.10205266
0.02099589
0.00904328
-0.01845472
-0.02811080
-0.01454380
0.07601623
0.00419835
-0.07064532
0.01950362
0.01135123
-0.00353713
0.09860764
-0.02829511
0.00868686
-0.04759955
-0.01777917
-0.00700957
-0.02644989
-0.07996222
-0.07347134
-0.10918273
0.01494536
0.03352129
0.01622484
0.09192643
-0.02243308
0.06493770
0.00330005
-0.08525693
-0.02986555
-0.02031218
-0.04467805
-0.03312342
0.05182933
0.03008805
-0.04401194
0.03756005
-0.01496823
0.01172019
0.01610978
0.01575732
0.04944742
0.02948599
0.00556153
-0.01633937
-0.04779955
0.00070580
0.03299434
0.04711946
-0.02242922
-0.03704372
-0.02660103
0.03958678
0.05572025
-0.06792350
0.05463982
0.00975437
-0.01129514
-0.00044392
0.02418042
0.06228357
-0.02326122
0.00883582
-0.02492140
-0.04809444
-0.00430816
0.03554492
0.05524970
-0.01929283
-0.02147289
-0.01781266
-0.07911650
-0.05037042
0.03416108
-0.01488557
-0.07862126
0.02445140
0.01155195
-0.04721954
0.04813003
-0.00292804
0.03221431
0.02638109
-0.01890258
-0.02062695
-0.01056109
0.00583252
-0.00661573
0.01926355
0.01190921
-0.01092838
0.03454089
-0.01618425
0.03111794
0.04603641
-0.01993735
0.01062295
-0.02211905
0.02419360
0.03083259
0.01692808
0.03122656
0.01280578
-0.02964601
-0.04984723
0.03558177
-0.01319853
-0.01694509
-0.03990116
-0.03231644
-0.05311491
-0.04686786
0.03267362
-0.02424377
-0.01836867
-0.04401881
-0.04809722
-0.00446589
0.04025714
-0.01042858
0.01490779
0.00894843
-0.02540247
-0.03556818
0.03106940
0.02585392
0.03386617
0.02408750
0.04624678
-0.01782149
-0.04027130
-0.04098681
-0.00782402
0.03967828
-0.00565727
0.05884474
-0.06446382
0.03705384
0.01765888
0.06111481
-0.06408576
0.03474595
0.00335563
-0.01817066
0.04692988
0.14859827
-0.02976571
-0.06736024
-0.07846338
-0.06866439
0.04984445
0.15467049
0.01264864
0.00783538
0.00316184
0.05866517
-0.07945009
0.03895881
-0.02502306
-0.01283199
-0.02331791
0.00619279
-0.01043840
-0.00329360
0.01935295
-0.00222876
0.06869441
0.01774836
-0.03634661
-0.02935398
0.07479593
-0.00968505
-0.00768236
0.01284717
0.00740854
-0.02877649
-0.02131889
0.01333422
0.01066781
-0.04747242
0.02008666
0.05341021
0.01264578
0.03919720
0.00669456
0.04413183
-0.05605304
0.02461234
0.07951167
-0.02130197
-0.01134502
-0.01252689
-0.03189146
-0.00957044
0.04005488
0.04371139
-0.07420298
0.00841654
-0.09237062
0.03108234
0.00063745
0.01491011
0.00421235
0.00009376
-0.01303907
-0.01535267
0.00405878
-0.01190410
0.04914045
-0.03059659
0.01931161
-0.01884668
0.07353797
-0.01388393
-0.05484204
-0.00446586
-0.02177249
0.13871096
0.00103468
-0.05408565
0.01500218
-0.00278863
-0.06080098
0.02696532
-0.07845066
-0.03850996
0.02033980
0.00796064
0.04015270
-0.01810913
-0.00862052
0.01969417
0.00382760
0.00572081
0.03868191
-0.04165754
0.03203332
-0.10084499
0.01033615
-0.14973530
0.00877760
0.02262839
0.02785503
0.03344897
0.00123729
-0.01649557
0.00968765
-0.08605881
-0.08316726
0.01035619
-0.00573733
-0.01711162
0.04599056
0.00943947
-0.01713852
0.06552880
0.00439582
0.06288094
-0.00177893
0.00165725
-0.02723581
-0.15172799
-0.00283582
-0.03078037
0.00556108
0.00306628
-0.01494964
0.03504402
0.02476112
0.01450979
0.00651590
0.10776192
0.04198761
0.02433448
-0.01926777
0.01453110
-0.01540562
-0.03596850
0.03497233
0.03828676
-0.00480432
-0.03469384
-0.04209520
0.07532243
-0.04069480
-0.02958579
0.01147054
0.00649268
0.03686737
-0.05118912
0.01648288
-0.03536204
0.02301555
-0.02810511
-0.02872743
0.02454133
0.03450637
0.03083958
-0.00402467
0.00035838
0.03511571
0.01507760
0.05305408
-0.06885633
-0.01558674
-0.01661783
-0.05648338
-0.02679863
-0.00893857
0.02805134
0.03571853
0.05171913
0.01901090
0.01037329
0.02434124
-0.11285295
0.00512182
-0.00714398
-0.02439493
-0.00547130
-0.04180999
0.01159801
0.07748307
-0.05112141
-0.02527731
0.02578262
0.02749963
-0.00834417
-0.00944242
0.01015447
-0.22189289
0.06624535
-0.04698121
-0.06098752
0.03544105
-0.02790339
0.03235240
0.04836297
-0.04324393
-0.02674147
0.01059577
-0.17189845
-0.02381480
0.01167709
-0.03626297
0.01011410
0.03443971
-0.01027839
0.02601092
0.01157163
-0.04917371
0.00557951
0.06111595
-0.02766499
-0.01831198
-0.01282616
0.01118558
0.03630750
0.07310426
0.03500665
-0.02532546
0.01018878
-0.00480592
-0.03249471
0.04164505
0.01071884
-0.02810920
0.03279127
0.02325418
-0.05068813
-0.02945375
0.00294451
-0.04282546
-0.01889249
-0.03277575
0.01911292
-0.06286917
-0.01023050
-0.04717006
-0.03747544
-0.00743824
-0.02554056
0.05376424
-0.02818788
0.03518537
0.00743074
-0.00856536
0.07600133
0.08037232
0.05169977
0.04110498
0.00738868
0.27114242
-0.02622353
0.01502455
0.05455434
0.05930448
-0.01394736
-0.02930598
0.00827331
-0.01418040
0.04414585
0.04582658
-0.03038557
0.09022601
-0.00005159
-0.01163954
-0.02949375
0.00661750
-0.05046854
-0.03718799
-0.03413429
-0.02470385
-0.00550777
-0.03470187
0.00363643
-0.04097485
-0.03743730
0.00971785
-0.03602372
0.01857796
-0.02302500
0.05343067
-0.06287917
-0.07186762
0.01582643
-0.03760372
-0.00128907
-0.00299484
0.04562835
0.04370634
-0.03916445
-0.00452928
-0.01690897
0.01847647
0.10081955
-0.10042161
-0.00053958
-0.00943408
0.00192241
-0.00196728
-0.01229598
0.00305273
0.07099748
-0.04155635
0.00163292
0.08119858
0.02843655
0.00438465
-0.00509131
0.00853266
-0.00714315
-0.01395298
-0.06457946
0.00366585
