-0.02407827
0.00109950
0.02908265
-0.11391862
-0.00710014
-0.11886486
-0.02173712
0.00162754
-0.06643722
-0.02654620
-0.00038547
-0.00799822
-0.02800910
-0.06004297
-0.03914826
-0.03331253
-0.00731007
-0.01614673
-0.25618809
0.01071432
0.00030399
0.04698410
-0.03770783
-0.00884124
0.00084339
0.01969945
0.11321491
0.07329196
0.00396610
0.04250064
-0.13019359
-0.01314421
-0.01221891
0.00320024
-0.02775614
0.00403431
0.01969765
0.00494168
-0.01668220
-0.00720736
0.02124259
-0.00402494
0.02712422
0.01960078
0.01442214
0.02535810
-0.00474581
0.00860091
0.03755020
0.01921081
0.01933872
0.06722144
-0.07724509
0.02920206
0.02690960
0.02554253
0.00080843
-0.01181064
0.01377231
-0.21640322
0.02101643
0.01796655
-0.00382538
-0.05220498
-0.01104836
-0.08094896
-0.01956042
0.01018612
0.00560337
0.05958151
-0.02050232
-0.02747455
0.10051066
0.05041287
0.02205963
-0.05446390
-0.08021589
-0.01083319
0.01380632
0.10033061
-0.01711270
-0.02647589
0.02602992
-0.00433561
-0.14222275
-0.00702181
0.01940310
-0.01908281
-0.00576367
0.02947437
0.05507536
-0.00966328
0.00239328
0.01737792
0.00119189
-0.01268426
-0.00045596
0.01634274
-0.00571714
0.00333474
-0.00329094
-0.09776772
-0.00218768
0.00030302
0.00466328
0.04730626
-0.04910829
0.03418355
-0.02429101
0.00982956
0.00890081
0.01605044
0.01833145
-0.01530883
-0.01695415
0.02455314
-0.10620974
0.01962572
0.00830451
0.00480889
0.00640137
-0.01043919
0.01582372
0.00205525
0.20054783
-0.00411580
0.02193225
0.00635297
0.01494290
-0.04620389
0.07577007
0.02386937
-0.00314576
0.00030626
0.03486818
0.02389260
0.00710844
0.03101951
0.10058861
-0.01423836
0.17504109
0.00630104
-0.00391033
0.04795737
-0.02897315
-0.16619788
-0.00750703
0.01815077
0.02242834
0.01655799
-0.02968322
-0.02007851
-0.04006750
-0.02229319
-0.00576244
0.01137843
-0.00149750
0.00800749
0.04276627
0.08080427
-0.03545862
0.01918743
0.00148491
-0.01014986
-0.02355927
-0.00892449
-0.02484252
-0.01226999
0.02622692
0.09371570
-0.02674653
0.02957604
0.00311000
0.00342389
0.00660071
0.00408250
0.02921020
-0.01614229
0.06403054
0.01838504
-0.04776115
-0.01207270
0.02589389
0.00404218
-0.04000299
0.08278577
-0.37344196
-0.01474729
-0.01886953
0.03877088
0.01327691
-0.01528070
-0.00137229
0.01141186
-0.01097022
-0.01017751
0.06889805
-0.00259617
-0.00970319
-0.00831835
0.04323386
-0.00638758
-0.36664018
0.05925463
-0.03069271
-0.05577014
-0.00164998
-0.04768438
0.00222732
-0.00703488
-0.01443619
0.02471431
-0.01294292
-0.00211466
0.01572993
0.09617781
0.00022382
-0.00516185
-0.00194327
0.04747440
0.03625954
-0.38320953
0.01073017
0.00711058
0.00184474
0.00326979
0.00557757
-0.07726964
0.04232187
-0.04846335
0.00017566
-0.07246175
0.04136652
-0.01563806
0.11881410
-0.02584357
0.00895705
0.00072492
0.01177555
-0.01506267
0.00775245
0.02667617
0.12215437
-0.01490098
0.01876302
-0.00061605
0.04133172
-0.03412179
0.01543034
-0.04406483
0.02079426
-0.00345791
0.01266997
0.02629790
-0.01737599
-0.02589588
-0.06095714
0.05357184
0.02109005
0.03026731
0.09974883
-0.19412254
0.03906767
-0.10607858
-0.01888059
0.10321980
-0.13004299
-0.04360749
-0.07577962
0.04441300
0.02138406
0.00576841
-0.00343910
0.00982817
0.08059768
0.00643331
0.15156934
0.01736043
-0.10402304
0.00519973
0.06735666
-0.04584079
0.08613788
-0.04009382
-0.01989466
-0.07988907
-0.09245393
0.00377140
-0.02647661
0.06367453
-0.04209080
0.09639963
-0.00413101
-0.16318089
0.03796196
0.02473702
-0.01627038
0.00565511
0.03233114
0.05412258
-0.08524222
-0.05304684
0.81808251
0.04826690
-0.00145771
0.07077594
-0.13906835
0.06571727
0.00170849
-0.04043243
-0.03985461
0.02802824
-0.07338942
0.00338900
0.03840107
0.20729253
-0.01099084
0.06642009
-0.06262154
0.02004663
0.03763588
0.02021164
-0.02068013
-0.01110997
0.02820068
-0.02360899
-0.00558973
-0.00245680
0.05682985
0.03083313
0.00140922
-0.07081657
0.00885463
0.05869864
-0.02351270
0.05600433
0.00484809
-0.01849753
-0.00751876
0.05824067
0.03507303
0.00342652
0.05802915
-0.00934720
-0.14964619
0.04399594
0.07526799
0.01427691
-0.00059185
-0.01464663
-0.02144696
0.03212188
0.00752245
-0.05836799
-0.00575916
-0.08200711
0.01980408
-0.01107314
-0.03210422
0.01715590
0.01960192
-0.03944911
-0.01631992
0.02196208
0.02330830
0.01044863
-0.04880211
-0.03807987
-0.02923490
-0.02380477
0.02607919
-0.06124353
0.03267070
-0.00785922
-0.03846389
-0.01250222
-0.08866328
0.00581357
-0.02913306
-0.01744487
-0.02450432
-0.00440486
0.06635830
0.04018670
-0.04720087
0.03398980
0.00130202
0.00582989
0.06197107
0.00377116
0.00923052
-0.04506624
0.01179843
-0.03990018
-0.03226375
-0.08695281
-0.09168994
-0.11122233
0.04508164
0.04126956
-0.00963981
0.06535234
-0.00473000
0.02861866
0.01774501
-0.04688232
-0.02188768
0.00218977
-0.05240771
-0.02553905
0.02590296
0.02009263
-0.06487469
0.01940147
-0.02341061
-0.01693433
0.01688844
0.00764900
0.04696418
-0.00311128
-0.01914943
-0.01742534
-0.04919115
0.02042190
0.03676763
0.02937665
-0.03448996
-0.02666268
-0.05207811
0.06986553
0.04295290
-0.09279657
0.03388496
-0.00918743
-0.00609765
-0.01405968
0.00995895
0.04358455
-0.02227916
0.02546897
-0.02027445
-0.03902085
-0.00498991
0.01231772
0.02030299
-0.03801929
-0.02903333
0.00342459
-0.08928309
-0.01557477
0.01900163
-0.00626792
-0.07079243
0.02978774
0.01554760
-0.02796251
0.04164984
0.00170306
0.03344291
-0.00863680
-0.01241565
0.00753162
-0.01711506
-0.01128409
0.01120306
0.00274817
0.01936910
0.01245396
0.00168574
-0.00890832
0.03967809
0.02759817
-0.03043912
0.00523431
-0.03364680
0.00573717
0.02324916
0.01149669
-0.01384750
0.07364970
-0.03563794
-0.04535610
0.06678554
0.00737620
-0.05561340
-0.00131857
-0.02293251
-0.06577041
-0.02048914
0.02431369
-0.01445147
-0.01724005
-0.02439193
-0.00514297
-0.01774705
0.01711296
-0.01909612
0.00728066
0.01812938
-0.00524384
-0.01359333
0.03662525
0.03519259
0.03033155
-0.00204251
0.04846330
-0.02023094
-0.06945962
-0.04885496
0.01684246
0.02455306
-0.00657410
0.00836994
-0.05950278
0.03683009
-0.01186729
0.05209532
-0.05449333
0.02419105
0.00620858
-0.01880721
0.05571829
0.17686990
-0.01412791
-0.05206389
-0.06811130
-0.08543354
0.04881620
0.15446065
-0.00459581
0.00659669
0.02309034
0.01727060
-0.07636094
0.04377308
-0.00055459
-0.02101953
-0.05548429
0.01418423
-0.00571978
-0.02499920
-0.00396314
-0.00173902
0.03819970
0.00433973
-0.01652305
-0.01843547
0.03626550
-0.00029589
0.02373726
-0.00546617
0.03895314
-0.02395978
-0.03023577
0.03501102
-0.01952666
0.02643977
0.01078695
0.04039052
0.01409648
0.07067231
-0.00917473
0.03218580
-0.06189948
0.03047332
0.06948006
-0.02138213
0.00661088
-0.03882547
-0.03058319
-0.01672267
0.05606600
0.03523974
-0.03191517
-0.01888680
-0.08529470
0.01508774
0.01251740
0.01087670
0.01221587
0.00104386
-0.00479889
-0.00576829
0.00344631
-0.00367937
0.07633084
-0.01589029
0.02114491
0.00548247
0.05206405
0.01482482
-0.05102544
0.00052230
-0.00049207
0.15544315
-0.01718280
-0.03340935
-0.02344646
-0.01854251
-0.05431974
0.02138293
-0.09510540
-0.02186932
0.00432892
-0.01047610
0.04908968
-0.01615351
-0.02104934
0.01168081
-0.00945343
-0.00614515
0.01133472
-0.00973190
0.04329450
-0.06780195
-0.00111140
-0.14436547
-0.00721725
0.03322639
-0.00756929
0.01848231
0.00629820
-0.01949858
0.02077158
-0.07203943
-0.11722872
-0.01557474
0.03167743
-0.03066904
0.03574069
0.03026404
-0.00026076
0.06698900
0.00846690
0.06434505
0.00060448
-0.01992881
-0.03934220
-0.15336418
-0.01400928
-0.04332859
0.02177256
0.02090710
0.02033323
0.02423164
0.02361784
0.01625716
0.02548675
0.11797516
0.02742916
0.01708753
-0.00935397
0.03818196
-0.03022421
-0.03561921
0.01720758
-0.00234435
-0.00427827
-0.03247134
-0.06900214
0.04707630
-0.02856128
-0.03160375
-0.01919542
0.02659387
0.01546394
-0.02350903
0.02975877
-0.04956065
0.02877248
-0.03062474
-0.03628930
0.05364456
0.03821499
0.01007069
0.02626935
0.01654344
0.05169759
0.02167309
0.04091267
-0.09332652
-0.03068156
-0.01887081
-0.04620425
-0.01398105
-0.00506606
0.02901368
0.02340248
0.04291732
0.01630249
0.01003181
0.00669937
-0.08074708
0.00436620
0.01745486
-0.00895018
-0.00122397
-0.03269585
0.01257129
0.03721687
-0.07411402
-0.01710347
0.03881555
0.02293711
0.00159766
0.00241335
0.01236826
-0.22756544
0.10601762
-0.03847988
-0.04671711
0.04562027
-0.03122233
0.03757961
0.03230096
-0.01858373
-0.04934637
-0.00209391
-0.22174537
-0.01052628
0.02032254
-0.07191166
-0.00687166
0.06033726
-0.03416014
-0.03040460
0.00578922
-0.05506777
0.00479765
0.03349806
-0.01050856
-0.01711615
-0.03947220
0.01062627
0.04037033
0.04302700
0.02880773
-0.06694973
-0.00726068
-0.01022634
-0.04583303
0.07853255
0.02057989
-0.02954254
0.03785115
0.00828597
-0.03735046
-0.01437225
0.02139509
-0.05546409
-0.01977458
-0.04238126
0.03378372
-0.04287364
-0.00863099
-0.03573351
-0.02133050
-0.01527981
-0.03061913
0.05253803
-0.03423541
0.07104468
0.02912612
0.00954864
0.01972835
0.04843521
0.03073071
0.05100081
0.01938814
0.27683976
-0.05288867
0.03578272
0.04900302
0.04959626
-0.02254650
-0.00159539
0.01386294
-0.01012250
0.01310268
0.03484741
0.00172809
0.11515450
0.01056943
0.01648869
-0.00490029
-0.00366827
-0.04907861
-0.02786286
0.00151667
-0.02989523
-0.02244526
-0.03398838
-0.00696433
-0.01687417
-0.01690937
0.00829323
-0.03540007
0.00532756
-0.02931512
0.05241783
-0.03840793
-0.06211225
-0.00053893
-0.07395946
-0.02145677
0.03447983
0.06391513
0.04780384
-0.02832619
0.01149078
-0.02376648
0.03521737
0.09199770
-0.08027657
0.03032058
0.00325113
0.00966867
-0.01478924
-0.00630931
0.02616442
0.04002811
-0.01716433
0.02485963
0.07529843
0.03267094
-0.05899499
0.00222160
0.02164772
0.00159616
-0.02187324
-0.04122429
-0.00080017
