-0.01985201
0.00105484
0.02561043
-0.11710119
-0.01062891
-0.12396457
-0.02515374
-0.00486038
-0.07857921
-0.02537723
0.00006429
-0.00852732
-0.02864648
-0.06002273
-0.03553006
-0.03367876
-0.00418934
-0.01583355
-0.25430804
0.01461122
-0.00172729
0.04829057
-0.03785202
-0.01077852
-0.00190975
0.02224947
0.11914091
0.07487068
0.01012363
0.03677965
-0.12735927
-0.01226395
-0.01225348
0.00826174
-0.02733082
0.00196753
0.02430284
0.00727196
-0.01833955
-0.00178399
0.01923059
-0.00579704
0.03098070
0.02333670
0.01209241
0.02966521
-0.01294241
0.01392631
0.04105764
0.02000302
0.01623301
0.07411289
-0.07324743
0.03117363
0.02527762
0.02358210
0.00062623
-0.01354198
0.00406099
-0.21804464
0.02399442
0.01540464
0.00328362
-0.05568652
-0.01542060
-0.07746495
-0.01930903
0.01164588
-0.00026898
0.06776501
-0.02220562
-0.02830491
0.10333948
0.05251272
0.02257527
-0.05667681
-0.08542434
-0.01466819
0.01524759
0.08945314
-0.02084066
-0.03272460
0.02200669
-0.00580525
-0.14099050
-0.00381706
0.02280562
-0.01857063
-0.00699779
0.03286948
0.06078418
-0.00823461
0.00155568
0.02158675
-0.00122752
-0.01917535
-0.00235439
0.02134621
-0.00049403
0.00036010
-0.00856398
-0.10248336
-0.00293275
-0.00090345
0.00476350
0.04456631
-0.04613277
0.03283396
-0.02461720
0.00957682
0.00627178
0.01194844
0.01925427
-0.02129456
-0.01580590
0.02560624
-0.10614908
0.02227611
0.00316796
0.00507551
0.00605121
-0.01209039
0.02421741
-0.00005225
0.21133110
-0.00678858
0.01889021
0.00229932
0.01530669
-0.04529540
0.08480030
0.01864569
-0.00463079
-0.00203574
0.02987781
0.03150205
0.00963948
0.03415623
0.10768306
-0.01776152
0.17891824
0.00914598
-0.00644503
0.03951614
-0.03399446
-0.17407939
-0.01103137
0.01518324
0.02255079
0.02032213
-0.02618477
-0.02375983
-0.03625288
-0.01762567
-0.00563085
0.00992281
0.00190935
0.01169792
0.04656605
0.08024862
-0.03833539
0.02520830
-0.00523158
-0.01255665
-0.02121002
-0.00339310
-0.02290707
-0.01426441
0.02372476
0.09825314
-0.02933693
0.03142525
0.00285345
0.00371358
0.00198180
0.00747156
0.02785449
-0.01592005
0.06348450
0.02040627
-0.05080646
-0.01226011
0.03082604
0.00091953
-0.03757376
0.07556704
-0.35937461
-0.01567102
-0.02179665
0.04210197
0.01044396
-0.01517966
0.00162608
0.01102329
-0.01209670
-0.00918440
0.07535555
-0.00581102
-0.00281505
-0.00712814
0.03966996
-0.00757892
-0.36346605
0.05864538
-0.03033056
-0.05688251
-0.00222205
-0.04643553
0.00018648
-0.00493543
-0.01337325
0.02478624
-0.01519584
-0.00294416
0.01435780
0.09141736
-0.00092288
-0.00810047
-0.00346970
0.04535774
0.03740942
-0.36580437
0.00935889
0.00615226
0.00530228
0.00250295
0.01109044
-0.08284517
0.04416794
-0.05271778
-0.00275023
-0.07752082
0.04661979
-0.01951427
0.12062702
-0.02642219
0.00600611
-0.00042181
0.00802117
-0.01749418
0.00233150
0.03438265
0.12641105
-0.01126337
0.01645155
0.00695686
0.04565452
-0.03909018
0.01227992
-0.04357836
0.02340242
-0.00865563
0.00927399
0.02805360
-0.01605629
-0.02593967
-0.00531290
0.10475539
0.05912869
-0.02666933
0.02047321
-0.20026894
0.07090020
-0.02691947
0.04081693
-0.01653849
-0.11905950
-0.05889362
-0.11990739
0.00800516
-0.00177893
0.00883355
-0.03932860
0.05261652
0.09629626
0.00334779
0.09148292
0.01025122
-0.07891130
0.02576696
0.07005129
-0.04414744
0.10052716
-0.09342249
0.04193513
-0.01656863
-0.05519080
0.06926275
0.06856782
0.03375310
-0.04856915
0.02732546
0.03142220
-0.14024828
0.07440147
0.02180781
0.00251582
-0.06232001
0.08153500
0.06081856
-0.05190862
0.02619709
0.83355576
0.07026120
0.02058784
0.11691648
-0.09923129
0.13684374
0.01050579
-0.01034345
-0.11084260
0.00858454
-0.00004127
-0.04792723
-0.03608548
0.11910126
-0.06224265
0.07257702
-0.06760184
-0.01232710
0.02591809
0.02217238
0.00338587
0.00987567
0.03509562
-0.00074259
0.01487155
-0.02138420
0.02713449
0.00253015
0.00929409
-0.05901263
0.01699587
0.05899733
-0.03673524
0.02821671
-0.00825013
-0.04012555
-0.02620992
0.04248945
-0.00945588
-0.00886835
0.04313953
-0.03809430
-0.14216280
0.04680191
0.06443958
-0.02868854
-0.00419331
-0.02251577
-0.02108461
0.04622548
0.03906311
-0.01126524
-0.00511082
-0.05494867
0.02838048
-0.01289705
-0.03865370
-0.02498777
0.00748323
-0.04299866
-0.01303187
0.01749806
0.02277930
0.00934359
-0.03568748
-0.02275630
-0.01854367
-0.03035979
0.00887912
-0.05721246
0.00496592
-0.00848978
-0.01975351
-0.04308204
-0.07295452
-0.00816939
-0.07667589
-0.00044706
-0.01836153
0.00665644
0.07748764
0.05996826
-0.03220595
0.07665852
0.00515640
0.01861878
0.02327200
0.02384005
0.01513169
-0.03053728
0.00664310
-0.05629043
-0.01335438
-0.05483801
-0.08471705
-0.08210787
0.05953488
0.03817808
-0.01553866
0.03991414
-0.00440675
0.00073728
0.04432388
-0.00960738
-0.00941177
0.00342576
-0.05809272
-0.01649348
0.01507623
-0.00308122
-0.06105372
0.02849777
-0.02153496
-0.03066094
0.00919036
-0.00527933
0.04847213
0.00469247
-0.03422282
0.01376087
-0.04733802
0.03043816
0.03954600
0.02264830
-0.03094880
-0.00394305
-0.04428807
0.08187386
0.01482551
-0.05529483
0.01745451
-0.02764837
-0.00836030
-0.01831453
-0.02182016
-0.01381344
-0.02436491
0.03334907
-0.02106906
-0.00766503
-0.00234811
-0.00566043
-0.02778771
-0.07065793
-0.04783327
0.01584929
-0.08341767
0.00070517
0.01631963
0.00526210
-0.05155761
0.02269051
0.00302904
-0.00036400
0.03506856
-0.01305163
0.04100080
-0.01859656
-0.01349029
0.02914787
-0.02058944
-0.03364084
0.00547160
-0.02497535
0.02574369
0.03731865
-0.01805464
-0.00174793
0.03076861
0.00026079
-0.02678559
-0.00753613
-0.02350509
-0.00031298
0.02214280
0.01036930
-0.03107327
0.10955077
-0.03489434
-0.03143677
0.07581317
0.00342063
-0.05014697
0.03155999
-0.00504003
-0.04487414
0.00422121
0.03532629
0.00029242
-0.01583847
-0.01305863
0.02050090
-0.02008989
0.01458410
-0.00629612
-0.01031025
0.01149051
0.02558897
-0.01054561
0.03076902
0.03618764
-0.00348951
-0.02249620
0.02790650
-0.01161019
-0.09902018
-0.04160098
0.01481019
0.02613359
-0.03481475
-0.03284293
-0.05025602
0.03060579
-0.00734190
0.04316638
-0.04360244
-0.00393271
0.03639196
-0.01587969
0.06016223
0.19282338
0.02108181
-0.04679687
-0.06212162
-0.10329988
0.04802893
0.13257538
-0.01876939
0.00834583
0.03169217
-0.00645304
-0.05188018
0.03554924
0.00154171
0.01088062
-0.06409866
0.00200012
-0.00289549
-0.03635839
-0.01384847
0.02350514
0.01138598
0.01899949
-0.00039259
-0.01692361
0.00629430
0.00287409
0.02934388
-0.01551097
0.03381942
-0.02848791
-0.04610872
0.00806594
-0.02573167
0.06510451
-0.00033260
0.02590785
0.02977954
0.11189940
-0.02329807
0.01666316
-0.05234556
0.03690929
0.07267993
-0.00038196
-0.01626221
-0.04752161
-0.00791863
-0.00323261
0.05626982
0.01705337
0.01093390
-0.03157737
-0.05159091
0.00678934
0.01208398
0.02596240
0.00330542
0.01246651
-0.00785895
0.02670955
-0.00223474
-0.00173871
0.07380997
0.00167733
0.01375525
0.00731302
0.05904074
0.03166835
-0.04489164
0.00140350
0.00211356
0.16485465
-0.05529816
-0.01673889
-0.03728765
-0.02188230
-0.04138859
0.01960588
-0.10060631
-0.02457616
-0.04001384
0.00025583
0.03879095
0.02045867
-0.01610970
0.01801860
-0.00142645
0.00945296
0.00115590
0.01801657
0.03803384
-0.04546458
0.00156562
-0.15538222
-0.03707694
0.01316523
-0.05102028
0.00701999
0.00562000
-0.00241954
-0.00218079
-0.05987341
-0.11823548
-0.04909832
0.03437154
-0.02866834
0.01057751
0.01237174
0.01864248
0.04307875
0.01798762
0.06031179
0.01895032
-0.02836335
-0.03885595
-0.14211130
-0.00696910
-0.04050474
0.03232601
0.05870662
0.05585915
0.01934232
0.01500189
0.03602758
0.01743980
0.11936451
-0.01510016
0.01007120
0.01539977
0.02680154
-0.02019002
-0.01132519
-0.01398014
-0.02509546
-0.00435694
-0.00931887
-0.07023631
0.03947327
-0.03011088
-0.04612956
-0.02740393
0.07135995
0.01589699
-0.00928724
0.04343467
-0.04180766
0.02296310
-0.04046264
-0.02873578
0.06737795
0.04066313
0.01330856
0.03958475
0.02809481
0.04156782
0.03026946
0.01213292
-0.07559212
-0.04772727
-0.02019919
-0.03871056
-0.01202546
-0.00315051
0.03505605
-0.00183972
0.01964166
0.03023971
0.01920738
0.00113433
-0.04811149
0.00812795
0.00870200
-0.01006039
-0.02610181
-0.01045701
0.01883813
-0.00252095
-0.05764015
0.00882301
0.04777425
0.01819701
-0.00977467
0.00416954
0.00994162
-0.20877828
0.13260904
-0.04699184
-0.03184034
0.07799044
-0.02098959
0.05554230
-0.01555044
-0.01174475
-0.04330443
0.02496157
-0.27267101
0.02560463
0.00666762
-0.05156339
-0.01987717
0.09301461
-0.03304984
-0.07247900
0.00029706
-0.02777137
0.00566021
0.00426573
-0.01785283
-0.01746783
-0.05078068
0.03380604
0.03187505
0.00923976
0.02402700
-0.07646667
-0.00973102
-0.01430692
-0.03826294
0.10058472
0.01188275
-0.03370577
0.02805359
-0.02102698
-0.02822636
0.01602920
0.05587514
-0.03406731
-0.01056631
-0.03597320
0.05420071
-0.01895740
-0.00111099
-0.04543386
-0.03021454
-0.02991621
-0.02261287
0.04971145
-0.03196685
0.07474255
0.02248650
0.00865209
-0.01727665
0.01820885
0.00482720
0.04744836
0.02227226
0.27722847
-0.04340474
0.03906658
0.01797494
0.04675839
-0.02509193
0.01759544
-0.00466016
0.02220543
-0.00061687
0.03000354
0.01675465
0.09313805
0.00528014
0.00516489
0.00177079
0.01708754
-0.06748211
-0.01378544
0.03024021
-0.02757309
-0.03821881
-0.01427123
0.00050994
0.00773229
-0.01944592
-0.00206669
-0.01827918
0.01516277
-0.00700632
0.01945390
-0.00422563
-0.00970791
-0.01114891
-0.07080696
-0.02266014
0.04815459
0.05266038
0.02776529
-0.02038736
0.01258757
-0.02075073
0.02870063
0.08742320
-0.03982618
0.05065410
0.02491667
-0.01773597
-0.03311738
-0.01348217
0.03997364
0.02768915
0.02080169
0.01646236
0.04943125
0.01268251
-0.11790191
0.00834140
0.04007550
0.00934588
-0.00387081
-0.00726191
-0.01255992
