-0.01327571
-0.00144537
0.02887276
-0.11684264
-0.01213626
-0.11109299
-0.02047367
0.00075193
-0.08203739
-0.01884317
-0.00642601
-0.00258429
-0.02638519
-0.04752064
-0.03485086
-0.03516134
-0.00495016
-0.01054536
-0.26250684
0.00706828
0.00443593
0.04911902
-0.03952444
-0.00430567
-0.00179007
0.01575361
0.12020978
0.07137071
0.00105154
0.04395252
-0.12776268
-0.00782003
-0.01104607
0.00935193
-0.03028176
-0.00047673
0.01641557
0.01080175
-0.01625906
-0.00053868
0.00832335
0.00113963
0.02625060
0.02072251
0.00655175
0.01585411
-0.00362799
0.01497220
0.03393332
0.01706824
0.01527483
0.05050834
-0.07028250
0.03102899
0.02578311
0.01954697
-0.00283606
-0.01228496
0.04104181
-0.22178704
0.02272800
0.01160509
0.00016917
-0.05757098
-0.01947710
-0.06889388
-0.02024847
0.00915694
-0.01040192
0.05816674
-0.02026650
-0.02440074
0.09136617
0.05301542
0.02056875
-0.04760285
-0.08244737
-0.01262098
0.00358690
0.10260716
-0.02030565
-0.02804323
0.01751297
-0.00790551
-0.12769134
-0.00172558
0.02586639
-0.02397443
-0.00876335
0.02724066
0.05344964
-0.00776622
-0.01383604
0.01971664
-0.00215026
-0.02081400
0.00377945
0.02480519
-0.00664999
-0.00442641
-0.00559200
-0.08333600
0.00330422
-0.00099920
0.00392045
0.04196072
-0.04236243
0.02496684
-0.02306396
0.01415246
-0.00192072
0.01336770
0.02277382
-0.00879433
-0.01449652
0.02362701
-0.11193404
0.01699898
0.00681945
-0.00116992
0.00063859
-0.01020738
0.02002827
-0.00055532
0.20976041
-0.00742227
0.01983755
0.00846466
0.01312300
-0.03387576
0.08257049
0.02748155
-0.01459770
-0.00011758
0.03409030
0.02232658
0.01041495
0.02334333
0.08898033
-0.01498769
0.17329045
0.00623137
-0.00634280
0.04077231
-0.03800775
-0.16367911
-0.00840987
0.00881729
0.02357458
0.02467888
-0.03792168
-0.02000143
-0.03816585
-0.01155405
-0.00941205
0.01261731
-0.00415725
0.00507652
0.03703266
0.08434428
-0.03980521
0.02858264
-0.00906893
-0.00170422
-0.02474180
-0.00897414
-0.03850898
-0.00827928
0.01449578
0.08490603
-0.02579395
0.03348034
0.00194074
0.00515678
-0.00383893
-0.00139448
0.03391393
-0.01724670
0.04001107
0.01742186
-0.04589179
-0.01599502
0.03006115
0.00460740
-0.03781607
0.07946351
-0.36863494
-0.02087625
-0.01659697
0.05013312
0.00868408
-0.00745822
0.00041801
0.00671957
-0.00960802
-0.01384471
0.08315319
-0.01107082
-0.00675722
-0.00684347
0.03380341
-0.00634045
-0.35644791
0.05660025
-0.04086487
-0.04049905
-0.00230122
-0.04368433
0.00939395
-0.01079656
-0.01230276
0.02842928
-0.01228852
-0.00661265
0.01787976
0.09255295
-0.00123172
-0.00882615
-0.00552170
0.04117982
0.02823154
-0.39837965
0.00694676
0.00982164
0.00041124
-0.00211564
0.00524326
-0.07638158
0.03591353
-0.05100475
-0.00449850
-0.08576613
0.05530971
-0.01589707
0.12056644
-0.02020190
0.01059922
-0.00224874
0.00972930
-0.02242181
0.00306837
0.03114724
0.13848126
-0.00459023
0.01389012
0.01296940
0.04447279
-0.03861852
0.00556014
-0.04252077
0.02877093
-0.01382866
0.00754896
0.02588215
-0.01193570
-0.03532830
-0.03450118
0.03330851
0.04795016
-0.01469239
0.06985273
-0.14364834
0.06158094
0.04271021
0.01612179
0.04843136
-0.07162344
-0.05749563
-0.07677428
0.08586548
0.01591238
0.06457922
0.00055352
0.05142437
0.05349220
0.02598271
0.01647403
0.01839532
-0.07648922
0.08033288
0.06520282
-0.05569939
0.09742077
-0.07199552
0.05633198
0.00249041
-0.07226935
0.05089088
0.01356112
0.04413312
-0.04273191
0.07744830
0.01809005
-0.10183384
0.05678487
0.06883964
0.03461634
-0.05299697
0.03917774
0.00627427
-0.06553824
0.01944303
0.87846082
0.08869249
-0.00475500
0.12206605
-0.07996180
0.02990765
-0.06289226
-0.07522385
-0.05384608
-0.00353200
-0.04763359
-0.00239240
-0.06643900
0.07877117
-0.08188704
0.09923394
-0.02434343
-0.00027020
0.02153655
0.02100701
-0.00322979
-0.00265591
0.03672580
-0.00798004
-0.02359398
0.00312655
0.03165380
0.02005510
-0.00101029
-0.06241423
0.01099926
0.06045212
-0.01716056
0.05898246
0.00729012
-0.02675946
-0.00122947
0.07470598
0.04176262
0.00536917
0.04911362
-0.01842914
-0.11994489
0.07211819
0.06797263
0.00635430
0.01620813
-0.02008253
-0.05781141
0.06280519
0.00547175
-0.05229750
-0.00619185
-0.06329378
0.01837142
-0.00363693
-0.04926113
-0.01065080
-0.00036797
-0.05121236
-0.00987204
0.00916767
0.04368445
0.01151713
-0.05029824
-0.04012352
-0.04607858
-0.02404946
0.01450806
-0.05663513
0.00388427
-0.00800052
-0.03809851
-0.01703556
-0.08945073
0.01206204
-0.05327051
0.01009067
-0.02907544
-0.01179263
0.05165887
0.06061400
-0.07213195
0.04209151
0.00568857
0.02399739
0.06785546
0.00822114
-0.00604512
-0.04157079
-0.00613182
-0.03362472
-0.00276953
-0.08820809
-0.06380960
-0.12318617
0.05253436
0.01092836
-0.01662406
0.06164879
0.01760069
0.02034359
0.01387918
-0.03434084
-0.01286179
-0.00222276
-0.03905320
-0.01483158
0.02765590
-0.00904737
-0.05710341
0.01074662
-0.01161996
-0.01309244
0.00950758
-0.00505909
0.01487559
-0.00209012
-0.00306804
-0.02312196
-0.05641683
0.02913198
0.03730541
0.03494870
-0.03166063
-0.02630195
-0.06429144
0.07588286
0.04304399
-0.08807236
0.04439970
-0.00540167
-0.01680813
-0.02549021
0.00726878
0.01026631
-0.01435523
0.02128250
-0.02758271
-0.04201527
0.01662814
-0.02738774
-0.01256476
-0.05015713
-0.03718834
0.00153074
-0.06571539
0.00262990
0.01416413
0.00002329
-0.05957143
0.04015459
0.03164413
-0.01247511
0.06805016
-0.00990087
0.06407057
-0.01771747
-0.03238602
0.03022070
-0.02574997
-0.01265185
0.02252125
-0.00111674
0.03112678
0.00810386
0.00472181
-0.00848628
0.04092812
0.04643054
-0.03972187
0.01543055
-0.00030287
0.00209202
0.02706062
-0.01097486
0.01667023
0.08368878
-0.03522417
-0.04566597
0.07216742
0.00302306
-0.07510465
-0.00142314
-0.00924652
-0.04712693
-0.00774609
0.03284834
-0.00365863
-0.02552078
-0.01325340
0.01146347
-0.02680043
0.02460849
-0.00998478
-0.00296800
0.00487208
0.01222570
-0.01701631
0.02804522
0.03815881
0.02720044
-0.01741326
0.05013406
-0.00799487
-0.06868478
-0.05314246
0.01920643
0.04762617
-0.01913271
0.01719740
-0.08759631
0.06105073
-0.00818057
0.04173569
-0.04765796
0.00069671
0.01157435
-0.00442203
0.07016888
0.18629102
-0.02091565
-0.06108041
-0.06062542
-0.08251660
0.05782908
0.16779834
0.00636845
0.00823778
0.03665042
0.00240089
-0.06533636
0.02867169
0.02125091
-0.02779132
-0.06984838
0.01227487
0.00792816
-0.01860443
-0.00198016
-0.00239826
0.03379681
-0.00213569
-0.00394992
-0.01393520
0.06653800
-0.00240861
0.04505331
-0.01600877
0.02998476
-0.03052661
-0.04008570
0.03114477
-0.01561691
0.00603164
-0.00688038
0.03638595
0.02296828
0.07579199
-0.00326815
0.01008250
-0.05176213
0.02606196
0.05388314
0.00179149
-0.01304435
-0.04824286
-0.02569911
-0.00949580
0.05838112
0.03327115
-0.00839753
-0.02366763
-0.06506691
-0.00361761
-0.00173003
0.03241114
0.00327645
0.00352185
-0.00149497
-0.01042344
-0.00243716
-0.00657044
0.07651629
-0.01263818
0.02586034
0.00964191
0.04564141
0.01342214
-0.04165388
0.01234298
0.02258782
0.15297157
-0.03114187
-0.02347855
-0.03437150
-0.03105788
-0.03918327
0.04150458
-0.10370228
-0.05212006
-0.00869055
-0.00932116
0.06692244
-0.02195811
0.00319641
0.01462246
-0.00553152
-0.02426752
-0.01726110
0.01254974
0.05133940
-0.06966902
-0.02130470
-0.13499931
0.00889057
0.04230461
-0.00543005
0.00889335
0.00751097
-0.00821854
0.01679774
-0.05961519
-0.14257109
0.00931312
0.02591380
-0.03827875
0.03578015
0.01460640
0.02042786
0.05172680
0.01726129
0.07503941
0.00353326
-0.01399268
-0.01783130
-0.14296615
-0.00140955
-0.03158751
0.03808899
0.01956677
0.03687011
0.02805997
0.02512320
0.03371672
0.05182585
0.09950107
0.02666002
0.01264694
0.01880657
0.01278898
-0.01664441
-0.01743964
-0.00178682
-0.00338804
0.00063544
-0.03065231
-0.06217631
0.03639929
0.00352223
-0.04548915
-0.02974464
0.02922901
0.02628318
-0.03839749
0.03993231
-0.06202137
0.02187540
-0.02797431
-0.07329802
0.05951232
0.05262209
0.00234126
0.05749522
-0.00446660
0.06211167
0.02492514
0.02686689
-0.08844616
-0.03398095
-0.02084992
-0.04066397
0.00486510
0.00905836
0.03226912
0.00790807
0.02885596
0.00042359
0.02344451
0.01742436
-0.08108848
0.00246254
0.02162382
-0.02513864
-0.00967168
-0.05684472
0.03782627
0.00781180
-0.06123248
-0.02272848
0.02801366
0.02058666
0.00975184
0.00894896
0.00674925
-0.20623049
0.10464273
-0.03310070
-0.03100429
0.04455765
-0.03698249
0.04072736
0.01981691
-0.00804783
-0.05899767
-0.01160665
-0.21291941
-0.00009847
-0.00661862
-0.08392198
-0.01561494
0.05413034
-0.02707467
-0.04565797
0.01107614
-0.06959582
0.00303733
0.01227562
-0.01911229
-0.01686177
-0.04601157
0.00989088
0.01634849
0.04472241
0.00957995
-0.06094081
-0.01246584
-0.03891251
-0.04025242
0.06858035
0.00668133
-0.03215771
0.04018410
0.00064896
-0.03182156
-0.00719041
0.02898792
-0.03980035
-0.01692019
-0.03857912
0.03454261
-0.03227814
0.00155623
-0.04037049
-0.02862233
-0.00692430
-0.01417562
0.05498236
-0.04621636
0.08889841
0.03681666
0.01070890
0.02314847
0.06209926
0.04032243
0.06521510
0.01600089
0.24552107
-0.03862278
0.05731849
0.04165176
0.03586299
-0.02150957
0.01548707
0.01503792
-0.01127130
0.02344924
0.03391606
0.00782527
0.11376001
0.02175610
0.00105082
0.02024521
0.01357048
-0.04436959
-0.00957924
-0.01579302
-0.01751520
-0.03677890
-0.01321276
0.00761505
-0.00113983
0.00035827
-0.00629865
-0.01361166
0.01606626
-0.03586635
0.03946658
-0.00959563
-0.05738574
0.00119599
-0.08828343
-0.02404741
0.02733786
0.05165784
0.04714352
-0.04717218
0.00299013
-0.00518202
0.04744287
0.08495837
-0.04695469
0.01670632
0.02667168
-0.01514050
-0.02005669
-0.00698539
0.04709405
0.02847431
-0.00448863
0.00849170
0.07667130
0.02565289
-0.06086527
-0.00924593
0.03419722
0.02049239
-0.02990150
-0.04776546
-0.02510393
