0.0553138889372349
0.0321134515106678
-0.0674177035689354
-0.0375959016382694
-0.0963235870003700
0.0122261997312307
-0.0587576627731323
0.0573239214718342
-0.0674078017473221
-0.0537455976009369
0.0584625974297523
0.0342779532074928
0.0407195389270782
0.0924232676625252
0.0779854357242584
0.0786987990140915
0.0177977960556746
-0.0590669810771942
-0.1015981808304787
-0.0507013052701950
-0.0687154158949852
0.0472020246088505
-0.0062264297157526
0.0408795773983002
0.0839462429285049
0.1459791511297226
-0.0356852337718010
0.0679366663098335
0.1027271300554276
-0.0957448855042458
-0.0715028420090675
0.0988838747143745
-0.0754896253347397
-0.0833721458911896
0.0800818577408791
0.0597021542489529
-0.0426657572388649
-0.0409394614398479
0.0094606531783938
0.0757261067628860
-0.0779879540205002
0.0675922036170959
0.0964766517281532
0.0013206599978730
-0.1050289496779442
-0.0325579419732094
0.0557643622159958
0.0564197525382042
-0.1320186704397202
-0.0639610886573792
-0.0051392493769526
0.0470419153571129
0.1011686250567436
0.0093687335029244
0.0736593678593636
0.0987724289298058
0.0660603195428848
-0.0852934345602989
0.0309438426047564
-0.0745477229356766
0.0490692518651485
-0.0598826892673969
-0.0555456243455410
0.0722450762987137
-0.0403399132192135
0.0015783666167408
-0.0562297590076923
-0.0019686063751578
-0.0637073963880539
-0.0486598946154118
0.0454366244375706
-0.0083003723993897
-0.0687280818820000
0.1144537031650543
-0.0354461818933487
-0.0118340421468019
0.0584815368056297
-0.1033801138401031
0.0125609971582890
-0.0841028764843941
0.0377810448408127
-0.0247088167816401
0.0321158245205879
-0.0686081945896149
0.0067216213792562
0.0465529635548592
-0.0451314561069012
-0.0069754268042743
-0.0608439892530441
-0.0477084852755070
-0.0688973292708397
-0.0551533848047256
0.0131220407783985
-0.1118054986000061
-0.0933926850557327
-0.0891014561057091
-0.0312258861958981
0.0048809624277055
0.0942132622003555
0.0297212433069944
0.0803393796086311
0.0250764600932598
-0.0513039194047451
0.0792724415659904
0.0542285032570362
0.0645319819450378
0.0743309408426285
0.0643051639199257
0.0625632926821709
0.0504386425018311
0.0491480678319931
-0.0880736261606216
0.0753786712884903
0.0389565415680408
0.1052090674638748
-0.0515140630304813
0.0397389121353626
0.0346465706825256
-0.0503325909376144
-0.0650855600833893
-0.0648498162627220
-0.0771733075380325
-0.0928015112876892
-0.0306521933525801
0.0419728755950928
0.1073098033666611
-0.0878923982381821
-0.0145028736442327
0.0765942037105560
-0.0647653341293335
-0.0160932485014200
-0.0742224156856537
0.0255117453634739
-0.0402965024113655
-0.0468585751950741
-0.0913547202944756
0.0186271443963051
-0.0313449688255787
0.0385319851338863
0.0607917346060276
-0.0955175459384918
0.0291055031120777
0.0580291338264942
0.0187172293663025
0.0534533746540546
0.0396653041243553
-0.1047983244061470
-0.0436319857835770
-0.0453658998012543
-0.0198169536888599
-0.0573922917246819
0.0924759879708290
0.0674542486667633
-0.0431159213185310
-0.0037185354158282
-0.0882770270109177
0.0614635273814201
-0.0640510320663452
-0.0184737555682659
0.0343517698347569
-0.0736029222607613
-0.0401759296655655
0.0512282736599445
0.0658886134624481
0.0652444362640381
0.0285321474075317
-0.1071687117218971
-0.0251211076974869
0.0106127681210637
-0.0411853678524494
-0.0796755701303482
0.0423130020499229
0.0042321407236159
-0.0230460241436958
-0.0714080855250359
-0.0681683346629143
-0.0021130172535777
-0.1164024248719215
0.0687037408351898
0.0541125126183033
0.0272712726145983
0.1135133132338524
0.0827688351273537
-0.1038372591137886
-0.0744079798460007
0.0081573696807027
0.0676034912467003
0.0555450469255447
-0.0591494329273701
-0.0076679452322423
-0.0331836789846420
0.0461320132017136
-0.0338332615792751
-0.0347681008279324
-0.0384005233645439
0.0588092915713787
-0.0616343095898628
0.0063139568082988
0.0550948828458786
-0.0703502595424652
-0.0584507435560226
0.0981877669692039
0.0634173378348351
-0.0088916197419167
-0.0638978853821754
-0.0785024836659431
-0.0485226772725582
-0.0677514895796776
-0.0455363653600216
-0.0376755632460117
0.0646166950464249
0.0899487137794495
-0.0514265224337578
0.0392552688717842
-0.0568667426705360
-0.0144800897687674
0.0192202832549810
-0.0529553629457951
0.1139551103115082
0.0926497876644135
0.0749186128377914
0.0514745041728020
0.0733906999230385
-0.0735570192337036
-0.0585235878825188
-0.0625732764601707
0.0452549271285534
0.0145323229953647
-0.0235703941434622
-0.0189686361700296
-0.0575549565255642
-0.0556500628590584
0.0498820059001446
-0.0211132653057575
0.0201255176216364
0.0497032254934311
-0.0552123002707958
-0.0691136047244072
0.1199843809008598
-0.0963590368628502
0.0958399549126625
0.0344025753438473
-0.0392047837376595
0.0088151870295405
0.0457557737827301
0.0397963859140873
0.0590201169252396
0.0003126322117168
0.0568709969520569
0.0437176637351513
0.0886201635003090
-0.0673612505197525
-0.0571129880845547
0.0417807139456272
-0.0624999478459358
-0.0626664832234383
-0.0191745553165674
-0.0790561512112617
-0.0663389563560486
0.0381070971488953
0.0747256278991699
-0.0237017422914505
-0.1028817296028137
0.1421845704317093
0.0610442832112312
0.0395048856735229
-0.0411713272333145
-0.0020544198341668
0.0837558433413506
0.1212261170148849
-0.0728654265403748
-0.0350330322980881
-0.2980193197727203
0.0759483054280281
0.0685939639806747
-0.2606509029865265
-0.0848927423357964
-0.0627204477787018
0.1063147634267807
-0.0182088650763035
-0.0372935496270657
-0.0918121561408043
-0.2436615079641342
-0.2148219496011734
-0.0270305071026087
0.0508924797177315
-0.1427212208509445
0.0540381409227848
-0.0356816612184048
-0.0744925960898399
-0.2301924973726273
-0.1235891655087471
0.0351300127804279
0.0483277626335621
0.0522166490554810
-0.2084112614393234
-0.0590747259557247
0.0350686013698578
-0.0215384513139725
-0.1171995922923088
-0.0207622256129980
0.0595432147383690
0.2097605466842651
-0.3353540301322937
-0.0481656156480312
0.0959496274590492
-0.0378885492682457
0.0562529303133488
-0.0247360263019800
-0.1053847298026085
-0.0589593648910522
-0.1376953125000000
0.1478719860315323
0.1132127642631531
-0.1477994471788406
0.1442679315805435
-0.0295517966151237
0.3651564419269562
0.0123177170753479
-0.1312869638204575
0.0124446852132678
-0.0521734356880188
-0.0411425158381462
0.0266198907047510
0.0135704921558499
-0.0783359259366989
0.0456169210374355
-0.0688100606203079
-0.0279569104313850
0.1023518368601799
-0.0464122369885445
-0.0237917713820934
-0.0221749488264322
-0.0477411821484566
0.0277223400771618
-0.0430802553892136
-0.0458075515925884
-0.0856945589184761
0.0441225618124008
0.0230223778635263
-0.0533652305603027
-0.0155509719625115
-0.0743742287158966
0.0895474925637245
0.0048738615587354
0.0098911868408322
-0.0236838050186634
-0.0574355199933052
-0.0807190835475922
-0.0189858544617891
0.0562063828110695
0.0522069893777370
0.0720542818307877
0.0323941037058830
-0.0646957233548164
-0.0430530533194542
0.0076426626183093
-0.0281583257019520
-0.0438489653170109
0.0080188401043415
-0.0312396008521318
-0.0477350167930126
0.0814945027232170
0.0319747701287270
-0.0503081716597080
-0.0428725108504295
0.0547019578516483
0.0327758491039276
0.0007625425350852
-0.0143606606870890
0.0144307538866997
0.0751989707350731
-0.0583097264170647
0.0067820730619133
0.0091283721849322
-0.0334570631384850
0.0408559404313564
0.0510320663452148
-0.0200368557125330
0.0519433543086052
0.0301634948700666
-0.0450982339680195
-0.0302414465695620
0.1258398145437241
-0.0208676233887672
-0.0802908986806870
0.0454196780920029
0.0244794953614473
0.0022709851618856
-0.0326944626867771
0.0190713796764612
0.0122909350320697
0.0056840935721993
0.0156838353723288
-0.0019901676569134
0.0822649672627449
-0.0053528002463281
-0.0514225661754608
0.0037481316830963
-0.0627612993121147
0.0480960309505463
-0.0702398270368576
-0.0731788277626038
0.0895078182220459
-0.0496508479118347
-0.0491217225790024
0.0361116975545883
-0.0127510316669941
-0.0290223304182291
0.0102410651743412
0.0322641953825951
-0.0292329993098974
-0.0263898279517889
0.0394383259117603
-0.0546105317771435
-0.0653018206357956
-0.0119970301166177
0.0422595255076885
-0.0401565358042717
0.0478140674531460
0.0881731882691383
0.0196509212255478
-0.0293686427175999
0.0024642820935696
-0.0111491512507200
0.0757241919636726
-0.0084091704338789
0.0000175988934643
-0.0353053100407124
0.0410253517329693
-0.0713153928518295
-0.0590123608708382
-0.0215489864349365
0.0264709852635860
-0.0473024733364582
0.0610943101346493
-0.0352375097572803
-0.0075934706255794
0.0540932081639767
0.0811333656311035
-0.0040636803023517
-0.0295005440711975
0.0227734446525574
0.0062115597538650
0.0980452820658684
-0.1135681420564651
-0.0554707795381546
0.0349771268665791
0.0408718399703503
0.0395711362361908
0.0442669764161110
-0.0947233885526657
-0.0766716599464417
0.0728907361626625
-0.0693127289414406
-0.0112316356971860
-0.0998862758278847
-0.0375419743359089
-0.0131448116153479
0.0189649909734726
0.0611426308751106
0.0511280708014965
0.0091862678527832
0.0561344288289547
-0.0239603053778410
0.0339056290686131
-0.0011788199190050
-0.0084434607997537
0.0352605916559696
-0.0401138439774513
0.0606239102780819
-0.0297221820801497
-0.0351585596799850
-0.0700122714042664
0.0504967346787453
0.0394600704312325
-0.0075701763853431
0.0379875451326370
0.0012317840009928
-0.0504295937716961
0.0307757612317801
-0.0183911975473166
0.0449098311364651
0.0063668289221823
-0.0983068197965622
-0.0273068547248840
0.0224346239119768
0.0496704876422882
-0.0495080165565014
0.0302835889160633
0.0303254239261150
0.0129802888259292
-0.0109415426850319
-0.0230096224695444
0.0221946537494659
-0.0278970040380955
0.0102383811026812
-0.0164569728076458
0.0400081276893616
0.0243142377585173
0.0202192608267069
-0.0298738982528448
0.0513507016003132
0.0236210729926825
0.0049867560155690
0.0488252751529217
-0.0575505793094635
-0.0175666995346546
-0.0471971854567528
-0.0350044034421444
-0.0014449660666287
0.0059104175306857
0.0466711744666100
0.0108185084536672
-0.0173942577093840
0.0345441550016403
-0.0181970670819283
-0.0395934097468853
-0.0170936100184917
0.0413483679294586
0.0366655625402927
0.0259532313793898
0.0147985070943832
-0.0262156929820776
0.0285440329462290
-0.0050105089321733
0.0742569044232368
0.0325533822178841
-0.0282722543925047
-0.0878955498337746
0.0165150072425604
-0.0410333126783371
0.0362278707325459
-0.0641349926590919
0.0108274519443512
0.0005862360703759
-0.0804163441061974
0.0072790342383087
-0.0000764260112192
0.0065904199145734
0.0142580857500434
-0.0086614619940519
-0.0049105924554169
-0.0044124186970294
0.1252749562263489
0.0216565113514662
-0.0819910243153572
-0.0732709169387817
-0.0420355163514614
-0.0522296912968159
-0.0141136646270752
0.0729516968131065
0.0362662076950073
-0.0641264989972115
-0.0151412393897772
0.0781978592276573
-0.0126228695735335
0.0297446697950363
-0.0126555059105158
0.0232178941369057
0.0195555333048105
0.0443031452596188
0.0215522181242704
0.0181456971913576
-0.0130148399621248
-0.0622762851417065
0.0547477826476097
-0.0287789516150951
-0.0553840212523937
-0.0034877224825323
0.0168489534407854
-0.0613657981157303
-0.0635341033339500
-0.0096914637833834
0.0223018955439329
-0.0406633354723454
-0.0403667762875557
0.0570973008871078
-0.0712650567293167
0.0474117435514927
0.0854871198534966
-0.0595904104411602
-0.0271993149071932
0.0079716006293893
0.0431536212563515
-0.0071352086961269
-0.0078857140615582
-0.0227092690765858
-0.0387487597763538
-0.0531358271837234
-0.0403684936463833
-0.0238702371716499
0.0204411987215281
-0.0627706050872803
0.0372848808765411
0.0594272315502167
0.0067160739563406
0.0718530043959618
0.0416874550282955
0.0046290592290461
0.0291312430053949
-0.0006928875809535
0.0575228147208691
-0.0487016178667545
0.0073500131256878
-0.0464141331613064
-0.0422279983758926
0.0230191182345152
0.0372729972004890
-0.0117763653397560
-0.0029116452205926
-0.0161342341452837
0.0185955669730902
0.0358357280492783
-0.0750548467040062
-0.0281644891947508
0.0435882210731506
0.0086064450442791
-0.0113907931372523
-0.0262101348489523
0.0027329123113304
0.0629887059330940
-0.0437619723379612
0.0565014109015465
-0.0517852120101452
0.0395294427871704
0.0019908819813281
-0.0402125492691994
0.0040768990293145
-0.0261980183422565
-0.0772314667701721
-0.0445643849670887
-0.1046022549271584
0.0766802206635475
-0.0795956626534462
0.0130802672356367
-0.0669210851192474
-0.0102743636816740
0.0771000683307648
0.0400146432220936
0.0585930235683918
-0.0254408381879330
0.0344627648591995
0.0279996823519468
0.0635771304368973
-0.0479135327041149
0.0250233132392168
-0.0549338571727276
-0.0166441071778536
0.0334962792694569
-0.0401732623577118
0.0322468243539333
0.0526456087827682
-0.0316040664911270
0.0498632639646530
-0.0412641018629074
0.0400194749236107
-0.0429391786456108
-0.0661376491189003
-0.0207815747708082
-0.0201460197567940
-0.0001181431289297
0.0417257882654667
0.0350607745349407
0.0036148908548057
-0.0009068569634110
-0.0401304289698601
-0.0323431082069874
-0.0037985476665199
-0.0152173452079296
-0.0375033728778362
0.0129573149606586
-0.0079978192225099
0.0936196222901344
-0.0253824722021818
0.0090213259682059
-0.0276937261223793
0.0060338103212416
0.0266601499170065
-0.0091165276244283
-0.0594071820378304
0.0574215576052666
-0.0167311895638704
0.0214400198310614
-0.0050519122742116
0.0203171595931053
0.0009964803466573
-0.0456508323550224
-0.0597609840333462
0.0401828773319721
-0.0226920619606972
0.0642326548695564
0.0282447207719088
0.0465308837592602
0.0465705730021000
-0.0294274035841227
0.0275470484048128
0.0682490915060043
-0.0292622502893209
-0.0012168524553999
0.0278071556240320
0.0428457483649254
-0.0038402068894356
-0.0006179210613482
0.0121406214311719
0.0713756233453751
0.0221613068133593
-0.0538238957524300
0.0049211229197681
-0.0840197205543518
0.0423990599811077
-0.0248981583863497
0.0636230632662773
-0.0215308349579573
0.0485359206795692
-0.0240071304142475
-0.0687683299183846
0.0300391595810652
-0.0604456029832363
0.0059230066835880
-0.0813136398792267
-0.0504275932908058
0.0269588064402342
0.0066679706797004
-0.0641651153564453
-0.0262006130069494
-0.0160127617418766
0.0353050529956818
0.0270901303738356
0.0293105226010084
-0.0285538490861654
0.0633180886507034
-0.0440674722194672
-0.0100394496694207
0.0435374751687050
0.0121428519487381
0.0163880269974470
-0.0533956959843636
0.0058995583094656
-0.0494135767221451
-0.0040845014154911
0.0075497007928789
-0.0392383672297001
0.0333466641604900
0.0320748947560787
-0.0507479459047318
0.0302360188215971
-0.0759374126791954
-0.0288656949996948
-0.0297554694116116
-0.0046331929042935
-0.0030678706243634
0.0128749338909984
-0.0048474213108420
-0.0133446604013443
-0.0255826842039824
0.0092508587986231
-0.0299126878380775
-0.0027812744956464
0.0249106865376234
0.0109080066904426
-0.0474275238811970
-0.0459095835685730
-0.0725184902548790
-0.0522279180586338
0.0070389257743955
0.0544815324246883
-0.0665011554956436
0.0465334281325340
0.0484109669923782
0.0458385907113552
-0.0379965342581272
0.0748238041996956
-0.0441684052348137
-0.0446520261466503
-0.0812899842858315
0.0555549114942551
-0.0381895639002323
-0.0707317814230919
0.1091276556253433
-0.0341050215065479
-0.0629242435097694
0.0328807085752487
0.0150170782580972
-0.0069336923770607
-0.0437657907605171
-0.0049775624647737
0.0211649481207132
0.0594504289329052
-0.0369917377829552
-0.0392327643930912
-0.1112749427556992
-0.0124655207619071
0.0280801691114902
-0.0032447914127260
0.0356078110635281
-0.0122555624693632
0.0101372180506587
-0.0177621897310019
-0.0496719218790531
0.0861129313707352
0.0122672868892550
-0.0087536955252290
0.0130988061428070
-0.0859396159648895
-0.0022886141669005
0.0506114028394222
-0.0338394977152348
-0.0414467789232731
0.0379121936857700
-0.0280548762530088
-0.0128277558833361
0.0549448505043983
-0.0881001055240631
0.0264004990458488
-0.0262323152273893
0.0045314854942262
-0.0169149190187454
0.0171453524380922
-0.0179282240569592
0.0235652513802052
0.0662884265184402
-0.0638723075389862
0.0815415084362030
0.0263712760061026
-0.0112248053774238
-0.0065970113500953
0.0498431548476219
-0.0569840073585510
0.0704277977347374
-0.0325468257069588
0.0196072701364756
