0.0593630708754063
0.0357050113379955
-0.0690492913126945
-0.0362604632973671
-0.0933010205626488
0.0169438719749451
-0.0535659305751324
0.0488521084189415
-0.0667597725987434
-0.0527671724557877
0.0577009581029415
0.0309101194143295
0.0539323315024376
0.0985289812088013
0.0687640160322189
0.0806250497698784
0.0196089521050453
-0.0616167075932026
-0.0985158458352089
-0.0466095916926861
-0.0748279914259911
0.0357619412243366
-0.0083478102460504
0.0379838608205318
0.0810950398445129
0.1511978656053543
-0.0289162173867226
0.0699696838855743
0.1065737232565880
-0.0885983034968376
-0.0740996003150940
0.0933625400066376
-0.0707041546702385
-0.0870318338274956
0.0872838273644447
0.0618879199028015
-0.0410772301256657
-0.0419189669191837
0.0123201012611389
0.0783114433288574
-0.0837890356779099
0.0736180841922760
0.0973733440041542
0.0006667526904494
-0.0999779701232910
-0.0277298651635647
0.0554666258394718
0.0488210767507553
-0.1366187185049057
-0.0683750733733177
0.0005247644730844
0.0504139587283134
0.1097781956195831
0.0181153938174248
0.0706472024321556
0.1003227606415749
0.0624511763453484
-0.0885295495390892
0.0365950390696526
-0.0694048181176186
0.0509420707821846
-0.0603062137961388
-0.0628006532788277
0.0692344605922699
-0.0388575457036495
-0.0067394147627056
-0.0492341294884682
-0.0072412318550050
-0.0579052753746510
-0.0498609356582165
0.0414218120276928
-0.0157893374562263
-0.0669589191675186
0.1097688153386116
-0.0357731506228447
-0.0053211315535009
0.0607638172805309
-0.1130131408572197
0.0181503910571337
-0.0753491818904877
0.0298681296408176
-0.0161541905254126
0.0352042838931084
-0.0695743113756180
0.0062094894237816
0.0488302595913410
-0.0397941209375858
-0.0017050458118320
-0.0611636377871037
-0.0539022125303745
-0.0673225000500679
-0.0596409477293491
0.0136074703186750
-0.1043814793229103
-0.0943934842944145
-0.0983692780137062
-0.0343764871358871
0.0074994792230427
0.0987091138958931
0.0307137165218592
0.0860327035188675
0.0322883054614067
-0.0468143634498119
0.0700802356004715
0.0451802313327789
0.0723105445504189
0.0652262046933174
0.0648691505193710
0.0568755343556404
0.0525405816733837
0.0567640587687492
-0.0855233073234558
0.0783693343400955
0.0368840694427490
0.1009537428617477
-0.0463944748044014
0.0318375229835510
0.0331561565399170
-0.0493197180330753
-0.0637362003326416
-0.0741576850414276
-0.0706985816359520
-0.0887284874916077
-0.0253662876784801
0.0367867052555084
0.1132215410470963
-0.0849501267075539
-0.0051023564301431
0.0815537199378014
-0.0688735768198967
-0.0129432715475559
-0.0672666206955910
0.0291753057390451
-0.0464855693280697
-0.0438923723995686
-0.0974338874220848
0.0220653936266899
-0.0303717777132988
0.0408570244908333
0.0674645230174065
-0.0972619205713272
0.0277363993227482
0.0563709735870361
0.0032101336400956
0.0552029423415661
0.0358865484595299
-0.1139145940542221
-0.0274116676300764
-0.0457810312509537
-0.0217276308685541
-0.0590503849089146
0.0950043573975563
0.0662738904356956
-0.0485581979155540
0.0040091732516885
-0.0839339196681976
0.0621126666665077
-0.0630288049578667
-0.0219148583710194
0.0218919850885868
-0.0760381892323494
-0.0340907312929630
0.0453220866620541
0.0712920501828194
0.0661525875329971
0.0130134597420692
-0.1055488213896751
-0.0178088005632162
0.0164812821894884
-0.0381813757121563
-0.0815020948648453
0.0378502830862999
0.0080155357718468
-0.0221737474203110
-0.0654141828417778
-0.0607044994831085
-0.0156957488507032
-0.1188776046037674
0.0640706047415733
0.0538681633770466
0.0248516611754894
0.1168941035866737
0.0738886743783951
-0.0980225428938866
-0.0675764530897141
0.0039676548913121
0.0683473870158195
0.0505016334354877
-0.0658387243747711
0.0036171844694763
-0.0419758260250092
0.0377359576523304
-0.0344842262566090
-0.0307301692664623
-0.0411826036870480
0.0530086942017078
-0.0559340119361877
0.0173188485205173
0.0521533042192459
-0.0702542439103127
-0.0589585974812508
0.1031647101044655
0.0634104162454605
0.0014316386077553
-0.0681651011109352
-0.0850820019841194
-0.0528874769806862
-0.0713703110814095
-0.0439239740371704
-0.0359893664717674
0.0724188983440399
0.0891870334744453
-0.0531073473393917
0.0289275273680687
-0.0486648902297020
-0.0072451839223504
0.0195218399167061
-0.0529850721359253
0.1177380457520485
0.0848812237381935
0.0723948627710342
0.0443549975752831
0.0807683393359184
-0.0813779234886169
-0.0630760714411736
-0.0617317967116833
0.0370854400098324
0.0238567274063826
-0.0123452041298151
-0.0310002565383911
-0.0574559681117535
-0.0536627657711506
0.0497505925595760
-0.0180425904691219
0.0124304452911019
0.0535697601735592
-0.0499111041426659
-0.0679193139076233
0.1243331879377365
-0.0996721684932709
0.0988050848245621
0.0329534523189068
-0.0369300693273544
0.0071797720156610
0.0369136892259121
0.0421848259866238
0.0597976334393024
0.0085303885862231
0.0557635650038719
0.0445973388850689
0.0876714363694191
-0.0627328082919121
-0.0575881786644459
0.0408026985824108
-0.0650352016091347
-0.0556190460920334
0.0279000326991081
-0.0127537883818150
-0.0421543903648853
-0.0323790386319160
0.1637433022260666
-0.1048010513186455
-0.0142676960676908
0.0313987955451012
0.0904476940631866
0.1040846556425095
-0.1077577546238899
0.0041909376159310
0.0341817140579224
0.0977883338928223
0.0246176887303591
-0.0828948542475700
-0.2020712196826935
0.0002593403041828
0.0006871717632748
-0.2099895775318146
-0.2757321000099182
-0.0134850321337581
0.0988229662179947
0.0532306618988514
0.0581550821661949
-0.2632098495960236
-0.2436429858207703
-0.1057352870702744
-0.0336719565093517
0.0369400680065155
-0.0261724628508091
0.0324159860610962
-0.0803011879324913
-0.0931811556220055
-0.1796196103096008
-0.0554611086845398
0.1384084522724152
0.1025257706642151
0.0024190342519432
-0.2165761888027191
-0.1314041316509247
-0.0134816830977798
-0.0326267816126347
-0.1946110278367996
-0.1098316237330437
0.1084331870079041
0.2425304502248764
-0.2502161264419556
0.0275131948292255
0.2101694047451019
-0.1054011881351471
0.0453110933303833
-0.0504636019468307
-0.0804349109530449
-0.0809856504201889
-0.1035334989428520
0.1111704036593437
0.0441385321319103
-0.0885149985551834
0.0038606396410614
-0.0554243624210358
0.3638829588890076
-0.0281244814395905
-0.1253759860992432
-0.0393874533474445
-0.0255850423127413
-0.0574596300721169
0.0386737510561943
0.0143274459987879
0.0072122928686440
0.0245672855526209
-0.0242427587509155
0.0079728560522199
0.0248925257474184
-0.0972416996955872
-0.0516260080039501
-0.0475165508687496
-0.0388385951519012
0.0016335854306817
-0.0424046404659748
0.0228286776691675
-0.0145233701914549
0.0460440367460251
0.0435268580913544
-0.0188550874590874
-0.0291022472083569
-0.0886556953191757
0.0702519044280052
0.0082751875743270
-0.0355635210871696
-0.0057326718233526
-0.0180703904479742
-0.0244655981659889
-0.0285765752196312
0.0477894954383373
0.0459505654871464
0.0497385859489441
0.0842664092779160
-0.0414448045194149
-0.0692678913474083
0.0171504244208336
-0.0093397144228220
-0.0212440900504589
-0.0307767800986767
-0.0195226725190878
-0.0395232588052750
0.0211583375930786
0.0073489900678396
0.0217754337936640
-0.0520977377891541
-0.0260908883064985
0.0534851662814617
0.0399423055350780
-0.0706989392638206
0.0273288041353226
0.0778925716876984
-0.0772373005747795
0.0103294206783175
0.0313422195613384
-0.0085302405059338
0.0283946078270674
0.0175797306001186
-0.0423476994037628
0.0379605479538441
0.0306276995688677
-0.0410364158451557
-0.0195469334721565
0.0796713158488274
-0.0000375973177142
-0.0534607172012329
0.0238225739449263
0.0241096764802933
-0.0087400758638978
0.0254831109195948
0.0589193776249886
-0.0083390381187201
-0.0404565520584583
-0.0721371844410896
0.0215241815894842
0.1092031598091125
-0.0192033741623163
-0.0696668028831482
0.0109016550704837
-0.0748319625854492
0.0590579919517040
-0.0244095064699650
-0.0389417633414268
0.0496587045490742
-0.0636684522032738
-0.0581633113324642
0.0455591864883900
0.0178809352219105
-0.0047264848835766
-0.0138922790065408
0.0580200366675854
-0.0588015355169773
-0.0376875996589661
0.0440864600241184
-0.0312518402934074
0.0179502218961716
0.0193537976592779
-0.0048139980062842
0.0012159969191998
0.0645585656166077
0.0335690639913082
0.0644233822822571
-0.0064524156041443
0.0127872135490179
-0.0204991884529591
0.0919573009014130
-0.0605064332485199
-0.0262986905872822
-0.0834228470921516
0.0523189529776573
-0.1071436479687691
-0.0523357987403870
-0.0307861082255840
0.0378703102469444
-0.0532597415149212
0.0484079532325268
-0.0127230919897556
0.0291496254503727
0.0377687849104404
0.0591114796698093
0.0263929180800915
-0.0247409418225288
0.0817580223083496
0.0503468327224255
0.0602429732680321
-0.0435508675873280
-0.0756496414542198
0.0815104022622108
-0.0185505729168653
0.0364278405904770
0.1110981404781342
-0.0511550679802895
-0.0532365851104259
0.0497593283653259
-0.0510635934770107
-0.0636706054210663
-0.0648188069462776
-0.0265957862138748
-0.0017915344797075
-0.0098817562684417
0.0850918591022491
0.0900650098919868
0.0336229875683784
0.0654671564698219
-0.0122187929227948
0.0059806602075696
0.0019616254139692
-0.0309831909835339
0.0501827746629715
-0.0646795257925987
-0.0025932365097106
-0.0608083084225655
-0.0652116015553474
-0.0313304103910923
0.0002825174888130
0.0656776130199432
-0.0540255606174469
0.0752414464950562
0.0621695108711720
-0.0335412211716175
0.0568314753472805
0.0004098608042113
0.0836700946092606
-0.0163892805576324
-0.1042918935418129
-0.0451142787933350
0.0150528177618980
-0.0296351797878742
-0.0790207311511040
0.0286271814256907
0.0530806779861450
0.0393660888075829
0.0035453806631267
-0.0575921125710011
0.0834648907184601
-0.0104999030008912
-0.0076377540826797
-0.0208408553153276
0.0405351854860783
0.0358986742794514
-0.0078662671148777
0.0037001131568104
0.0331599749624729
0.0712163224816322
0.0024861951824278
-0.0086879944428802
-0.0861042067408562
-0.0517470575869083
-0.0679378882050514
-0.0476549603044987
0.0328126922249794
-0.0033709525596350
-0.0139119261875749
-0.0354111865162849
0.0268001854419708
0.0702754184603691
0.0457922704517841
-0.0307079777121544
0.0039277737960219
0.0805867016315460
0.0120641924440861
-0.0359108708798885
0.0269719269126654
-0.0514506474137306
0.0215157642960548
0.0019397323485464
0.0056994929909706
0.0376392602920532
-0.0330022200942039
-0.0530647300183773
0.0178313367068768
0.0328032039105892
-0.0020387282129377
-0.0616104640066624
0.0503910481929779
0.0014995504170656
-0.0739105269312859
-0.0662853121757507
0.0349893718957901
-0.0017871791496873
0.0154764810577035
0.0085373055189848
-0.0266471449285746
0.0326909385621548
0.1039137542247772
0.0035353947896510
-0.0456498190760612
-0.0633097663521767
-0.0957098826766014
-0.0213309638202190
-0.0065178414806724
0.0213218424469233
0.0517801120877266
-0.0789593905210495
0.0012637793552130
0.0469368696212769
0.0163646023720503
0.0434152074158192
-0.0036391976755112
0.0294527560472488
-0.0035227020271122
0.0332029275596142
-0.0317754447460175
-0.0457406491041183
-0.0101146353408694
0.0074093872681260
0.0579644553363323
0.0128258569166064
-0.0194825455546379
0.0075017199851573
-0.0193288307636976
-0.0343600250780582
-0.0256947353482246
-0.0192566495388746
-0.0248897466808558
-0.0067159300670028
-0.0351195260882378
0.0388985425233841
-0.0134876938536763
0.0519025400280952
0.0477297268807888
-0.0303363222628832
-0.0255514085292816
-0.0236953273415565
0.0457619987428188
-0.0102893700823188
0.0381540656089783
-0.0685401484370232
-0.0630340352654457
-0.0163260307163000
-0.0250480603426695
-0.0596304051578045
0.0194100979715586
-0.1013113781809807
0.0480635352432728
0.0896614715456963
0.0353216938674450
0.0760730504989624
0.0318869426846504
0.0077693955972791
-0.0145872896537185
-0.0007985222619027
0.0822365581989288
-0.0467921309173107
-0.0154457269236445
-0.0144039327278733
0.0182512812316418
0.0533166788518429
0.0389729216694832
0.0397221110761166
-0.0059572574682534
-0.0202158298343420
-0.0140856923535466
0.0334311649203300
-0.0718943029642105
0.0218893252313137
0.0270479619503021
0.0201537627726793
-0.0177954509854317
-0.0201965235173702
0.0138508118689060
0.0081027857959270
-0.0942922756075859
0.0546847768127918
0.0212948806583881
0.0178626328706741
0.0489509291946888
0.0088830925524235
-0.0226078815758228
0.0467655770480633
-0.0743409246206284
-0.0523269213736057
-0.0504335053265095
0.0688509494066238
-0.0047018988989294
0.0042403331026435
-0.0502048097550869
-0.0193022862076759
0.0801260471343994
0.0303011629730463
0.0388730391860008
-0.0084937326610088
0.0360517948865891
0.0340738818049431
0.0354390107095242
-0.0706139355897903
0.0430394969880581
-0.0135426670312881
-0.0359786488115788
0.0303234290331602
-0.0904998481273651
0.0298860855400562
0.0507554113864899
-0.0439409203827381
0.0045238989405334
0.0080626970157027
0.0316611304879189
-0.0030049886554480
-0.0717616379261017
-0.0111004328355193
0.0157440882176161
-0.0331774204969406
0.0310880299657583
0.0092778513208032
-0.0100202513858676
0.0440753288567066
-0.0745673477649689
0.0014233969850466
0.0298303049057722
-0.0132144177332520
-0.0039043729193509
-0.0018742707325146
-0.0466927960515022
0.1119247898459435
-0.0140176434069872
0.0106904106214643
-0.0304171536117792
-0.0395036377012730
0.0430436246097088
-0.0001150755706476
0.0179721955209970
-0.0157745908945799
-0.0188527088612318
0.0235884469002485
-0.0037516192533076
-0.0415212325751781
-0.0143462084233761
0.0110703585669398
-0.0822275355458260
0.0471583381295204
-0.0240973271429539
0.0787416100502014
0.0240916945040226
0.0238695796579123
-0.0061361007392406
0.0103065287694335
-0.0020702255424112
0.0035119641106576
-0.0647261291742325
0.0173036288470030
0.0342210009694099
0.0170969162136316
0.0102706607431173
-0.0524921827018261
0.0378343649208546
0.0305690616369247
0.0578583367168903
-0.0414397455751896
-0.0098356036469340
-0.0237909536808729
-0.0211084336042404
-0.0497730113565922
0.0546572618186474
0.0291765835136175
0.0441582612693310
-0.0697540715336800
-0.0390210449695587
0.0042268587276340
-0.0155862895771861
-0.0056752460077405
-0.0600605309009552
0.0195558145642281
0.0542365983128548
0.0347778499126434
-0.0663372501730919
0.0261411480605602
-0.0089994631707668
0.0126792984083295
-0.0022073041182011
0.0103972172364593
0.0048620025627315
0.0740586742758751
-0.0010523679666221
0.0491514876484871
0.0629941374063492
0.0074432925321162
0.0105196842923760
-0.0512511171400547
-0.0224095061421394
-0.0470570027828217
0.0116419149562716
-0.0132813500240445
-0.0683285817503929
0.0100812958553433
-0.0002678605087567
-0.0424208045005798
0.0628008097410202
-0.0553216822445393
-0.0478762276470661
-0.0577163286507130
-0.0254903137683868
-0.0242059323936701
0.0742142200469971
-0.0012771795736626
-0.0158176571130753
-0.0581238977611065
-0.0563405901193619
-0.0783655494451523
-0.0195844601839781
0.0566575638949871
0.0227366834878922
-0.0024591609835625
-0.0075720637105405
-0.0092734396457672
-0.0675967186689377
0.0184753425419331
0.0243980381637812
-0.0895567983388901
-0.0595189705491066
0.0039800424128771
0.0711910948157310
-0.0946869552135468
0.0585849992930889
-0.0286849793046713
0.0002391637826804
-0.0021811756305397
0.1043467670679092
-0.0923183262348175
-0.1018690913915634
0.0706823989748955
-0.0463397242128849
-0.0059628328308463
0.0239651054143906
0.0146505217999220
-0.0069247921928763
-0.0473080910742283
0.0113819949328899
0.0146625638008118
0.0501544885337353
-0.0180595964193344
-0.0046100579202175
-0.0692406669259071
-0.0286812745034695
0.0187516696751118
-0.0152486432343721
0.0147169614210725
-0.0399583540856838
-0.0482893697917461
-0.0139561053365469
-0.0190748181194067
0.0669271871447563
0.0026104042772204
-0.0430769100785255
-0.0462634600698948
-0.0759294927120209
-0.0201073903590441
0.0382258035242558
0.0043298751115799
0.0143647044897079
0.0057936725206673
0.0009655870962888
0.0264103133231401
0.0566644221544266
-0.0824069976806641
-0.0396439172327518
0.0126395327970386
-0.0247676167637110
-0.0428241379559040
-0.0345643237233162
-0.0345913618803024
0.0065511749126017
0.0467143580317497
-0.0885252952575684
0.0522056594491005
0.0278469864279032
0.0142141245305538
-0.0212541837245226
0.0410656891763210
-0.0484171435236931
0.0619875751435757
-0.0386144034564495
-0.0167987216264009
