0.0540553890168667
0.0314401946961880
-0.0510504804551601
-0.0483447536826134
-0.0997063070535660
0.0260570701211691
-0.0607576034963131
0.0575437471270561
-0.0746751427650452
-0.0461237803101540
0.0820808708667755
0.0700576677918434
0.0250825844705105
0.0824030339717865
0.0764461830258369
0.0435230582952499
0.0013484598603100
-0.0429866239428520
-0.1099852919578552
-0.0680078119039536
-0.0688188299536705
0.0513693355023861
-0.0381263159215450
0.0247943866997957
0.0874920859932899
0.1490272730588913
-0.0455263927578926
0.0673724114894867
0.0861246660351753
-0.0955805107951164
-0.0746808648109436
0.0954741463065147
-0.0533003732562065
-0.0815932378172874
0.0775658190250397
0.0725828707218170
-0.0590531006455421
-0.0163235198706388
0.0038830477278680
0.0778800025582314
-0.0853227600455284
0.0563671775162220
0.1063493415713310
-0.0093228407204151
-0.0928461179137230
-0.0114672435447574
0.0814955756068230
0.0708938390016556
-0.1275006830692291
-0.0882189422845840
-0.0223271492868662
0.0640801712870598
0.0961274579167366
0.0461843907833099
0.0393226109445095
0.0832181870937347
0.0899450182914734
-0.0683809518814087
0.0060424944385886
-0.0578539744019508
0.0556709170341492
-0.0604857020080090
-0.0633588731288910
0.0446953438222408
-0.0610204972326756
0.0421929359436035
-0.0664604678750038
0.0237653460353613
-0.0708438381552696
-0.0515855327248573
0.0454585924744606
-0.0153913171961904
-0.0579978302121162
0.0983971729874611
-0.0284467879682779
-0.0289213862270117
0.0589737184345722
-0.0712733119726181
0.0053804232738912
-0.0778452903032303
0.0283901542425156
-0.0070140189491212
0.0353000648319721
-0.0799675807356834
0.0176788307726383
0.0480030812323093
-0.0518794059753418
-0.0068040210753679
-0.0804602876305580
-0.0106525802984834
-0.0794659256935120
-0.0375388190150261
0.0011324107181281
-0.0944427400827408
-0.1118724495172501
-0.0828432515263557
-0.0305107105523348
-0.0338892191648483
0.1015692055225372
0.0319320857524872
0.0886706635355949
0.0018479306017980
-0.0616965256631374
0.0870092213153839
0.0507034398615360
0.0700414180755615
0.0928125157952309
0.0718195810914040
0.0792641639709473
0.0358511209487915
0.0481507368385792
-0.0812084600329399
0.0853709504008293
0.0036224969662726
0.1171686053276062
-0.0534954667091370
0.0529455952346325
0.0423728115856647
-0.0756132304668427
-0.0274545140564442
-0.0647955164313316
-0.0656573176383972
-0.0943823754787445
-0.0259971078485250
0.0545209981501102
0.0771971419453621
-0.0718645006418228
-0.0399034060537815
0.0867050811648369
-0.0510061532258987
-0.0415021292865276
-0.0558854937553406
0.0088381916284561
-0.0202701278030872
-0.0335277467966080
-0.0874530822038651
0.0282330680638552
-0.0436580255627632
0.0575183555483818
0.0765907987952232
-0.0742172300815582
0.0404452607035637
0.0951531827449799
0.0417555831372738
0.0640907287597656
0.0627091377973557
-0.0776788815855980
-0.0614532046020031
-0.0367901436984539
0.0072319777682424
-0.0609651058912277
0.0745642781257629
0.0765940323472023
-0.0096969678997993
0.0081705190241337
-0.0808330923318863
0.0510312169790268
-0.0766664072871208
-0.0233457572758198
0.0580455586314201
-0.0618123225867748
-0.0480328239500523
0.0349037311971188
0.0693814232945442
0.0513092800974846
0.0443651974201202
-0.0991317108273506
-0.0225315466523170
0.0368424803018570
-0.0392379537224770
-0.0847620218992233
0.0467803366482258
0.0241319146007299
0.0005990535719320
-0.0876279026269913
-0.0694395080208778
0.0215833485126495
-0.0868011936545372
0.0709089487791061
0.0620205439627171
0.0365483127534389
0.1086417883634567
0.0943389683961868
-0.0684844702482224
-0.0600884854793549
-0.0228096544742584
0.0842480286955833
0.0428151376545429
-0.0731637775897980
-0.0108058713376522
-0.0496346913278103
0.0486752539873123
-0.0531655102968216
-0.0433321110904217
-0.0205654464662075
0.0200720299035311
-0.0686382800340652
0.0028745264280587
0.0563470572233200
-0.0589004494249821
-0.0635419711470604
0.0948521494865417
0.0513168759644032
-0.0312706418335438
-0.0375396497547626
-0.0660076439380646
-0.0267909783869982
-0.0625381320714951
-0.0558025203645229
-0.0527491308748722
0.0635166019201279
0.0853428617119789
-0.0317541845142841
0.0408873818814754
-0.0592233575880527
-0.0315010771155357
0.0239363797008991
-0.0519772358238697
0.0827842801809311
0.0919278040528297
0.0942913964390755
0.0223390273749828
0.0672820806503296
-0.0734471902251244
-0.0725236237049103
-0.0657729133963585
0.0269356016069651
0.0229881629347801
-0.0332788191735744
-0.0285272691398859
-0.0741276293992996
-0.0470020212233067
0.0496711581945419
-0.0182103440165520
0.0100815091282129
0.0373435616493225
-0.0700544938445091
-0.0862219184637070
0.0865626409649849
-0.1028743982315063
0.0991947650909424
0.0443945266306400
-0.0591102018952370
0.0415333285927773
0.0668195933103561
0.0219945404678583
0.0681148469448090
-0.0159314107149839
0.0474173277616501
0.0545144416391850
0.0811257064342499
-0.0880746841430664
-0.0464705675840378
0.0483825504779816
-0.0598906800150871
-0.0686576813459396
0.0819886550307274
0.0119819585233927
-0.1720141619443893
-0.0627379119396210
0.1471577286720276
-0.0962808951735497
-0.1174137741327286
0.0616855993866920
0.1235564947128296
0.2121168822050095
-0.1314962506294250
0.0259842239320278
0.1295438557863235
0.1308682262897491
-0.0906932651996613
-0.1798987388610840
-0.3062849938869476
0.0843829363584518
0.0090932669118047
-0.2171183526515961
-0.1677068322896957
-0.0277096088975668
0.0712732225656509
0.1188222020864487
0.1204701289534569
-0.1533975005149841
-0.1601050794124603
-0.0532418191432953
-0.0609151981770992
0.0009282671962865
-0.1067219525575638
0.0562743134796619
-0.1106960996985435
-0.1728411614894867
-0.2019315063953400
-0.0590914860367775
0.0807262212038040
0.0967259556055069
0.0649480074644089
-0.0906779095530510
0.0311584305018187
-0.0293109025806189
-0.0076164673082530
-0.0394729338586330
-0.0381991453468800
0.0181429404765368
0.1522109806537628
-0.2943975031375885
-0.0792252421379089
0.0475721657276154
-0.0027386457659304
-0.0412688739597797
-0.0623287484049797
0.0561128742992878
-0.0810369402170181
-0.1281478404998779
0.1469218879938126
0.1175865232944489
-0.1325887143611908
0.0986814945936203
-0.1273631155490875
0.3453013896942139
-0.0612095296382904
-0.0731953456997871
-0.0101709552109241
-0.0363945811986923
-0.0438629649579525
0.0849727764725685
0.0080212121829391
-0.0411004833877087
0.0725207030773163
-0.0454574190080166
-0.0125861195847392
0.0244913306087255
-0.0175026953220367
-0.0659350827336311
-0.0225285999476910
-0.0397857762873173
0.0428923070430756
-0.0415960401296616
-0.0392463579773903
-0.0505318716168404
0.0087908841669559
0.0608645379543304
0.0161792114377022
-0.0271408744156361
-0.0852179229259491
0.0773757994174957
-0.0326979644596577
-0.0528253391385078
-0.0167260728776455
-0.0503894351422787
-0.0334512032568455
-0.0230154786258936
0.0527900569140911
0.0239851716905832
0.0686866119503975
0.0326185710728168
-0.0248154904693365
-0.0371238030493259
-0.0203756093978882
-0.0521030947566032
-0.0486963614821434
-0.0195894725620747
0.0014196760021150
-0.0364158898591995
0.0780782029032707
0.0136886257678270
-0.0063565173186362
-0.0138471536338329
-0.0276291966438293
0.0577251873910427
0.0251133143901825
-0.0650893151760101
0.0049448315985501
0.0672865211963654
-0.0617433711886406
0.0154381142929196
0.0714817568659782
0.0027550323866308
0.0211175139993429
0.0092380540445447
-0.0421785898506641
0.0542284548282623
0.0167444571852684
-0.0390904769301414
-0.0775673240423203
0.0549856685101986
-0.0031212959438562
-0.0396970957517624
0.0272035114467144
0.0133795682340860
0.0470933392643929
-0.0073910839855671
0.0105823939666152
0.0351156815886497
0.0050056446343660
-0.0501675046980381
0.0332020521163940
0.0800644084811211
0.0230344478040934
-0.0727428123354912
0.0175905562937260
-0.0660805180668831
0.0431222356855869
-0.0392957553267479
-0.0274850912392139
0.0500405617058277
-0.0774720683693886
0.0055851936340332
0.0278091803193092
-0.0342862196266651
-0.0026022894307971
0.0409320518374443
0.0580541118979454
-0.0084590036422014
-0.0122327692806721
0.0366578213870525
-0.0215808879584074
-0.0253295172005892
-0.0105977701023221
0.0094953747466207
-0.0227721184492111
-0.0034261408727616
0.0685177594423294
0.0320660844445229
-0.0344593077898026
0.0103541016578674
-0.0080929016694427
0.0916247740387917
-0.0440023057162762
-0.0102632958441973
-0.0521043576300144
0.0640259310603142
-0.0898665860295296
-0.0486615821719170
-0.0153454169631004
0.0435867533087730
0.0104539869353175
0.0388544611632824
-0.0771482586860657
0.0184229481965303
0.0629489272832870
0.0834168195724487
0.0143162747845054
-0.0188817661255598
0.0561433061957359
0.0376530215144157
0.0925272777676582
-0.0657771676778793
-0.0680705010890961
0.0349049866199493
0.0561416149139404
0.0758891850709915
0.0701316371560097
-0.0251591820269823
-0.0597682930529118
0.0888935476541519
-0.0740980207920074
-0.0373381003737450
-0.0785850062966347
0.0068951388821006
0.0688257887959480
0.0332508757710457
0.0443854555487633
0.0701848044991493
-0.0076002459973097
0.0505550131201744
-0.0582234822213650
0.0151731148362160
0.0375996790826321
0.0041755139827728
0.0788798108696938
-0.0723436176776886
0.0073015373200178
-0.1004731878638268
-0.0305597148835659
-0.0424125753343105
0.0336272642016411
0.0229988358914852
-0.0521620102226734
0.0486055463552475
0.0326513983309269
-0.0366274155676365
0.0274947620928288
0.0094234617426991
0.0512269213795662
0.0241420138627291
-0.0583142898976803
-0.0490463152527809
0.0319639183580875
0.0040064477361739
-0.0758736953139305
0.0358732901513577
0.0527531355619431
0.0454224012792110
-0.0095622576773167
-0.0359579734504223
0.0188199374824762
-0.0175769235938787
-0.0044311252422631
-0.0195317827165127
0.0821790248155594
0.0451256074011326
-0.0287828389555216
-0.0203242264688015
0.0476331897079945
0.0225047003477812
0.0598131604492664
-0.0064312289468944
-0.0570089630782604
0.0076901726424694
-0.0669158697128296
-0.0244211386889219
0.0199561100453138
0.0591539815068245
0.0133785577490926
-0.0078310361132026
0.0003222029190511
0.0431561134755611
0.0676106661558151
0.0154631296172738
-0.0585446394979954
0.0455012731254101
0.0406267717480659
-0.0221248082816601
0.0078367721289396
-0.0174183994531631
0.0465319417417049
-0.0672246366739273
0.0336165353655815
-0.0270394477993250
-0.0473898537456989
-0.0731625035405159
-0.0279912110418081
-0.0075386986136436
0.0317358858883381
-0.1031335517764091
0.0325017161667347
-0.0605997182428837
-0.0614376440644264
-0.0201924163848162
0.0127308825030923
0.0496262311935425
-0.0038771023973823
-0.0224855765700340
-0.0039873174391687
0.0181152969598770
0.1070819124579430
-0.0041637131944299
-0.0775247365236282
-0.0816234871745110
-0.0739281922578812
-0.0138030452653766
-0.0441603623330593
0.0412731207907200
0.0270803328603506
-0.0696787834167480
0.0304514877498150
0.0289638321846724
-0.0102840196341276
0.0314193218946457
-0.0225949101150036
-0.0082029001787305
0.0653655529022217
0.0700058192014694
-0.0371065661311150
-0.0647266581654549
-0.0043081077747047
-0.0702403858304024
0.0725364610552788
-0.0159300155937672
-0.0343081913888454
-0.0454423129558563
-0.0270972549915314
-0.0329172573983669
-0.0276446379721165
-0.0078399050980806
0.0162490755319595
-0.0160211101174355
-0.0610851831734180
0.0798850581049919
-0.0341682359576225
0.0698841735720634
0.0083285914734006
-0.0477709323167801
-0.0777530074119568
0.0067670941352844
0.0263359714299440
-0.0340476334095001
0.0347203537821770
-0.0567398108541965
-0.0416411869227886
-0.0640260353684425
-0.0329598374664783
-0.0793321579694748
0.0403309278190136
-0.0627847239375114
0.0780561789870262
0.0518066100776196
0.0296145342290401
0.0576226897537708
0.0438190698623657
0.0508787892758846
0.0674521327018738
-0.0142549984157085
0.0442585796117783
-0.0289107430726290
-0.0531508363783360
-0.0455170497298241
0.0388333089649677
0.0582186803221703
0.0016651027835906
0.0489617288112640
0.0341708287596703
-0.0540410540997982
0.0525943562388420
0.0622255876660347
-0.0423185750842094
-0.0038474993780255
0.0452695786952972
-0.0084855696186423
-0.0203778278082609
0.0001498521742178
-0.0449307672679424
0.0539610981941223
-0.0885465592145920
0.0201999861747026
-0.0172021742910147
-0.0058340313844383
0.0062646791338921
-0.0258906763046980
-0.0478782095015049
-0.0030859245453030
-0.0438350290060043
-0.0239890068769455
-0.0765439644455910
0.0691611245274544
-0.0378924086689949
-0.0041231415234506
-0.0734923556447029
0.0048379995860159
0.0552689991891384
0.0467934459447861
0.0329477749764919
-0.0099544366821647
0.0419345796108246
0.0174792502075434
0.0528580062091351
-0.0748584643006325
-0.0011176762636751
-0.0543017983436584
0.0112376026809216
0.0592196211218834
-0.0417416915297508
0.0318520478904247
-0.0126578351482749
-0.0658600553870201
-0.0219708234071732
-0.0105435773730278
0.0301814414560795
-0.0874390825629234
-0.0888053327798843
-0.0430157370865345
0.0155666675418615
-0.0113810086622834
0.0461440980434418
-0.0067246975377202
0.0218617040663958
0.0300230644643307
-0.0197576619684696
0.0262161046266556
0.0212899148464203
-0.0072172479704022
-0.0272091962397099
0.0341344922780991
-0.0378090925514698
0.0826651304960251
-0.0393062308430672
0.0281022433191538
-0.0553363747894764
0.0297914110124111
0.0073900804854929
-0.0090816067531705
-0.0348048396408558
0.0359829813241959
-0.0315779522061348
0.0933282151818275
0.0611994117498398
0.0273188576102257
0.0138719165697694
0.0268573313951492
-0.0831755101680756
0.0576063580811024
0.0118124028667808
0.0866641178727150
-0.0144901927560568
0.0581477433443069
0.0301112830638885
0.0223896875977516
0.0078057018108666
0.0593818202614784
-0.0362578518688679
0.0051552387885749
0.0124955149367452
0.0037797822151333
0.0409400016069412
0.0148238185793161
-0.0109012704342604
-0.0042558149434626
0.0357053354382515
-0.0171522535383701
0.0007200115360320
-0.0507237464189529
0.0158719904720783
-0.0510023050010204
0.0316457413136959
-0.0007769247167744
0.0412809923291206
-0.0403863936662674
-0.0138895772397518
0.0674418359994888
-0.0890959799289703
-0.0064835017547011
-0.0599810294806957
-0.0459649451076984
0.0377627909183502
0.0528832934796810
-0.0368208400905132
0.0136338267475367
-0.0073663853108883
0.0078780548647046
0.0347079560160637
0.0279161389917135
-0.0040951371192932
0.0044494504109025
-0.0409471988677979
0.0366111099720001
0.0138904955238104
0.0200542490929365
0.0236988924443722
-0.0387761630117893
0.0017123846337199
-0.0936562865972519
0.0214981492608786
-0.0113599486649036
-0.0156582705676556
-0.0363517291843891
0.0296242255717516
0.0008056510123424
0.0252411328256130
-0.0148515161126852
-0.0115680675953627
-0.0205223057419062
-0.0323861353099346
-0.0280577670782804
0.0775011032819748
-0.0158489309251308
0.0145564377307892
-0.0041351551190019
0.0007834915304556
-0.0573653280735016
-0.0209499467164278
0.0461768135428429
0.0170416943728924
-0.0308297537267208
-0.0616215988993645
-0.0388721600174904
-0.0982065722346306
-0.0108869783580303
0.0350263528525829
-0.0689871832728386
0.0198412109166384
0.0137253440916538
0.0843515247106552
-0.0381908528506756
0.0794729217886925
-0.0371804498136044
0.0047989254817367
-0.0206689406186342
0.0288635529577732
-0.0572739839553833
-0.0589895732700825
0.0558906756341457
-0.0268066991120577
-0.0429092124104500
0.0689951255917549
0.0227860063314438
-0.0183958336710930
-0.0639710351824760
0.0087711736559868
0.0092924870550632
0.0619246102869511
-0.0480845607817173
-0.0153951486572623
-0.0896872654557228
-0.0242864936590195
0.0048310407437384
0.0111030181869864
-0.0149207655340433
0.0097059151157737
0.0151976263150573
-0.0213643312454224
-0.0997211784124374
0.0315203592181206
0.0012329445453361
-0.0248298849910498
0.0401090681552887
-0.0456311106681824
0.0494824163615704
0.0252808798104525
0.0243300963193178
-0.0043633412569761
0.0583701655268669
-0.0126474862918258
-0.0417997427284718
0.0431587621569633
-0.0983465164899826
0.0156980343163013
0.0046476870775223
-0.0532822012901306
-0.0448021739721298
0.0124531481415033
-0.0292504355311394
0.0500754527747631
0.0095927575603127
-0.0402817018330097
0.0475909896194935
0.0275050122290850
-0.0101718641817570
-0.0166226495057344
0.0097896894440055
-0.0863958150148392
0.0477318875491619
-0.0326807573437691
-0.0298063158988953
