0.0989925265312195
0.0341508202254772
-0.0386857241392136
-0.0316483825445175
-0.0452259071171284
-0.0337392054498196
-0.0530158206820488
0.0030943972524256
0.0313301086425781
0.0261774901300669
0.1000620573759079
0.0364372171461582
0.0421165227890015
0.0953401103615761
-0.0310931354761124
-0.0481378026306629
0.0067179976031184
-0.0251729898154736
0.0037232348695397
-0.0804485529661179
-0.0591965280473232
0.1061521470546722
-0.1022958457469940
0.0417364537715912
0.0724330171942711
0.0135064963251352
-0.0389989092946053
0.1193957701325417
-0.0047376295551658
-0.0683196187019348
-0.0920385867357254
0.1498744934797287
-0.0293407030403614
-0.0852294415235519
0.0853498503565788
0.0459141321480274
-0.0430938974022865
-0.0423737913370132
0.0674371793866158
0.0070109376683831
-0.1273902356624603
0.0529711693525314
0.1340892761945724
-0.0138445924967527
-0.0195678621530533
0.0333392955362797
-0.0085272928699851
0.0102570559829473
-0.0249421633780003
-0.0155675038695335
-0.0174264386296272
0.0820766687393188
0.0760319679975510
-0.0276109986007214
0.0459227003157139
-0.0331459082663059
-0.0230090804398060
-0.0469957478344440
0.0103637361899018
-0.0505695939064026
0.0606043003499508
-0.0628297701478004
-0.0454246476292610
-0.0037340752314776
0.0006226709228940
-0.0393716841936111
-0.1084636598825455
0.0453923568129539
0.0265445839613676
-0.1210100576281548
0.0555560104548931
0.0072099571116269
-0.0898993760347366
0.0524349994957447
-0.0004381215549074
-0.0253486055880785
0.0840532705187798
-0.0967983230948448
0.0424659661948681
-0.0796491503715515
0.0008170223445632
0.0048923892900348
0.0187572073191404
-0.1139020696282387
-0.0044440669007599
0.0903200134634972
-0.0547903403639793
-0.0193209666758776
-0.0699076876044273
-0.0497389994561672
0.0131388185545802
-0.0574300326406956
-0.0052721784450114
-0.0934753343462944
-0.0631948560476303
-0.1661061048507690
-0.0643161684274673
0.0267416983842850
0.0987956896424294
0.0432603582739830
0.1078331321477890
0.0258896388113499
-0.1229969412088394
0.0083929114043713
0.0802172198891640
0.0697203278541565
0.0099953338503838
0.0555803589522839
0.1016982272267342
0.1047888249158859
0.0658116489648819
-0.0095176221802831
0.0279288720339537
0.0680267363786697
0.0269091855734587
0.0499073676764965
0.0320585928857327
-0.0120008103549480
-0.1176066473126411
-0.0356458127498627
-0.0594276636838913
-0.0575260370969772
-0.0481441505253315
-0.1211546063423157
0.0008056013612077
0.0698216855525970
0.0365785621106625
-0.0080253761261702
0.0568941459059715
-0.0363622307777405
-0.0157998949289322
-0.0197011232376099
0.0363782197237015
-0.0397764779627323
0.0068586356937885
-0.1067839711904526
-0.0330139696598053
-0.0840248912572861
0.0374407805502415
0.0890455171465874
-0.0887356176972389
0.0436007939279079
0.0465485602617264
0.0487467311322689
0.0287699121981859
0.0864964351058006
-0.0488673523068428
0.0558071732521057
-0.0030543322209269
0.0380154326558113
-0.0645320340991020
0.0644481480121613
0.0906122177839279
-0.0642486140131950
0.0520497150719166
0.0250524543225765
-0.0146795241162181
-0.0641578361392021
0.0057896068319678
0.0062820012681186
-0.0540270470082760
0.0097543476149440
0.0458791926503181
0.0606996342539787
0.0868830159306526
-0.0078421412035823
-0.0097548607736826
0.0401319041848183
0.0573910102248192
0.0185113977640867
-0.1045601963996887
0.0570545606315136
0.0419397354125977
0.0314389914274216
-0.0196370333433151
-0.0050443373620510
0.0007909513078630
-0.0061389566399157
0.1177162602543831
0.0904927551746368
-0.0097658559679985
0.1095603033900261
0.0561853125691414
-0.0395434983074665
0.0141833433881402
-0.0183552075177431
-0.0108469398692250
0.0176451746374369
-0.0556744113564491
-0.0254814811050892
0.0041773617267609
0.0450829453766346
0.0174216385930777
-0.0985160619020462
-0.0636559426784515
-0.0341353863477707
-0.0749734267592430
-0.0092198466882110
0.0738309845328331
-0.0446530953049660
-0.0683475956320763
0.0672916173934937
0.1071795895695686
-0.0477652363479137
-0.0629202648997307
-0.0691172629594803
-0.0394462943077087
-0.1224250271916389
0.0027057121042162
0.0405672565102577
0.1147248893976212
0.1151933893561363
-0.0196267385035753
-0.0077726258896291
-0.0702442452311516
-0.0025839454028755
0.0431405007839203
-0.0677805319428444
0.1087615787982941
0.0965146794915199
0.0773151218891144
0.0129187442362309
0.0874737277626991
-0.1065907180309296
-0.0136677827686071
0.0199039150029421
0.0783186033368111
-0.0000298783834296
-0.0251269023865461
-0.1117215305566788
-0.0803666040301323
0.0675150826573372
-0.0207924917340279
0.0666305571794510
-0.0355789586901665
0.0467429831624031
-0.0086548067629337
-0.1473686099052429
0.0474478341639042
-0.0985949710011482
0.0832861065864563
0.0470040924847126
-0.0669192448258400
0.0337393209338188
0.0337562374770641
0.0558709986507893
0.0606660135090351
0.0831881538033485
0.0196794290095568
0.0826816856861115
0.0876852944493294
-0.0560578219592571
-0.0417081192135811
0.0121234506368637
-0.0745034068822861
-0.0953257009387016
-0.1032483130693436
-0.1006081774830818
0.0027025779709220
-0.0025193020701408
0.0242515709251165
-0.0785077214241028
-0.0508745126426220
0.0811353921890259
0.0266930479556322
0.0652474984526634
0.0212797634303570
0.0984566509723663
0.0097953239455819
0.0373039282858372
0.1040648147463799
0.0137419691309333
-0.1677633225917816
-0.0224840734153986
0.1094402968883514
-0.2446670979261398
-0.1686460226774216
-0.0639216154813766
0.0329419821500778
-0.0446572266519070
-0.0295114684849977
-0.1354086399078369
-0.2981341183185577
-0.2369884401559830
0.0764494463801384
0.0216434299945831
-0.0448409356176853
-0.0252470299601555
0.0823329389095306
-0.0433321706950665
-0.1372575461864471
-0.1371411830186844
0.0702568739652634
0.0539594106376171
0.0411028638482094
-0.2342891395092010
-0.2023249119520187
0.0070326076820493
-0.0239176694303751
-0.1944497227668762
-0.1943345665931702
0.1204686462879181
0.2282853573560715
-0.2029229849576950
0.0656683668494225
0.1952083855867386
-0.0444064289331436
0.1298977732658386
-0.0859623253345490
-0.2225211113691330
-0.0336118787527084
-0.2074858546257019
0.0974188148975372
0.0933954268693924
-0.0639887824654579
0.0895534604787827
0.0157015584409237
0.2369971424341202
0.0593820624053478
-0.1950908601284027
-0.0354242809116840
-0.0235947091132402
-0.0534818507730961
0.0545758791267872
-0.0039654416032135
-0.0216314718127251
0.0456010475754738
-0.0491741374135017
-0.0047674938105047
0.0412247851490974
-0.0597962550818920
-0.0452521927654743
-0.0330748260021210
-0.0403630733489990
0.0300947800278664
-0.0581770390272141
0.0239771325141191
-0.0494837500154972
0.0273629669100046
0.0483393557369709
-0.0454722829163074
0.0153791550546885
-0.0663147866725922
0.0771510154008865
-0.0060896859504282
-0.0530577898025513
0.0036203565541655
0.0165668018162251
0.0008568285848014
-0.0008309759432450
0.0382519103586674
0.0463462695479393
0.0488316565752029
0.0734835118055344
-0.0626793652772903
0.0039010432083160
0.0438024885952473
0.0147809628397226
-0.0068687712773681
0.0069517954252660
-0.0257657971233130
-0.0583812482655048
0.0712118297815323
0.0134928626939654
0.0267740879207850
-0.0478982515633106
-0.0013953486923128
0.0585504136979580
0.0487136431038380
-0.0484585314989090
0.0445440337061882
0.0709062665700912
-0.0570421107113361
0.0463134907186031
0.0366165600717068
-0.0133419847115874
0.0467397347092628
0.0229267515242100
-0.0222121868282557
0.0412303917109966
0.0363897532224655
-0.0568572394549847
-0.0557843521237373
0.0795696526765823
0.0237808097153902
-0.0395311564207077
0.0240547675639391
0.0484054386615753
-0.0138092497363687
0.0003569215477910
0.0231820419430733
0.0200600642710924
-0.0448854975402355
-0.0573118031024933
0.0203457474708557
0.1111621260643005
0.0107957776635885
-0.0731512084603310
0.0431622564792633
-0.0943246632814407
0.0449163988232613
-0.0221441499888897
-0.0560284778475761
0.0682010799646378
-0.0560104250907898
-0.0693854689598083
0.0281236879527569
-0.0428059957921505
0.0108209913596511
0.0095040174201131
0.0449991151690483
-0.0954503864049911
-0.0599774196743965
0.0677441135048866
-0.0278942957520485
0.0097551355138421
-0.0042398120276630
0.0293448884040117
-0.0029316868167371
0.0563075356185436
0.0216889474540949
0.0617067404091358
-0.0101378438994288
0.0256474781781435
-0.0010836584260687
0.0442851036787033
-0.0721030905842781
-0.0465884953737259
-0.0440448597073555
0.0494909249246120
-0.0694922283291817
-0.0143505083397031
-0.0665927827358246
0.0729730874300003
-0.0725260227918625
0.0348205491900444
-0.0709824860095978
-0.0039033833891153
0.0719856619834900
0.0828101858496666
0.0277812276035547
-0.0305716861039400
0.0513986013829708
0.0410963483154774
0.0618293359875679
-0.0399957969784737
-0.0421128794550896
0.0591270960867405
0.0152571136131883
0.0433957353234291
0.0865314081311226
-0.0728166922926903
-0.0446853451430798
0.0736070200800896
-0.0428145155310631
-0.0259315930306911
-0.0736916139721870
-0.0260121952742338
0.0173623487353325
-0.0010536856716499
0.0732996389269829
0.0718663185834885
-0.0044047371484339
0.0551360324025154
-0.0142938317731023
-0.0081537440419197
0.0242843292653561
0.0057955081574619
0.0085813552141190
-0.0266136769205332
0.0225978046655655
-0.0465498641133308
-0.0372122153639793
-0.0537860840559006
0.0121337035670877
0.0562697052955627
-0.0486840941011906
0.0301147196441889
0.0393589772284031
-0.0486219525337219
0.0525191761553288
-0.0005181530141272
0.0823391377925873
-0.0016755714314058
-0.0835226178169250
-0.0526377558708191
-0.0074734338559210
-0.0019322248408571
-0.0437799058854580
0.0278385803103447
0.0324540250003338
0.0200665276497602
0.0260404031723738
-0.0377127192914486
0.0628655925393105
-0.0065359580330551
0.0212983153760433
-0.0465653762221336
0.0592447705566883
0.0230720005929470
-0.0315658524632454
0.0230998806655407
0.0807776227593422
0.0521986335515976
0.0240927729755640
-0.0132273593917489
-0.0684077814221382
-0.0164772216230631
-0.0711281672120094
-0.0457465089857578
0.0144351851195097
0.0262208413332701
-0.0030513177625835
-0.0439121350646019
-0.0124789597466588
0.0428979247808456
0.0320655740797520
-0.0174987483769655
0.0297856871038675
0.0795190334320068
0.0442398935556412
-0.0131688993424177
0.0581449307501316
-0.0116443019360304
0.0340853109955788
-0.0100684808567166
0.0281998682767153
0.0360316745936871
-0.0343749783933163
-0.0276615601032972
-0.0222382061183453
0.0033701385837048
-0.0158768873661757
-0.0570985786616802
0.0345061421394348
-0.0115828188136220
-0.0919062420725822
-0.0343873463571072
0.0217720381915569
0.0272500049322844
-0.0010846834629774
0.0412014350295067
-0.0220533423125744
0.0116756530478597
0.1054479554295540
-0.0221671387553215
-0.0516517832875252
-0.0423155613243580
-0.0714043602347374
-0.0011316488962620
-0.0250340122729540
-0.0099899256601930
0.0216118842363358
-0.0577791184186935
-0.0191614273935556
0.0403300151228905
-0.0194460060447454
0.0757956430315971
-0.0348236300051212
0.0610493235290051
-0.0059137092903256
0.0185435432940722
-0.0261921361088753
-0.0370150469243526
0.0132423304021358
-0.0240795891731977
0.0485465116798878
0.0103697124868631
-0.0483307503163815
0.0135137969627976
-0.0433993004262447
-0.0147117218002677
-0.0170155819505453
-0.0097264470532537
-0.0086940396577120
-0.0284855123609304
-0.0141496183350682
0.0436992309987545
-0.0045421053655446
0.0682021826505661
0.0272158309817314
0.0073810392059386
-0.0306926593184471
-0.0302710868418217
0.0161706991493702
-0.0523432455956936
0.0399804227054119
-0.0599659308791161
-0.0386875979602337
-0.0615000389516354
-0.0603843219578266
-0.0855770111083984
0.0296038351953030
-0.0590399652719498
0.0283690690994263
0.0686696842312813
0.0419256910681725
0.0728226900100708
0.0358704477548599
0.0415422469377518
-0.0026142017450184
0.0019769326318055
0.0863904133439064
-0.0548104941844940
-0.0270470436662436
-0.0023169871419668
0.0223986562341452
0.0708810240030289
0.0807733908295631
0.0118765160441399
-0.0031656420323998
-0.0243056342005730
0.0483300313353539
0.0394993945956230
-0.0503312647342682
0.0040801609866321
0.0490270704030991
0.0078012426383793
-0.0044040693901479
-0.0051404736004770
0.0107757151126862
0.0632048174738884
-0.0793368816375732
0.0708928778767586
-0.0041549447923899
-0.0173941291868687
0.0534912720322609
0.0241243857890368
-0.0301784649491310
0.0164101533591747
-0.0783741325139999
-0.0217111427336931
-0.0913972780108452
0.0547417141497135
-0.0265133101493120
0.0519900545477867
-0.0192689783871174
0.0148738184943795
0.0625458210706711
0.0382913686335087
0.0278884693980217
-0.0125720296055079
0.0208034124225378
0.0085430108010769
0.0304019879549742
-0.0781969726085663
0.0636105164885521
-0.0350505933165550
-0.0081461174413562
0.0479714497923851
-0.0829707831144333
0.0599949136376381
0.0150182088837028
-0.0388760305941105
-0.0258851870894432
-0.0011520442785695
0.0595267005264759
-0.0546280965209007
-0.0748611688613892
-0.0399800501763821
0.0134950065985322
-0.0202114451676607
0.0049729361198843
-0.0023339698091149
0.0154041238129139
0.0274837929755449
-0.0726871713995934
0.0249027591198683
0.0482879132032394
-0.0097770905122161
-0.0140901627019048
0.0110583519563079
-0.0358614474534988
0.1212074533104897
0.0076105729676783
0.0108242733404040
-0.0437322482466698
-0.0220540687441826
0.0311427023261786
0.0054536997340620
-0.0176592096686363
-0.0259583368897438
0.0068568480201066
0.0378395095467567
-0.0196746848523617
-0.0078702699393034
0.0270260758697987
0.0254146978259087
-0.0401319302618504
0.0231084432452917
0.0056616892106831
0.0676815509796143
0.0308140311390162
0.0195081960409880
0.0048759169876575
0.0133545855060220
0.0150695964694023
0.0257083922624588
-0.0452358424663544
0.0448328219354153
0.0067143277265131
0.0336464345455170
0.0133732277899981
-0.0741937533020973
0.0089927148073912
0.0427013747394085
0.0646497979760170
0.0040161763317883
0.0025853591505438
-0.0189177989959717
-0.0189787801355124
-0.0526529364287853
0.0559441596269608
0.0585949420928955
0.0318517908453941
-0.0946467369794846
-0.0173884164541960
0.0246397666633129
-0.0512072630226612
-0.0236944854259491
-0.0708639845252037
-0.0147426342591643
0.0672659724950790
0.0275021530687809
-0.0520513691008091
0.0234200879931450
-0.0166038814932108
0.0020747559610754
-0.0090587204322219
0.0287394858896732
0.0256034340709448
0.0725844874978065
-0.0082532698288560
0.0518346875905991
0.0685315579175949
-0.0072131832130253
0.0320898666977882
-0.0492657460272312
-0.0385568179190159
-0.0481528863310814
0.0009329389431514
-0.0151233337819576
-0.0605275109410286
0.0102327866479754
0.0331290178000927
-0.0666735842823982
0.0636811330914497
-0.0679132267832756
-0.0804122909903526
-0.0313145518302917
-0.0047168415039778
0.0322620831429958
0.0339344479143620
0.0088518112897873
-0.0183874256908894
-0.0613025613129139
-0.0315634012222290
-0.0524944029748440
-0.0647200793027878
0.0804200246930122
0.0314388088881969
-0.0003413585072849
-0.0553309805691242
-0.0011071206536144
-0.0758319124579430
-0.0025819691363722
0.0576867461204529
-0.0700574219226837
-0.0347191765904427
-0.0023837219923735
0.0743895992636681
-0.0593117997050285
0.0660547241568565
-0.0509378761053085
-0.0030630608089268
-0.0423965528607368
0.0816564783453941
-0.0946560204029083
-0.1088229194283485
0.0595248080790043
-0.0484191216528416
-0.0422495678067207
0.0499244183301926
0.0151982074603438
-0.0412307567894459
-0.0268424544483423
0.0366560071706772
0.0366001166403294
0.0205806251615286
-0.0334460958838463
-0.0122033907100558
-0.1214719265699387
-0.0169845446944237
0.0220406707376242
-0.0030398028902709
-0.0110738994553685
-0.0252075474709272
-0.0558465309441090
-0.0160248875617981
-0.0142321549355984
0.0804732292890549
0.0116403847932816
-0.0222831051796675
-0.0056598507799208
-0.0935642868280411
0.0090612974017859
0.0382837951183319
0.0047011147253215
-0.0079195462167263
0.0093241380527616
-0.0380875356495380
0.0516614168882370
0.0590359903872013
-0.0720860660076141
-0.0346868894994259
-0.0058900369331241
-0.0169881954789162
-0.0340422242879868
-0.0217436384409666
-0.0020382693037391
0.0329089500010014
0.0557222999632359
-0.0693936944007874
0.0700657963752747
0.0160356033593416
0.0277876742184162
-0.0352639220654964
0.0410599038004875
-0.0440399162471294
0.0541544556617737
-0.0392828658223152
0.0169430729001760
