-0.00876174
0.00085646
-0.03266810
0.00811028
0.01154502
-0.00571083
-0.00232743
-0.06528689
0.00504891
0.01966603
-0.01899525
0.00291967
-0.00082538
0.05130470
0.01043796
-0.01797200
-0.00919200
0.01282635
0.15256672
0.01201494
-0.01741109
0.00098522
0.02978798
-0.02640123
-0.00175758
0.02057227
-0.00595884
-0.04100819
0.02142309
-0.00102807
0.10516094
-0.03231915
0.00633909
0.00053993
0.02950386
-0.01503933
0.01070971
0.00656933
-0.01238232
0.01099465
0.00230242
0.02771404
-0.09350012
-0.01563721
-0.01472105
-0.00440841
-0.00892880
-0.00649310
0.00303072
-0.00119496
0.02361110
0.02865568
0.01998948
-0.00837944
-0.01530915
-0.00843817
0.00546912
0.01129731
0.28651041
0.06412961
0.01214967
-0.01144809
-0.02163360
-0.00235641
0.03749880
-0.02926552
0.01352703
-0.01440548
0.08289647
-0.00547884
-0.01387350
0.02064814
0.01570118
-0.00813950
0.00536288
-0.01231920
-0.00320782
-0.02246787
0.03700408
0.15547577
-0.01296493
-0.00102775
0.00888888
0.05772258
-0.04999607
-0.02005379
0.00169541
0.00135167
0.00189334
-0.00870974
-0.02262542
-0.04174233
0.07141369
0.01628363
0.01756775
-0.01158021
0.00910567
-0.00410470
0.04713795
0.01521518
-0.02322599
-0.00995294
-0.00996500
-0.01209194
-0.00895120
-0.02643939
0.01975910
0.02143475
0.01634576
-0.02695810
-0.00933752
-0.00214154
-0.00256626
-0.01870106
-0.01467879
-0.00170619
-0.00862843
-0.02156198
-0.01856577
-0.01855219
0.00772566
-0.02305895
0.00291788
-0.00142052
-0.05168872
0.01267827
-0.00011878
0.01312843
0.02510886
-0.05748199
-0.07518484
0.01205112
0.01227888
0.02501031
-0.05106219
-0.00808526
0.00978086
-0.00143601
-0.03129988
0.00522383
-0.02264740
0.02673874
0.00037572
0.00374370
0.01765870
0.15280852
0.00291466
-0.00170424
-0.00975727
-0.00515689
0.04009727
0.03495686
0.00454272
-0.01421725
0.00983313
-0.00106351
0.02637858
-0.00336706
-0.03851525
-0.01188368
0.00723165
-0.04417939
0.07593016
0.00974708
0.00988053
0.02237128
0.05124990
0.00028582
0.02731787
-0.00414892
0.00119768
-0.02143449
-0.01422510
0.00590143
0.01930192
0.00142521
-0.03106887
0.02455299
0.05154905
-0.01266538
0.02528361
-0.01737976
-0.01166467
-0.00310754
-0.00379993
0.17554970
-0.15525866
0.03437431
-0.00027226
-0.01769735
0.01448114
0.00458493
-0.00062407
-0.02170376
0.01379146
0.01655519
-0.07694168
0.01067265
0.07294355
0.00835104
0.04902942
0.00801743
-0.12968498
-0.00035476
0.01747753
-0.04724439
0.01648855
-0.00816787
0.02217978
-0.07069216
0.01763060
-0.03733218
0.03086351
-0.00668811
0.00576303
-0.00478537
0.00395451
0.00315889
0.00773184
-0.04206094
0.00506806
-0.76712835
-0.01364781
-0.03340238
0.04225276
0.02027353
-0.00810550
0.01240344
0.01302878
0.00766375
0.01377225
0.03891772
-0.01528548
-0.00679275
-0.01236094
0.00374868
-0.02371461
0.01501705
0.01358343
0.00771975
-0.00735068
-0.00585008
-0.14104863
-0.04547010
-0.00496384
0.01971589
-0.00903337
-0.01183844
0.02752000
-0.00887833
-0.00195457
0.00261195
0.04988457
-0.00148956
-0.01300330
0.00654564
-0.05398856
0.12806939
-0.00255131
-0.02766248
0.03022565
-0.14343987
0.05681216
0.00989700
-0.01201094
0.03864923
-0.11480042
-0.03840988
-0.09907391
0.01840580
0.06123319
0.03297525
-0.05369270
-0.03425983
0.02029555
-0.05371756
-0.01517751
0.00020994
-0.07911442
-0.02063782
0.04437865
0.00110188
0.08299178
-0.16075063
0.03623294
0.09245100
-0.03155492
0.06824396
0.10076958
-0.00125725
0.04327319
0.04546472
-0.04095839
-0.09798142
0.08380918
0.04653335
-0.10688536
-0.01204776
0.07342133
0.05096116
-0.06937956
-0.05041746
0.84552187
0.05269348
-0.02812074
0.09375983
-0.11573149
0.14114514
-0.00785518
-0.01969983
-0.06524659
0.04324233
-0.04710299
0.01280180
-0.05761900
0.07277191
-0.05682242
0.09590676
-0.08463896
0.01046700
0.06318066
0.01428096
-0.01632084
0.02586182
0.00907297
-0.00309332
0.03956209
0.00113559
0.01947892
0.04121206
0.04674693
0.04641129
-0.01793420
-0.01596356
0.03200402
0.01551324
0.02026309
-0.01825636
0.00770353
-0.03638028
-0.10393135
0.02301420
-0.08105574
0.06455739
-0.03795310
0.00821816
0.04434084
-0.03207039
-0.02520148
0.01519898
-0.02035301
-0.05217979
-0.01243256
-0.07735102
-0.05471558
0.06655023
0.01648267
-0.03210514
-0.06438342
-0.01767991
0.05176370
-0.06688817
-0.01849321
0.02732239
0.01851413
0.00000652
0.04924945
0.01797402
-0.04909547
-0.00598142
-0.02631421
0.08400744
-0.03304528
-0.01069612
0.01244026
0.00603614
-0.13436419
0.01929134
-0.00622919
-0.00221309
0.00279484
-0.02307163
-0.11709619
0.03085923
0.05588799
-0.02437447
-0.03359152
0.00145517
0.09546310
-0.01119968
0.11233649
-0.07929720
-0.01178238
-0.01157313
-0.03452388
-0.09576599
0.04175143
-0.05472484
0.03510946
-0.04526624
-0.02404180
0.03631552
0.04446577
-0.00034892
-0.02313959
-0.01736981
-0.03334261
-0.04815158
-0.02245690
-0.01632708
-0.05095014
-0.00472893
-0.02615088
-0.06150534
0.03570155
0.01303459
0.02740862
0.04181374
0.00114368
-0.02477992
-0.02442243
0.01211432
-0.10351703
0.03813825
0.03806470
-0.08664563
-0.02104861
-0.00246466
0.04562397
0.00561716
0.00526529
-0.03178000
0.04063276
0.02705839
-0.02602287
-0.01786497
0.02212718
0.04741627
-0.03854829
0.04163858
-0.03069726
-0.03949562
-0.01323017
0.06109783
0.05397967
-0.06082593
-0.00572414
-0.09284119
-0.02545126
-0.06711092
0.02180154
0.01158856
-0.01256481
-0.03403671
0.03785171
-0.05669113
0.00453881
-0.01576096
-0.03538682
-0.03599349
-0.02130438
0.01588038
-0.01203394
0.04960972
-0.00927681
-0.02946923
-0.03534182
0.10045775
0.01190915
-0.04844765
-0.00211525
0.00805782
-0.01539553
0.01823370
-0.02071943
-0.02393446
-0.06494630
-0.09243235
0.04320868
0.01072213
-0.05120048
-0.05863392
0.00353315
0.01183023
0.02005167
0.05796275
0.05300777
0.00461213
0.00470925
0.01073168
0.02561679
0.06471603
-0.04497762
-0.06735846
-0.01057187
-0.02617207
0.02350519
-0.03868038
-0.08868544
-0.00283565
-0.02687880
0.04934529
0.02773165
0.00031084
0.00343379
0.00040520
-0.01827106
-0.03908630
-0.01903913
0.03595379
-0.02258694
-0.03041794
0.02013881
-0.03892539
0.01471857
-0.03790052
0.06283648
0.00917003
-0.01188091
-0.02271064
0.05088122
0.10112894
-0.03723271
-0.00981265
0.03977555
-0.03990854
0.00642725
0.05985818
-0.03056503
0.00507100
-0.05129615
0.03556101
0.04704258
0.04398814
-0.04300062
-0.03551874
0.00837406
0.01855442
0.01456690
-0.05302343
-0.04355368
0.00752861
0.00248068
-0.02911530
0.00557499
0.01666091
-0.03529407
-0.02872986
0.06148156
-0.00731505
0.00544080
-0.03335205
0.01185629
-0.01065225
0.03452313
-0.06675215
-0.03000190
0.01636231
0.02268353
0.01204241
-0.07526919
0.00731473
0.01242389
-0.04003707
0.04836522
0.02254329
-0.04000429
-0.02065830
0.09068839
0.06912281
0.03173742
0.04525461
0.00939242
-0.05361880
-0.00291359
-0.09604854
0.02847464
0.00445638
-0.01752520
0.00167736
-0.01083749
0.04509416
-0.00529878
0.00329304
0.01245741
0.03855192
-0.01852924
0.03796812
0.01685478
-0.06882466
0.00544136
-0.00795621
-0.05700903
-0.02443608
0.04231253
-0.01195571
-0.01188972
0.00435537
0.00845553
0.04096030
-0.01676051
0.03136246
0.04423144
0.06379610
0.01874192
-0.03497854
0.03095558
-0.05537400
-0.04794509
-0.01714441
-0.02569787
-0.05541917
0.00093605
0.00775394
-0.03807383
0.03250586
-0.04850902
-0.08118977
0.03523669
0.00393576
0.03631402
-0.05850819
0.01476032
0.02320573
-0.11726095
0.04504630
-0.01099791
-0.00227015
-0.12769501
0.02022511
-0.02555834
-0.00609458
0.00203735
0.02127486
0.02251906
0.02338721
-0.11366043
-0.10204693
0.09090372
0.01997756
-0.09133569
0.00730715
-0.00899911
-0.04872301
-0.07752326
0.02896014
0.02002434
-0.00426438
-0.07339069
-0.01409973
0.00241661
-0.07558814
0.02453178
-0.12817769
-0.01776265
0.03123941
-0.11308212
-0.00467086
0.05362318
0.00665079
-0.09466398
-0.03332063
0.01150509
-0.06483960
0.01260034
0.02633909
0.03830580
-0.06005106
0.01352979
-0.03863536
-0.03487737
0.00283793
0.07887603
0.03271462
0.07036144
0.03763153
-0.03506234
-0.07816744
-0.02887495
-0.00623944
-0.03743468
-0.02289368
0.02176619
-0.10320695
-0.04896691
0.02416608
0.04873379
0.01736767
0.01897849
-0.05392138
-0.00591334
0.01293388
-0.05347165
-0.03294226
0.01777313
0.01866388
0.06284101
0.01802220
0.02725113
0.11100224
-0.04287728
0.05199684
0.02222374
0.01117853
-0.05734698
-0.01938737
0.04979577
0.07995077
0.06269086
-0.01951869
0.04492963
0.03473481
0.01261789
0.03278117
0.06409705
-0.00031742
0.09399051
-0.08464757
-0.10904979
-0.03531225
0.11932413
-0.02922176
0.01290050
0.00373863
-0.00223182
-0.01259837
-0.00961077
0.01472493
0.00246402
0.03290131
-0.01155886
0.00829032
0.00939470
0.03445985
0.02411383
0.04661413
0.07623795
-0.04099305
-0.10398154
0.02369441
-0.02816756
0.01245563
-0.00596660
0.03206225
-0.01887636
-0.06899756
0.03848220
0.02102449
-0.02977919
-0.02133490
0.02232291
0.00965985
0.00226401
-0.05060182
-0.03414665
-0.06998761
-0.01365232
-0.04178087
-0.00878085
0.02854201
0.02407468
0.06163650
0.04847020
0.02306152
-0.00586735
-0.07634021
0.01188900
0.00803041
0.08162431
-0.11671380
-0.01494902
0.01121313
-0.01417694
-0.03135953
-0.02183303
-0.00630728
0.01452859
-0.02316915
0.01130149
0.03420603
0.05519243
-0.00631054
0.04707919
0.00354843
0.07537147
-0.03826508
-0.01418036
-0.01923508
-0.00914436
-0.07575711
0.06247934
0.00812373
0.00808608
0.03239816
0.03093037
-0.00224660
-0.07794589
-0.01364050
-0.03362274
-0.02234587
-0.01729709
-0.07201055
-0.00964121
0.10416233
-0.03035209
0.01744848
-0.09239904
0.01254802
-0.04081504
0.01073341
0.00332413
-0.01925620
-0.01566154
-0.11100807
-0.03534474
-0.06650960
0.05156617
0.04607374
-0.03627156
-0.02819094
0.02637046
0.02793595
0.09394691
0.08678488
0.03998844
0.00715258
-0.02261975
-0.06004680
-0.04584360
-0.03442467
-0.02484518
0.03084490
