-0.03457931
-0.00760014
0.00481611
-0.08720686
-0.02929762
-0.11420039
-0.02738396
-0.03209938
-0.07625022
-0.00620170
-0.01218880
-0.02060821
-0.00145706
-0.02056869
-0.00952379
-0.02897888
0.00426972
0.00710701
-0.17843282
0.02439233
-0.01455642
0.05006947
-0.00674055
-0.02618107
-0.01726200
0.03452475
0.10376311
0.03790619
0.04117634
0.02023509
-0.08872588
-0.01572419
-0.00039543
0.01176553
0.00392003
-0.00188963
0.03137158
0.02241624
-0.01172156
0.00100332
0.01402114
0.00368163
-0.00390175
0.02358338
0.00791682
0.03833105
-0.01730848
0.00736074
0.04671832
0.01250287
0.03165429
0.10167704
-0.05680854
0.03380168
-0.00024905
0.01792432
0.00107538
-0.00459278
0.05116504
-0.16481566
0.03027922
0.01493560
-0.00029226
-0.06821211
0.00408203
-0.07212829
-0.02570748
0.00751720
0.03115262
0.06673390
-0.02728866
-0.00746861
0.10571381
0.04583308
0.01572860
-0.04902748
-0.06944693
-0.02629601
0.02623823
0.11613820
-0.03197564
-0.02214377
0.01058430
0.02646532
-0.15712750
-0.00671347
0.02679747
-0.02262519
-0.01366390
0.00852254
0.05296303
-0.01911975
0.05599425
0.03044606
0.01360581
-0.03959384
0.00075204
0.02506059
0.04692651
0.00341983
-0.04015308
-0.09457913
-0.00555580
-0.00537127
-0.00590519
0.02042508
-0.02487198
0.03578165
-0.01153803
0.00074919
-0.01782187
-0.00240967
0.02664706
-0.05185347
-0.01834511
0.02410484
-0.09277850
0.01148203
-0.02043503
-0.02278583
0.01351195
-0.02255592
0.03251028
0.00665327
0.17224941
0.00413042
-0.00320552
0.02359406
0.03655903
-0.05311335
0.04156775
0.00746575
-0.00143210
0.01341812
0.00487374
0.01896999
0.02713694
0.02109617
0.07008319
-0.02284197
0.16514023
0.02127551
0.00328852
0.00379293
-0.00885599
-0.12620957
-0.00046515
0.00404440
0.01591502
0.01400782
0.01684189
-0.03745483
-0.01492137
-0.02323788
-0.00598076
-0.00643053
0.02088903
0.00996653
0.03762567
0.06612035
-0.04454917
0.01897731
0.03366099
-0.01817103
0.00514862
0.02302931
0.01654255
-0.01483092
0.04188499
0.10557338
-0.02099180
-0.00249253
0.00264391
0.01354584
0.00106836
0.01551451
-0.00214614
0.00310418
0.06825589
0.01804115
-0.02163144
-0.03777073
0.04500856
0.00408333
-0.02197733
0.09839562
-0.35754547
0.00025186
-0.03639984
0.03642422
0.01246350
-0.01266081
0.02447056
-0.01268805
-0.00017297
0.00862389
0.04184658
-0.00468628
0.04362954
0.00508779
0.05811354
-0.01909374
-0.37585312
0.05553711
-0.01410899
-0.08553980
0.00849157
-0.03518077
0.02348990
-0.01582425
-0.01506782
-0.00506228
-0.00140474
-0.00150256
0.02300262
0.07635994
0.00375153
-0.00665721
-0.00217261
0.01270108
0.04230456
-0.49804574
-0.00006195
-0.00051731
0.04168208
0.03551302
0.00958556
-0.06538773
0.05688823
-0.03941102
0.00537118
-0.05477179
0.05469697
-0.02248206
0.09085311
-0.02512863
-0.01991468
0.00264560
0.00636031
-0.01372105
0.01419813
0.02863316
0.06370785
-0.03351086
-0.00055505
0.01833970
0.04237420
-0.04830618
0.03718151
-0.04568268
0.03339479
-0.01795945
0.04666650
0.03169604
-0.02485222
-0.02231730
0.18334630
0.00618028
-0.14958332
0.12519953
-0.00721660
-0.06503770
-0.08289095
-0.04307329
-0.12950711
0.07804802
0.06829098
0.08618615
0.07072004
-0.06082850
-0.10513114
0.04353979
0.05816363
-0.12669563
-0.01493000
0.05628474
-0.08904013
0.06276721
-0.07179171
-0.06006848
0.07216907
-0.02015406
0.05178637
-0.05286180
-0.10739187
-0.15442327
0.03874234
-0.01962986
-0.12817959
0.06145520
-0.02766507
0.10063374
-0.06855790
0.02468053
-0.12180781
0.01372202
-0.04797978
0.17873988
-0.16268824
-0.07122818
-0.09053005
-0.15227021
0.72805846
-0.11455334
-0.06553761
-0.00757497
-0.13864103
0.01032603
-0.05758143
-0.03680809
-0.00014304
0.04014270
-0.05924604
0.10784101
-0.06136687
-0.01838237
0.02575764
0.00708015
-0.15200160
0.04525185
0.03053694
-0.00437894
0.00946007
-0.00851118
0.03914363
0.00738777
0.04166342
0.00849746
-0.02671580
0.00342870
0.05539846
0.08897506
-0.01475370
-0.01306225
0.04507267
-0.01022180
-0.02931663
-0.03442647
0.00265048
-0.03935042
-0.12964734
0.01627778
-0.10137577
0.04055620
0.03000884
0.06276604
-0.00198938
-0.06572648
-0.02033045
-0.03473542
0.00964727
-0.01630524
0.02738163
-0.03203234
-0.07322378
0.12528963
0.00922721
-0.04046348
-0.03367110
-0.00929135
0.02992568
-0.04174289
-0.00721254
0.03626591
0.00833253
0.02149718
0.03750599
-0.03757409
-0.05522606
-0.04636236
-0.02851168
0.06332175
-0.04321519
-0.01209617
0.06155616
-0.03522184
-0.11571983
0.00554136
-0.07801106
-0.02851058
-0.00068996
0.00444685
-0.12140863
-0.00126867
0.05951117
-0.00196328
0.00094049
0.02042340
0.09939973
-0.01422649
0.09834610
-0.04867065
0.04428170
-0.00507716
-0.01656122
-0.05359780
0.01686095
-0.05019993
0.04529928
-0.01112685
-0.00141888
-0.00461274
0.02968377
-0.02203904
-0.01930393
0.04534216
-0.02601749
-0.05941248
0.01592765
-0.02663167
-0.03466811
-0.02919778
-0.01336606
-0.03919385
0.04540924
-0.01685664
-0.01704755
0.04235405
0.02110154
-0.00470250
-0.03992620
0.02408201
-0.14985736
0.00125347
0.01005582
-0.04000969
-0.02905367
0.00517395
0.04053967
0.00641709
0.02645008
-0.02083469
0.00730887
-0.03866035
-0.03636639
-0.00611946
0.01450728
0.00862750
-0.04401927
0.03489394
-0.03515547
0.01506274
-0.01956718
0.02368459
0.01557774
-0.04764236
0.00827491
-0.17865746
-0.00489276
-0.02697223
0.01257692
0.03291583
0.05426775
-0.05757828
0.02276224
0.01602180
0.01494453
-0.06409556
-0.06677707
0.00108388
-0.00375080
0.01487429
-0.01743915
0.01437130
0.02338076
-0.01926816
-0.02259788
0.10950626
-0.00240768
-0.01008981
-0.01417455
-0.03350794
0.01189696
-0.03345319
-0.00368710
-0.01422927
-0.04079233
-0.11425380
0.05503621
0.01332454
-0.03420347
-0.04318721
-0.02514748
0.02237160
0.02051006
0.07621460
0.01878097
-0.01831456
0.02738867
-0.01066659
0.04673472
0.06214046
-0.07695232
-0.02855799
0.01395216
-0.00849216
0.04187319
-0.03589537
-0.08417603
0.03535284
-0.06575823
0.02295183
0.01392907
-0.01264295
0.00590704
0.00118846
0.00952602
-0.06984627
-0.02196319
0.02588778
0.00795872
-0.05613983
-0.00847979
-0.01825930
-0.01945262
-0.04903248
0.07161172
-0.02965382
-0.05933304
-0.00375391
0.05754806
0.11558698
-0.03386085
0.01609672
0.00315493
-0.10208933
-0.00362831
0.05596323
-0.00176895
-0.01862102
-0.01526266
-0.00865167
-0.00381941
0.06062882
0.01349151
-0.05381463
0.02488074
0.00624174
-0.02147228
-0.03600512
-0.06291225
-0.01287357
0.03440376
-0.03630111
-0.00342860
0.02702421
0.00117905
-0.04211177
0.04824072
-0.00215908
0.03571076
-0.04454214
0.00429853
-0.01719838
-0.00888796
-0.03789261
0.00980235
0.00492298
0.00912806
0.01672204
-0.06239757
-0.05732908
0.07729766
-0.02239370
0.03332753
0.08754380
-0.02696317
-0.00184048
0.07537722
0.10090275
0.03281202
0.01753672
0.00356442
-0.01252784
-0.01910468
-0.05793789
-0.00306472
0.02866654
0.00810666
0.00332292
-0.01215993
0.03013496
0.03734790
-0.04025936
-0.00163408
-0.02720557
-0.02286241
0.01953219
-0.03284101
-0.01618255
-0.02305920
-0.00807106
-0.04378176
-0.02615371
0.01729194
-0.05257375
0.02350087
-0.00177298
0.02112847
0.02849782
0.02042197
0.00391470
0.03119065
0.03828447
-0.00944149
-0.05006226
0.07177782
-0.03700132
-0.04401149
-0.04784129
0.03126246
-0.03047868
-0.02794918
-0.00591145
-0.16466971
0.07264157
-0.06994165
-0.06607408
0.02315531
-0.05925839
0.01120505
-0.04760388
0.01945868
0.00537199
-0.14111063
0.05071820
-0.01869398
0.00056632
-0.10639357
-0.02104352
-0.04872659
0.02245850
-0.02849735
0.00321127
0.00935457
0.07136428
-0.01822049
-0.08607725
0.08619056
0.04322222
-0.05903890
-0.01833659
0.02969645
-0.05780785
-0.07966613
0.01071982
0.02947968
-0.00919491
-0.03600152
-0.05194142
0.01042420
-0.03320263
0.01869959
-0.06003920
0.00971766
-0.01271900
-0.09427976
0.01006821
0.03250354
0.01113625
-0.08469512
-0.02648913
0.01090422
-0.05735071
0.04019014
0.05078417
0.08393591
-0.01943131
0.03604975
-0.05339376
-0.04270658
0.01024993
0.05080806
0.01730617
0.09274345
-0.01118101
-0.02489106
-0.08132742
-0.05681527
-0.06581986
0.03653401
-0.00771768
0.03095169
-0.11475281
-0.02567522
0.01260715
0.06985256
0.01110977
0.00702152
-0.00255260
-0.00862695
0.02610026
-0.03570602
-0.02092458
-0.01017950
0.04155387
0.01468384
0.04008479
0.04177446
0.08713182
0.03717290
0.10452702
-0.00705672
-0.00414036
-0.07445124
0.01012119
0.01052866
0.00318099
0.07146756
-0.02268526
0.03970888
0.01922475
0.04788241
0.06181764
-0.00234869
-0.01928087
0.06742706
-0.04177779
-0.10708362
0.01686744
0.08400872
-0.01721440
-0.01882805
-0.00646577
0.01938411
-0.01310586
0.00138437
0.08116598
-0.02622338
-0.01104991
-0.03422865
-0.01772175
0.00697629
0.05391389
0.01785202
-0.02000900
0.03962575
-0.00193118
-0.02243694
0.02586294
0.00272602
0.00852588
0.01831338
0.05397710
-0.01756190
-0.11266277
0.04767908
-0.02164558
-0.01288206
0.02790243
0.00919273
-0.01272557
0.01621679
-0.01869031
-0.00517861
0.00771462
-0.05738708
-0.02586017
0.00567766
0.05442204
0.01421469
0.05355737
0.00378648
0.01109487
-0.03502979
-0.06870902
-0.00051762
0.02997993
0.04861324
-0.06780706
-0.02686695
0.01032213
-0.00870047
-0.02678919
-0.04265635
-0.00092885
-0.03098154
0.00654749
-0.01090523
0.03093987
0.04654380
-0.06130037
-0.04444060
0.00062287
0.07628758
-0.01969792
-0.01333249
-0.00226032
0.00846981
-0.05032200
0.04962426
0.03334413
0.01347328
0.04752270
0.00172689
0.02164226
-0.05129196
0.00965568
-0.00009512
-0.05493875
-0.01318625
-0.02004463
0.01510783
0.11858861
-0.05797530
0.01141117
-0.10406856
-0.00555072
-0.07837500
0.01874505
0.02148200
-0.06068594
-0.02572497
-0.08111327
-0.03773417
-0.03316221
0.03004668
0.04246046
-0.03068602
-0.04436671
-0.01797415
0.01737272
0.04521820
0.11631426
0.02855545
-0.03426524
-0.02564732
-0.03535133
-0.07278156
0.01570151
0.00818347
0.01067707
