0.0637594088912010
0.0297012943774462
-0.0375155955553055
-0.0259328354150057
-0.0908478349447250
0.0127878636121750
-0.0530977807939053
0.0239266902208328
-0.0635350644588470
-0.0420120693743229
0.0801692977547646
0.0473329089581966
0.0447253212332726
0.0990934967994690
0.0775236189365387
0.0249042287468910
0.0085805328562856
-0.0450699888169765
-0.0974102914333344
-0.0395776182413101
-0.0713171437382698
0.0512067303061485
-0.0535810962319374
-0.0124130956828594
0.0817945748567581
0.1303911358118057
-0.0709108710289001
0.0918294638395309
0.0609502159059048
-0.1116451099514961
-0.0732413232326508
0.1056561768054962
-0.0606450997292995
-0.0830869823694229
0.0947188735008240
0.0811533406376839
-0.0489507950842381
0.0004337403224781
0.0213267412036657
0.0487927570939064
-0.0843151137232780
0.0483950227499008
0.1134086623787880
0.0133403213694692
-0.1008990630507469
-0.0230794474482536
0.0653364956378937
0.0620050989091396
-0.1092642322182655
-0.0951657891273499
-0.0315100923180580
0.0527822040021420
0.0916529223322868
0.0216911304742098
0.0378108806908131
0.0924922451376915
0.0624923370778561
-0.0838346183300018
0.0046432288363576
-0.0756653919816017
0.0312220733612776
-0.0551472157239914
-0.0368382297456264
0.0573061518371105
-0.0667042061686516
0.0077185486443341
-0.0676326751708984
0.0174155719578266
-0.0562747567892075
-0.0399300195276737
0.0424494035542011
-0.0036626763176173
-0.0555304065346718
0.1054336279630661
-0.0121513213962317
-0.0252407230436802
0.0737465918064117
-0.0866101384162903
0.0023118718527257
-0.0538773834705353
0.0503258034586906
-0.0092019997537136
0.0430790148675442
-0.0855159908533096
0.0294013209640980
0.0422821976244450
-0.0668571740388870
0.0150429084897041
-0.0624998174607754
-0.0201185867190361
-0.0765368938446045
-0.0622156485915184
-0.0161688998341560
-0.0958467274904251
-0.0876257121562958
-0.0880289375782013
-0.0370242707431316
-0.0103686880320311
0.1146124079823494
0.0297902002930641
0.0814625844359398
0.0353026650846004
-0.0643153265118599
0.0578236542642117
0.0699391290545464
0.0689061433076859
0.0790968090295792
0.0738440901041031
0.0558551475405693
0.0344208180904388
0.0469044707715511
-0.0605850629508495
0.0802310556173325
0.0129796480759978
0.1088029146194458
-0.0535851418972015
0.0542197078466415
0.0221336632966995
-0.0567279830574989
-0.0365638919174671
-0.0537319928407669
-0.0627477839589119
-0.0965319201350212
-0.0424284413456917
0.0580863952636719
0.1003341451287270
-0.0545620657503605
-0.0286083500832319
0.0786012262105942
-0.0624198280274868
-0.0427116788923740
-0.0497095659375191
0.0111585939303041
-0.0126014584675431
-0.0342317856848240
-0.1091925948858261
0.0269613042473793
-0.0464105382561684
0.0653564184904099
0.0732625350356102
-0.0756916776299477
0.0225220713764429
0.0738435462117195
0.0474359355866909
0.0435579940676689
0.0575884953141212
-0.0786491334438324
-0.0377180352807045
-0.0351068414747715
0.0297464765608311
-0.0895141512155533
0.0738791450858116
0.0717506408691406
-0.0054773832671344
0.0131508745253086
-0.0750629156827927
0.0523230880498886
-0.0801383852958679
-0.0203243866562843
0.0161981619894505
-0.0823805481195450
-0.0573391914367676
0.0435322523117065
0.0723243430256844
0.0566036887466908
0.0213571749627590
-0.1129415631294250
-0.0313362255692482
0.0265037845820189
-0.0588231869041920
-0.0857197567820549
0.0512465387582779
0.0102006476372480
-0.0012639611959457
-0.0718560516834259
-0.0645946562290192
0.0068747685290873
-0.1095722541213036
0.0659314990043640
0.0712288394570351
0.0569567829370499
0.1156132742762566
0.0983147546648979
-0.0796302035450935
-0.0723318755626678
-0.0164204817265272
0.0701147913932800
0.0556363463401794
-0.0773171558976173
-0.0109963938593864
-0.0581915862858295
0.0505641549825668
-0.0629136934876442
-0.0186127610504627
-0.0312251094728708
0.0420241057872772
-0.0607506483793259
-0.0021530108060688
0.0701787322759628
-0.0664147734642029
-0.0644468218088150
0.1162496134638786
0.0626442283391953
-0.0242519490420818
-0.0501133240759373
-0.0716610401868820
-0.0317443944513798
-0.0665965080261230
-0.0545977801084518
-0.0546332336962223
0.0845863968133926
0.0798231661319733
-0.0800034925341606
-0.0058682309463620
-0.0547266975045204
-0.0226776562631130
-0.0072674895636737
-0.0533955432474613
0.0913003459572792
0.0692229419946671
0.0786932930350304
0.0177151821553707
0.0808237716555595
-0.1179192960262299
-0.0678095072507858
-0.0746779292821884
0.0294045358896255
0.0261696409434080
-0.0481850951910019
-0.0518501400947571
-0.0513683259487152
-0.0476375035941601
0.0412262231111526
0.0142068704590201
0.0414665862917900
0.0134153719991446
-0.0559184439480305
-0.0870089977979660
0.0892575904726982
-0.0820006951689720
0.0961740240454674
0.0370315872132778
-0.0476333871483803
0.0010700070997700
0.0722256749868393
0.0160937849432230
0.0891041457653046
-0.0048254141584039
0.0559479631483555
0.0593861490488052
0.0997688472270966
-0.0893136113882065
-0.0422040224075317
0.0595095194876194
-0.0596863217651844
-0.0383557155728340
-0.0636671632528305
-0.0074190706945956
-0.1313241422176361
-0.0171317141503096
-0.0367720350623131
-0.1455772370100021
0.0420163646340370
0.1706127822399139
-0.0627649128437042
0.0264343209564686
-0.1053433567285538
0.0815136060118675
0.0677820518612862
0.0871018841862679
-0.1488053798675537
0.0131115727126598
-0.3711168169975281
0.0102777518332005
0.1808396577835083
-0.2206090837717056
-0.0122259501367807
-0.0100473398342729
-0.0255381874740124
-0.0986007302999496
-0.0923842191696167
0.0456928461790085
-0.1405458897352219
-0.2465222328901291
-0.0313516147434711
-0.0975593402981758
-0.0677829980850220
-0.0314562171697617
-0.0561276972293854
-0.1063159555196762
-0.2561762332916260
-0.0053203483112156
0.0673256367444992
-0.0486665889620781
-0.0770174339413643
-0.0355647504329681
0.0815670415759087
0.0321077890694141
0.0077218506485224
0.0204702559858561
-0.0136108137667179
-0.0217237528413534
0.0878987535834312
-0.3090904057025909
-0.1649768054485321
0.0026361262425780
0.0005604900652543
0.0390538163483143
-0.0210056230425835
-0.1160179600119591
0.0274239461869001
-0.2305746972560883
0.1364591866731644
0.0738541260361671
-0.1531721651554108
0.1842195689678192
0.0998759865760803
0.3456238508224487
0.0473021566867828
-0.1224510297179222
0.0597646534442902
-0.0364486873149872
0.0548016428947449
-0.0606653243303299
-0.0373470447957516
-0.0406176298856735
0.0084483735263348
-0.0672787502408028
0.0132530825212598
0.0717652291059494
0.0448931157588959
0.0131025752052665
0.0374196842312813
-0.0429887063801289
-0.0014669951051474
-0.0458354763686657
-0.0373363122344017
-0.0435339286923409
0.0729224383831024
-0.0019207120640203
-0.0408487245440483
-0.0464692637324333
0.0440075732767582
0.0588316656649113
-0.0642548054456711
0.0541936904191971
-0.0549607984721661
-0.0193410422652960
-0.0020760276820511
-0.0409884117543697
-0.0092247212305665
-0.0347717255353928
0.0471168719232082
-0.0251928102225065
-0.0371805913746357
-0.0048991944640875
-0.0408104844391346
0.0327610187232494
-0.0524882748723030
0.0872947573661804
0.0157536715269089
0.0233151819556952
0.0934697762131691
0.1006622314453125
-0.0553339235484600
-0.0632396787405014
0.1035531684756279
-0.0718875974416733
-0.0315005481243134
0.0552013665437698
-0.0708326175808907
0.0341700166463852
-0.0022772736847401
-0.0134334713220596
-0.0234061311930418
0.0133247897028923
0.0135882776230574
0.0621815286576748
0.0251434911042452
0.0047580399550498
0.0089743556454778
-0.0571243576705456
0.0135824661701918
0.0449565611779690
0.0605804286897182
-0.0394648909568787
0.0540701188147068
0.0605588220059872
-0.0531989075243473
-0.0929137468338013
-0.0606607124209404
0.0790279805660248
0.0429028794169426
0.0381403304636478
-0.0438254773616791
0.0028741608839482
0.0568829737603664
0.0026906593702734
0.0183608811348677
-0.0104746790602803
0.0001408269599779
-0.0321597829461098
-0.0686541944742203
0.0679320320487022
-0.0000898970247363
-0.0230042915791273
0.0893627777695656
0.0029163872823119
0.0122683951631188
0.1016563847661018
0.0125941354781389
0.0188486669212580
0.0137767316773534
0.0318415202200413
-0.0296757612377405
-0.0473113395273685
-0.0592470504343510
0.0297742281109095
-0.0047932453453541
-0.0261555109173059
-0.0073110000230372
-0.0471489913761616
-0.0621907226741314
0.0403280332684517
-0.0290217157453299
0.0504520870745182
0.0754637122154236
0.0225780475884676
0.0643587410449982
0.0243292525410652
0.0056465566158295
0.0236893296241760
-0.0021780696697533
0.0015249967109412
-0.0601720623672009
0.0028404518961906
-0.0086309611797333
-0.0284722074866295
0.0110203027725220
0.0671506375074387
-0.0081272516399622
-0.0558379478752613
-0.0824232622981071
-0.0368249565362930
0.0214131325483322
-0.0866471603512764
-0.0671412646770477
-0.0532286800444126
0.0479019805788994
-0.0069340369664133
-0.0639726370573044
-0.0505266860127449
-0.0742154642939568
0.0028117513284087
-0.0543495118618011
0.0237257182598114
-0.0946740508079529
0.0185031928122044
0.0060504833236337
0.0066944332793355
0.0160614959895611
-0.0559653826057911
-0.0503992065787315
-0.0791997462511063
-0.0856050476431847
0.0666657909750938
0.0423488430678844
0.0013394680572674
-0.0475415512919426
-0.0064091663807631
0.0903959497809410
0.0060182590968907
0.0555485077202320
-0.0366955958306789
0.0340147763490677
0.0227396264672279
0.0388605669140816
-0.0031507289968431
-0.0241623092442751
0.0158939063549042
0.0607003755867481
-0.0214583296328783
0.0298843085765839
0.0538717173039913
-0.0017093018395826
-0.0135499322786927
0.0182056166231632
0.0713512822985649
0.0125410165637732
-0.0213813390582800
0.0053421650081873
-0.0630807951092720
-0.0116454204544425
0.0149440458044410
-0.0672468170523643
-0.0232575125992298
0.0534645691514015
-0.0726136565208435
-0.0276936627924442
-0.0016732718795538
-0.0366666689515114
0.0268076360225677
0.0377182625234127
0.0530494749546051
-0.0041363071650267
0.0469251312315464
0.0440574511885643
0.0475763902068138
0.0042156190611422
-0.0185982771217823
0.0398539267480373
0.0356343761086464
0.0698779001832008
0.0247497558593750
-0.0072104539722204
-0.1024151146411896
-0.0642602816224098
0.0257474351674318
0.0421239696443081
-0.0492658503353596
0.0226626135408878
0.0440811738371849
0.0032152628991753
0.0295534078031778
-0.0088613266125321
-0.0073872557841241
0.0825486108660698
-0.0281698703765869
-0.0152593180537224
-0.0624159537255764
-0.0169282946735620
-0.0971565321087837
0.0456141233444214
-0.0840047821402550
-0.0487363263964653
-0.0472498051822186
-0.0686702802777290
0.0119517305865884
-0.0689676553010941
0.0332654453814030
0.0532816834747791
-0.0412741862237453
0.0884599983692169
-0.0805911868810654
0.1030614972114563
0.0274802446365356
-0.0759266093373299
-0.0044458685442805
0.0328476577997208
-0.0477290004491806
0.0360689237713814
-0.0247125495225191
-0.0298421625047922
-0.0533391162753105
-0.0805876478552818
0.0539162866771221
-0.0381535589694977
0.0257975962013006
0.0804711654782295
0.0377203486859798
0.0534390322864056
0.0181751158088446
0.0515560545027256
0.0633504390716553
-0.0193401500582695
-0.0756836757063866
-0.0010845350334421
-0.0352698713541031
-0.0940070301294327
0.0004752837994602
-0.0244319569319487
0.0232319887727499
-0.0244611036032438
-0.0449307523667812
-0.0187349338084459
-0.0708968564867973
-0.0797492414712906
-0.0138296298682690
0.0254378337413073
-0.0208575222641230
0.0074194557964802
-0.0084497481584549
0.0579446144402027
0.0193241946399212
0.0630884617567062
0.0090598706156015
-0.0670729503035545
0.0675568878650665
0.0070067234337330
-0.0755833983421326
0.0156599432229996
0.0532662980258465
0.0116573665291071
0.0562918558716774
-0.0113439513370395
0.0218792054802179
-0.0032865128014237
0.0090743005275726
-0.0505897328257561
0.0107878418639302
0.0320182703435421
-0.0219470299780369
0.0123515566810966
-0.0459209270775318
0.0210804641246796
-0.0746894404292107
-0.0567861944437027
-0.0310131683945656
0.0213272329419851
-0.0402876436710358
-0.0597795210778713
-0.0557021982967854
0.0194102432578802
0.0363370962440968
-0.0468609705567360
-0.0813265815377235
0.0633628442883492
-0.0591042451560497
-0.0080586727708578
0.0053384774364531
-0.0215208642184734
0.0379710718989372
0.0138828959316015
0.0534028522670269
-0.0669951066374779
0.0168038830161095
-0.0322122499346733
-0.0184335447847843
-0.0347983799874783
-0.0489949248731136
-0.0385259985923767
-0.0000286320846499
-0.0239596199244261
-0.0514729544520378
-0.0208679456263781
-0.0103257531300187
0.0092522939667106
0.0751927345991135
0.0351775772869587
-0.0059105823747814
0.0080564180389047
-0.0581799373030663
-0.0509139783680439
-0.0418637245893478
-0.0532715953886509
-0.0005519452388398
0.0417542792856693
-0.0299062356352806
0.0322692357003689
-0.0189776271581650
0.0550011396408081
-0.0270888898521662
0.0402089655399323
0.0243301987648010
0.0591073669493198
-0.0690590888261795
0.0524106211960316
-0.0687553212046623
-0.0501918904483318
-0.0119301117956638
-0.0060321027413011
-0.0401258915662766
0.0296840760856867
-0.0328848659992218
0.0280431881546974
0.0095701431855559
0.0656858682632446
0.0150639470666647
-0.0353208929300308
0.0367437042295933
-0.0715803205966949
0.0529734790325165
0.0503920428454876
-0.0368334203958511
-0.0147473709657788
-0.0216743126511574
-0.0390566326677799
0.0386285521090031
0.0121993301436305
-0.0056963125243783
-0.0606501772999763
0.0669135749340057
-0.0566549263894558
0.0375563837587833
-0.0078505398705602
0.0449198111891747
0.0222808197140694
-0.0296621862798929
-0.0199813880026340
0.0367959886789322
0.0726087912917137
0.0128800431266427
-0.0327079854905605
0.0066958526149392
0.0492026731371880
-0.0003076859866269
-0.0742314979434013
0.0378242172300816
0.0254761632531881
0.0403418503701687
-0.0027894030790776
0.0558157004415989
0.0180168021470308
0.0185536537319422
-0.0766164660453796
0.0472314693033695
0.0118704754859209
0.0008477972587571
0.0271786302328110
-0.0483114048838615
0.0536316521465778
-0.0134278079494834
0.0276177339255810
-0.0217966921627522
-0.0041131605394185
0.0521621294319630
-0.0799339041113853
0.0116244051605463
-0.0639121308922768
-0.0053267902694643
-0.0673724636435509
-0.0672610625624657
0.0399224609136581
0.0007627577288076
-0.0521674863994122
-0.0427384637296200
0.0073468401096761
-0.0294666532427073
-0.0351686701178551
0.0371092706918716
0.0339416079223156
-0.0005256310105324
-0.0084964623674750
0.0116199562326074
0.0094881672412157
0.0050118691287935
-0.0199413336813450
-0.0523780062794685
-0.0788360387086868
-0.0611460879445076
-0.0160140786319971
0.0525782592594624
0.0250999834388494
-0.0354720205068588
0.0819273591041565
0.0151223968714476
-0.0234693512320518
-0.0539004765450954
-0.0300955027341843
0.0066563016735017
0.0500713177025318
-0.0019627877045423
-0.0029439083300531
0.0066231726668775
-0.0461884737014771
0.0549973696470261
0.0329428426921368
0.0591732263565063
0.0053126327693462
0.0013836539583281
-0.0285008158534765
-0.0879571512341499
-0.0661996304988861
0.0088066132739186
-0.0037862129975110
0.0115037839859724
0.0152965392917395
-0.0228727366775274
0.0856479927897453
0.0569893792271614
-0.0298552960157394
0.0432041026651859
0.0356215089559555
-0.0226798318326473
-0.0125249708071351
-0.0521414242684841
-0.0433384552598000
0.0116597181186080
-0.0217833705246449
0.0251146126538515
-0.0038281886372715
-0.0340810492634773
-0.0047024888917804
0.0218876339495182
-0.0315607711672783
-0.0557471551001072
0.0446225591003895
-0.0171955376863480
0.0193588342517614
-0.0401111170649529
-0.0433563478291035
0.0003704517439473
-0.0211998280137777
-0.0917162001132965
-0.0587098896503448
-0.0247546546161175
-0.0528872720897198
0.0631530731916428
-0.0590660795569420
-0.0479503646492958
0.0263184737414122
0.0331418402493000
0.0130738019943237
0.0238396469503641
-0.0286053735762835
0.0062506520189345
0.0334103889763355
-0.0143234822899103
-0.0412669032812119
0.0499248802661896
-0.0464340634644032
0.0815077424049377
0.0102052930742502
0.0412337370216846
0.0612235069274902
-0.0588502027094364
-0.0151456324383616
0.0574235171079636
-0.0304094050079584
-0.0050420286133885
0.0149477375671268
0.0583578459918499
0.0170209594070911
0.0366315729916096
0.0008672208641656
0.0299609098583460
-0.0365405529737473
0.0511882491409779
-0.0164707917720079
0.0349787287414074
0.0009403611184098
0.0155408577993512
