0.0612688809633255
0.0472991019487381
-0.0526728630065918
-0.0365217886865139
-0.0987851917743683
0.0009294771589339
-0.0521210171282291
0.0619127899408340
-0.0555941946804523
-0.0451230630278587
0.0626375675201416
0.0238328110426664
0.0637616887688637
0.0889340490102768
0.0848077833652496
0.0655724480748177
0.0139641920104623
-0.0587879456579685
-0.0793950706720352
-0.0281414128839970
-0.0873904973268509
0.0516044124960899
-0.0208437405526638
0.0311117228120565
0.0986748039722443
0.1158609017729759
-0.0414307229220867
0.0919244587421417
0.0731636658310890
-0.0992746278643608
-0.0676548704504967
0.1201731637120247
-0.0685747489333153
-0.0975710079073906
0.1151579469442368
0.0796458423137665
-0.0352682694792747
-0.0405826941132545
0.0354281701147556
0.0506977029144764
-0.0877952799201012
0.0377421900629997
0.1131229922175407
-0.0161376297473907
-0.0913190245628357
-0.0141727300360799
0.0541019961237907
0.0744114965200424
-0.1090978682041168
-0.0753577426075935
-0.0085564823821187
0.0439400412142277
0.0978467613458633
-0.0052246339619160
0.0792862251400948
0.0734582319855690
0.0643009245395660
-0.0917276591062546
0.0196920558810234
-0.0916709676384926
0.0337355025112629
-0.0762841552495956
-0.0549851618707180
0.0526577271521091
-0.0549008920788765
-0.0107295513153076
-0.0613894388079643
-0.0091441767290235
-0.0554299168288708
-0.0185992773622274
0.0301918946206570
-0.0206534732133150
-0.0542207956314087
0.1158085986971855
-0.0255849305540323
-0.0211436357349157
0.0503173545002937
-0.1107707172632217
-0.0020829064305872
-0.0693459287285805
0.0396939218044281
-0.0083351247012615
0.0667449012398720
-0.0878681167960167
0.0145589718595147
0.0516787022352219
-0.0231765955686569
0.0141384005546570
-0.0294998902827501
-0.0416174270212650
-0.0592107810080051
-0.0612518861889839
-0.0112944049760699
-0.0971681550145149
-0.0558364950120449
-0.0860310271382332
-0.0195513628423214
0.0066523859277368
0.1009680479764938
0.0307142343372107
0.0868003740906715
0.0294006243348122
-0.0672568157315254
0.0554617233574390
0.0708050280809402
0.0558787174522877
0.0520439036190510
0.0769779682159424
0.0677241459488869
0.0498279370367527
0.0429857671260834
-0.0736518874764442
0.0558954887092113
0.0249832198023796
0.0883203521370888
-0.0549535900354385
0.0540215596556664
0.0042077885009348
-0.0573561005294323
-0.0638793781399727
-0.0637726858258247
-0.0618196055293083
-0.0723610520362854
-0.0754795223474503
0.0569835677742958
0.0925406962633133
-0.0691946521401405
0.0009360222029500
0.0812922939658165
-0.0770599693059921
-0.0091201085597277
-0.0507008731365204
-0.0036937380209565
-0.0278475265949965
-0.0423502847552299
-0.1226711124181747
0.0111973388120532
-0.0377659201622009
0.0472837761044502
0.0735704004764557
-0.1027696803212166
0.0619255565106869
0.0499643534421921
0.0264461580663919
0.0380158126354218
0.0273821502923965
-0.0780681818723679
-0.0354946628212929
-0.0449807792901993
0.0050424933433533
-0.0706596970558167
0.1074239835143089
0.0506158955395222
-0.0550120770931244
0.0022157977800816
-0.0849329978227615
0.0517711006104946
-0.0603523887693882
-0.0371349044144154
0.0221439115703106
-0.0710415244102478
-0.0478268936276436
0.0420750640332699
0.0689995586872101
0.0643865317106247
0.0206683669239283
-0.1040011346340179
-0.0143655985593796
0.0083815185353160
-0.0462500788271427
-0.0954021885991096
0.0588297657668591
0.0184748787432909
-0.0105547737330198
-0.0556637533009052
-0.0864468216896057
0.0008871080353856
-0.1073622331023216
0.0665230825543404
0.0539926886558533
0.0414776690304279
0.1317949742078781
0.0829699635505676
-0.0947184637188911
-0.0787840634584427
-0.0058561027981341
0.0577348396182060
0.0603309012949467
-0.0629756376147270
-0.0189243182539940
-0.0446222275495529
0.0628460720181465
-0.0471164211630821
-0.0260687153786421
-0.0260982494801283
0.0575429052114487
-0.0570350214838982
-0.0053835925646126
0.0632620230317116
-0.0859031975269318
-0.0582417063415051
0.1117740869522095
0.0682748183608055
0.0020944233983755
-0.0593870654702187
-0.0657683312892914
-0.0410345904529095
-0.0801772177219391
-0.0341784432530403
-0.0217610560357571
0.0821800529956818
0.0832229107618332
-0.0806863978505135
0.0187180209904909
-0.0587611161172390
-0.0311983749270439
-0.0056422804482281
-0.0553153194487095
0.1234327629208565
0.0814471989870071
0.0866687893867493
0.0214909072965384
0.0629389435052872
-0.1014918684959412
-0.0616388432681561
-0.0650386959314346
0.0345631651580334
0.0495679341256618
-0.0203005708754063
-0.0269142147153616
-0.0441996902227402
-0.0536157339811325
0.0699832588434219
0.0128848189488053
0.0327099002897739
0.0281373914331198
-0.0630895644426346
-0.0850804671645164
0.1032681912183762
-0.0877517908811569
0.1108748018741608
0.0162417367100716
-0.0487852171063423
0.0052005285397172
0.0531400479376316
0.0212937593460083
0.0739440396428108
0.0114725567400455
0.0445241965353489
0.0576912388205528
0.0859182700514793
-0.0787473320960999
-0.0525989122688770
0.0552410632371902
-0.0605531409382820
-0.0329242534935474
-0.0452033020555973
-0.0581191070377827
-0.0740354880690575
0.0338037386536598
0.0322257578372955
0.0257453490048647
-0.1260211169719696
0.1822765171527863
0.0637127161026001
-0.0232872851192951
0.0635045170783997
-0.0597618892788887
0.0407182537019253
0.1459589302539825
-0.1388237178325653
-0.0536379590630531
-0.2708150148391724
0.0803435966372490
0.1238811165094376
-0.1994648128747940
-0.0679362043738365
-0.1053699105978012
0.0690808221697807
0.0018896515248343
-0.1457412391901016
-0.0353662595152855
-0.2688035666942596
-0.2077437639236450
-0.0084130270406604
0.0836809873580933
-0.1560494005680084
0.1195193976163864
-0.0324025303125381
-0.0085053965449333
-0.2463342547416687
-0.1362016946077347
-0.0823802575469017
0.1052471399307251
0.0812655687332153
-0.1568499058485031
0.0162395108491182
0.0789312347769737
-0.0246971398591995
-0.1074823886156082
-0.0174836218357086
-0.0053616622462869
0.1325828284025192
-0.3195883631706238
-0.0872689262032509
0.0569309405982494
0.0010562463430688
0.0072514992207289
-0.1023892089724541
-0.1175106912851334
-0.0805572643876076
-0.1027569398283958
0.0865209549665451
0.0773002579808235
-0.0959901139140129
0.1728778630495071
-0.0764972716569901
0.3774207234382629
0.0202388223260641
-0.1383627951145172
0.0885159671306610
-0.0598684251308441
0.0331241227686405
0.0058053475804627
0.0299318749457598
-0.1029197201132774
0.0099612800404429
-0.0475610420107841
-0.0555947273969650
0.0733070001006126
0.0625924840569496
-0.0228257700800896
-0.0106196012347937
-0.0358058586716652
0.0322322547435760
-0.0447966270148754
-0.0892641469836235
-0.0721072107553482
0.0674603804945946
-0.0217811185866594
-0.0096046300604939
-0.0324299670755863
-0.0184472128748894
0.0541294515132904
-0.0345515646040440
-0.0010257096728310
-0.0568465963006020
-0.0940365791320801
-0.0423817858099937
-0.0176849178969860
-0.0309663005173206
-0.0331177972257137
0.0840426310896873
-0.0466610454022884
-0.0258192792534828
-0.0328309386968613
-0.0603705756366253
-0.0120474873110652
-0.0420007668435574
0.0526798702776432
0.0263188146054745
0.0377174504101276
0.0904464796185493
0.0493270382285118
-0.0659085288643837
-0.0158333741128445
0.0576968900859356
-0.0521590895950794
-0.0007865158841014
0.0321289040148258
-0.0653772950172424
0.0215677823871374
-0.0236723758280277
-0.0197491124272346
-0.0232431720942259
0.0125304106622934
0.0206330530345440
0.0624829195439816
-0.0090210149064660
0.0380771979689598
-0.0188807342201471
-0.0474089570343494
-0.0120937777683139
0.0436343885958195
0.0008103072177619
-0.0647018104791641
0.0258828364312649
0.0465129241347313
0.0025960057973862
-0.0562833584845066
-0.0208060611039400
0.0460032448172569
0.0711708888411522
0.0638545677065849
-0.0546535030007362
0.0092100566253066
0.0045216954313219
0.0049138623289764
-0.0169542301446199
0.0052195042371750
-0.0016554463654757
-0.0446506924927235
-0.0734092295169830
0.0236598793417215
-0.0415854379534721
0.0403796397149563
0.0745446458458900
0.0411436259746552
-0.0066666053608060
0.0825724452733994
0.0606784969568253
0.0200048200786114
0.0185046121478081
0.0288318302482367
-0.0335994809865952
-0.0899566188454628
-0.0343679301440716
0.0270238928496838
-0.0257329214364290
-0.0358094312250614
0.0450374148786068
-0.0641746520996094
-0.0752204582095146
0.0030033055227250
0.0405004061758518
0.0765959545969963
0.0906957760453224
0.0373877100646496
0.0301816035062075
0.0565559975802898
-0.0506912693381310
-0.0144612872973084
0.0630975291132927
-0.0301864985376596
0.0152452830225229
0.0131368674337864
-0.0478709377348423
-0.0323796197772026
0.0088906679302454
0.0502336509525776
-0.0352978035807610
-0.0363395959138870
-0.0448770858347416
-0.0477589704096317
0.0740650072693825
-0.1286335885524750
-0.0495102480053902
0.0008093341020867
0.0791929960250854
0.0302366539835930
-0.0584570765495300
-0.0424812659621239
-0.0701678320765495
0.0138117931783199
-0.0548083148896694
0.0092858206480742
-0.0475879572331905
-0.0093642519786954
0.0386661626398563
0.0470952838659286
0.0055337608791888
-0.0132952388375998
-0.0212138723582029
-0.0323387421667576
-0.0490174330770969
0.0767765045166016
0.0446298420429230
-0.0233853776007891
0.0224360916763544
-0.0174075607210398
0.0489999353885651
-0.0515995398163795
0.0129171954467893
-0.0085783926770091
0.0310508143156767
-0.0188804641366005
0.0510288849473000
0.0266964361071587
-0.0119945742189884
-0.0053514786995947
0.0183369796723127
-0.0145781198516488
0.0538849271833897
0.0428068824112415
-0.0177132375538349
-0.0006371323252097
-0.0077567049302161
0.0617707744240761
0.0165211744606495
-0.0028390951920301
0.0273217856884003
-0.0334873683750629
-0.0073516825214028
0.0589587986469269
-0.0833127051591873
-0.0083684865385294
0.0449636243283749
0.0027387843001634
0.0291986968368292
0.0528326854109764
-0.0218869913369417
-0.0044144839048386
0.0260371528565884
0.0379305928945541
0.0273998435586691
0.0335290804505348
0.0423663072288036
0.0067549827508628
0.0074406592175364
0.0032151343766600
0.0250491034239531
0.0260058045387268
0.0662306770682335
0.0393827445805073
-0.0535986870527267
-0.1112170740962029
-0.0412017665803432
0.0458338148891926
-0.0311203487217426
-0.0198695957660675
0.0252609923481941
0.0419575273990631
-0.0647925138473511
0.0127167040482163
-0.0205365642905235
-0.0111528038978577
0.0625412836670876
-0.0480526313185692
-0.0361945107579231
-0.0876341834664345
0.0163465291261673
-0.0844107419252396
0.0294553507119417
-0.0920439288020134
-0.0086966389790177
-0.0843295753002167
-0.0660746172070503
-0.0385784544050694
-0.0355042591691017
0.0443902164697647
0.0355571694672108
-0.0409715138375759
0.0483181141316891
-0.0416157469153404
0.0777688398957253
0.0310526285320520
-0.0711345374584198
-0.0029784978833050
0.0194681268185377
-0.0626829415559769
-0.0115606589242816
0.0066611655056477
-0.0228456892073154
-0.0628683120012283
-0.0002157740527764
0.0350080318748951
-0.0326266065239906
0.0062351310625672
0.1023891717195511
0.0142071098089218
0.0704320296645164
0.0433904007077217
0.0225795488804579
0.0241286978125572
-0.0457778796553612
-0.0730929896235466
0.0345009379088879
-0.0533215366303921
-0.0551230981945992
-0.0464452318847179
-0.0068547795526683
-0.0278971064835787
-0.0501903071999550
-0.0521764680743217
0.0102859502658248
-0.0439654029905796
-0.0724655091762543
0.0347996354103088
-0.0109478328377008
-0.0258561689406633
0.0514253117144108
-0.0663666352629662
-0.0197504423558712
0.0370317548513412
0.0634952932596207
0.0159748326987028
-0.0420074164867401
0.0373548343777657
-0.0190205499529839
-0.0431027449667454
-0.0012327769072726
0.0807238817214966
0.0220085401087999
0.0386573709547520
0.0318700298666954
0.0016332055674866
0.0197099503129721
0.0466228425502777
-0.0495665036141872
0.0168314184993505
0.0768171548843384
-0.0518348813056946
0.0040764878503978
-0.0186996031552553
0.0152484783902764
-0.0592167302966118
-0.0529320575296879
0.0073388777673244
-0.0539447180926800
0.0144168194383383
-0.0418337881565094
-0.0449339114129543
-0.0327522531151772
0.0640706568956375
-0.0431461147964001
-0.0798076018691063
0.0599137768149376
-0.0512280613183975
-0.0026477784849703
-0.0011745616793633
-0.0246055331081152
0.0309824328869581
0.0116637581959367
0.0180574879050255
-0.0652322620153427
0.0254518073052168
-0.0123815089464188
-0.0659853219985962
-0.0248934254050255
-0.0412369407713413
-0.0263720676302910
-0.0166983529925346
-0.0288831684738398
0.0349025204777718
-0.0775183290243149
-0.0487039536237717
-0.0482694543898106
0.0590482875704765
0.0382889062166214
-0.0210917759686708
0.0303038768470287
-0.0248747002333403
-0.0357596315443516
-0.0224414765834808
0.0083159450441599
-0.0121562182903290
-0.0098243132233620
-0.0092196520417929
0.0462529398500919
0.0350136943161488
0.0134748416021466
-0.0412534624338150
0.0386464633047581
-0.0056679598055780
0.0446648858487606
-0.0344013832509518
0.0088433008641005
-0.0664199590682983
-0.0290290638804436
-0.0022227363660932
-0.0105291809886694
-0.0395447835326195
0.0732347667217255
-0.0399981066584587
0.0713261067867279
0.0111981993541121
0.0492298267781734
0.0130192656069994
-0.0477142967283726
0.0177784059196711
-0.0631380304694176
0.0385329574346542
0.0432167276740074
-0.0210090875625610
-0.0195969194173813
-0.0118954125791788
-0.0598259381949902
0.0763397887349129
-0.0035571949556470
-0.0085495728999376
-0.0703701600432396
0.0808051154017448
-0.0713843107223511
0.0540750995278358
0.0256098099052906
0.1209804117679596
0.0160726271569729
-0.0086463904008269
-0.0906499847769737
0.0533108264207840
0.0364530757069588
0.0523467697203159
-0.0538967251777649
0.0387054532766342
0.0850394591689110
0.0002146157057723
-0.0216072592884302
0.0691316574811935
0.0442831441760063
0.0364750921726227
-0.0314543619751930
0.0719696581363678
0.0491054356098175
0.0655932649970055
-0.0295477099716663
0.0485993325710297
-0.0206240471452475
0.0064144344069064
-0.0120784901082516
-0.0603445209562778
0.0351316668093204
0.0072431811131537
0.0287614632397890
-0.0602433793246746
-0.0197701491415501
0.0779588520526886
-0.0603414289653301
0.0386198759078979
-0.1113922223448753
0.0304825119674206
-0.0815653875470161
-0.0821103453636169
-0.0034220041707158
0.0204456541687250
-0.0344613976776600
-0.0158240329474211
0.0193674452602863
-0.0021243945229799
0.0207095872610807
0.0308764930814505
-0.0151443146169186
-0.0435598976910114
-0.0441995486617088
0.0046714912168682
-0.0423771701753139
0.0064531206153333
0.0179294329136610
-0.0263555366545916
-0.0180640164762735
-0.0399043336510658
0.0146698746830225
0.0619702078402042
0.0316551886498928
-0.0689916834235191
0.0739352330565453
0.0232464428991079
-0.0357693508267403
-0.0569563582539558
0.0508792623877525
0.0129189137369394
0.0196419879794121
-0.0413517355918884
0.0269777998328209
0.0059849363751709
-0.0174886062741280
0.0353411808609962
0.0379941910505295
0.0392804816365242
0.0064150453545153
0.0021343450061977
-0.0130947623401880
-0.0842657312750816
-0.0543554835021496
-0.0192267950624228
-0.0425407700240612
-0.0063615618273616
0.0142420502379537
-0.0200602747499943
0.1099137440323830
0.0679963752627373
0.0083730584010482
0.0113481748849154
0.0438566282391548
0.0150576084852219
0.0034782383590937
-0.0583055242896080
-0.0322153978049755
0.0393689908087254
-0.0109595078974962
0.0292991772294044
0.0435096286237240
-0.0053977831266820
-0.0306339487433434
0.0412035882472992
-0.0218943562358618
-0.0358090214431286
-0.0028033752460033
-0.0410879068076611
0.0524708814918995
-0.0078067858703434
-0.0523478500545025
-0.0197674967348576
0.0133937550708652
-0.0292465090751648
-0.0183442309498787
-0.0311972294002771
-0.0084338625892997
0.0282898452132940
-0.0518073402345181
-0.0847983956336975
0.0191946774721146
0.0605370327830315
-0.0073834224604070
0.0629873573780060
-0.0172497052699327
0.0157168600708246
0.0230156742036343
0.0380972027778625
-0.0486042089760303
0.0749751105904579
-0.0400793217122555
-0.0096162380650640
0.0255470070987940
-0.0012103427434340
0.0775082707405090
-0.0508527234196663
-0.0443454980850220
0.0455006211996078
-0.0149187613278627
-0.0653638616204262
-0.0080349603667855
0.0165009275078773
0.0389518737792969
0.0590795576572418
0.0406150408089161
-0.0102819129824638
-0.0255531854927540
0.0076830014586449
-0.0551296770572662
0.0494968406856060
-0.0039569740183651
-0.0049649854190648
