0.0518227219581604
0.0416047498583794
-0.0263662654906511
-0.0325261317193508
-0.1022631451487541
0.0210198573768139
-0.0452684536576271
0.0444818027317524
-0.0596943162381649
-0.0303306765854359
0.0820998325943947
0.0605117455124855
0.0388968586921692
0.0722485929727554
0.0791814178228378
0.0065724500454962
-0.0054909074679017
-0.0399488471448421
-0.1079208031296730
-0.0508936271071434
-0.0741323903203011
0.0490219518542290
-0.0570013485848904
-0.0244633741676807
0.0838239863514900
0.1287725120782852
-0.0749706104397774
0.0874924063682556
0.0578234940767288
-0.1096215099096298
-0.0790339410305023
0.0976353064179420
-0.0427962206304073
-0.0945931449532509
0.0945830941200256
0.1018909737467766
-0.0591296441853046
0.0127167040482163
0.0199818387627602
0.0490031018853188
-0.0933847129344940
0.0293493457138538
0.1162333190441132
-0.0165350846946239
-0.0841723382472992
0.0055212322622538
0.0926769673824310
0.0866660326719284
-0.1067986413836479
-0.1127229109406471
-0.0332695171236992
0.0677501335740089
0.0911806374788284
0.0461513027548790
0.0089450422674417
0.0590762086212635
0.0855228155851364
-0.0676144063472748
-0.0254993755370378
-0.0711209326982498
0.0317271612584591
-0.0680871382355690
-0.0411507338285446
0.0426000468432903
-0.0815819650888443
0.0485524125397205
-0.0643917769193649
0.0342527441680431
-0.0690448582172394
-0.0238561574369669
0.0320154204964638
-0.0366000607609749
-0.0423173643648624
0.0919352620840073
-0.0207169651985168
-0.0459727495908737
0.0723699182271957
-0.0644712373614311
-0.0070868120528758
-0.0440547578036785
0.0449763089418411
0.0183276291936636
0.0572076477110386
-0.0925677940249443
0.0263572838157415
0.0427239127457142
-0.0624140091240406
0.0169344544410706
-0.0530362986028194
0.0144966598600149
-0.0809420049190521
-0.0472453758120537
-0.0278524793684483
-0.0750409737229347
-0.0899863541126251
-0.0726347342133522
-0.0347191691398621
-0.0433258190751076
0.1112745478749275
0.0411882251501083
0.0852754935622215
-0.0026978868991137
-0.0693148225545883
0.0686127915978432
0.0582356490194798
0.0655119940638542
0.0875203162431717
0.0755801424384117
0.0753715261816978
0.0076829111203551
0.0488516464829445
-0.0652357190847397
0.0818445608019829
-0.0211116317659616
0.1184567138552666
-0.0639529377222061
0.0696821138262749
0.0096245268359780
-0.0750030428171158
-0.0062295310199261
-0.0618390738964081
-0.0486200787127018
-0.0842803344130516
-0.0544010363519192
0.0742226317524910
0.0662694126367569
-0.0527719967067242
-0.0483506135642529
0.0871352553367615
-0.0515821874141693
-0.0521581135690212
-0.0424413159489632
-0.0271818637847900
0.0030357353389263
-0.0204831957817078
-0.1072362810373306
0.0418105721473694
-0.0488981492817402
0.0810877978801727
0.0763954147696495
-0.0487169288098812
0.0509484633803368
0.1001094579696655
0.0698981434106827
0.0454297214746475
0.0631050020456314
-0.0428234897553921
-0.0504985265433788
-0.0336931236088276
0.0467032007873058
-0.0808177590370178
0.0693035423755646
0.0680335611104965
0.0192341450601816
0.0137197468429804
-0.0711614936590195
0.0480113439261913
-0.0901453122496605
-0.0433605276048183
0.0465795025229454
-0.0588917694985867
-0.0680580735206604
0.0180354043841362
0.0678669884800911
0.0448409244418144
0.0285621304064989
-0.0981313660740852
-0.0132133122533560
0.0399053096771240
-0.0585313551127911
-0.0969657748937607
0.0675449743866920
0.0373199619352818
0.0219157095998526
-0.0759729519486427
-0.0824950486421585
0.0350912250578403
-0.0699078813195229
0.0595707669854164
0.0566461943089962
0.0664204508066177
0.1027565598487854
0.0926242619752884
-0.0394987054169178
-0.0581635199487209
-0.0375348925590515
0.0721025764942169
0.0502479821443558
-0.0859984606504440
-0.0106723560020328
-0.0695754438638687
0.0595200210809708
-0.0836008191108704
-0.0318783335387707
-0.0080753844231367
0.0151139106601477
-0.0576770640909672
-0.0148110147565603
0.0591859966516495
-0.0696752592921257
-0.0709514617919922
0.1115806847810745
0.0488379895687103
-0.0290164109319448
-0.0079588498920202
-0.0426312275230885
0.0004538524954114
-0.0531965605914593
-0.0537346228957176
-0.0626753792166710
0.0792914107441902
0.0639216825366020
-0.0642869770526886
-0.0007060893694870
-0.0567589513957500
-0.0486178956925869
-0.0064074709080160
-0.0646962374448776
0.0701232850551605
0.0719541758298874
0.0949351191520691
-0.0072873714379966
0.0595299787819386
-0.1025409698486328
-0.0738457143306732
-0.0712110325694084
0.0035036827903241
0.0500474460422993
-0.0443507023155689
-0.0468400530517101
-0.0403023548424244
-0.0382321923971176
0.0632474794983864
0.0175419058650732
0.0301284044981003
-0.0059836739674211
-0.0705475881695747
-0.0902205482125282
0.0513386018574238
-0.0847370848059654
0.1099810525774956
0.0340566709637642
-0.0623285658657551
0.0310737211257219
0.0821840986609459
-0.0113534340634942
0.0917939543724060
-0.0188021417707205
0.0475755371153355
0.0691069290041924
0.0855027139186859
-0.1037662401795387
-0.0479071699082851
0.0682672783732414
-0.0596125237643719
-0.0370035432279110
-0.0440623983740807
-0.0046850531361997
-0.1359850168228149
-0.2077345848083496
0.0977889671921730
-0.1231517866253853
0.0554211735725403
0.0889269262552261
0.0746834054589272
0.0810903012752533
-0.1997808814048767
-0.0061513194814324
0.1304369568824768
0.1931600719690323
-0.0710345432162285
-0.0743993148207664
-0.3024808466434479
-0.0097021237015724
-0.0057811411097646
-0.1921356469392776
-0.0703940838575363
-0.0239624660462141
0.0257251933217049
0.0008030703756958
0.1161003410816193
-0.0975108593702316
-0.1613409519195557
-0.0321309231221676
0.0078233378008008
-0.0392755754292011
-0.1335101872682571
-0.0249845683574677
-0.1498774439096451
-0.2083399742841721
-0.2448091357946396
-0.0421105027198792
0.1128051280975342
0.0448802970349789
-0.0422463454306126
-0.0894899889826775
-0.0250134784728289
-0.1340367347002029
0.0634828060865402
-0.0724324882030487
-0.0818365737795830
0.0178376920521259
0.2131554633378983
-0.2416511178016663
-0.0866893306374550
0.0028723988216370
-0.0638331919908524
0.0086862519383430
0.1156383901834488
-0.0268835611641407
0.0592212341725826
-0.2179846912622452
0.1488180756568909
-0.0079529993236065
-0.2078269571065903
0.0457257181406021
-0.0793948173522949
0.3318579792976379
-0.1400137394666672
0.0877276137471199
0.0145510835573077
-0.0579186752438545
-0.0056320396251976
0.0037923566997051
0.0411731339991093
-0.0377775728702545
-0.0456964373588562
0.0104846572503448
-0.0524843297898769
0.0532868951559067
0.0455535836517811
-0.0412450879812241
0.0591111369431019
-0.0475292243063450
0.0961161106824875
-0.0332802012562752
-0.0264833141118288
0.0420531667768955
0.0103667899966240
-0.0735398381948471
0.0270063262432814
0.0802002102136612
0.0370922274887562
-0.0260305404663086
0.0672380030155182
-0.0031091666314751
-0.0161381270736456
0.0455288924276829
-0.1121038571000099
0.0776477679610252
-0.0694275647401810
0.0400043427944183
0.0150968721136451
0.0016869056271389
-0.0261858087033033
-0.0210227183997631
0.1104182749986649
0.0146830668672919
0.0201969537883997
0.0383336544036865
-0.0058638979680836
0.0208829045295715
0.0668009892106056
-0.0197284426540136
-0.0426187105476856
-0.0420563705265522
-0.0525700412690639
0.0357689000666142
0.0624164603650570
0.0495517440140247
-0.0192261114716530
0.0215547364205122
0.0756134912371635
-0.0716184675693512
-0.0292467512190342
-0.0194117054343224
-0.0470079705119133
-0.0280227828770876
0.0101576605811715
0.0665393695235252
0.0609927102923393
-0.0431224219501019
0.0208583604544401
0.0607587955892086
-0.0522381067276001
-0.0123891187831759
0.0049621001817286
-0.0062584131956100
0.0522936806082726
-0.0804869979619980
0.0465925969183445
0.0671857744455338
-0.0305085927248001
-0.0216116923838854
-0.0159776918590069
0.0430555790662766
0.0252387300133705
0.0869843289256096
0.0224161110818386
-0.0160262826830149
-0.0718994811177254
-0.0045269778929651
-0.0348778106272221
0.0261875540018082
-0.0013860920444131
0.0352187193930149
0.0225230865180492
-0.0140813225880265
-0.0696178600192070
-0.0645102486014366
-0.0098887179046869
-0.0121811209246516
-0.0008456097566523
-0.0333276763558388
-0.0461873225867748
-0.0548087470233440
0.0095285801216960
0.0749390199780464
-0.0234722252935171
0.0036464792210609
-0.0426569171249866
-0.0638489946722984
-0.0668164193630219
0.0114747155457735
-0.0082439947873354
-0.0052731749601662
-0.0023705896455795
0.0149072092026472
0.0360994935035706
-0.0111928544938564
0.0063678706064820
0.0100793000310659
-0.0261661391705275
-0.0670818910002708
-0.0348251536488533
0.0342558547854424
0.0250147450715303
-0.0462911166250706
-0.0104780364781618
0.0757494345307350
-0.0426638014614582
-0.0360730141401291
-0.0194187480956316
0.0421260297298431
-0.0390674546360970
-0.0749901756644249
0.0524083971977234
0.1243875697255135
-0.0066736307926476
0.0868962034583092
0.0657177790999413
-0.0530253052711487
-0.0310776531696320
0.0068895737640560
0.0185114350169897
-0.0269608292728662
0.0372499749064445
0.0268698837608099
-0.0271497908979654
-0.0071610854938626
-0.0556614287197590
0.0299583952873945
0.0429209806025028
0.0113487206399441
-0.0478019788861275
0.0488653555512428
0.0027957377023995
0.0129069117829204
0.0215977486222982
0.0678664669394493
-0.0292104408144951
-0.0142706269398332
-0.0127089703455567
0.0049649090506136
0.0370798930525780
-0.0287760403007269
-0.0013518955092877
-0.0459096655249596
0.0704922974109650
-0.0061165434308350
0.0347911901772022
-0.0206490531563759
-0.0387492477893829
-0.0661588534712791
-0.0294488519430161
-0.0048657269217074
0.0684167891740799
0.0185759309679270
-0.0347564406692982
0.0161153730005026
-0.0309396516531706
0.0520460978150368
0.0629923865199089
0.0696404129266739
-0.0114924237132072
0.0181655175983906
0.0180825423449278
0.0245834384113550
-0.0517441928386688
0.0138631835579872
0.0651792436838150
-0.0925745218992233
0.0458770804107189
0.0507418587803841
0.0001397747691954
-0.0183134991675615
-0.0316375419497490
-0.0424003675580025
0.0949464365839958
0.0174236912280321
-0.0423550009727478
-0.0442746244370937
0.0060688504017889
0.0461578816175461
-0.0840427279472351
-0.1096688210964203
-0.0309004522860050
0.0105818640440702
-0.0789978727698326
-0.0311083085834980
0.0178102701902390
-0.0729810744524002
-0.0021337782964110
-0.0109122395515442
-0.0119918547570705
-0.0192298404872417
0.0163211803883314
-0.0471329577267170
0.0674316063523293
-0.0021478142589331
0.0026850029826164
-0.0089736264199018
0.0187073536217213
0.0096522336825728
0.0136703588068485
0.0004166241269559
-0.0582403838634491
-0.0360767319798470
-0.0502589903771877
0.0584321618080139
-0.0104737989604473
0.0040865670889616
-0.0159523151814938
-0.0108570251613855
0.0650783032178879
-0.0377620086073875
-0.0119527829810977
-0.0458900257945061
-0.0183695685118437
0.0174297913908958
-0.0454565770924091
-0.0442380122840405
-0.0651635825634003
-0.0215568561106920
0.0071703926660120
0.0147594632580876
-0.0500252172350883
0.0089955637231469
0.0043302238918841
-0.1041246205568314
0.0273915771394968
-0.0292951595038176
-0.0544758997857571
0.0358636491000652
-0.0549733005464077
0.0566697381436825
-0.0182812884449959
-0.0640934035181999
-0.0398686788976192
0.0217806939035654
0.0130333192646503
-0.0654837861657143
-0.0338679291307926
-0.0112366452813148
0.0120554119348526
-0.0174859333783388
0.0075271162204444
0.0457887947559357
-0.0616937540471554
0.0464849993586540
0.0686421170830727
-0.0182243715971708
-0.0169578287750483
0.0236058291047812
-0.0330832190811634
-0.0420646816492081
0.0720180496573448
-0.0861787870526314
0.0168720725923777
-0.0312170535326004
-0.0757915005087852
0.0392935313284397
0.0885941609740257
-0.0073545686900616
-0.0023103333078325
0.0678263306617737
0.0511034168303013
0.0703620910644531
-0.0096272686496377
-0.0010069144191220
0.0342671871185303
-0.0084372786805034
0.0370641648769379
-0.0954420641064644
0.0442380309104919
-0.0183919314295053
-0.0721879675984383
0.0322154052555561
-0.0173555482178926
0.0685302317142487
0.0163742285221815
-0.0336153469979763
-0.0108444541692734
0.0133617147803307
-0.0381919071078300
-0.0442497096955776
0.0732670053839684
0.0516597889363766
0.1199701130390167
-0.0680701583623886
0.0581455603241920
0.0373003892600536
-0.0172864478081465
-0.0472927354276180
-0.0576271563768387
0.0467598140239716
0.0961702167987823
0.0573480129241943
0.0068607404828072
-0.0369914025068283
0.0157860442996025
-0.0782817825675011
-0.0548188313841820
0.0120273679494858
0.0212903805077076
-0.0444769635796547
0.0204285401850939
-0.0216796975582838
0.0453042536973953
-0.0104027781635523
-0.0607573166489601
-0.0076378285884857
-0.0673756971955299
-0.0449165068566799
0.1207733899354935
-0.0352285504341125
-0.0014157543191686
0.0963785126805305
0.0277096685022116
-0.0338191725313663
-0.0863732770085335
-0.0129510676488280
0.0250632539391518
0.0051485146395862
0.0405796356499195
-0.0032498377840966
-0.0489746592938900
0.0193418338894844
-0.0152549808844924
-0.0022990114521235
0.0181294828653336
-0.0348068326711655
-0.0122747439891100
0.0479775667190552
0.0055131483823061
-0.0145040573552251
-0.0264103338122368
-0.0099344551563263
-0.0073278327472508
-0.0725366994738579
0.0632588118314743
-0.0110241137444973
0.0205966476351023
0.0221148952841759
0.0392503477632999
-0.0270459037274122
0.0016958463238552
-0.0543435662984848
-0.0307954438030720
-0.0227336194366217
-0.0478772781789303
-0.0316991806030273
0.0496639460325241
0.0017934468341991
-0.0193383693695068
0.0221306253224611
-0.0307874735444784
-0.0328038036823273
0.0392810143530369
-0.0492826849222183
0.0156444739550352
0.0545963309705257
0.0229628831148148
-0.0052870213985443
0.0225483532994986
0.0309986099600792
-0.0116363363340497
-0.0270952917635441
-0.0046492340043187
0.0518054030835629
-0.0020504568237811
0.0341218225657940
-0.0405441187322140
-0.0272861924022436
-0.0757042989134789
0.0119335809722543
0.0488959699869156
-0.0369566380977631
0.0318790785968304
-0.0381237454712391
0.0411253646016121
0.0496657863259315
0.0318031683564186
0.0183259379118681
0.0005339848576114
0.0265821460634470
-0.0154187493026257
-0.0126868318766356
-0.0379261076450348
-0.0022447002120316
0.0007392271072604
-0.0483127832412720
-0.0024128118529916
-0.0928553715348244
0.1040713191032410
0.0411874204874039
-0.0075192092917860
-0.0321060270071030
0.0018563047051430
0.0099346367642283
-0.0651502609252930
-0.0123863862827420
0.0040797283872962
-0.0377928651869297
-0.0142269684001803
-0.0276988428086042
0.0269530769437551
-0.0386384576559067
-0.0096102394163609
0.0796187967061996
0.0034958187025040
-0.0005550602800213
0.0035792735870928
-0.0493496060371399
0.0663240328431129
0.0700814053416252
0.0119347563013434
-0.0381476283073425
-0.0696425363421440
0.0760589018464088
0.0294669605791569
-0.0039898403920233
-0.0630337148904800
-0.0453241057693958
-0.0160604119300842
-0.0610797032713890
0.0016305383760482
0.0638246387243271
-0.0049519264139235
0.0051539945416152
0.0715913325548172
-0.0205636713653803
0.0420059300959110
-0.0546903610229492
0.0111980438232422
0.0244441516697407
0.0628329589962959
0.0533363260328770
0.0706877261400223
0.0547661930322647
0.0143527286127210
-0.0324555449187756
0.0915253981947899
0.0521659180521965
0.0629320815205574
-0.0388172119855881
0.0032231444492936
0.0388389304280281
-0.0599634163081646
-0.0417381525039673
-0.0233881566673517
-0.0653393566608429
-0.0793024972081184
0.0014643804170191
-0.0282865110784769
-0.0451776124536991
0.0121851060539484
0.0053839357569814
-0.0372238121926785
0.0374239198863506
0.0478172935545444
-0.1164651140570641
0.0370049551129341
0.0727578252553940
0.0015213149599731
0.0175881404429674
-0.0293725188821554
-0.0596240870654583
-0.0324251540005207
0.0030451638158411
0.0957570299506187
0.0157700404524803
-0.0614947415888309
-0.0033497887197882
-0.0478845164179802
0.0270341690629721
0.0272310543805361
-0.0450293272733688
-0.0009742170805112
-0.0174464285373688
0.0007472880533896
-0.0498913116753101
0.0464548245072365
0.0519990250468254
-0.0330140143632889
-0.0316016860306263
0.0256906766444445
0.0472939647734165
-0.0007833861745894
-0.0282064825296402
-0.0380192399024963
0.0816322192549706
-0.0349038764834404
-0.0120865758508444
0.0741998404264450
-0.0206197816878557
-0.0486040301620960
0.0275389682501554
0.0165482927113771
-0.0152831664308906
0.0253704972565174
0.0783783197402954
