0.0517495237290859
0.0390501283109188
-0.0507761128246784
-0.0154162654653192
-0.0932049453258514
0.0051921200938523
-0.0616723187267780
0.0413571335375309
-0.0708812996745110
-0.0391975790262222
0.0777691155672073
0.0375051423907280
0.0516957566142082
0.0935811251401901
0.0866542607545853
0.0516268685460091
0.0132785318419337
-0.0563228391110897
-0.1146384552121162
-0.0379153490066528
-0.0685715675354004
0.0417433232069016
-0.0266136471182108
-0.0036483856383711
0.0690152496099472
0.1341051012277603
-0.0662902593612671
0.0870901867747307
0.0807572305202484
-0.1027966216206551
-0.0668504312634468
0.0901027023792267
-0.0694853067398071
-0.0733407735824585
0.0974295809864998
0.0681599527597427
-0.0375010073184967
-0.0025116642937064
0.0203864630311728
0.0493275709450245
-0.0776652544736862
0.0482081882655621
0.0978097915649414
0.0023714830167592
-0.1084419190883636
-0.0385819301009178
0.0618649572134018
0.0514730587601662
-0.1179374307394028
-0.0781969279050827
-0.0259674992412329
0.0358972959220409
0.0921948999166489
0.0203737355768681
0.0455742739140987
0.0980112254619598
0.0604696646332741
-0.0755057707428932
0.0092089874669909
-0.0868192389607430
0.0338442288339138
-0.0468149483203888
-0.0370091982185841
0.0720366016030312
-0.0537503026425838
0.0099461162462831
-0.0548288002610207
0.0054272264242172
-0.0669663622975349
-0.0410184375941753
0.0429197438061237
0.0010608874727041
-0.0673218145966530
0.1229703649878502
-0.0178369525820017
-0.0306147634983063
0.0666638091206551
-0.0943817347288132
0.0044147856533527
-0.0576562397181988
0.0562546998262405
-0.0155630763620138
0.0334394834935665
-0.0848043113946915
0.0223789867013693
0.0446478426456451
-0.0649639740586281
-0.0026664603501558
-0.0482016876339912
-0.0314163453876972
-0.0822999998927116
-0.0681007504463196
-0.0095061259344220
-0.1098304018378258
-0.0800168514251709
-0.0831160843372345
-0.0324365273118019
-0.0038243336603045
0.1027500182390213
0.0197002086788416
0.0621639937162399
0.0231194570660591
-0.0528488196432590
0.0675144642591476
0.0729943737387657
0.0657703801989555
0.0761387050151825
0.0699984952807426
0.0503922738134861
0.0388869531452656
0.0457139834761620
-0.0668837726116180
0.0802179053425789
0.0282015483826399
0.1193969771265984
-0.0675186514854431
0.0473767183721066
0.0319302491843700
-0.0460724271833897
-0.0589360445737839
-0.0634984374046326
-0.0795316547155380
-0.0922267884016037
-0.0319871641695499
0.0539742447435856
0.1176351308822632
-0.0755508616566658
-0.0261677913367748
0.0739049315452576
-0.0655647963285446
-0.0328335277736187
-0.0703899860382080
0.0105730881914496
-0.0112824914976954
-0.0403208993375301
-0.1120248362421989
0.0286209657788277
-0.0308991447091103
0.0494525358080864
0.0687372460961342
-0.0762595683336258
0.0149828465655446
0.0648964494466782
0.0391005165874958
0.0373315028846264
0.0438439399003983
-0.0816427171230316
-0.0494983233511448
-0.0442623235285282
0.0183309111744165
-0.0667691975831985
0.0699074193835258
0.0672553852200508
-0.0134197948500514
-0.0025290218181908
-0.0858861654996872
0.0514159575104713
-0.0829156339168549
-0.0177293196320534
0.0167753994464874
-0.0719169303774834
-0.0665160194039345
0.0556466951966286
0.0724047943949699
0.0558404102921486
0.0338460579514503
-0.1124045178294182
-0.0350824296474457
0.0167985782027245
-0.0540079399943352
-0.0712983533740044
0.0435671024024487
0.0296326950192451
-0.0164013318717480
-0.0799246057868004
-0.0750866755843163
0.0008624822366983
-0.1215815618634224
0.0501080863177776
0.0708215460181236
0.0500081628561020
0.1002309247851372
0.0967560783028603
-0.0999714359641075
-0.0765362083911896
0.0030958151910454
0.0693138241767883
0.0676193684339523
-0.0697015523910522
-0.0128602953627706
-0.0576966069638729
0.0630699917674065
-0.0561165921390057
-0.0175284948199987
-0.0477232858538628
0.0640511587262154
-0.0505570285022259
-0.0100386664271355
0.0781271979212761
-0.0699200332164764
-0.0658840015530586
0.1191847994923592
0.0528926588594913
-0.0103235673159361
-0.0481826104223728
-0.0784175619482994
-0.0371557511389256
-0.0489052124321461
-0.0631461739540100
-0.0624260306358337
0.0716205537319183
0.0870235636830330
-0.0761628672480583
0.0146312871947885
-0.0477732643485069
-0.0191466901451349
-0.0044134617783129
-0.0616070553660393
0.0904222279787064
0.0761759132146835
0.0610116086900234
0.0366076752543449
0.0730996578931808
-0.1092461496591568
-0.0674876719713211
-0.0859827548265457
0.0430968143045902
0.0159700680524111
-0.0515329539775848
-0.0408195480704308
-0.0513544976711273
-0.0638778731226921
0.0475067682564259
0.0064893080852926
0.0449639484286308
0.0245420914143324
-0.0487502627074718
-0.0703023001551628
0.1042624861001968
-0.0778726488351822
0.0980491042137146
0.0254653282463551
-0.0294415745884180
0.0017221801681444
0.0665119215846062
0.0176235791295767
0.0855801552534103
-0.0260110963135958
0.0610821619629860
0.0445738472044468
0.0958499535918236
-0.0802959948778152
-0.0541925095021725
0.0563221573829651
-0.0540428422391415
-0.0385890901088715
-0.0031681931577623
-0.0032302336767316
-0.1050536185503006
0.0524504110217094
0.0961555093526840
-0.1183169782161713
-0.0777049139142036
0.2086620032787323
0.0307605359703302
0.0600458309054375
-0.0182231031358242
0.0042967852205038
0.1300119608640671
0.0873363614082336
-0.1200962811708450
-0.0439813584089279
-0.3353552818298340
0.1312445700168610
0.1651119440793991
-0.2144614458084106
-0.0750367268919945
0.0350718982517719
0.0362772829830647
-0.0973595306277275
-0.1077592968940735
-0.0086978813633323
-0.2198393493890762
-0.2357454001903534
-0.0670286118984222
-0.0171312261372805
-0.0549323298037052
0.0263033658266068
-0.0339350849390030
-0.1098687052726746
-0.2175613790750504
0.0157718695700169
0.0668655484914780
-0.0723313689231873
0.0203801523894072
-0.1026280447840691
0.0402666516602039
0.1176861524581909
0.0012186978710815
-0.0029271808452904
-0.0056970342993736
-0.0251452419906855
0.1014029458165169
-0.3309245109558105
-0.1075250282883644
0.0540120601654053
-0.0134907783940434
0.0584676600992680
-0.1360896676778793
-0.0529590100049973
-0.0817943587899208
-0.2066404968500137
0.0998232141137123
0.1113983765244484
-0.0951934680342674
0.1429640352725983
0.0532062426209450
0.3568696975708008
0.0618447400629520
-0.1755407154560089
0.0506293736398220
-0.0506068617105484
0.0808036550879478
-0.0460514090955257
-0.0145373679697514
-0.0416470691561699
-0.0096299527212977
-0.0631417781114578
-0.0082099847495556
0.0395743064582348
0.0531221628189087
0.0252897180616856
0.0084893163293600
-0.0334852226078510
-0.0279518663883209
-0.0276299733668566
-0.0597653612494469
-0.0454135425388813
0.0232322551310062
-0.0248865522444248
-0.0452421978116035
-0.0406937971711159
0.0076963272877038
0.0335505567491055
-0.0425543300807476
0.0014918179949746
-0.0267250649631023
-0.1042586192488670
0.0193484965711832
-0.0326378829777241
0.0056786504574120
-0.0679337233304977
0.0391875691711903
-0.0438908450305462
-0.0107908314093947
0.0019415487768129
-0.0604425370693207
-0.0173233393579721
-0.0712991952896118
0.0543291680514812
0.0087413704022765
0.0333224534988403
0.0297571532428265
0.0297003835439682
-0.0513578355312347
0.0037148599512875
0.0628369823098183
-0.0923001915216446
-0.0244513340294361
0.0171891786158085
-0.0691656023263931
-0.0082546025514603
-0.0316770076751709
0.0145657928660512
-0.0091641899198294
0.0100110117346048
-0.0249189957976341
0.0620958581566811
0.0438831672072411
-0.0128158144652843
-0.0539541468024254
-0.0341703183948994
-0.0413865223526955
-0.0278927236795425
0.0414329841732979
-0.0273548103868961
0.0290564633905888
0.0188478473573923
-0.0147061161696911
-0.0539131946861744
-0.0595527552068233
0.0707165077328682
0.1017735227942467
0.0174065437167883
-0.0295165367424488
-0.0282730888575315
0.0328826718032360
-0.0456714145839214
-0.0082268165424466
0.0497054308652878
-0.0396904982626438
0.0125100379809737
-0.0383791588246822
0.0795105770230293
-0.0027482202276587
-0.0028095128946006
0.0507489740848541
-0.0065338248386979
-0.0049711549654603
0.1138630211353302
0.0296121612191200
0.0853926688432693
0.0916962698101997
-0.0102393338456750
0.0038556004874408
-0.0536270812153816
-0.0795223489403725
0.0140256173908710
0.0300666131079197
-0.0627012625336647
0.0125242983922362
-0.0455243252217770
-0.0402417816221714
0.0282052811235189
0.0057171816006303
0.0701282396912575
0.0669105201959610
0.0315870977938175
0.0810918807983398
0.0352812223136425
-0.0291295554488897
-0.0057023763656616
0.0251409057527781
-0.0134647581726313
0.0227913465350866
-0.0558729209005833
-0.0493028908967972
-0.0416832715272903
-0.0040116980671883
0.0043146288953722
-0.0359961465001106
-0.0162494126707315
-0.0788970887660980
-0.0654647722840309
0.0555409751832485
-0.0434644632041454
-0.0347484797239304
-0.0735090896487236
0.0645573362708092
-0.0291541777551174
-0.0830377563834190
-0.0157641097903252
-0.0373960621654987
-0.0346588753163815
-0.0389158017933369
0.0402446575462818
-0.0225191228091717
-0.0007451874553226
0.0386927053332329
0.0401829965412617
0.0083839753642678
-0.0534685365855694
-0.0196304339915514
-0.0983330532908440
-0.0687236264348030
0.0979814380407333
0.0013260414125398
0.0067318929359317
0.0054630045779049
0.0117931524291635
0.0425099842250347
-0.0311188939958811
0.0538352876901627
0.0114067262038589
0.0367070436477661
-0.0350048355758190
0.0274893194437027
0.0206936858594418
-0.0371810756623745
0.0165604855865240
0.0427752919495106
0.0170302428305149
-0.0082654170691967
0.0511005744338036
-0.0249599758535624
-0.0128702307119966
-0.0324431508779526
0.0699864774942398
0.0187903251498938
0.0133590996265411
-0.0182883609086275
-0.0779163017868996
0.0043863365426660
0.0211306884884834
-0.1226770877838135
-0.0093611832708120
0.1158545240759850
-0.0219422783702612
0.0060110860504210
0.0309982039034367
-0.0519827790558338
0.0325184054672718
0.0030614295974374
0.0401790179312229
-0.0147684449329972
-0.0147095788270235
0.1128819435834885
0.0388886183500290
-0.0139648076146841
-0.0289220735430717
0.0067039285786450
0.0152241159230471
0.0936467722058296
0.0341223366558552
-0.0249619018286467
-0.0919205024838448
-0.0614362321794033
0.0348818413913250
0.0312926732003689
-0.0488957017660141
0.0056718229316175
0.0356315374374390
-0.0461575984954834
0.0499360263347626
-0.0017840769141912
0.0177515149116516
0.0725628212094307
-0.0363212078809738
-0.0403609648346901
-0.0811319276690483
-0.0025482880882919
-0.0793509408831596
0.0586547106504440
-0.0513742677867413
-0.0565339997410774
-0.0572915263473988
-0.0023936824873090
-0.0025461551267654
-0.0406666882336140
0.0441378466784954
0.0104478644207120
-0.0731749907135963
0.0685559064149857
-0.0622096322476864
0.0738561153411865
0.0475265495479107
-0.0226617176085711
0.0493033677339554
0.0323461368680000
-0.0652159675955772
0.0190290585160255
0.0040451097302139
-0.0317900963127613
-0.0257965661585331
-0.0477593764662743
0.0160064045339823
-0.0204709675163031
-0.0235667098313570
0.0918112695217133
-0.0210427045822144
0.0851272642612457
0.0117843272164464
0.0412806421518326
0.0250136796385050
-0.0125405844300985
-0.0817287787795067
0.0059460615739226
-0.0348823517560959
-0.0573190674185753
-0.0205560736358166
-0.0058332639746368
-0.0168682690709829
-0.0144624896347523
-0.0702441856265068
0.0013060024939477
-0.0658380240201950
-0.1096684485673904
0.0010651116026565
0.0341297499835491
-0.0280575156211853
0.0073526441119611
-0.0443702042102814
0.0328816324472427
0.0222995486110449
0.0560298860073090
0.0127593670040369
-0.0423231013119221
0.0683300793170929
-0.0537831522524357
-0.0349511131644249
0.0243069715797901
0.0704224109649658
0.0197257660329342
0.0414302051067352
-0.0153160151094198
-0.0263564307242632
-0.0079767294228077
0.0168207325041294
-0.0584901496767998
0.0558383539319038
0.0692876502871513
-0.0362609140574932
-0.0053903395310044
-0.0180395077914000
-0.0038918524514884
-0.0658596530556679
-0.0414517112076283
-0.0535811148583889
-0.0335936434566975
-0.0167616400867701
-0.0032020239159465
-0.0667303204536438
0.0082026943564415
0.0370188318192959
0.0009385724551976
-0.1000915542244911
0.0150145497173071
-0.0543116033077240
-0.0489965789020061
0.0615493990480900
-0.0262244567275047
0.0579045191407204
0.0346637964248657
0.0168758984655142
-0.0562244839966297
-0.0008184427279048
-0.0513494089245796
-0.0594183951616287
-0.0289522707462311
-0.0557586401700974
0.0139394737780094
0.0344512239098549
-0.0010088217677549
-0.0034017881844193
-0.0392730422317982
0.0220856051892042
-0.0541956424713135
0.1070730090141296
0.0316326096653938
-0.0352127887308598
-0.0205199960619211
-0.0141912344843149
-0.0348937474191189
-0.0315576605498791
0.0146378520876169
-0.0122061893343925
0.0171893071383238
-0.0558166354894638
0.0531426146626472
-0.0078682294115424
0.0482229739427567
-0.0570003092288971
0.0232495386153460
0.0132949035614729
0.0165042188018560
-0.0903696566820145
0.0233601257205009
-0.0316795408725739
-0.0201857704669237
0.0158110447227955
0.0037265394348651
0.0022045786026865
0.0256911609321833
-0.0453481636941433
0.0535817332565784
0.0130614349618554
0.0892114415764809
0.0194286014884710
-0.0492293126881123
0.0335563495755196
-0.0807757079601288
0.0536404810845852
0.0550286769866943
-0.0625863969326019
-0.0433522015810013
-0.0156046347692609
-0.0498227663338184
0.0513058751821518
0.0097236391156912
0.0243774056434631
-0.0399541258811951
0.0984189808368683
-0.0994558781385422
0.0461374670267105
0.0076190652325749
0.0884431302547455
0.0409296229481697
-0.0064471187070012
-0.0319701582193375
0.0432708002626896
0.0767827332019806
-0.0009337118826807
-0.0743346884846687
0.0169664509594440
0.0732889622449875
0.0096218483522534
-0.0284302383661270
0.0342106521129608
0.0262353383004665
0.0417126342654228
-0.0184524115175009
0.0556332282721996
0.0491388030350208
0.0714012160897255
-0.0335276983678341
-0.0075663984753191
-0.0128032946959138
0.0263601858168840
0.0142807979136705
-0.0432632490992546
0.0300170239061117
0.0278023704886436
-0.0157766547054052
-0.0579185672104359
0.0012454899260774
0.0620624534785748
-0.0452474579215050
0.0062360032461584
-0.0614478737115860
0.0015806797891855
-0.0532318167388439
-0.0973926931619644
0.0151461735367775
0.0277185011655092
0.0138235120102763
-0.0464939847588539
0.0571174882352352
-0.0528829656541348
-0.0299908183515072
-0.0007098208297975
0.0331194885075092
-0.0388163551688194
-0.0440410450100899
0.0116275036707520
-0.0480436272919178
0.0423750430345535
0.0091487141326070
-0.0036162671167403
-0.0247153975069523
-0.0605525486171246
-0.0085600567981601
0.0351115316152573
0.0544592142105103
-0.0294302050024271
0.0281308479607105
0.0174558572471142
-0.0471866056323051
-0.0243105255067348
0.0762187913060188
0.0073815756477416
0.0305779781192541
-0.0197859499603510
-0.0026162290014327
0.0512404777109623
0.0084881735965610
0.0648036152124405
0.0593157522380352
0.0300278682261705
-0.0011728196404874
0.0066329035907984
-0.0398965477943420
-0.0572038926184177
-0.0531593970954418
0.0295161902904510
-0.0143169164657593
0.0352692417800426
-0.0324614122509956
-0.0638690218329430
0.1056570708751678
0.0563114248216152
-0.0371043719351292
0.0410878472030163
0.0330451689660549
0.0012027625925839
0.0428877137601376
-0.0369671694934368
-0.0201407335698605
0.0259010624140501
0.0513485595583916
0.0410437583923340
0.0421928241848946
0.0364993400871754
-0.0316095612943172
0.0059620980173349
-0.0007800534949638
-0.0621502734720707
0.0283525828272104
-0.0271465983241796
0.0475965738296509
-0.0262422729283571
-0.0469144694507122
0.0421175062656403
-0.0267865825444460
-0.0754560604691505
-0.0220937114208937
-0.0122745009139180
-0.0049018375575542
0.0406191051006317
-0.0196031779050827
-0.0771481767296791
-0.0231697000563145
0.0302082933485508
0.0207922998815775
0.0733700692653656
0.0175802465528250
0.0004802242910955
0.0279066003859043
0.0323238894343376
-0.0376753397285938
0.0317766889929771
-0.0181225705891848
0.0161300580948591
-0.0574843697249889
0.0085367104038596
0.0827964544296265
0.0025486822705716
-0.0107924537733197
0.0836402103304863
-0.0208088904619217
-0.0399548374116421
0.0256038177758455
-0.0007162018446252
0.0602157339453697
0.0213580336421728
0.0311245657503605
-0.0284253805875778
-0.0277805514633656
0.0349255017936230
-0.0188320409506559
0.0328424610197544
0.0191754065454006
-0.0389308966696262
