-4.685966763645410538e-03
2.289188094437122345e-03
1.453946530818939209e-02
-1.202883571386337280e-01
-2.437091805040836334e-02
-1.158893108367919922e-01
-2.602643147110939026e-02
-1.591641642153263092e-02
-1.018086075782775879e-01
-1.671756431460380554e-02
-2.346753841266036034e-03
-1.022365503013134003e-02
-2.884542569518089294e-02
-4.848840832710266113e-02
-3.516096621751785278e-02
-3.470293805003166199e-02
-7.654569577425718307e-03
-5.528403911739587784e-03
-2.346622347831726074e-01
1.348128914833068848e-02
-3.707406111061573029e-03
5.163957178592681885e-02
-3.754613548517227173e-02
-6.236045155674219131e-03
-7.455541286617517471e-03
2.083642594516277313e-02
1.200538873672485352e-01
5.969389528036117554e-02
1.472794730216264725e-02
2.668923512101173401e-02
-1.051241755485534668e-01
-3.688376164063811302e-03
-5.700637586414813995e-03
1.547356601804494858e-02
-2.114590071141719818e-02
-2.535291248932480812e-03
2.877880074083805084e-02
1.887536980211734772e-02
-1.880619488656520844e-02
1.580696739256381989e-02
3.221373306587338448e-03
-5.132996942847967148e-03
2.146978490054607391e-02
2.649567835032939911e-02
1.411218428984284401e-03
2.884792909026145935e-02
-1.500591821968555450e-02
1.845644228160381317e-02
4.897324368357658386e-02
1.502826716750860214e-02
6.883576512336730957e-03
5.365121737122535706e-02
-4.838640987873077393e-02
4.469755291938781738e-02
2.325927838683128357e-02
1.752535812556743622e-02
-1.331373024731874466e-02
-7.952362298965454102e-03
7.566980272531509399e-02
-2.066632360219955444e-01
2.877539023756980896e-02
9.289526380598545074e-03
1.523132622241973877e-02
-6.321911513805389404e-02
-2.224370092153549194e-02
-5.852605029940605164e-02
-2.591193653643131256e-02
1.473535224795341492e-02
-1.823998615145683289e-02
7.150922715663909912e-02
-2.763938531279563904e-02
-2.632064186036586761e-02
9.171280264854431152e-02
5.925712361931800842e-02
1.800781488418579102e-02
-4.882125183939933777e-02
-8.839334547519683838e-02
-1.986267976462841034e-02
7.356010843068361282e-03
9.596539288759231567e-02
-2.618612162768840790e-02
-3.079510107636451721e-02
1.682044938206672668e-02
-2.314077923074364662e-03
-1.250498443841934204e-01
6.793172564357519150e-03
2.731616981327533722e-02
-2.496133558452129364e-02
-9.514920413494110107e-03
2.556217461824417114e-02
7.289171963930130005e-02
6.959607126191258430e-04
-1.271734666079282761e-02
2.231641486287117004e-02
-4.868980962783098221e-03
-4.176140576601028442e-02
9.598111733794212341e-03
3.568306937813758850e-02
1.508524827659130096e-02
-6.543787196278572083e-03
-1.306890137493610382e-02
-8.269941806793212891e-02
-6.748398300260305405e-03
1.531417598016560078e-03
5.269103217869997025e-03
2.811363153159618378e-02
-2.598637156188488007e-02
2.432754822075366974e-02
-1.723435334861278534e-02
5.194522440433502197e-03
-1.007822528481483459e-02
1.425682567059993744e-03
2.021786570549011230e-02
-3.448522835969924927e-02
-1.400292292237281799e-02
2.330215461552143097e-02
-1.088603809475898743e-01
1.674524135887622833e-02
-1.408905955031514168e-03
-1.265478041023015976e-02
7.027279585599899292e-03
-1.470917835831642151e-02
3.878189250826835632e-02
-1.163284527137875557e-03
2.176370620727539062e-01
-4.489032551646232605e-03
1.481861807405948639e-02
1.150322332978248596e-02
1.655299216508865356e-02
-3.420632332563400269e-02
8.938367664813995361e-02
1.094776857644319534e-02
-1.425369363278150558e-02
7.506233174353837967e-03
2.173512987792491913e-02
2.976075746119022369e-02
1.769114285707473755e-02
2.670761942863464355e-02
9.685929864645004272e-02
-1.765906997025012970e-02
1.694127023220062256e-01
2.442381344735622406e-02
-1.131183095276355743e-02
2.873035520315170288e-02
-3.692825138568878174e-02
-1.556570380926132202e-01
-1.016803551465272903e-02
-1.708916272036731243e-03
1.807326637208461761e-02
2.256309241056442261e-02
-1.899311318993568420e-02
-2.732232958078384399e-02
-2.981027029454708099e-02
-2.026983303949236870e-03
-7.144732866436243057e-03
7.133745122700929642e-03
-3.897882765159010887e-03
1.102586835622787476e-02
3.941256552934646606e-02
7.410734891891479492e-02
-4.891087859869003296e-02
3.067637421190738678e-02
-1.658955775201320648e-02
-9.446077980101108551e-03
-1.728139072656631470e-02
8.868813514709472656e-03
-3.445079922676086426e-02
-1.983886770904064178e-02
1.260873395949602127e-02
8.785204589366912842e-02
-3.171861916780471802e-02
2.293847687542438507e-02
3.728172276169061661e-03
7.368893828243017197e-03
-1.085522864013910294e-02
8.430760353803634644e-03
2.807974815368652344e-02
-1.345630828291177750e-02
3.132533282041549683e-02
2.243009768426418304e-02
-5.008124560117721558e-02
-1.545375958085060120e-02
4.384530708193778992e-02
-3.663572715595364571e-03
-2.762329205870628357e-02
7.923986762762069702e-02
-3.400800526142120361e-01
-1.988308876752853394e-02
-3.288625553250312805e-02
5.471626669168472290e-02
-1.087416545487940311e-03
-6.326468661427497864e-03
8.323769085109233856e-03
1.980601809918880463e-03
-1.033756043761968613e-02
-2.255298430100083351e-03
9.552349150180816650e-02
-1.399827841669321060e-02
1.524766627699136734e-02
1.537244068458676338e-03
2.661471627652645111e-02
-3.382474882528185844e-03
-3.409948348999023438e-01
5.263690650463104248e-02
-4.590938985347747803e-02
-3.653185814619064331e-02
8.970103226602077484e-03
-4.273589700460433960e-02
8.773468434810638428e-03
-9.951287880539894104e-03
-1.292086020112037659e-02
1.918737404048442841e-02
-1.630481891334056854e-02
-3.794308518990874290e-03
1.514808833599090576e-02
8.230824768543243408e-02
3.993339370936155319e-03
-1.519434992223978043e-02
-8.831605315208435059e-03
3.078561089932918549e-02
2.911761961877346039e-02
-4.449201226234436035e-01
-1.375483116135001183e-03
8.857250213623046875e-03
1.614602841436862946e-02
4.623754881322383881e-03
1.477776747196912766e-02
-8.123350888490676880e-02
3.747416660189628601e-02
-5.478970333933830261e-02
-9.715716354548931122e-03
-8.738305419683456421e-02
6.402181088924407959e-02
-1.901637203991413116e-02
1.139340326189994812e-01
-1.246385741978883743e-02
-3.344530705362558365e-03
-5.935508757829666138e-03
6.632917793467640877e-04
-2.366320788860321045e-02
6.515936926007270813e-03
3.856647014617919922e-02
1.338641941547393799e-01
2.478764392435550690e-03
6.325321737676858902e-03
2.675269730389118195e-02
5.055038630962371826e-02
-4.746399074792861938e-02
9.029801003634929657e-03
-4.123682156205177307e-02
2.994617447257041931e-02
-1.903276890516281128e-02
8.508531376719474792e-03
2.547137252986431122e-02
-9.730024263262748718e-03
-2.815897390246391296e-02
1.204626932740211487e-01
5.544635280966758728e-02
4.774248518515378237e-04
3.984488919377326965e-02
2.923546172678470612e-02
1.394359674304723740e-02
-6.837785243988037109e-02
-8.465822786092758179e-02
2.689701691269874573e-02
-1.032852195203304291e-02
6.851703394204378128e-03
1.486849039793014526e-01
1.241626683622598648e-02
-3.856379538774490356e-02
-1.600243709981441498e-02
-2.764647454023361206e-02
-7.157626003026962280e-02
3.875997290015220642e-02
4.560693353414535522e-02
-5.412023887038230896e-02
9.565316140651702881e-02
6.020316481590270996e-02
-4.206501692533493042e-02
6.389427930116653442e-02
6.463985145092010498e-02
4.582501482218503952e-03
1.430701650679111481e-02
-4.548511002212762833e-03
-3.876854479312896729e-02
7.276362739503383636e-03
-4.365059360861778259e-02
2.244755439460277557e-02
-2.804425358772277832e-02
5.631473381072282791e-03
-6.955678761005401611e-02
-3.708205372095108032e-02
2.223317511379718781e-02
4.937995970249176025e-02
-7.246435433626174927e-02
-3.650866821408271790e-02
-3.501378744840621948e-02
7.278144359588623047e-02
-4.711038619279861450e-02
4.874423518776893616e-02
-7.240732759237289429e-02
-1.683278195559978485e-02
9.015363454818725586e-01
4.122579842805862427e-02
4.189582169055938721e-02
-4.910003393888473511e-02
3.350153565406799316e-02
7.653670012950897217e-02
4.597920179367065430e-02
4.553559701889753342e-03
-1.544359326362609863e-02
-1.410357356071472168e-01
-1.239494383335113525e-01
2.351913228631019592e-02
-7.267001084983348846e-03
7.982700318098068237e-02
3.769159317016601562e-03
1.589274266734719276e-03
-7.382307667285203934e-03
-1.244680117815732956e-02
2.336757443845272064e-02
1.960877329111099243e-02
-9.861891157925128937e-03
3.409970924258232117e-02
-3.398913145065307617e-02
1.117072626948356628e-02
-1.412364933639764786e-02
1.974227838218212128e-02
1.665082201361656189e-02
1.724217087030410767e-02
-4.082671180367469788e-02
-7.169450819492340088e-02
4.199932329356670380e-03
-3.776326030492782593e-02
-7.880302146077156067e-03
2.853418886661529541e-02
1.206824439577758312e-03
-5.881231278181076050e-03
-6.601189728826284409e-03
-2.286455966532230377e-02
-2.479216270148754120e-02
-1.477607991546392441e-02
-4.514648020267486572e-02
2.007156796753406525e-02
-3.231327980756759644e-02
-5.544732511043548584e-02
-5.687808152288198471e-03
-9.309714660048484802e-03
2.248320728540420532e-02
1.325039099901914597e-02
1.209599226713180542e-01
-6.646554172039031982e-02
-6.816843058913946152e-03
2.215136215090751648e-02
-2.755757048726081848e-02
-1.309967320412397385e-02
-6.139296665787696838e-02
6.616181135177612305e-02
-4.035753011703491211e-02
3.192152455449104309e-02
2.091109938919544220e-02
1.760469563305377960e-02
-2.471725083887577057e-02
-6.123868003487586975e-02
-2.124106138944625854e-02
-4.507650062441825867e-02
-3.312299028038978577e-02
3.431388735771179199e-02
-1.167461369186639786e-02
2.192096970975399017e-02
4.683790262788534164e-03
8.930153399705886841e-02
1.877324469387531281e-02
-1.421965472400188446e-02
-4.412291105836629868e-03
-3.447126597166061401e-02
-4.562843590974807739e-02
-8.313226513564586639e-03
4.224587976932525635e-02
8.321622386574745178e-03
-3.354587033390998840e-02
-2.748497063294053078e-03
5.397878959774971008e-02
-1.686745323240756989e-02
4.821661114692687988e-02
5.541183520108461380e-03
-3.242787718772888184e-02
-1.389788091182708740e-02
1.078459434211254120e-02
-8.636023849248886108e-02
4.943631216883659363e-02
8.069050498306751251e-03
-4.451614990830421448e-02
-4.043551161885261536e-02
-4.324116185307502747e-02
-1.706622308120131493e-03
-2.065230719745159149e-02
2.704817801713943481e-02
-1.503385324031114578e-02
1.873998157680034637e-02
7.372965570539236069e-03
8.150160312652587891e-02
-1.113111004233360291e-01
-3.558221214916557074e-04
5.941549316048622131e-02
-9.172854945063591003e-03
-9.273936739191412926e-04
-1.673846319317817688e-02
6.777612026780843735e-03
-2.072144066914916039e-03
-7.489134371280670166e-02
-6.542817223817110062e-03
2.195964567363262177e-02
3.937359433621168137e-03
-4.285237938165664673e-02
4.263101890683174133e-02
-3.323668241500854492e-02
-2.535286545753479004e-02
1.100528240203857422e-01
-1.553710456937551498e-02
2.227735146880149841e-02
-4.052909836173057556e-02
2.242871373891830444e-02
-3.640141338109970093e-02
5.166329070925712585e-02
-4.021672904491424561e-02
9.480252861976623535e-03
-1.948998891748487949e-03
8.801740407943725586e-02
1.327275298535823822e-02
3.992674406617879868e-03
8.458345546387135983e-04
2.199340984225273132e-02
-9.258432313799858093e-03
7.845539599657058716e-03
6.477231625467538834e-03
-1.764555834233760834e-02
-1.227073953486979008e-03
-1.278610154986381531e-02
-5.835083127021789551e-02
4.042159300297498703e-03
1.194443088024854660e-02
-2.252158150076866150e-02
8.866281807422637939e-02
-5.238799378275871277e-02
-2.617429569363594055e-02
3.391285426914691925e-03
-1.379179954528808594e-01
-6.528203934431076050e-02
-2.114871144294738770e-02
-1.873839087784290314e-02
-2.060302533209323883e-02
-1.942581124603748322e-02
1.115348283201456070e-02
5.139937624335289001e-03
-3.246366977691650391e-02
2.169062790926545858e-04
2.353865653276443481e-02
-2.025830931961536407e-02
4.661311954259872437e-02
-2.554450184106826782e-02
5.435560364276170731e-03
1.982781663537025452e-02
5.673389509320259094e-02
5.560972727835178375e-03
1.260992977768182755e-02
6.530789192765951157e-03
-2.105259709060192108e-02
-1.590803381986916065e-03
-3.306486085057258606e-02
1.986869424581527710e-02
-3.556351736187934875e-02
1.408354379236698151e-02
1.313263271003961563e-02
-2.884227409958839417e-02
2.114761434495449066e-02
1.964685320854187012e-02
-1.774050481617450714e-02
5.551860667765140533e-03
-7.656124979257583618e-02
2.525186631828546524e-03
-2.118127979338169098e-02
-7.206247001886367798e-02
-4.008236154913902283e-02
5.421640723943710327e-02
-1.833973638713359833e-02
-3.759079053997993469e-02
4.862137883901596069e-02
-3.935481235384941101e-02
-2.327526919543743134e-02
3.733704797923564911e-03
1.837382442317903042e-03
-5.002382770180702209e-02
-2.648781239986419678e-02
3.911022841930389404e-02
1.518309954553842545e-02
7.365728728473186493e-03
7.149273902177810669e-02
4.627693444490432739e-02
-1.027872227132320404e-02
-2.693838998675346375e-02
-1.388083212077617645e-02
2.837339416146278381e-03
7.707038521766662598e-02
2.467471919953823090e-02
-2.702103368937969208e-02
-1.467814017087221146e-02
-3.550817072391510010e-02
-2.439715713262557983e-02
-5.501807853579521179e-02
1.223747432231903076e-02
-1.541483867913484573e-02
3.758960589766502380e-02
-5.819138512015342712e-02
4.451564513146877289e-03
4.724190011620521545e-02
2.063623443245887756e-02
3.186107054352760315e-02
6.046738848090171814e-02
2.608911320567131042e-02
-2.576404996216297150e-02
7.918758690357208252e-02
1.446390151977539062e-02
1.427820697426795959e-02
5.575223639607429504e-02
-5.231384187936782837e-02
-2.577179670333862305e-02
-2.979526109993457794e-02
1.045899912714958191e-01
8.703672327101230621e-03
-1.981152966618537903e-02
2.427596040070056915e-02
1.005914062261581421e-01
-1.481043826788663864e-02
5.925531312823295593e-02
-4.147372394800186157e-02
-2.750838175415992737e-02
2.041880600154399872e-02
1.619470678269863129e-02
-1.605825964361429214e-04
2.014555782079696655e-02
-1.910725980997085571e-02
5.464339163154363632e-03
4.134626686573028564e-02
7.446778565645217896e-02
4.828356951475143433e-02
-1.606112532317638397e-02
-3.112368099391460419e-02
3.410398215055465698e-02
-5.010246485471725464e-02
-4.782671574503183365e-03
4.338349029421806335e-02
1.817819289863109589e-02
-9.142464026808738708e-03
-2.283773571252822876e-02
-2.882895991206169128e-02
-4.336753115057945251e-02
3.065251372754573822e-02
2.526570297777652740e-02
-2.931131049990653992e-02
-4.807082191109657288e-02
-1.291588181629776955e-03
-1.102390885353088379e-02
-1.077804993838071823e-02
-1.681486517190933228e-02
7.479132711887359619e-02
-4.556934814900159836e-03
-1.874993182718753815e-02
2.438990958034992218e-02
-4.148135334253311157e-02
-7.640085648745298386e-03
-3.520582243800163269e-02
2.513126470148563385e-02
-3.163637593388557434e-02
8.787429332733154297e-02
-4.668064787983894348e-02
6.371061503887176514e-02
1.046134158968925476e-03
1.534559950232505798e-02
-3.715875744819641113e-02
7.111660391092300415e-02
3.131517395377159119e-02
-3.872908186167478561e-03
3.312395140528678894e-02
5.458968505263328552e-02
4.158043116331100464e-02
-6.079985760152339935e-03
-2.983510307967662811e-02
2.058049850165843964e-02
7.065135054290294647e-03
4.134883359074592590e-02
-1.644751988351345062e-02
-6.292002275586128235e-03
9.526317939162254333e-03
1.164320856332778931e-01
8.468671888113021851e-02
-4.671458899974822998e-02
7.007820159196853638e-02
-1.896364986896514893e-02
-4.232245497405529022e-03
-4.076833277940750122e-02
5.785715952515602112e-02
8.518013637512922287e-04
5.091721192002296448e-02
4.801789298653602600e-02
-1.125842146575450897e-02
-6.430598907172679901e-03
-1.928039081394672394e-02
1.667213067412376404e-02
5.456970259547233582e-02
-3.563987463712692261e-02
4.433503746986389160e-02
-1.007069833576679230e-03
-3.615472931414842606e-03
-2.373506873846054077e-01
-5.420249700546264648e-02
-9.203205257654190063e-02
-1.434405567124485970e-03
-3.123006783425807953e-03
5.828744173049926758e-02
3.072942979633808136e-02
3.201535716652870178e-02
6.115511525422334671e-03
-3.112458810210227966e-02
-4.422699660062789917e-02
2.808455191552639008e-02
1.441009063273668289e-02
-6.917765736579895020e-02
5.772127211093902588e-02
-1.966006681323051453e-02
-3.356548398733139038e-02
-7.032000273466110229e-02
4.483527317643165588e-02
-3.210357204079627991e-02
6.371542066335678101e-02
8.140888065099716187e-03
4.583254083991050720e-02
4.161187633872032166e-02
-7.197040133178234100e-03
1.194832846522331238e-02
-6.417629867792129517e-02
-1.736166886985301971e-02
-2.743907738476991653e-03
5.851391702890396118e-03
-3.543840348720550537e-02
3.287366777658462524e-02
-5.104964971542358398e-02
-8.109777420759201050e-02
5.280806124210357666e-02
-3.522966057062149048e-02
-1.034194324165582657e-02
-3.588270395994186401e-02
-4.011129494756460190e-03
-1.561064645648002625e-02
-4.059392586350440979e-02
-2.593212760984897614e-02
6.713940203189849854e-02
2.551195770502090454e-02
3.685355931520462036e-02
-9.674004465341567993e-02
8.098611235618591309e-02
-7.558542490005493164e-02
-8.361354470252990723e-03
3.505780175328254700e-02
2.278248546645045280e-03
2.152440883219242096e-02
-4.098004661500453949e-03
-4.752003028988838196e-02
3.161441907286643982e-02
2.937889099121093750e-02
-2.025482477620244026e-03
-1.182849332690238953e-02
-1.108011044561862946e-02
-4.991987720131874084e-03
1.704253815114498138e-02
-4.558762162923812866e-02
-1.846618205308914185e-02
7.367916405200958252e-03
3.801616653800010681e-02
3.344248607754707336e-02
2.584005123935639858e-04
-1.799659687094390392e-03
2.052062423899769783e-03
-6.545552611351013184e-02
-3.632325306534767151e-02
-4.068185016512870789e-02
-5.334420502185821533e-02
-2.133499598130583763e-03
1.199543196707963943e-02
2.127694338560104370e-02
-1.198248937726020813e-02
4.953158786520361900e-04
-5.951619707047939301e-03
-6.136488635092973709e-03
-7.226163148880004883e-02
-1.034810920828022063e-04
-2.101131528615951538e-02
2.394094876945018768e-02
-1.270067039877176285e-02
6.507817655801773071e-02
-5.581477284431457520e-02
-1.114562503062188625e-03
6.864266842603683472e-02
1.728697493672370911e-02
-6.378936022520065308e-02
1.265344209969043732e-02
3.296275809407234192e-02
-2.299359887838363647e-01
-1.036693062633275986e-02
-3.492167592048645020e-02
-5.134750902652740479e-02
1.604228094220161438e-02
-3.998789563775062561e-02
4.853889346122741699e-02
2.262906916439533234e-02
-4.577883519232273102e-03
-2.969928551465272903e-03
1.024965122342109680e-01
-1.234043687582015991e-01
8.351389318704605103e-03
2.405287697911262512e-02
1.174128353595733643e-01
9.231220185756683350e-02
3.342380747199058533e-02
-2.064015343785285950e-02
-1.973373256623744965e-02
-5.293364822864532471e-02
1.502470485866069794e-02
5.341406445950269699e-03
9.415429830551147461e-02
5.342669785022735596e-02
2.852743119001388550e-02
5.208251997828483582e-03
-2.507974207401275635e-02
2.306839684024453163e-03
3.519394621253013611e-02
4.697217140346765518e-03
1.458845287561416626e-02
1.197805851697921753e-01
-3.065340779721736908e-02
1.193132158368825912e-02
-9.890725836157798767e-03
6.347355432808399200e-03
-7.693570107221603394e-03
-9.542561136186122894e-03
-2.586432546377182007e-02
-5.507245659828186035e-02
2.647254802286624908e-02
1.845106855034828186e-02
3.516998887062072754e-02
4.871248453855514526e-02
7.056466490030288696e-02
-3.767870599403977394e-03
4.024914652109146118e-02
4.221686627715826035e-03
-1.347270607948303223e-01
5.694112740457057953e-03
-3.123274073004722595e-02
-7.121497392654418945e-02
-4.087649285793304443e-03
-3.615513071417808533e-02
-1.035348325967788696e-01
-1.807027123868465424e-02
-2.305248752236366272e-02
6.944857537746429443e-02
-6.250195205211639404e-02
-3.598691150546073914e-02
-3.187221661210060120e-02
-1.379357557743787766e-02
2.123350799083709717e-01
-1.282814238220453262e-02
2.194804139435291290e-03
-2.174795046448707581e-02
8.113547414541244507e-02
-2.563128247857093811e-02
-5.200318247079849243e-02
1.100693270564079285e-02
-2.392572164535522461e-02
6.568679958581924438e-02
-3.039058670401573181e-02
-2.721539698541164398e-03
3.419407829642295837e-02
-1.198249235749244690e-01
2.408092468976974487e-02
-1.189706251025199890e-01
3.783693909645080566e-02
4.852171521633863449e-03
-4.075029492378234863e-02
-7.306178100407123566e-03
-1.124844886362552643e-02
2.535877749323844910e-02
8.178173564374446869e-03
-5.619479343295097351e-03
-1.461773272603750229e-02
-6.787951104342937469e-03
5.298028513789176941e-02
-4.679249133914709091e-03
1.114245038479566574e-02
2.996061928570270538e-03
8.658672682940959930e-03
-2.076105959713459015e-02
-2.347612753510475159e-02
1.473077572882175446e-03
2.432591840624809265e-02
5.900043994188308716e-02
1.249082852154970169e-02
-6.319553591310977936e-03
8.713650517165660858e-03
-1.820394210517406464e-02
6.202013697475194931e-03
-3.484900668263435364e-02
-1.570165716111660004e-02
9.875863790512084961e-02
-2.605486474931240082e-02
1.256581582129001617e-02
-7.901564240455627441e-03
8.418455719947814941e-03
-3.763798624277114868e-02
2.794136060401797295e-03
-3.558260947465896606e-02
2.325754985213279724e-02
-9.523298591375350952e-03
2.957415021955966949e-02
1.581592112779617310e-01
-3.078569099307060242e-02
-2.811607439070940018e-03
2.410494349896907806e-02
-8.982121944427490234e-03
-2.483895514160394669e-03
2.318559959530830383e-02
-1.521812286227941513e-02
-4.386739805340766907e-03
