0.0941356867551804
0.0334234982728958
-0.0552221275866032
-0.0040486678481102
-0.0732725411653519
-0.0318517982959747
-0.0576055273413658
0.0135370399802923
-0.0064524044282734
-0.0144651932641864
0.0730525180697441
0.0248031094670296
0.0772249847650528
0.1254718601703644
0.0348765216767788
0.0359331034123898
-0.0044441432692111
-0.0755418613553047
-0.0509643815457821
-0.0371870808303356
-0.0663326531648636
0.0687077865004539
-0.0406699106097221
0.0229201037436724
0.0579611994326115
0.0733508840203285
-0.0534926429390907
0.1222922652959824
0.0551012009382248
-0.1003655046224594
-0.0748647600412369
0.1299749165773392
-0.0696456357836723
-0.0641838684678078
0.1122576370835304
0.0456651002168655
-0.0114357555285096
-0.0243907477706671
0.0520335733890533
0.0274985004216433
-0.0793563574552536
0.0524517484009266
0.1057056114077568
0.0331567861139774
-0.0612732246518135
-0.0296176709234715
0.0029059201478958
0.0075905299745500
-0.0696008354425430
-0.0422314815223217
-0.0285699330270290
0.0417187958955765
0.0882140174508095
-0.0220052283257246
0.0690618157386780
0.0649956092238426
-0.0111795663833618
-0.0935599803924561
0.0396892502903938
-0.0946876928210258
0.0367743000388145
-0.0449367761611938
-0.0123300412669778
0.0654278621077538
-0.0215875655412674
-0.0625642836093903
-0.0702282711863518
-0.0110585037618876
-0.0071923159994185
-0.0592985302209854
0.0552973859012127
0.0252500101923943
-0.0873035639524460
0.1142895296216011
-0.0127363456413150
-0.0171110257506371
0.0817523226141930
-0.1247843429446220
0.0216708481311798
-0.0614162236452103
0.0380552746355534
-0.0151682328432798
0.0286167748272419
-0.1083591058850288
0.0313681997358799
0.0608813948929310
-0.0564547590911388
-0.0161617211997509
-0.0451279617846012
-0.0849193707108498
-0.0277557689696550
-0.0899960771203041
-0.0216294527053833
-0.1173706725239754
-0.0409117005765438
-0.1121259704232216
-0.0632100701332092
0.0201263315975666
0.0944826602935791
0.0172513704746962
0.0642771348357201
0.0515643768012524
-0.0824260860681534
0.0265287607908249
0.0994506552815437
0.0604138299822807
0.0292865578085184
0.0684459879994392
0.0303038246929646
0.0879405885934830
0.0565460585057735
-0.0363682322204113
0.0855337679386139
0.0792487189173698
0.0800986886024475
-0.0117766940966249
0.0425994731485844
0.0277296416461468
-0.0559370592236519
-0.0779755339026451
-0.0800513699650764
-0.0819472670555115
-0.0752435773611069
-0.0588039159774780
0.0138990720734000
0.1593824476003647
-0.0377034880220890
0.0055987988598645
0.0619327574968338
-0.0475447289645672
-0.0252287164330482
-0.0475968085229397
0.0556320734322071
-0.0095821823924780
-0.0199540425091982
-0.1323587447404861
-0.0001922834489960
-0.0517681539058685
0.0270382668823004
0.0769829005002975
-0.0745836049318314
0.0124332383275032
0.0247820168733597
0.0238802172243595
0.0217509772628546
0.0388707071542740
-0.0840143710374832
0.0030226265080273
-0.0367097556591034
0.0178137533366680
-0.0697080492973328
0.0693641304969788
0.0699768438935280
-0.0627950876951218
0.0057691205292940
-0.0355097465217113
0.0301776956766844
-0.0593204051256180
0.0031677400693297
-0.0314191021025181
-0.0775735825300217
-0.0343873873353004
0.0929600596427917
0.0592505522072315
0.0767748728394508
-0.0102138929069042
-0.0913361907005310
-0.0090741720050573
0.0038621893618256
-0.0411334745585918
-0.0891017168760300
0.0236882120370865
0.0178668834269047
-0.0258629657328129
-0.0535341836512089
-0.0573841743171215
-0.0459363237023354
-0.1067172065377235
0.0762443691492081
0.0792231112718582
0.0121348770335317
0.1063262969255447
0.0744063407182693
-0.1013853028416634
-0.0534429699182510
0.0089463591575623
0.0397685952484608
0.0690769031643867
-0.0546825081110001
-0.0149652604013681
-0.0478258132934570
0.0512140989303589
-0.0193133652210236
-0.0297626499086618
-0.0809071063995361
0.0335169099271297
-0.0439281612634659
0.0055147767998278
0.0909776315093040
-0.0790644735097885
-0.0576859228312969
0.1178424358367920
0.0869882032275200
-0.0162494834512472
-0.0961002185940742
-0.0969395712018013
-0.0575562678277493
-0.0736673176288605
-0.0490563474595547
-0.0044096391648054
0.0981359556317329
0.1160797476768494
-0.0846447497606277
-0.0056372764520347
-0.0512130968272686
0.0100705232471228
-0.0138863483443856
-0.0687352493405342
0.1136488616466522
0.0818514376878738
0.0196347963064909
0.0365448258817196
0.0882654637098312
-0.1435070484876633
-0.0428150482475758
-0.0517204590141773
0.0871582105755806
0.0010324473259971
-0.0470914840698242
-0.0898959413170815
-0.0642174929380417
-0.0120705394074321
0.0173586271703243
0.0426540970802307
0.0231626536697149
0.0433870218694210
-0.0113635072484612
-0.0936184599995613
0.1083325371146202
-0.0674345493316650
0.0948568731546402
0.0398064181208611
-0.0321215391159058
-0.0239131189882755
0.0559922754764557
0.0411629043519497
0.0733499079942703
0.0005371041479520
0.0602110214531422
0.0396716445684433
0.0942193865776062
-0.0465245544910431
-0.0527402535080910
0.0328294560313225
-0.0873734503984451
-0.0555982217192650
0.0708678662776947
-0.0252334903925657
-0.0854942202568054
-0.1280173808336258
0.0850975587964058
-0.1125568151473999
-0.0747213140130043
0.1516415476799011
0.0157240852713585
0.1818677634000778
-0.0359386056661606
0.0790603682398796
0.1763312369585037
0.0427030064165592
-0.0097367987036705
-0.2315103560686111
-0.2308826744556427
0.0011098204413429
0.0928496271371841
-0.2241551876068115
-0.1764933317899704
-0.1499749869108200
-0.0337040498852730
0.0838944390416145
0.0593401268124580
-0.1180350854992867
-0.1889759451150894
-0.1050096899271011
-0.0559508576989174
0.0861236527562141
-0.0890665873885155
-0.0190607383847237
-0.1037726402282715
-0.1946871876716614
-0.2419724315404892
-0.1034108102321625
0.0390105359256268
0.1259335279464722
0.1255207508802414
-0.0257750414311886
-0.0158674735575914
-0.0593291558325291
0.0396822690963745
-0.1447780281305313
-0.1616154015064240
-0.0258774049580097
0.1107420399785042
-0.2498044967651367
-0.1195645928382874
0.0423103682696819
0.0866239517927170
0.0496038682758808
-0.1160524189472198
-0.0167743582278490
-0.0109179420396686
-0.0932780429720879
0.2323875874280930
0.1488507837057114
-0.0297213904559612
0.1738348901271820
-0.0933194980025291
0.2829720675945282
-0.0391442738473415
-0.1094416677951813
0.0463489890098572
-0.0418218187987804
0.0204790458083153
-0.0498599819839001
-0.0378532782196999
-0.0690069943666458
0.0346617139875889
-0.0670675411820412
-0.0193183161318302
0.0597930066287518
0.0775251612067223
-0.0035423911176622
0.0099405115470290
-0.0429879277944565
-0.0010946326656267
-0.0327706858515739
-0.0830223038792610
-0.0554934181272984
0.0548764318227768
0.0070205656811595
-0.0300593376159668
-0.0513553135097027
0.0146572515368462
0.0549417398869991
-0.0606494322419167
0.0269565805792809
-0.0688490942120552
-0.0681854858994484
0.0061872177757323
-0.0657651424407959
0.0187042690813541
-0.0130970282480121
0.0646778941154480
-0.0457834117114544
-0.0423476397991180
-0.0257468875497580
-0.0340164303779602
0.0135543802753091
-0.0443749055266380
0.0583599172532558
0.0123633230105042
-0.0000230381956499
0.0680567771196365
0.0619977563619614
-0.0368433035910130
-0.0147929498925805
0.0802980735898018
-0.0701398849487305
-0.0253616608679295
0.0526225827634335
-0.0268979687243700
0.0088997231796384
-0.0537387952208519
0.0128483474254608
0.0064538642764091
-0.0208233464509249
0.0088014975190163
0.0485309697687626
0.0259287916123867
0.0294849183410406
-0.0339097827672958
-0.0441785790026188
0.0041528362780809
0.0341740697622299
0.0343812666833401
-0.0645846948027611
0.0581216700375080
0.0467416793107986
-0.0098064607009292
-0.0905354842543602
-0.0430925115942955
0.0483810454607010
0.0654769316315651
0.0385069027543068
-0.0582193844020367
0.0003556869341992
0.0298940204083920
-0.0394886918365955
-0.0036131951492280
0.0156035693362355
0.0203847624361515
-0.0518066771328449
-0.0604650452733040
0.0486881695687771
-0.0177770331501961
-0.0165875889360905
0.0635889694094658
0.0157870538532734
-0.0076084854081273
0.1041309311985970
0.0385975986719131
-0.0141156353056431
0.0167024973779917
0.0080668814480305
-0.0522934645414352
-0.0818753689527512
-0.0402381867170334
0.0458905585110188
-0.0346805155277252
-0.0401091352105141
0.0214209891855717
-0.0325540117919445
-0.0732442364096642
0.0355888083577156
-0.0039612883701921
0.0291476324200630
0.0755282714962959
0.0044204345904291
0.0474845953285694
0.0345156453549862
0.0203453581780195
-0.0027810959145427
0.0277120191603899
0.0576808527112007
-0.0233253035694361
-0.0164148472249508
-0.0724183768033981
-0.0517831258475780
0.0229911115020514
0.0515321940183640
-0.0489518344402313
-0.0768469944596291
-0.0843793973326683
-0.0519825741648674
0.0578304901719093
-0.1074578240513802
-0.0607350282371044
-0.0449161715805531
0.0754271596670151
-0.0232466422021389
-0.0833041965961456
-0.0522427968680859
-0.0746492743492126
0.0281472392380238
-0.0404120124876499
0.0123707214370370
-0.0820239856839180
-0.0165060311555862
0.0385889075696468
-0.0055345320142806
0.0103428177535534
-0.0136612085625529
-0.0533352121710777
-0.0512227751314640
-0.0545731000602245
0.0559047721326351
0.0447927676141262
-0.0090853003785014
-0.0349608063697815
-0.0195888709276915
0.0961584597826004
-0.0135492365807295
0.0435854159295559
-0.0678281933069229
0.0561545640230179
0.0062722256407142
0.0652709603309631
-0.0178809892386198
-0.0644116923213005
-0.0095699699595571
0.0113297766074538
-0.0319207906723022
0.0477752722799778
0.0548456311225891
0.0101219760254025
-0.0166291911154985
-0.0007865373045206
0.0646904781460762
0.0172386188060045
-0.0104162655770779
-0.0012559253955260
-0.0590617731213570
-0.0549333207309246
0.0084407245740294
-0.0519489757716656
-0.0406269617378712
0.0501884669065475
-0.0585513859987259
0.0001055331085809
0.0254990309476852
-0.0661760494112968
0.0453811623156071
0.0679089948534966
-0.0104438597336411
0.0553564615547657
0.0483590029180050
0.0392713807523251
0.0298134814947844
-0.0047302781604230
0.0013132442254573
0.0197773836553097
0.0448649711906910
0.0754860490560532
0.0446833074092865
-0.0115438634529710
-0.0856404453516006
-0.0446507111191750
0.0501573346555233
0.0238489396870136
-0.0246783494949341
0.0265053045004606
0.0733922719955444
-0.0191047377884388
0.0356156826019287
0.0258156172931194
-0.0359698794782162
0.0864268764853477
-0.0316689051687717
-0.0469332933425903
-0.0784453004598618
-0.0224121026694775
-0.1152501180768013
0.0289372112601995
-0.0665006935596466
-0.0685667395591736
-0.0604987964034081
-0.0407811589539051
0.0057022240944207
-0.0489411130547523
0.0430264510214329
0.0104842549189925
-0.0110637834295630
0.0523646362125874
-0.0825847163796425
0.0895207375288010
0.0382124520838261
-0.0376285240054131
-0.0027649370022118
0.0351583547890186
-0.0567285940051079
0.0002368080895394
-0.0106440456584096
-0.0076389871537685
-0.0468869283795357
-0.0592585057020187
0.0615727491676807
-0.0404687896370888
0.0399254150688648
0.0571751259267330
0.0162417590618134
0.0689730867743492
0.0365119464695454
0.0348357707262039
0.0478629060089588
-0.0171830542385578
-0.0756902247667313
-0.0128564741462469
-0.0339624062180519
-0.0675347968935966
-0.0445462763309479
-0.0014929579338059
0.0019595758058131
-0.0013215619837865
-0.0534947216510773
0.0323068574070930
-0.0338046364486217
-0.0653995051980019
0.0170653909444809
-0.0298803523182869
-0.0157944280654192
0.0147685892879963
-0.0155436797067523
0.0195400714874268
0.0340043306350708
0.0440059378743172
-0.0097820414230227
-0.0596205554902554
0.0375196710228920
-0.0057472228072584
-0.0586822070181370
-0.0096943704411387
0.0436508618295193
0.0111766802147031
0.0520265512168407
-0.0140411620959640
-0.0263921078294516
-0.0282479841262102
0.0276774670928717
-0.0465073622763157
0.0213759355247021
0.0683087408542633
-0.0438238531351089
-0.0002522293070797
-0.0114982286468148
0.0040689348243177
-0.0819701701402664
-0.0288249365985394
-0.0160298086702824
0.0098434248939157
-0.0601106397807598
-0.0302944295108318
-0.0319635458290577
0.0102647040039301
0.0599978268146515
-0.0257462896406651
-0.0806412845849991
0.0490833185613155
-0.0635975599288940
-0.0337082557380199
0.0183777194470167
-0.0393335260450840
0.0377528928220272
0.0186503771692514
0.0692701488733292
-0.0794176980853081
0.0418802835047245
-0.0417659133672714
-0.0261982232332230
-0.0330179892480373
-0.0550832487642765
-0.0414944663643837
0.0189556851983070
-0.0540668778121471
-0.0171409901231527
-0.0487395524978638
-0.0389409586787224
-0.0371700078248978
0.0745340809226036
0.0159922242164612
0.0075143845751882
0.0227012988179922
-0.0221989508718252
-0.0083954893052578
-0.0403795950114727
-0.0395712703466415
-0.0138129144906998
0.0210886560380459
-0.0399144478142262
0.0520166717469692
0.0262644328176975
0.0639636665582657
-0.0359545871615410
0.0288503747433424
0.0347545519471169
0.0434615164995193
-0.0499416515231133
0.0345744751393795
-0.0681814849376678
-0.0072589619085193
-0.0502504594624043
-0.0416407696902752
-0.0417860560119152
0.0469480082392693
-0.0408740080893040
0.0395695418119431
0.0238966252654791
0.0603598915040493
0.0442292205989361
-0.0098078800365329
0.0480448380112648
-0.0857611447572708
0.0595278777182102
0.0830426663160324
-0.0270518809556961
-0.0355598106980324
-0.0214563477784395
-0.0527949519455433
0.0997876673936844
0.0255923550575972
0.0079670865088701
-0.0934688374400139
0.0824232399463654
-0.0429256409406662
0.0585737414658070
-0.0044679394923151
0.0683050826191902
0.0655058920383453
-0.0157172065228224
-0.0170155968517065
0.0380387082695961
0.0773891359567642
0.0093787778168917
-0.0531244464218616
0.0489271655678749
0.0493637621402740
-0.0288886502385139
-0.0423626117408276
0.0760084614157677
0.0385782234370708
-0.0000924548076000
-0.0214137006551027
0.0301756151020527
0.0160418823361397
0.0492403097450733
-0.0604814328253269
0.0211186408996582
-0.0052368524484336
0.0362119488418102
0.0291957873851061
-0.0337580777704716
0.0607138089835644
-0.0255142319947481
0.0346619598567486
-0.0582992210984230
0.0161526277661324
0.0517555028200150
-0.0560897551476955
0.0494721494615078
-0.0848929807543755
-0.0018856505630538
-0.0588551498949528
-0.0818465352058411
0.0452821925282478
0.0268502589315176
-0.0409150347113609
-0.0301975738257170
0.0311678610742092
0.0026475996710360
0.0165820196270943
0.0609646663069725
0.0263918656855822
0.0007756724371575
-0.0182970836758614
-0.0001643454452278
0.0026073004119098
-0.0406206659972668
-0.0222546570003033
-0.0259597878903151
-0.0417880378663540
-0.0531378388404846
-0.0253663770854473
0.0269113667309284
0.0360824614763260
-0.0707435607910156
0.0774644017219543
0.0027278421912342
-0.0303005445748568
-0.0484196171164513
0.0129521610215306
0.0058472896926105
0.0182992275804281
-0.0123411649838090
0.0080907838419080
0.0308349393308163
-0.0012078298022971
0.0594881102442741
0.0635848045349121
0.0413641147315502
-0.0128582557663321
0.0110799372196198
-0.0195571873337030
-0.0885057672858238
-0.0737733691930771
-0.0092357154935598
-0.0389968715608120
0.0263660196214914
0.0284533705562353
-0.0264207441359758
0.0900993794202805
0.0371688194572926
-0.0235735364258289
0.0444624684751034
0.0395715124905109
0.0033358251675963
-0.0266964323818684
-0.0617067590355873
-0.0494144484400749
0.0131960613653064
0.0020861390512437
0.0335623472929001
0.0070687886327505
-0.0316541679203510
0.0329843983054161
0.0252799484878778
-0.0375423431396484
-0.0297512691468000
0.0103990202769637
-0.0244170557707548
0.0197173450142145
-0.0450357981026173
-0.0521014928817749
-0.0091978814452887
-0.0267027113586664
-0.0870916545391083
-0.0034288724418730
-0.0333563871681690
0.0034240237437189
0.0309309046715498
-0.0485802479088306
-0.0538424327969551
0.0134645747020841
0.0403076000511646
0.0552368164062500
0.0245078168809414
-0.0243449397385120
-0.0081631680950522
0.0366166532039642
0.0106630651280284
-0.0645289942622185
0.0588731579482555
-0.0152985258027911
0.0198148507624865
0.0373266413807869
0.0077071697451174
0.0560706071555614
-0.0628235042095184
-0.0343433991074562
0.0478267855942249
-0.0126844495534897
-0.0232286509126425
0.0296886600553989
0.0223135165870190
0.0370925515890121
0.0609061941504478
-0.0040778880938888
-0.0100570591166615
-0.0423595905303955
0.0632778853178024
-0.0466337539255619
0.0497709177434444
0.0113298157230020
0.0027990909293294
