0.00519708
-0.00082494
-0.03554067
0.01361373
-0.00402983
0.03913509
-0.02222462
-0.00369415
-0.00184588
0.01396881
-0.00242820
0.00141108
-0.01104826
-0.03794590
-0.02687173
-0.01686665
0.00372669
-0.02180684
0.02472013
0.04086804
-0.00690756
0.01910044
0.00638929
-0.00911305
-0.00142181
-0.00603063
-0.01455611
0.02649514
-0.00381777
0.04095550
-0.07755515
0.00859229
0.01293593
-0.00438652
-0.02680266
0.02288367
0.01515957
0.00842189
-0.00174716
-0.03105313
0.00552134
0.00189404
-0.00036219
-0.04035633
0.00132434
0.01260132
-0.04195545
-0.02476381
0.00756407
0.02723229
0.04081269
0.00089763
-0.03151939
-0.01119182
-0.01354700
0.01050873
-0.00307073
0.00125615
0.45886776
0.06816099
-0.03573144
-0.01661163
-0.01567285
-0.00851193
0.02959105
0.02344305
-0.00934954
0.00599203
0.01222850
0.01773012
0.03774925
0.01990610
-0.03543008
0.03100684
-0.02895234
-0.03107670
-0.01657810
-0.02567686
0.02684170
-0.11241341
0.01185118
0.00976515
0.00762462
0.02346120
0.00838090
-0.03844474
-0.00825613
-0.01176910
0.02747430
0.01998729
-0.00034667
-0.03208291
0.08353959
0.00648987
-0.01427786
0.00842361
0.00223421
-0.05178093
0.01822220
0.01372351
-0.00561423
-0.02562620
-0.01196184
0.01683636
0.00736775
-0.00511369
0.00774936
0.04294438
0.00434512
-0.05748804
0.02877811
0.04267711
0.01643737
0.02834091
-0.01794284
0.00002986
0.04719537
-0.00664907
0.02089746
0.02288415
0.00830715
0.01812011
0.00551912
0.01160622
-0.02371093
0.00430843
0.01589862
-0.02518925
0.00594718
0.06584620
0.00989946
0.00362235
-0.00668906
-0.02520254
-0.01509747
-0.03252247
0.00615389
0.02918144
-0.13066557
0.03027071
-0.00077033
-0.02372131
0.00142549
0.01048968
0.00011090
-0.02840665
-0.01959759
0.00497351
-0.02190203
-0.01679264
0.06709555
0.02988518
-0.00391793
-0.00496866
-0.00527043
-0.04415529
-0.02382465
0.00575816
-0.01041818
0.00582026
-0.00571120
0.00834481
0.02616301
-0.00562387
-0.00895288
0.03449257
0.04272602
-0.00184022
0.00190872
0.02273565
-0.00459227
-0.00871484
0.03036377
-0.00168619
0.03437238
0.02703421
0.02064230
-0.01165659
-0.04127180
0.00513749
0.01277844
-0.00104099
0.00515414
-0.00342587
0.06824622
-0.18190454
0.15038951
0.01014155
-0.02023763
0.04747801
0.01109195
0.00632047
-0.01897335
-0.00036519
-0.00017379
0.00579907
0.01167188
0.03634039
-0.01712553
-0.03882511
0.05130647
0.02633119
0.14965464
0.01087505
0.02082852
-0.07066611
0.01232306
-0.00902027
-0.04816778
0.01586004
-0.00543332
0.01000607
0.02608511
-0.01543944
-0.00898083
0.01130248
-0.02847651
0.03787191
-0.00042855
0.00063397
-0.00473460
-0.72421569
-0.00258751
-0.01137214
0.00200553
-0.00243499
0.02647473
0.00824369
0.02410662
-0.01206306
-0.00340541
0.00925786
0.00159323
-0.00027308
-0.07957462
-0.00221500
0.01743212
0.00028403
-0.00476041
0.01344631
0.04958529
0.00572180
0.01268485
-0.06764708
-0.01696079
-0.02489166
0.03632325
0.00922247
0.02232043
0.01736110
-0.03140823
0.01220897
0.06440629
0.03283482
-0.00993447
0.01462776
-0.09607591
0.11819588
0.01029108
0.02204678
0.02632570
-0.10573432
0.04204110
0.01169778
0.02403897
0.01678483
-0.07072081
-0.00942057
-0.13134992
-0.02285531
0.04294981
0.08172490
-0.01382747
0.06203083
0.01264567
0.01496376
0.03804215
-0.05311556
-0.03493449
-0.03743475
0.04525230
0.06528942
0.08632441
-0.15844566
0.05738441
0.05761460
0.04223669
0.07996462
0.13967387
-0.01910618
0.11356613
-0.00791508
-0.01450787
-0.10761851
0.06285965
0.02296847
-0.05345281
0.00236503
0.08389374
-0.00664946
0.00198783
-0.03111087
0.85539198
0.01238784
-0.01483801
0.04607952
-0.07939244
0.19562055
-0.06045166
0.03327792
-0.06318873
-0.03359111
0.05089241
-0.03791493
-0.03784254
0.07954936
-0.01205223
-0.01522046
-0.06614925
-0.00142425
0.03154501
-0.01276631
-0.04030695
0.05997632
0.02252340
0.03269841
0.01790993
-0.07696335
0.03572580
-0.00379380
-0.02776992
-0.03567110
0.02918424
0.05054675
-0.02411040
0.01253893
0.02695759
-0.00472281
-0.03899327
-0.01883281
-0.00294784
-0.04403963
0.04249586
-0.01054485
-0.10448666
-0.00177941
0.04545632
-0.03524506
0.00967278
-0.00166325
-0.00544310
0.03339936
0.03806091
0.04080032
0.01379588
-0.06418858
-0.01949258
0.04675771
0.03077619
-0.08050512
0.00057000
0.00465458
-0.03341782
0.01302454
-0.00960381
0.02528969
0.01228786
0.06048397
0.05160210
0.00261019
-0.00034661
-0.06332434
-0.00663505
0.01086759
-0.01709334
0.00583078
-0.03892517
-0.01713287
-0.02234288
0.04980773
-0.05123644
0.01574046
0.08845394
0.06187570
-0.01631135
0.06929841
-0.03084233
0.03063813
-0.01931585
0.03445300
-0.02729763
0.02391504
-0.01212126
-0.02150868
-0.02341484
0.00033104
-0.10344169
-0.05813171
0.09195742
0.04655731
-0.03977901
-0.03647552
-0.03445821
-0.03324251
0.06824987
-0.01696342
0.01228599
0.01001220
-0.02669508
-0.04031318
-0.00977606
-0.02820997
-0.00713350
0.04300567
-0.00773781
-0.02732610
-0.03522416
-0.01805653
0.07659722
-0.06632142
-0.01570774
-0.00917036
-0.02875449
0.03766840
0.04516384
0.02529615
0.01379226
-0.02461016
-0.01529051
0.04477610
-0.03796048
-0.00315471
-0.00624266
-0.03632854
0.02844201
-0.03538255
0.01156034
-0.05529406
-0.00400006
-0.00893304
-0.02958280
-0.01226199
0.01984026
-0.01365814
-0.08703349
-0.05793174
-0.02256741
0.04473921
-0.05356539
0.02384075
-0.05103819
-0.02856537
-0.00678593
0.04922956
0.00624687
-0.00723279
0.00645493
-0.00713991
0.03671737
-0.03446040
-0.07806550
0.00916015
0.00690105
-0.02515685
0.03359826
-0.05041898
-0.00187599
0.04198148
-0.05057016
-0.03798869
-0.03455466
0.00316529
-0.03878574
-0.00396580
0.00185294
-0.04377892
0.03382802
0.02591740
-0.03712250
0.06573380
-0.01843845
0.00965767
0.05573068
-0.02739187
-0.04139160
0.01863361
0.02476194
-0.04998185
0.00618591
0.06718438
0.02423001
-0.04601966
0.03512162
0.02126992
-0.00359412
-0.01786671
-0.01863632
0.01820036
0.08998542
0.03159663
0.02021982
-0.00121631
-0.01876848
0.02064856
-0.01670616
0.00181299
0.03448062
-0.01571408
-0.00293161
0.01888811
0.00800254
-0.03871447
-0.01331895
-0.06833792
-0.00341362
0.02272586
-0.02683004
0.00014614
0.01342693
0.01141999
-0.00703246
-0.01524113
0.13859785
0.03188758
0.00065381
-0.02689180
-0.09037352
-0.00625591
0.13171369
-0.01217100
0.00663846
0.04712625
-0.04214471
-0.02533793
0.06119774
-0.00672713
-0.01849719
-0.05832229
0.02759300
0.02327581
-0.02774520
-0.00673344
-0.00858578
0.00641117
0.00851865
-0.00468212
-0.00763679
-0.00163153
-0.01216644
0.02435840
0.02005275
0.09787725
0.00078160
-0.04230511
0.03751440
-0.09615231
0.04896038
-0.00641040
-0.01106562
-0.05966377
0.13882837
-0.00760845
-0.00039804
-0.04657870
0.06643111
0.04130670
0.05136913
-0.00847281
0.00636391
-0.02597548
0.01319008
0.03440966
-0.04054269
0.06543015
-0.00391080
0.01770990
0.00613253
-0.01627796
0.00843975
-0.01813450
0.03054647
-0.00454836
0.04690235
-0.00222476
0.08187191
0.10103412
0.03183630
-0.00940519
0.00683103
0.00488687
0.05427594
-0.05739441
-0.01113318
0.02170391
0.08930994
-0.00776916
-0.01846155
-0.06337326
-0.00993850
-0.01496642
-0.04218538
-0.05877901
0.01932707
-0.06226200
0.01675994
0.03898106
0.02829200
0.01535127
0.03642347
-0.02421167
-0.05072380
0.01652486
0.02535346
0.02641827
0.03313637
-0.05150478
-0.04689397
-0.05558706
0.02388995
-0.04474352
-0.00997987
0.05965907
0.02885570
-0.03248367
-0.01428679
-0.13903889
-0.09812824
0.02102856
0.00929559
0.02330994
0.04512661
-0.00984904
0.00339781
0.02841724
0.02567961
0.01550665
-0.07990699
-0.01037344
-0.13334392
0.02120896
0.01356725
0.03328467
0.05886954
0.09126224
0.01861089
0.01688009
-0.03713420
0.00685730
0.14318633
-0.05195278
0.01041744
0.02176624
0.03307450
-0.05474982
-0.03172625
-0.02105762
-0.00021343
-0.01304257
0.02600187
-0.04288302
0.03025851
-0.05292896
-0.01877963
-0.02969155
0.05091615
0.00671549
-0.03463862
0.07435572
-0.07190024
0.00624774
-0.00947231
-0.01383504
0.06102472
-0.02839675
-0.00746094
0.01842053
0.03577689
0.05818828
0.04867846
0.04454476
-0.07344069
-0.05646218
-0.00305356
0.01205851
-0.00911483
-0.01067220
0.03473879
-0.03019836
0.01595522
0.02450272
0.00542239
0.00942557
0.02583704
-0.06278086
0.05223587
-0.00656309
-0.03991833
0.05123133
-0.00287840
-0.07107886
-0.04986110
0.00334645
0.05971986
0.03785935
0.01997334
-0.03385723
0.01931486
-0.18603237
0.03837167
-0.01464582
-0.02138263
0.05609413
-0.00621712
0.01407069
0.00702242
0.04643386
-0.05047126
0.00963059
-0.19264303
0.02003917
-0.01608707
-0.04787501
-0.00316069
0.09730850
-0.01744927
-0.10785622
0.01391353
-0.02881294
-0.02664145
-0.00076756
-0.02730896
0.00163950
-0.01570402
0.03194798
0.04170559
-0.02640615
-0.00803079
-0.09427550
-0.05677111
-0.03112719
-0.04651643
0.12421417
0.00261405
-0.01583972
0.01040283
0.01288875
-0.00852377
0.06576189
0.07829673
0.01795485
0.02502047
-0.04023175
0.03373906
-0.04295911
-0.01320521
-0.03624114
0.01204611
0.02969953
-0.05495074
0.04497067
0.01235281
0.02283450
0.03212141
0.01923974
-0.05858900
-0.00474800
0.00389378
0.02141114
0.00369275
0.23321389
-0.05550263
0.01113537
0.01567250
0.06632266
-0.01486508
-0.00432105
0.01149521
0.06672268
-0.00579973
0.03016856
0.05418487
0.07848681
0.06073812
0.01090318
-0.02179682
0.02776020
-0.07693025
-0.01319069
0.03805815
-0.04165899
-0.06168697
-0.02799289
-0.02632859
-0.01247702
-0.02276476
-0.05930281
0.00918818
0.00384826
0.02672613
0.03385046
0.03439299
0.00148288
-0.01770320
-0.14366443
0.00881462
0.03419852
0.05715105
0.01377647
0.02987227
0.01129911
-0.05976997
0.01368244
0.03269446
0.01497097
0.09528676
0.05422308
-0.04063862
-0.05583096
0.00982554
0.04022256
0.00643931
0.02447069
-0.00545460
-0.00173804
-0.05493156
-0.06962448
-0.03000859
0.05622688
0.03678647
0.00705714
0.03397331
-0.06003441
