2.515861764550209045e-02
-6.523501127958297729e-03
1.119780074805021286e-02
4.369005188345909119e-02
-7.596570998430252075e-03
2.441482432186603546e-02
3.305846825242042542e-02
-3.922800999134778976e-03
-4.888200201094150543e-03
1.466755568981170654e-02
-1.956195197999477386e-02
-7.072652690112590790e-03
1.581662148237228394e-02
4.628919810056686401e-02
9.142955765128135681e-03
4.210059531033039093e-03
-1.022246759384870529e-02
1.570899225771427155e-02
1.513116657733917236e-01
2.653480879962444305e-02
-2.133636968210339546e-03
3.001363761723041534e-02
-2.627636678516864777e-02
-7.267558481544256210e-03
8.901001885533332825e-03
7.011078996583819389e-04
-3.029284439980983734e-02
-3.909188136458396912e-02
-1.157392747700214386e-02
6.660956889390945435e-03
8.789348602294921875e-02
1.082641072571277618e-02
1.485692709684371948e-02
-1.406478416174650192e-02
2.311268076300621033e-02
-7.441561669111251831e-03
-2.532553486526012421e-02
8.250124752521514893e-03
1.171746104955673218e-02
-1.265800371766090393e-02
-1.297891885042190552e-02
-3.654196625575423241e-03
-9.391458332538604736e-02
-2.336213923990726471e-02
7.383901625871658325e-03
-1.847657933831214905e-02
3.515204181894659996e-03
-1.287976000458002090e-02
-1.454240828752517700e-02
-6.425019353628158569e-03
7.025544531643390656e-03
-7.811431586742401123e-02
4.830855131149291992e-02
-3.395438427105545998e-03
-2.955641783773899078e-02
-6.564902141690254211e-03
-1.914213597774505615e-02
1.079565938562154770e-02
3.981470465660095215e-01
4.795842245221138000e-02
-2.495413646101951599e-02
1.012992206960916519e-02
-2.334907650947570801e-03
-1.889749057590961456e-02
3.034085966646671295e-02
3.968159854412078857e-02
-1.634431816637516022e-02
-2.526194974780082703e-02
4.280571639537811279e-02
-1.792434044182300568e-02
1.298570260405540466e-02
1.583318971097469330e-02
1.269590575248003006e-02
-9.317299351096153259e-03
9.464822709560394287e-03
2.292930521070957184e-02
2.501542493700981140e-02
1.878338120877742767e-02
-1.422598026692867279e-03
1.659727841615676880e-01
-1.983347116038203239e-03
2.923449315130710602e-02
2.115192124620079994e-03
8.142484724521636963e-02
2.965717762708663940e-02
-1.002413220703601837e-02
6.064816378057003021e-03
1.443129032850265503e-02
2.871880307793617249e-02
-1.279116235673427582e-02
-2.032716013491153717e-02
2.336236461997032166e-02
6.391818635165691376e-03
-4.437501076608896255e-03
3.489099442958831787e-03
-6.015697494149208069e-03
1.331767439842224121e-02
-1.457526255398988724e-02
1.788496784865856171e-02
-8.052201941609382629e-03
-1.757431193254888058e-03
3.092296794056892395e-02
2.242757380008697510e-02
4.634761251509189606e-03
5.155368708074092865e-03
-2.930564805865287781e-02
1.368205435574054718e-02
-1.505698356777429581e-02
3.904879465699195862e-02
-1.744421012699604034e-02
-2.043227665126323700e-02
1.657211035490036011e-02
4.271745681762695312e-03
5.019699689000844955e-03
-1.086028572171926498e-02
4.321002867072820663e-03
-9.074464440345764160e-03
-1.477319840341806412e-02
1.102628093212842941e-02
-1.450834423303604126e-02
-8.815892972052097321e-03
-1.851727371104061604e-03
-3.935717046260833740e-02
9.905996732413768768e-03
-6.235402449965476990e-02
4.644078668206930161e-03
-2.150648646056652069e-02
3.033709013834595680e-03
1.129664294421672821e-02
1.971129514276981354e-02
-4.549832269549369812e-02
-1.333126612007617950e-02
-1.927368342876434326e-02
-1.411985699087381363e-02
-8.782948367297649384e-03
-1.816860586404800415e-02
1.667097583413124084e-02
-3.248263150453567505e-03
-7.260052859783172607e-02
1.448120456188917160e-02
-6.811218708753585815e-02
-6.461862009018659592e-03
4.518979694694280624e-03
-2.484566532075405121e-02
1.477550016716122627e-03
2.014638930559158325e-01
1.102160662412643433e-03
-2.172854263335466385e-03
1.578663010150194168e-03
-2.339005097746849060e-02
1.655815914273262024e-02
7.161911111325025558e-03
2.311782678589224815e-03
1.344706979580223560e-03
-5.004934966564178467e-03
-3.662357479333877563e-02
4.751834087073802948e-03
4.261496476829051971e-03
-5.896503850817680359e-02
-3.869084641337394714e-02
1.309210993349552155e-02
-9.108259528875350952e-02
3.913190215826034546e-02
3.352400846779346466e-03
1.141392905265092850e-02
3.799741715192794800e-02
-2.898926474153995514e-02
-1.052696164697408676e-02
-6.254016887396574020e-03
-4.162986762821674347e-03
2.022004872560501099e-02
-1.742444373667240143e-02
6.271943915635347366e-03
9.478952735662460327e-03
4.147556796669960022e-02
3.093525022268295288e-02
-4.625153727829456329e-03
-1.029851660132408142e-02
-3.498955070972442627e-02
-1.749312691390514374e-02
3.767308220267295837e-02
-2.192225866019725800e-02
-7.883021607995033264e-03
2.158194780349731445e-02
-1.414432004094123840e-02
1.373294442892074585e-01
-1.221270114183425903e-01
-1.165839005261659622e-02
-6.273331120610237122e-03
-1.622216589748859406e-02
5.147482454776763916e-02
2.132702432572841644e-02
8.051656186580657959e-03
-3.838010132312774658e-02
3.314492106437683105e-02
2.763481996953487396e-02
-2.149832900613546371e-03
2.443888410925865173e-02
6.189981475472450256e-02
-2.236592350527644157e-03
-1.349308411590754986e-03
3.131838142871856689e-02
-2.511531859636306763e-02
-2.781977318227291107e-02
9.792571887373924255e-03
-6.066325120627880096e-03
3.033306822180747986e-02
1.976875029504299164e-02
2.712801098823547363e-02
-1.155429854989051819e-01
8.801423013210296631e-03
-2.081272378563880920e-02
1.644848845899105072e-02
1.945767202414572239e-03
8.424210245721042156e-04
1.017236150801181793e-02
3.838538657873868942e-03
2.462309226393699646e-02
-1.112584955990314484e-02
-2.499333955347537994e-02
5.262477789074182510e-03
-7.373611927032470703e-01
-7.227601949125528336e-03
-1.408500317484140396e-02
1.039081346243619919e-02
3.578539239242672920e-03
-1.870053447782993317e-02
2.528789825737476349e-02
-4.862742032855749130e-03
7.282999344170093536e-03
2.566476911306381226e-02
-2.187152765691280365e-02
-1.466451585292816162e-02
1.251786015927791595e-02
-2.290588244795799255e-02
2.438501222059130669e-03
-1.674283482134342194e-02
5.240290425717830658e-03
-9.980330243706703186e-03
7.710239384323358536e-03
3.742560977116227150e-03
-1.561666000634431839e-02
-1.102261617779731750e-01
1.335427537560462952e-02
-1.165006309747695923e-02
2.312180958688259125e-02
-2.507698722183704376e-02
2.107576094567775726e-02
-3.503933839965611696e-04
-2.527468092739582062e-02
4.794547334313392639e-03
-2.192092593759298325e-03
3.257042914628982544e-02
-1.873466372489929199e-02
-1.776830106973648071e-02
-8.316876366734504700e-03
5.580966919660568237e-02
1.337809022516012192e-02
-1.230469122529029846e-01
9.166716784238815308e-02
2.757622161880135536e-03
1.127681210637092590e-01
-5.735857784748077393e-02
-2.928575687110424042e-02
-4.305926710367202759e-02
-1.951704360544681549e-02
7.439056783914566040e-02
1.625720560550689697e-01
1.260195672512054443e-01
-1.128549650311470032e-01
1.842688769102096558e-02
-4.878706112504005432e-02
3.023181110620498657e-02
-7.836605608463287354e-02
-1.290741935372352600e-02
-3.021382912993431091e-02
2.724254131317138672e-02
8.217026293277740479e-02
-5.279556289315223694e-02
-7.839748635888099670e-03
1.772704417817294598e-03
2.678366005420684814e-02
-5.734201986342668533e-03
-4.294934868812561035e-02
-4.774432256817817688e-02
-8.181023411452770233e-03
2.320163510739803314e-02
-1.008739992976188660e-01
2.490543946623802185e-02
-3.235449269413948059e-02
9.310778230428695679e-03
-4.490960016846656799e-02
-2.921400777995586395e-02
1.274758726358413696e-01
-1.376754492521286011e-01
2.448881277814507484e-03
-2.233236096799373627e-02
1.546206772327423096e-01
-1.425735503435134888e-01
1.532796304672956467e-02
-1.058010309934616089e-01
-1.472422629594802856e-01
8.297799825668334961e-01
-8.729798346757888794e-02
-1.356461644172668457e-02
-1.200542673468589783e-01
3.029357269406318665e-02
4.403465613722801208e-02
4.509663581848144531e-02
-2.122976630926132202e-02
6.294457614421844482e-02
-8.473420515656471252e-03
-6.100106402300298214e-04
2.197947166860103607e-02
-5.423797667026519775e-02
-2.577188424766063690e-02
4.639574140310287476e-02
-4.366061091423034668e-02
-1.000028923153877258e-01
2.580058574676513672e-02
2.353195101022720337e-02
-1.726714894175529480e-02
-4.196435213088989258e-02
4.996170476078987122e-02
6.061565503478050232e-02
-4.437170457094907761e-03
2.120687998831272125e-02
-3.315757960081100464e-02
1.655476726591587067e-02
1.880526356399059296e-02
-8.154981769621372223e-03
-1.714416220784187317e-02
1.235740818083286285e-02
-8.344161324203014374e-03
-6.424178369343280792e-03
-4.931364953517913818e-02
-3.248119726777076721e-02
-2.307984232902526855e-02
-3.693178668618202209e-02
-1.121246442198753357e-02
5.131367966532707214e-02
-3.000469319522380829e-02
8.531198650598526001e-02
-1.469117123633623123e-02
-5.364213883876800537e-02
-2.536243293434381485e-03
3.565826267004013062e-02
2.104466222226619720e-02
3.669463470578193665e-02
9.721171110868453979e-03
-3.126134723424911499e-02
3.772435337305068970e-02
4.731551557779312134e-02
-1.439382438547909260e-03
1.606772281229496002e-02
4.226689785718917847e-02
-1.187957730144262314e-02
4.405327886343002319e-02
-4.976243153214454651e-02
-1.373238302767276764e-02
-7.962924987077713013e-02
-2.907063579186797142e-03
1.501632970757782459e-03
-1.841620728373527527e-02
4.708778113126754761e-03
7.430259883403778076e-02
-3.114348463714122772e-02
-2.883368171751499176e-02
7.031679153442382812e-02
-1.633281633257865906e-02
3.602292761206626892e-02
1.533626206219196320e-02
-2.647347375750541687e-02
-3.391521796584129333e-02
-3.715228661894798279e-02
1.543801743537187576e-02
-1.795043423771858215e-02
7.364645600318908691e-03
-5.215918645262718201e-02
3.500325605273246765e-02
-5.265509337186813354e-02
-8.530064485967159271e-03
1.201588101685047150e-02
3.224388509988784790e-02
-1.291678007692098618e-02
5.080325528979301453e-03
4.802042990922927856e-02
-4.780518636107444763e-02
-6.693785637617111206e-02
5.661905556917190552e-02
-4.012661054730415344e-02
1.391554903239011765e-02
-6.485543400049209595e-02
-2.330301888287067413e-02
-1.576372073031961918e-03
2.134888991713523865e-02
-2.081461809575557709e-02
-5.757578089833259583e-02
5.843733623623847961e-02
2.900781109929084778e-02
-5.177484452724456787e-02
-5.685891211032867432e-02
-3.527927771210670471e-02
-1.829212903976440430e-02
2.517920732498168945e-02
-4.286114592105150223e-03
2.023072540760040283e-02
-5.282717943191528320e-02
-1.774410717189311981e-03
-2.105976454913616180e-02
-1.385558862239122391e-04
2.067302167415618896e-02
-1.475030835717916489e-02
2.499173767864704132e-02
-3.740088868653401732e-05
-2.327597886323928833e-02
-6.421675533056259155e-02
-2.660618629306554794e-03
3.827896341681480408e-02
-4.176923632621765137e-02
5.064678192138671875e-02
-2.036662213504314423e-02
2.566832117736339569e-02
1.639276370406150818e-02
5.818490684032440186e-02
5.401062592864036560e-02
4.841354861855506897e-02
1.811963319778442383e-02
-3.321503987535834312e-03
1.864501275122165680e-02
-9.381392970681190491e-03
6.718809157609939575e-02
-5.770514160394668579e-02
-5.360623821616172791e-02
3.238940984010696411e-02
-1.591518521308898926e-02
2.342478930950164795e-02
-1.316487044095993042e-01
-2.548093348741531372e-02
2.364864759147167206e-02
1.908495463430881500e-02
-2.504257485270500183e-03
1.105843693949282169e-04
-3.214188665151596069e-02
-7.856810837984085083e-02
-3.758173063397407532e-02
-3.626083955168724060e-02
4.406059160828590393e-02
-2.883013710379600525e-02
-5.071367695927619934e-02
-4.129412770271301270e-02
-3.010166063904762268e-02
7.714624702930450439e-02
2.258394472301006317e-02
-2.068962156772613525e-02
1.181978080421686172e-02
-3.351276740431785583e-02
-6.615593284368515015e-02
6.562731415033340454e-02
3.434618934988975525e-02
-1.325465142726898193e-01
2.513978444039821625e-02
-2.389638870954513550e-02
-2.722817286849021912e-02
2.318669669330120087e-02
4.142426885664463043e-03
2.846027258783578873e-03
-5.861654132604598999e-02
-5.369316413998603821e-02
1.726436056196689606e-02
-4.325960576534271240e-02
-8.671703748404979706e-03
-2.680106088519096375e-03
2.416830696165561676e-02
1.285118907690048218e-01
-6.446168571710586548e-02
3.895236551761627197e-02
-1.440067775547504425e-02
-1.094916742295026779e-02
-1.096364017575979233e-02
2.546993456780910492e-02
5.500797554850578308e-02
-2.962171100080013275e-02
-2.513076923787593842e-02
5.002153571695089340e-03
-6.396742537617683411e-03
1.286620274186134338e-02
-4.576870799064636230e-02
5.498394742608070374e-02
3.549442067742347717e-02
1.408272888511419296e-03
1.600468717515468597e-02
4.083108529448509216e-02
1.227587088942527771e-02
-6.938394159078598022e-03
2.235430479049682617e-02
2.386324480175971985e-02
6.173151079565286636e-03
8.744591474533081055e-02
1.887822709977626801e-02
8.277281373739242554e-02
-8.130367845296859741e-03
-4.246447235345840454e-02
5.104681476950645447e-02
2.310698851943016052e-02
-1.885990425944328308e-02
1.881508040241897106e-03
-2.589389123022556305e-02
7.706645131111145020e-02
4.908740147948265076e-02
5.594876256509451196e-06
-4.849507939070463181e-03
3.128384053707122803e-02
-9.672018885612487793e-02
-8.221992850303649902e-02
-1.693127490580081940e-02
-5.502045899629592896e-02
1.538724172860383987e-03
1.019875332713127136e-02
5.296398699283599854e-02
7.806455716490745544e-03
6.506994366645812988e-02
6.727176904678344727e-02
4.302047938108444214e-02
3.609991818666458130e-02
5.032119527459144592e-02
-4.712074249982833862e-02
-2.087499387562274933e-02
1.822643131017684937e-01
1.264286786317825317e-02
3.027142770588397980e-02
1.154771447181701660e-01
-8.657037466764450073e-02
1.847744733095169067e-02
1.937544532120227814e-02
-3.231514943763613701e-03
1.019958686083555222e-02
-3.421721979975700378e-02
4.881230741739273071e-02
1.837446913123130798e-02
-5.613663047552108765e-02
-2.741521922871470451e-03
-2.378131728619337082e-03
1.523288711905479431e-02
2.235420234501361847e-02
9.610231965780258179e-02
3.824536502361297607e-02
7.956100255250930786e-02
-8.227626234292984009e-02
6.080884858965873718e-02
3.397721797227859497e-02
4.718790948390960693e-02
-3.314420208334922791e-02
-4.300686344504356384e-02
-3.002897277474403381e-02
2.868020907044410706e-02
1.692058332264423370e-02
2.693411894142627716e-02
1.773103140294551849e-02
-5.360290408134460449e-02
7.048545032739639282e-02
-2.641015686094760895e-02
1.317141018807888031e-02
-3.822671249508857727e-02
-8.215628564357757568e-03
-1.719749066978693008e-03
6.924115121364593506e-02
-9.474232047796249390e-02
4.811522085219621658e-03
-4.034816753119230270e-03
8.552204817533493042e-03
-5.352976173162460327e-02
-5.715920031070709229e-02
7.478847354650497437e-02
-5.086550489068031311e-03
4.189617559313774109e-02
-1.090731471776962280e-03
4.764318838715553284e-02
2.552506700158119202e-02
-8.788955397903919220e-03
4.021732136607170105e-02
-3.011388517916202545e-02
1.117986254394054413e-02
2.863864228129386902e-02
8.280167728662490845e-02
7.061611115932464600e-02
-1.714345626533031464e-02
-1.046733930706977844e-03
-6.690153852105140686e-03
-1.519902888685464859e-02
2.799325436353683472e-02
8.023235714063048363e-04
-2.794631011784076691e-02
2.031319029629230499e-02
5.885037779808044434e-02
1.657384447753429413e-02
-3.009491227567195892e-02
-1.358032319694757462e-02
-2.951212786138057709e-02
-1.676785200834274292e-02
1.399203483015298843e-02
-1.371550559997558594e-02
4.843820258975028992e-02
4.120969027280807495e-02
1.733091659843921661e-02
5.655456334352493286e-02
7.615730166435241699e-02
-5.403225310146808624e-03
1.727542094886302948e-02
-1.393582578748464584e-02
-3.140754625201225281e-02
-6.593117862939834595e-02
-2.028780058026313782e-02
8.913805708289146423e-03
2.673937939107418060e-02
-9.995289146900177002e-03
-1.930249668657779694e-02
2.779303118586540222e-02
4.327524453401565552e-02
-3.920250385999679565e-02
-1.480718795210123062e-02
4.788935929536819458e-02
4.225743561983108521e-02
1.108722761273384094e-02
2.770876511931419373e-03
-9.188729524612426758e-02
-6.597390770912170410e-02
3.065448440611362457e-02
5.495067313313484192e-02
2.477910183370113373e-02
6.486542522907257080e-02
-3.193762153387069702e-02
2.062270045280456543e-02
-6.717831641435623169e-02
5.064997822046279907e-03
-1.262163557112216949e-02
-2.104451414197683334e-03
7.272436749190092087e-03
1.389275398105382919e-02
-6.417708937078714371e-03
6.250399351119995117e-02
3.676739335060119629e-02
-6.988255679607391357e-02
2.457525208592414856e-02
3.091840259730815887e-02
4.021233320236206055e-02
-4.207774624228477478e-02
3.665802627801895142e-02
3.700752556324005127e-02
-8.384758234024047852e-02
1.221888791769742966e-02
9.486086666584014893e-02
3.885998576879501343e-02
5.090338736772537231e-02
5.136103183031082153e-02
-4.552749916911125183e-02
3.553877770900726318e-02
4.088359698653221130e-02
4.857365041971206665e-02
-3.778250515460968018e-02
-4.585567861795425415e-03
2.464443072676658630e-02
7.778164930641651154e-03
-7.256795465946197510e-02
6.961765885353088379e-02
6.028300896286964417e-02
-1.377548184245824814e-02
8.304884284734725952e-02
-3.043688833713531494e-02
2.817053720355033875e-02
-3.747200965881347656e-02
2.312039211392402649e-02
7.923527806997299194e-02
1.154490467160940170e-02
-7.596904039382934570e-02
1.285165362060070038e-02
9.733071178197860718e-02
4.484951868653297424e-02
5.822982639074325562e-02
-9.917504154145717621e-03
-7.711559534072875977e-02
-6.016200408339500427e-02
-3.719866741448640823e-03
-1.885386742651462555e-02
-2.155149914324283600e-02
2.974193356931209564e-02
-3.149122744798660278e-02
4.134716466069221497e-02
4.076774418354034424e-02
5.153729394078254700e-02
5.674736108630895615e-03
6.819870788604021072e-03
1.493522198870778084e-03
8.788729086518287659e-03
9.676179289817810059e-02
4.283313825726509094e-02
-9.885717183351516724e-02
-3.200108930468559265e-02
-9.635728783905506134e-03
-1.114778816699981689e-01
-3.899345919489860535e-02
3.034517914056777954e-02
1.135814040899276733e-01
6.066802889108657837e-02
7.479379419237375259e-03
-4.961054399609565735e-02
-2.704999409615993500e-02
-5.462030693888664246e-02
3.398977278266102076e-04
3.825090080499649048e-02
1.562713878229260445e-03
5.906100198626518250e-02
3.700795769691467285e-02
4.835924506187438965e-02
5.022471025586128235e-02
3.422379121184349060e-02
-1.649663969874382019e-02
6.102782115340232849e-02
-8.181857317686080933e-02
4.168872162699699402e-02
-1.640197634696960449e-02
1.692318171262741089e-02
8.963646739721298218e-02
2.306778170168399811e-02
2.873018011450767517e-02
-6.132775917649269104e-02
-3.179968800395727158e-03
6.237793713808059692e-02
-7.763519138097763062e-02
-1.921489648520946503e-02
-1.779996789991855621e-02
3.247879818081855774e-02
-3.664133697748184204e-02
-4.648437723517417908e-02
-3.374033793807029724e-02
4.350898787379264832e-02
-2.340712212026119232e-02
-4.491410776972770691e-02
-1.770657487213611603e-02
-1.394986920058727264e-02
-4.922885820269584656e-02
9.081181883811950684e-02
8.013711869716644287e-02
3.433059900999069214e-02
2.840869687497615814e-02
3.716667369008064270e-02
-6.599338259547948837e-03
1.095904856920242310e-01
5.776948481798171997e-02
2.004077844321727753e-02
1.891349256038665771e-02
7.335096597671508789e-02
4.581619054079055786e-03
-2.830068953335285187e-02
-3.777410835027694702e-02
-3.342685103416442871e-02
-2.431076020002365112e-02
9.179774671792984009e-02
-1.379797514528036118e-02
7.992744445800781250e-03
8.689516223967075348e-03
-4.293036833405494690e-02
-3.941606357693672180e-02
4.081005696207284927e-03
-9.477907791733741760e-03
-1.516584958881139755e-02
4.667870700359344482e-02
2.513649687170982361e-02
-3.089523874223232269e-02
9.844399988651275635e-02
1.652787066996097565e-02
6.552504375576972961e-03
4.783256910741329193e-03
7.515860348939895630e-02
-9.595690667629241943e-02
-2.752814441919326782e-02
2.701174095273017883e-02
1.239157933741807938e-02
2.446178905665874481e-02
-3.938608616590499878e-02
6.265407055616378784e-02
-6.853595841675996780e-03
5.341598764061927795e-02
-1.939427107572555542e-02
8.587372489273548126e-03
2.871516905725002289e-02
-6.456199288368225098e-02
7.427763193845748901e-03
-8.669608831405639648e-02
-9.482203051447868347e-03
-9.257470257580280304e-03
-5.071272328495979309e-02
1.259286142885684967e-02
-9.271670132875442505e-03
-5.459360778331756592e-03
3.254466876387596130e-02
3.940497711300849915e-02
-1.589767634868621826e-02
-6.128865480422973633e-02
1.282685250043869019e-02
3.939282149076461792e-02
-5.762649234384298325e-03
-5.559310317039489746e-03
-6.568121910095214844e-02
6.309775263071060181e-02
3.233283758163452148e-02
3.920491784811019897e-02
1.444785017520189285e-02
6.406752020120620728e-02
-4.135921597480773926e-02
-8.540105819702148438e-02
2.809661999344825745e-02
7.503227330744266510e-03
7.887089997529983521e-02
8.512032032012939453e-02
3.310515731573104858e-02
-1.485809870064258575e-02
-8.382944017648696899e-02
9.270856529474258423e-02
3.498663380742073059e-02
2.436538040637969971e-02
2.995073609054088593e-02
-4.237852618098258972e-02
3.588214889168739319e-02
-2.691930532455444336e-02
-2.357635833323001862e-02
-2.917123958468437195e-02
5.388043448328971863e-02
-2.331769280135631561e-02
-6.099168956279754639e-02
1.750782318413257599e-02
4.103997256606817245e-03
