5.668620578944683075e-03
1.649263687431812286e-02
-5.508602038025856018e-02
-2.014463394880294800e-02
2.005710639059543610e-02
2.856761403381824493e-02
-2.731142332777380943e-03
-7.145980745553970337e-02
-1.397556252777576447e-02
2.336502261459827423e-02
-3.286798298358917236e-02
1.700431481003761292e-02
-8.189852233044803143e-04
-2.696587471291422844e-03
-2.537274360656738281e-02
-3.673989325761795044e-02
-1.518083456903696060e-02
-3.190984204411506653e-02
1.575646102428436279e-01
2.164806425571441650e-02
-2.941888989880681038e-03
1.207937719300389290e-03
2.203932218253612518e-02
2.175180474296212196e-03
-3.105849318671971560e-04
-6.982624996453523636e-03
4.664563108235597610e-03
8.303654380142688751e-03
-6.837768945842981339e-03
2.981985546648502350e-02
7.140930742025375366e-02
-3.984577208757400513e-02
-4.693565890192985535e-03
1.777002774178981781e-02
-1.493616960942745209e-02
3.883413737639784813e-03
-1.578724331920966506e-04
2.052632533013820648e-02
-1.847154647111892700e-02
1.507293432950973511e-02
-3.267288208007812500e-02
2.207982353866100311e-02
-1.098364964127540588e-01
-3.933401033282279968e-02
-2.957966923713684082e-02
-1.800033636391162872e-02
-3.483260422945022583e-02
3.086774609982967377e-03
1.992862112820148468e-02
5.782763473689556122e-03
2.168645616620779037e-03
-2.191673405468463898e-02
7.183483336120843887e-03
8.005642332136631012e-03
-2.510917000472545624e-02
1.107103744288906455e-04
2.903735497966408730e-03
1.055859029293060303e-03
4.086956381797790527e-01
1.049472019076347351e-01
-5.315807182341814041e-03
-2.386541664600372314e-02
-2.267825789749622345e-02
-3.412291407585144043e-03
1.913427747786045074e-02
-2.192371338605880737e-02
1.465295162051916122e-02
-1.451653428375720978e-02
7.825008779764175415e-02
8.329098112881183624e-03
1.971786282956600189e-02
-1.051807776093482971e-02
-4.776046052575111389e-02
5.615165922790765762e-03
-3.612739732488989830e-03
-2.543198876082897186e-02
-5.232883617281913757e-02
-5.018670484423637390e-02
3.949284926056861877e-02
7.704674452543258667e-02
-9.255191311240196228e-03
2.590085379779338837e-02
8.927295915782451630e-03
7.799579948186874390e-02
-2.212756872177124023e-02
1.049962639808654785e-02
6.716684903949499130e-03
1.391730830073356628e-02
2.371679618954658508e-02
7.393085863441228867e-03
-2.561744535341858864e-03
-6.044280901551246643e-02
8.106583356857299805e-02
2.387212589383125305e-02
-2.005937695503234863e-02
-9.762693196535110474e-03
3.014095500111579895e-02
-6.863507907837629318e-03
7.485864311456680298e-02
5.129824858158826828e-03
-1.530010532587766647e-02
-8.715928532183170319e-03
-1.839924789965152740e-02
-1.178467553108930588e-02
-1.999410614371299744e-02
-2.867505326867103577e-02
4.703836515545845032e-02
1.842477172613143921e-02
4.029534757137298584e-03
-4.621413350105285645e-02
-2.336330339312553406e-02
7.014256902039051056e-03
-1.491770526627078652e-04
-5.990163423120975494e-03
-1.757963094860315323e-03
-1.609667669981718063e-03
-7.265453692525625229e-03
-1.780970953404903412e-02
-2.347200736403465271e-02
-3.756203223019838333e-03
-2.263717539608478546e-02
-2.801668271422386169e-02
1.462033390998840332e-02
-3.314398461952805519e-03
-4.015955328941345215e-02
-9.183323010802268982e-03
3.042951226234436035e-02
-7.522254716604948044e-03
1.739158481359481812e-02
-1.161328167654573917e-03
-5.787436664104461670e-02
-2.203006763011217117e-03
-2.343543060123920441e-02
9.448620490729808807e-03
-5.912221968173980713e-02
4.322010208852589130e-04
1.028597168624401093e-02
-1.542686135508120060e-03
-1.535583287477493286e-01
3.171521797776222229e-02
-1.376636885106563568e-02
-6.246209144592285156e-03
-1.515100803226232529e-02
-4.289096221327781677e-03
-2.143242023885250092e-02
1.535779237747192383e-01
3.560309763997793198e-03
-2.644446678459644318e-02
-1.309824269264936447e-02
-1.281287800520658493e-02
3.633055835962295532e-02
2.360962517559528351e-02
-1.649064756929874420e-02
1.346568297594785690e-02
1.713299751281738281e-02
1.460130978375673294e-02
-1.587693206965923309e-02
-1.503430772572755814e-03
-5.081917345523834229e-02
1.327060908079147339e-02
-1.727313734591007233e-02
-1.689194329082965851e-02
7.722169160842895508e-02
2.814450301229953766e-02
-2.374160476028919220e-02
3.559988737106323242e-02
4.304237291216850281e-02
-1.424160087481141090e-03
1.152942609041929245e-02
-2.076636813580989838e-02
-1.944562606513500214e-02
2.233605133369565010e-03
-1.415809616446495056e-02
-9.249709546566009521e-03
1.092500891536474228e-02
4.321838729083538055e-03
1.139021292328834534e-02
1.421281415969133377e-02
-2.947643585503101349e-02
-5.035718437284231186e-03
-1.278955768793821335e-02
-6.485718302428722382e-03
1.114280312322080135e-03
2.911778725683689117e-02
4.133377969264984131e-02
3.506830707192420959e-02
4.821855574846267700e-02
1.435998547822237015e-02
-4.296936385799199343e-04
2.252546697854995728e-02
-1.690765842795372009e-02
5.294546857476234436e-02
3.296782821416854858e-02
-1.477074250578880310e-02
1.252404996193945408e-03
9.550304152071475983e-03
-4.564078152179718018e-02
6.523526273667812347e-03
6.013948842883110046e-02
9.282397804781794548e-04
9.972985833883285522e-02
2.183145843446254730e-02
4.578465595841407776e-02
-1.584576093591749668e-03
-1.108310557901859283e-02
-5.715793743729591370e-02
3.702819347381591797e-02
-4.090360179543495178e-02
-3.687617601826786995e-03
-5.062530934810638428e-02
1.874603889882564545e-02
-1.860979571938514709e-02
3.151683881878852844e-02
1.713107223622500896e-03
-2.413976006209850311e-02
-1.964252069592475891e-02
-7.034009788185358047e-03
9.788384661078453064e-03
2.602449618279933929e-02
-1.155221834778785706e-02
1.216968754306435585e-03
-7.371973395347595215e-01
-8.275357075035572052e-03
-5.227276682853698730e-02
8.780831471085548401e-03
-8.650656789541244507e-03
-3.331007901579141617e-03
6.852425285615026951e-04
-1.563293300569057465e-02
-2.220921590924263000e-02
-2.021815627813339233e-02
2.206783741712570190e-02
1.491628307849168777e-02
-3.105282410979270935e-02
-3.295749798417091370e-02
1.395163591951131821e-02
-5.720550660043954849e-03
-7.576927309855818748e-04
-1.652522198855876923e-02
-1.398963760584592819e-02
1.901317015290260315e-02
1.911547221243381500e-02
-7.402598857879638672e-02
-7.650957256555557251e-02
3.688114229589700699e-03
2.196150459349155426e-02
1.665922813117504120e-02
-2.266148291528224945e-02
-2.074800897389650345e-03
-9.477470885030925274e-04
1.550129090901464224e-04
1.196009200066328049e-02
6.347653269767761230e-02
2.161156386137008667e-03
-3.144234360661357641e-04
-8.524280972778797150e-03
5.978717282414436340e-02
1.534575875848531723e-02
-4.939239099621772766e-02
1.281016021966934204e-01
-4.835487529635429382e-02
-5.656451359391212463e-02
2.019687555730342865e-02
8.076418191194534302e-02
2.085818164050579071e-02
-9.122882783412933350e-02
1.029484346508979797e-01
4.904898628592491150e-02
-1.578680053353309631e-02
8.399978280067443848e-03
-8.902898430824279785e-02
6.124366074800491333e-02
1.807357929646968842e-02
7.643123716115951538e-02
-2.223554439842700958e-02
3.148851916193962097e-02
1.193895936012268066e-02
5.402729660272598267e-02
-9.882633388042449951e-02
-4.955330863595008850e-03
9.362821280956268311e-02
-5.528364330530166626e-02
6.230765953660011292e-02
-1.170317381620407104e-01
-3.073062002658843994e-02
-1.480907574295997620e-02
5.016401037573814392e-02
4.337807744741439819e-02
3.984170407056808472e-02
8.991111814975738525e-02
5.822904035449028015e-02
5.106223374605178833e-02
-1.835975795984268188e-02
1.836357079446315765e-02
-5.023673921823501587e-02
3.343993797898292542e-02
-2.253163978457450867e-02
4.891251027584075928e-02
-3.057596972212195396e-03
-1.369297951459884644e-01
-1.499482989311218262e-02
1.667708158493041992e-02
8.605397343635559082e-01
-8.711850969120860100e-04
4.020317271351814270e-02
5.220896005630493164e-02
2.422174252569675446e-02
9.794911742210388184e-02
-1.400267984718084335e-02
-1.597098447382450104e-02
-1.320308893918991089e-01
-8.265161514282226562e-02
8.174034208059310913e-02
6.087096408009529114e-03
-8.879647403955459595e-02
-3.327121213078498840e-02
-1.250154376029968262e-01
1.501508615911006927e-02
-1.341219246387481689e-01
-6.461571156978607178e-02
7.305928505957126617e-03
6.865896284580230713e-03
-6.701444089412689209e-02
5.081491544842720032e-02
3.401882201433181763e-02
4.399875178933143616e-03
7.955250330269336700e-03
-6.320348475128412247e-03
4.265150055289268494e-02
1.301321946084499359e-02
-3.245489299297332764e-02
-2.338980510830879211e-02
1.343696098774671555e-02
8.041657507419586182e-03
-1.974496431648731232e-02
-2.279337123036384583e-02
-3.257451206445693970e-02
-2.342676185071468353e-02
-2.539332956075668335e-02
-5.982921458780765533e-03
4.031026363372802734e-02
-3.091625496745109558e-02
5.160386860370635986e-02
1.226648502051830292e-02
-7.455881685018539429e-02
3.269224613904953003e-02
4.615731164813041687e-02
4.255617037415504456e-02
2.198113873600959778e-02
-2.780019538477063179e-03
-1.073509687557816505e-03
9.171797893941402435e-03
5.232971534132957458e-02
6.401541177183389664e-03
1.432059146463871002e-02
1.623460277915000916e-02
5.743792280554771423e-03
8.754383772611618042e-03
-1.084180399775505066e-01
-7.406843360513448715e-03
-9.017214924097061157e-02
3.152394667267799377e-02
-2.721355110406875610e-02
3.525366308167576790e-03
2.958409860730171204e-02
7.389968633651733398e-02
-2.025587484240531921e-02
-2.347536617890000343e-03
3.638464957475662231e-02
6.832092767581343651e-04
2.208799310028553009e-02
-1.008305326104164124e-02
9.539453458273783326e-05
-3.091649152338504791e-02
-2.759240195155143738e-02
3.642193973064422607e-02
-2.130147814750671387e-02
1.204819697886705399e-02
-2.034141868352890015e-02
1.812771521508693695e-02
-6.090735644102096558e-02
-1.574393734335899353e-02
-8.088563568890094757e-03
2.170580998063087463e-02
-3.667580336332321167e-02
1.187087129801511765e-02
8.332489989697933197e-03
-6.598500907421112061e-02
-3.335392102599143982e-02
-1.432335749268531799e-02
-3.772718086838722229e-02
-1.337304711341857910e-02
-8.151140809059143066e-02
-1.915981806814670563e-02
-1.236615236848592758e-02
5.249288864433765411e-03
-5.668260529637336731e-02
-7.224837690591812134e-02
4.501607269048690796e-02
3.128914907574653625e-02
-1.816853135824203491e-02
4.760182462632656097e-03
-2.317941002547740936e-02
-5.745861679315567017e-03
4.504649434238672256e-03
1.904754084534943104e-03
2.288394980132579803e-02
-6.017849221825599670e-02
-2.799017727375030518e-02
-4.092419147491455078e-02
1.784801296889781952e-02
2.668225020170211792e-02
-2.636779099702835083e-02
4.865356907248497009e-02
-3.965058922767639160e-02
2.721576578915119171e-02
-8.267919719219207764e-02
7.574170362204313278e-03
9.558823704719543457e-02
-5.153338983654975891e-02
1.573318056762218475e-02
-5.283322185277938843e-02
2.088087610900402069e-02
4.819572903215885162e-03
6.748685985803604126e-02
4.252371564507484436e-02
3.564462438225746155e-02
4.674438387155532837e-02
-3.443022724241018295e-03
-2.938131242990493774e-02
1.307612843811511993e-02
4.756964370608329773e-02
-5.259320605546236038e-03
-2.775532752275466919e-02
3.042184934020042419e-02
4.061416164040565491e-02
6.702201813459396362e-02
-8.926859498023986816e-02
-4.317188635468482971e-02
-1.455383934080600739e-02
4.682498425245285034e-02
-1.476561883464455605e-03
-4.553114704322069883e-04
3.182600485160946846e-04
-4.715790599584579468e-02
-4.668989777565002441e-02
-3.726505488157272339e-02
6.298410892486572266e-02
-6.841877847909927368e-02
-3.107286430895328522e-02
-5.023432895541191101e-02
-3.560458496212959290e-02
3.211746737360954285e-02
4.864360019564628601e-02
-1.384496688842773438e-02
-3.133710846304893494e-02
-4.748493432998657227e-02
-8.086187392473220825e-02
2.071302570402622223e-02
6.059211120009422302e-02
-1.444712728261947632e-01
-8.493357338011264801e-03
6.007021758705377579e-03
-1.276326365768909454e-02
-2.238815184682607651e-03
-1.602576300501823425e-02
-4.080525413155555725e-02
-3.429149463772773743e-02
2.067841030657291412e-02
2.007866278290748596e-02
-6.446348875761032104e-02
-1.756090857088565826e-02
-1.844750950112938881e-03
2.373912185430526733e-02
9.262219071388244629e-02
-3.179227560758590698e-02
2.356625348329544067e-02
-1.370292063802480698e-02
-3.219094499945640564e-02
-1.496491581201553345e-02
2.890265919268131256e-02
4.034199565649032593e-02
-5.359431379474699497e-04
4.585268907248973846e-03
2.181707508862018585e-02
-2.520462311804294586e-02
-2.882733941078186035e-02
-3.265466541051864624e-02
3.585843369364738464e-02
1.124455593526363373e-02
-2.609189972281455994e-02
4.546487703919410706e-02
-1.943216845393180847e-02
-2.737241610884666443e-02
-1.197310164570808411e-02
5.216398835182189941e-02
3.581756725907325745e-02
-1.271246839314699173e-02
6.427268683910369873e-02
-1.222819928079843521e-02
4.166642948985099792e-02
-2.467352524399757385e-02
-5.364350602030754089e-02
1.764057390391826630e-02
3.567066416144371033e-02
-1.955860666930675507e-02
-7.020372897386550903e-03
1.758012920618057251e-02
8.597218990325927734e-02
4.508473351597785950e-02
1.018442586064338684e-02
-1.037791185081005096e-02
5.405049771070480347e-02
-1.020953655242919922e-01
-7.261995226144790649e-02
-1.582891563884913921e-03
-1.570265553891658783e-02
-1.042638812214136124e-02
7.292728405445814133e-03
2.204855903983116150e-02
1.431672181934118271e-02
8.022777736186981201e-02
5.352989211678504944e-02
3.071745485067367554e-02
4.916840046644210815e-02
5.968450382351875305e-02
-6.890785694122314453e-02
1.352071389555931091e-02
2.387838363647460938e-01
3.061190433800220490e-02
1.677279546856880188e-02
1.069930791854858398e-01
-2.806161157786846161e-02
2.924170158803462982e-02
1.888485997915267944e-02
-3.591487929224967957e-02
9.454105980694293976e-03
-2.681535854935646057e-02
6.946707516908645630e-02
3.834733739495277405e-02
-4.233288764953613281e-02
1.229637395590543747e-02
-4.736476577818393707e-03
1.242663338780403137e-02
7.604529708623886108e-02
7.547356933355331421e-02
-3.702678252011537552e-03
7.792279124259948730e-02
-7.620479166507720947e-02
4.354367032647132874e-02
3.144812211394309998e-02
4.503440111875534058e-02
-6.379162520170211792e-02
-3.473492711782455444e-02
-2.322321757674217224e-02
2.997913211584091187e-02
-1.059735752642154694e-02
4.742305725812911987e-02
4.336374625563621521e-02
-1.133174449205398560e-01
6.834428012371063232e-02
-4.089057072997093201e-02
4.306406527757644653e-02
-4.404730722308158875e-02
-3.666452132165431976e-03
6.087528169155120850e-02
4.825273528695106506e-02
-1.049294099211692810e-01
8.955393423093482852e-05
-2.695028111338615417e-02
-4.064497072249650955e-03
-4.123304039239883423e-02
-6.453324574977159500e-03
2.586819604039192200e-02
1.153035461902618408e-02
3.790396451950073242e-02
2.303934656083583832e-02
4.696049913763999939e-02
1.605073176324367523e-02
-3.498650342226028442e-02
3.588101640343666077e-02
2.588211791589856148e-03
-1.184179564006626606e-04
-4.331354051828384399e-03
8.148592710494995117e-02
8.469044417142868042e-02
-1.685437746345996857e-02
-8.095012977719306946e-03
-2.231654524803161621e-02
1.537465141154825687e-03
3.172798454761505127e-02
-5.331536009907722473e-02
-5.851223319768905640e-02
1.195998489856719971e-02
8.381712436676025391e-02
2.119735442101955414e-02
-3.579368069767951965e-02
2.569987624883651733e-02
7.503569126129150391e-03
-1.752634346485137939e-02
1.328909397125244141e-02
2.040209993720054626e-02
4.592994973063468933e-02
4.257407039403915405e-02
2.795454673469066620e-02
1.510019972920417786e-02
7.848136126995086670e-02
-1.122573041357100010e-03
-2.616325626149773598e-03
2.271765843033790588e-02
-5.070102214813232422e-02
-2.232799865305423737e-02
-3.291990607976913452e-02
7.542409468442201614e-03
1.745893992483615875e-02
-3.561533987522125244e-02
-9.233815222978591919e-02
2.032721601426601410e-02
5.038513615727424622e-02
2.084838785231113434e-02
-1.261280477046966553e-02
2.259936183691024780e-02
6.407481431961059570e-02
4.314238205552101135e-02
-3.218553215265274048e-02
-1.168297380208969116e-01
-5.231536924839019775e-02
6.740344222635030746e-03
1.735951937735080719e-02
1.169583294540643692e-02
6.864139437675476074e-02
-4.528325051069259644e-02
4.358749464154243469e-02
-6.406288594007492065e-02
5.590751022100448608e-02
-1.570886559784412384e-02
-1.116470526903867722e-02
5.736345774494111538e-04
-9.944072226062417030e-04
7.581409532576799393e-03
7.508464902639389038e-02
3.036234714090824127e-02
-3.843442723155021667e-02
2.543933503329753876e-02
2.866785414516925812e-02
3.378269821405410767e-02
-5.982289835810661316e-02
1.545249018818140030e-02
-6.044895388185977936e-03
-7.213746756315231323e-02
1.602557487785816193e-02
4.772927984595298767e-02
2.485883235931396484e-02
3.825669363141059875e-02
3.168379142880439758e-02
-4.077954962849617004e-02
7.881328463554382324e-02
4.101145267486572266e-02
2.539490722119808197e-02
-3.252673149108886719e-02
-3.901418298482894897e-03
-2.202872652560472488e-03
2.190043032169342041e-02
-2.963735163211822510e-02
1.426917128264904022e-02
7.757478952407836914e-02
-4.570312052965164185e-02
3.215374052524566650e-02
-1.839318312704563141e-02
3.383287787437438965e-02
-1.988878846168518066e-02
3.634029626846313477e-02
7.367977499961853027e-02
-2.445864491164684296e-03
-4.580565541982650757e-02
-1.874548196792602539e-02
5.473617464303970337e-02
4.999439418315887451e-02
1.351732760667800903e-02
-4.068892821669578552e-02
-8.580072224140167236e-02
-4.878597334027290344e-02
-2.464493364095687866e-02
-5.430520698428153992e-02
-2.659047767519950867e-02
1.701868698000907898e-02
-4.859535023570060730e-02
8.242686837911605835e-02
2.341854758560657501e-02
7.374314963817596436e-02
3.656006604433059692e-02
1.643442176282405853e-02
-3.099661320447921753e-02
-1.794536784291267395e-02
6.751304119825363159e-02
8.312860503792762756e-03
-4.072837531566619873e-02
-4.325848817825317383e-02
3.089201869443058968e-03
-5.546195060014724731e-02
-6.369253247976303101e-02
3.310688585042953491e-02
1.010416895151138306e-01
7.897980511188507080e-02
1.683528907597064972e-02
-5.264883488416671753e-02
-4.161315504461526871e-03
-1.080990955233573914e-01
4.477297887206077576e-02
1.073249056935310364e-02
-1.065895613282918930e-02
4.515345394611358643e-02
2.941428124904632568e-02
3.360489755868911743e-02
7.642856240272521973e-02
2.559279650449752808e-02
1.168197579681873322e-02
1.063940003514289856e-01
-1.137955859303474426e-01
2.468241378664970398e-02
-9.770336560904979706e-03
5.075256898999214172e-02
9.595683962106704712e-02
-2.026331238448619843e-02
3.433111682534217834e-02
1.256465073674917221e-02
-2.986479550600051880e-02
6.613735109567642212e-02
-6.911307573318481445e-02
-8.096562698483467102e-03
-1.429979596287012100e-02
4.287181422114372253e-02
-3.066555410623550415e-02
-8.511377125978469849e-02
-2.017799532040953636e-03
5.136682465672492981e-02
-1.857099123299121857e-02
3.057567868381738663e-03
-2.546667307615280151e-02
2.034275978803634644e-02
-2.746888808906078339e-02
1.091258078813552856e-01
7.900404185056686401e-02
5.052132904529571533e-02
4.926577210426330566e-02
2.916756272315979004e-02
-4.089704155921936035e-02
8.683730661869049072e-02
6.065786629915237427e-02
-1.578447781503200531e-02
2.555560087785124779e-03
7.217570394277572632e-02
1.983743347227573395e-02
-1.706884987652301788e-02
-2.426821365952491760e-02
-6.865209341049194336e-02
-4.384744167327880859e-02
5.732012912631034851e-02
-2.835937030613422394e-02
1.009014900773763657e-02
-3.074005991220474243e-02
-2.597417868673801422e-02
-2.109076268970966339e-02
-3.318613767623901367e-02
3.184308111667633057e-02
-9.596665389835834503e-03
2.950196154415607452e-02
1.412615738809108734e-02
-3.122867085039615631e-02
1.372695863246917725e-01
-9.827821515500545502e-03
-1.283935084939002991e-02
2.034683153033256531e-02
7.391115278005599976e-02
-8.549904823303222656e-02
-2.614258602261543274e-02
2.867268584668636322e-02
-2.096574567258358002e-02
4.478890821337699890e-02
-4.614873975515365601e-02
7.316032797098159790e-02
-2.006175927817821503e-02
5.740084871649742126e-02
-2.477122843265533447e-02
2.208628319203853607e-02
1.996896415948867798e-02
-5.459077283740043640e-02
3.173041716217994690e-02
-7.373407483100891113e-02
-4.484752938151359558e-02
1.019083149731159210e-02
-3.371134772896766663e-02
3.050807677209377289e-02
-8.081832900643348694e-03
-8.387299254536628723e-03
6.026696413755416870e-02
4.287029802799224854e-02
-2.698808722198009491e-02
-3.342968598008155823e-02
9.087834507226943970e-03
1.045499555766582489e-02
2.022996544837951660e-02
-1.906690769828855991e-03
-4.268055781722068787e-02
7.337438315153121948e-02
2.966557256877422333e-02
4.725790768861770630e-02
4.443240351974964142e-03
5.953812971711158752e-02
-2.411508187651634216e-02
-3.968470543622970581e-02
-2.339807525277137756e-02
2.906041964888572693e-02
5.426768586039543152e-02
8.486778289079666138e-02
5.300131160765886307e-03
3.011038294062018394e-03
-6.168048083782196045e-02
4.552561789751052856e-02
-4.101129248738288879e-03
2.524513192474842072e-02
-2.541049942374229431e-02
-2.985472232103347778e-02
3.101292438805103302e-02
-5.690585449337959290e-02
-3.361331298947334290e-02
-1.855043694376945496e-02
-4.239751026034355164e-03
-5.391463637351989746e-02
-1.997868157923221588e-02
8.482395671308040619e-03
1.026413962244987488e-02
