1.833439618349075317e-02
3.231019247323274612e-03
-2.877842076122760773e-02
1.392921153455972672e-02
1.818940974771976471e-02
2.850104868412017822e-02
1.315976306796073914e-02
-5.524602532386779785e-02
3.640481736510992050e-03
2.398304827511310577e-02
-2.726424857974052429e-02
1.487094536423683167e-02
-8.277931250631809235e-03
4.543796181678771973e-02
-8.741916157305240631e-03
-1.690563932061195374e-02
-1.926682144403457642e-02
-1.726401271298527718e-03
1.916266232728958130e-01
2.387525327503681183e-02
-1.186152454465627670e-03
3.517986973747611046e-03
9.233924560248851776e-03
2.746258396655321121e-03
6.447102874517440796e-03
-7.422667462378740311e-03
-3.099009580910205841e-02
-3.078774176537990570e-02
-1.971117965877056122e-02
1.221123524010181427e-02
1.318046301603317261e-01
-1.793956011533737183e-02
8.819350041449069977e-03
-7.894127629697322845e-04
1.767265610396862030e-02
-7.011912297457456589e-03
-1.505448296666145325e-02
1.208703033626079559e-02
9.919224539771676064e-04
1.390118990093469620e-02
-1.926527172327041626e-02
1.990988664329051971e-02
-1.097172126173973083e-01
-3.420179337263107300e-02
-2.187183126807212830e-02
-2.921660430729389191e-02
-1.939878426492214203e-02
-9.657102636992931366e-03
5.660084541887044907e-03
-5.947115831077098846e-03
1.182789914309978485e-02
-3.094609826803207397e-02
4.628197103738784790e-02
-7.615949958562850952e-03
-2.556962333619594574e-02
-1.195857021957635880e-02
-3.217291552573442459e-03
6.599579937756061554e-03
3.634685575962066650e-01
9.709268063306808472e-02
-1.075967960059642792e-02
-6.230426952242851257e-03
-1.702636107802391052e-02
6.357159465551376343e-03
2.913751825690269470e-02
-2.691185800358653069e-03
1.826269179582595825e-02
-2.104352228343486786e-02
7.131075114011764526e-02
-1.600538566708564758e-02
1.337299775332212448e-02
6.552433595061302185e-03
-1.417798083275556564e-02
-1.429931167513132095e-02
3.175891470164060593e-03
9.857821278274059296e-03
-7.832686416804790497e-03
-2.520620450377464294e-02
2.015022374689579010e-02
1.442686170339584351e-01
-7.439042907208204269e-03
1.971640996634960175e-02
1.358461566269397736e-03
7.399710267782211304e-02
6.457824201788753271e-05
-2.438533119857311249e-03
9.354498237371444702e-03
1.212611887603998184e-02
2.556504867970943451e-02
-2.135087037459015846e-03
-2.069319598376750946e-02
-2.652782574295997620e-02
3.744281828403472900e-02
8.951361291110515594e-03
-4.954734351485967636e-03
-6.115017458796501160e-03
2.401919290423393250e-02
-1.006051525473594666e-02
4.736558347940444946e-02
6.140496581792831421e-03
-5.180285777896642685e-03
1.184667553752660751e-02
-5.670694168657064438e-03
-4.827111028134822845e-03
-5.090417340397834778e-03
-2.915553003549575806e-02
3.365234658122062683e-02
-1.371206832118332386e-03
2.846453152596950531e-02
-3.381325677037239075e-02
-1.398710068315267563e-02
1.302456669509410858e-02
-8.392866700887680054e-03
2.982920035719871521e-03
-1.897736638784408569e-02
-2.069158712401986122e-03
-2.904539927840232849e-03
-2.054729871451854706e-02
-5.509792361408472061e-03
-1.041221246123313904e-02
-1.419714000076055527e-02
-1.087303273379802704e-02
-8.865886367857456207e-03
-1.066357456147670746e-02
-6.471468508243560791e-02
3.422890556976199150e-03
7.060977164655923843e-03
1.322115771472454071e-03
1.664651930332183838e-02
-2.527811937034130096e-02
-7.060164958238601685e-02
1.965927192941308022e-03
-1.649780012667179108e-02
1.163387857377529144e-02
-5.563459172844886780e-02
2.711552951950579882e-04
1.339550502598285675e-02
-2.408591331914067268e-03
-7.444152235984802246e-02
2.092810906469821930e-02
-5.686544626951217651e-02
9.622892364859580994e-03
-1.121920160949230194e-02
-3.214135940652340651e-04
-1.263671205379068851e-03
2.001130729913711548e-01
8.982720784842967987e-03
-1.725096814334392548e-02
-6.682221777737140656e-03
-2.328943833708763123e-02
2.973758988082408905e-02
4.169299826025962830e-02
-4.783793352544307709e-03
1.644778996706008911e-02
7.152182515710592270e-03
-3.818739060079678893e-05
-2.905227011069655418e-03
-2.360656158998608589e-03
-5.806659162044525146e-02
-2.443012595176696777e-02
1.487287878990173340e-02
-5.721994861960411072e-02
5.909346416592597961e-02
2.478446252644062042e-02
-1.839108765125274658e-03
3.025088086724281311e-02
1.941764727234840393e-02
-5.859111901372671127e-03
-2.001494402065873146e-03
-3.903711959719657898e-02
6.761555559933185577e-04
-1.221590582281351089e-02
-9.995352476835250854e-03
2.070941962301731110e-03
3.051620721817016602e-02
1.141729764640331268e-02
-6.683201529085636139e-03
1.241227146238088608e-02
-8.742646314203739166e-04
-1.575346663594245911e-02
1.507297437638044357e-02
-8.521305397152900696e-03
-2.026565931737422943e-02
1.728062517940998077e-02
8.221215568482875824e-03
1.472129076719284058e-01
-6.557423621416091919e-02
1.268808543682098389e-02
3.161551430821418762e-03
-1.775781065225601196e-02
7.788114715367555618e-03
4.220427200198173523e-02
1.117287576198577881e-02
-2.376316674053668976e-02
1.142001710832118988e-02
1.868286170065402985e-02
-5.491657555103302002e-02
1.811606995761394501e-02
7.702366262674331665e-02
-3.111546859145164490e-03
3.702849894762039185e-02
3.134110942482948303e-02
-2.279443480074405670e-02
-1.635903306305408478e-02
3.455251688137650490e-03
-2.206237241625785828e-02
3.139357268810272217e-02
-9.931643493473529816e-03
1.417564507573843002e-02
-9.042398631572723389e-02
2.356306090950965881e-02
-2.681855671107769012e-02
1.903290487825870514e-02
2.343199914321303368e-03
-6.634010467678308487e-03
-2.686304412782192230e-02
-1.949008670635521412e-03
2.342763543128967285e-02
1.316698081791400909e-02
-2.840923145413398743e-02
-2.375995973125100136e-03
-7.451485395431518555e-01
-1.292710378766059875e-02
-3.977416083216667175e-02
1.236930303275585175e-02
3.051531894016079605e-05
-8.521242067217826843e-03
2.347739040851593018e-02
-1.220771484076976776e-02
4.415189905557781458e-04
1.429058145731687546e-03
2.381575666368007660e-02
-1.426614727824926376e-02
-1.136533357203006744e-02
-2.617449872195720673e-02
1.812246628105640411e-02
-8.336365222930908203e-03
4.272565245628356934e-03
-1.024851389229297638e-02
-6.316750776022672653e-03
2.286205766722559929e-03
-3.394551109522581100e-03
-1.293798387050628662e-01
-2.783258631825447083e-02
-2.589833457022905350e-03
2.780821546912193298e-02
-7.011076435446739197e-03
-1.913450425490736961e-03
-2.453328575938940048e-03
-7.551640737801790237e-03
-6.664233747869729996e-03
4.465787671506404877e-03
4.071510955691337585e-02
-1.352916192263364792e-02
-1.692028716206550598e-02
-1.176300225779414177e-03
5.212045088410377502e-02
2.857306785881519318e-02
-1.004671603441238403e-01
1.023435741662979126e-01
-3.869158774614334106e-02
-1.311334371566772461e-01
-3.185321390628814697e-02
3.743256628513336182e-02
-2.262620627880096436e-02
-5.212799832224845886e-02
2.816338837146759033e-02
1.627134718000888824e-02
7.865877822041511536e-03
-1.022595819085836411e-02
-7.251041382551193237e-02
2.193311229348182678e-02
-2.408388257026672363e-02
2.121423557400703430e-02
2.180284447968006134e-02
2.007057517766952515e-02
1.033046864904463291e-03
3.332564607262611389e-02
-8.882081508636474609e-02
-3.046400472521781921e-02
1.050068661570549011e-01
-3.200560808181762695e-02
5.184384435415267944e-02
-1.060253903269767761e-01
-7.096695154905319214e-02
-7.978361099958419800e-02
3.285606950521469116e-02
2.741902694106101990e-02
-3.019300848245620728e-02
1.019305959343910217e-01
9.098795242607593536e-03
1.112563908100128174e-01
-4.876727983355522156e-02
-3.316031768918037415e-02
-6.259303539991378784e-02
1.194200385361909866e-02
-1.242412719875574112e-02
1.047055423259735107e-01
-5.950335413217544556e-03
-7.074582576751708984e-02
-4.100630059838294983e-02
-3.585834056138992310e-02
8.814773559570312500e-01
9.513607248663902283e-03
3.236430464312434196e-03
1.040189117193222046e-01
-7.220336794853210449e-02
6.695768237113952637e-02
-2.587431669235229492e-02
-1.323139853775501251e-02
-9.904862195253372192e-02
-2.737901359796524048e-02
-3.499746322631835938e-02
4.268791526556015015e-02
-5.471442267298698425e-02
2.396714640781283379e-03
-6.347782164812088013e-02
5.242663621902465820e-02
-1.457550525665283203e-01
-5.308799445629119873e-03
2.638552524149417877e-02
-1.197418663650751114e-02
-2.820869348943233490e-02
4.468928277492523193e-02
6.096922606229782104e-02
1.788485608994960785e-02
3.016773983836174011e-02
-5.517319589853286743e-02
2.114712260663509369e-02
-7.025019731372594833e-03
-2.228943817317485809e-02
-1.413808390498161316e-02
1.698070205748081207e-02
1.233142148703336716e-02
-6.538784597069025040e-03
-5.606142431497573853e-02
-3.547240421175956726e-02
-3.448096290230751038e-02
-2.325759455561637878e-02
-6.642527412623167038e-03
1.886776462197303772e-02
-4.051668569445610046e-02
5.006865039467811584e-02
-2.448341622948646545e-02
-7.218603789806365967e-02
3.067396767437458038e-02
5.597449094057083130e-02
1.761879771947860718e-02
2.656844817101955414e-02
7.898873300291597843e-04
-1.997138373553752899e-02
4.943313449621200562e-02
3.351572528481483459e-02
5.406789481639862061e-02
2.303980104625225067e-02
2.374090626835823059e-02
-5.155631806701421738e-03
6.070579215884208679e-02
-7.325611263513565063e-02
-7.480344921350479126e-02
-7.120831310749053955e-02
-3.119871951639652252e-03
5.240844562649726868e-03
-2.022872120141983032e-02
3.500347584486007690e-02
6.440556794404983521e-02
-1.529797166585922241e-02
-1.938764378428459167e-02
2.806572988629341125e-02
-2.732156030833721161e-02
2.389234676957130432e-02
-1.724868547171354294e-03
-2.344593778252601624e-02
-2.540533803403377533e-02
-2.682160213589668274e-02
1.733702793717384338e-02
-3.288120776414871216e-02
-1.935216947458684444e-03
-7.127476483583450317e-02
8.091557025909423828e-02
-3.627876937389373779e-02
-1.826536376029253006e-03
-2.080294676125049591e-02
5.340210720896720886e-02
-1.299052126705646515e-02
4.799596965312957764e-02
1.726109720766544342e-02
-4.429620131850242615e-02
-6.893152743577957153e-02
4.795441776514053345e-02
-3.564050421118736267e-02
-1.268152333796024323e-02
-4.932789504528045654e-02
-3.207249566912651062e-02
-4.551698919385671616e-03
1.488224510103464127e-02
-1.696407236158847809e-02
-8.076782524585723877e-02
5.730358511209487915e-02
1.096316147595643997e-03
-3.990422189235687256e-02
-4.936154559254646301e-02
-7.440525572746992111e-03
-1.730155572295188904e-02
3.845377266407012939e-02
3.508707508444786072e-02
3.513589501380920410e-02
-3.770562261343002319e-02
-3.769335523247718811e-02
-6.877626758068799973e-03
-8.779349736869335175e-03
2.469216473400592804e-03
7.444571238011121750e-03
3.037493117153644562e-02
-1.882209558971226215e-03
-2.146479859948158264e-02
-6.853769719600677490e-02
8.901416324079036713e-03
4.887521266937255859e-02
-6.855158507823944092e-02
4.546754062175750732e-02
2.163902390748262405e-03
2.303067781031131744e-02
2.813144773244857788e-02
4.761534556746482849e-02
4.350892081856727600e-02
3.203761950135231018e-02
2.323082834482192993e-02
-3.537203744053840637e-02
2.115730009973049164e-02
9.251664741896092892e-04
6.222165748476982117e-02
-3.613225370645523071e-02
-5.083657056093215942e-02
9.935828857123851776e-03
-3.241034969687461853e-02
3.123949468135833740e-02
-1.781588047742843628e-01
-3.608427569270133972e-02
1.981772854924201965e-02
6.086889188736677170e-04
3.167916554957628250e-03
1.511623430997133255e-02
-5.360700935125350952e-02
-8.748706430196762085e-02
-5.545625835657119751e-02
-3.328113257884979248e-02
9.047155082225799561e-02
-4.519797489047050476e-02
-1.098475698381662369e-02
-6.759592890739440918e-02
-3.613490983843803406e-02
5.560578405857086182e-02
4.747909307479858398e-02
-6.284298840910196304e-03
-1.179441995918750763e-02
-2.500448375940322876e-02
-6.448914855718612671e-02
7.369272410869598389e-02
4.350432008504867554e-02
-8.490225672721862793e-02
1.064989250153303146e-02
-1.609763875603675842e-02
-1.201490685343742371e-02
9.679505601525306702e-03
-1.440709643065929413e-02
7.605081424117088318e-03
-2.203717455267906189e-02
-2.598805353045463562e-02
-9.704971686005592346e-03
-5.876865983009338379e-02
-1.912276633083820343e-02
7.147993892431259155e-03
1.765702664852142334e-02
1.143330782651901245e-01
-6.097282841801643372e-02
4.632082581520080566e-02
-4.572650790214538574e-02
-3.376827016472816467e-02
7.761610206216573715e-03
1.822064258158206940e-02
4.206163063645362854e-02
-1.496838033199310303e-02
-3.881749231368303299e-03
-1.255179475992918015e-02
2.391990460455417633e-02
9.070542640984058380e-03
-2.389001287519931793e-02
5.573209002614021301e-02
2.889922447502613068e-02
-1.294245012104511261e-03
1.278998423367738724e-02
1.344567723572254181e-02
2.412016130983829498e-02
-7.797579746693372726e-03
3.069418109953403473e-02
-1.435270183719694614e-03
1.274103950709104538e-02
4.084961116313934326e-02
9.725718759000301361e-03
7.073918730020523071e-02
-5.242548417299985886e-03
-5.147098377346992493e-02
5.477134883403778076e-02
1.026528514921665192e-02
8.021559333428740501e-04
1.506754662841558456e-02
-3.111334331333637238e-02
4.782652109861373901e-02
8.160304278135299683e-02
6.615804973989725113e-03
1.036757510155439377e-02
9.425210766494274139e-03
-1.186305731534957886e-01
-7.045057415962219238e-02
-2.065873518586158752e-02
-5.274637043476104736e-02
-1.697523286566138268e-03
-1.333705428987741470e-02
4.866655170917510986e-02
-2.634260803461074829e-03
7.470508664846420288e-02
9.186600893735885620e-02
3.213283419609069824e-02
1.872597448527812958e-02
5.520734563469886780e-02
-5.900213494896888733e-02
5.953911459073424339e-04
1.614246517419815063e-01
1.782836392521858215e-02
1.128876116126775742e-02
1.051478683948516846e-01
-1.060714200139045715e-01
4.926861077547073364e-02
-3.437672741711139679e-03
-2.538480795919895172e-02
2.353571355342864990e-02
-5.507315322756767273e-02
4.081233218312263489e-02
8.508501574397087097e-03
-5.122099444270133972e-02
-3.455634927377104759e-03
1.219756319187581539e-03
1.366941165179014206e-02
3.251843526959419250e-02
7.503797113895416260e-02
1.965427026152610779e-02
3.643520176410675049e-02
-5.202779173851013184e-02
7.019907236099243164e-02
3.931137919425964355e-02
6.656984984874725342e-02
-7.413365691900253296e-02
-4.769013822078704834e-02
-6.631087511777877808e-03
2.055198885500431061e-02
4.201952368021011353e-02
3.994041588157415390e-03
1.141912303864955902e-02
-4.371406510472297668e-02
9.027383476495742798e-02
-4.674304276704788208e-02
2.139986678957939148e-02
-8.412720635533332825e-03
4.431660752743482590e-03
2.376432158052921295e-02
5.067225545644760132e-02
-1.110771298408508301e-01
-1.313699129968881607e-02
4.228797275573015213e-03
-1.456195116043090820e-02
-3.341634571552276611e-02
-4.685470461845397949e-02
1.084009334444999695e-01
-2.481381781399250031e-02
5.402805656194686890e-02
-4.273433983325958252e-02
4.464147239923477173e-02
4.385356977581977844e-02
4.097799304872751236e-03
6.315966695547103882e-02
-2.624436747282743454e-03
9.575148113071918488e-03
1.202245708554983139e-02
9.005062282085418701e-02
6.074736639857292175e-02
-9.613445028662681580e-03
-2.141551813110709190e-03
-9.427041746675968170e-03
-8.522881194949150085e-03
3.528811782598495483e-02
-2.514662221074104309e-02
-2.382521331310272217e-02
2.746858447790145874e-02
6.934917718172073364e-02
1.260820217430591583e-02
-1.943987980484962463e-02
-2.285487018525600433e-02
-3.025407530367374420e-02
-5.024080164730548859e-03
2.479548193514347076e-02
-7.482648361474275589e-03
1.864584535360336304e-02
3.550192341208457947e-02
-8.523705415427684784e-03
4.962572827935218811e-02
8.860606700181961060e-02
7.427334319800138474e-03
1.615440845489501953e-02
-2.300398796796798706e-02
-4.275065287947654724e-02
-4.853832349181175232e-02
-1.947913318872451782e-02
3.537796810269355774e-02
6.240993738174438477e-02
-1.989872381091117859e-02
-6.475772708654403687e-02
6.246297154575586319e-03
4.509484395384788513e-02
-3.801902756094932556e-02
-9.452948346734046936e-03
3.650447353720664978e-02
2.781406231224536896e-02
3.627555072307586670e-02
-1.922420598566532135e-02
-9.996230900287628174e-02
-8.515917509794235229e-02
8.428336121141910553e-03
2.874256111681461334e-02
2.825739979743957520e-02
4.174957796931266785e-02
-3.308379277586936951e-02
2.531920187175273895e-02
-4.117365926504135132e-02
6.004606932401657104e-02
-1.075866166502237320e-02
1.601740159094333649e-02
-7.723063230514526367e-03
1.683737616986036301e-03
2.359998226165771484e-02
5.924436450004577637e-02
4.693947732448577881e-02
-3.305425867438316345e-02
4.275683686137199402e-02
2.691307105123996735e-02
1.867214962840080261e-02
-4.902739450335502625e-02
3.962131217122077942e-02
3.442570567131042480e-02
-9.278620779514312744e-02
2.779997140169143677e-02
4.911178350448608398e-02
1.453902758657932281e-02
4.115220159292221069e-02
4.147113114595413208e-02
-8.163844794034957886e-02
1.107111386954784393e-02
3.899643942713737488e-02
1.138438377529382706e-02
-6.530705094337463379e-02
5.393429659307003021e-03
8.376501500606536865e-03
-1.369870267808437347e-02
-5.393248051404953003e-02
6.493465602397918701e-02
2.604820393025875092e-02
1.416130363941192627e-02
6.620234251022338867e-02
-4.159475117921829224e-02
9.133993647992610931e-03
-2.751458436250686646e-02
1.543250493705272675e-02
9.227073192596435547e-02
2.741320803761482239e-02
-5.156536027789115906e-02
2.995867654681205750e-02
6.928316503763198853e-02
6.500754505395889282e-02
6.318292021751403809e-02
-5.518200248479843140e-02
-5.117585137486457825e-02
-8.212008327245712280e-02
2.744295867159962654e-03
-2.816257625818252563e-02
4.475653171539306641e-03
3.147267922759056091e-02
4.588948562741279602e-03
2.103036642074584961e-02
8.621073327958583832e-03
4.302216693758964539e-02
3.886691108345985413e-02
1.460541505366563797e-02
-1.259635784663259983e-03
-1.790617220103740692e-02
7.118190079927444458e-02
2.639907784759998322e-02
-7.121571153402328491e-02
-2.070274576544761658e-02
2.614740468561649323e-02
-1.178300678730010986e-01
-2.828249894082546234e-02
3.987672924995422363e-02
8.635336160659790039e-02
4.329046607017517090e-02
2.726669609546661377e-02
-3.571468591690063477e-02
-1.926947385072708130e-03
-6.149758026003837585e-02
6.053172051906585693e-02
1.496827043592929840e-02
-3.206791728734970093e-02
6.471406668424606323e-02
1.993679627776145935e-02
5.118755623698234558e-02
3.505957499146461487e-02
2.186086028814315796e-02
-2.218829840421676636e-02
4.769090563058853149e-02
-1.472859382629394531e-01
4.201408848166465759e-02
-2.523854561150074005e-02
5.654172971844673157e-03
5.638801679015159607e-02
4.960572347044944763e-02
1.873336546123027802e-02
-5.523874238133430481e-02
-7.917741313576698303e-03
6.521730870008468628e-02
-5.255458503961563110e-02
-3.070005960762500763e-02
-1.989625953137874603e-02
7.160164881497621536e-03
-5.399680137634277344e-02
-2.678875625133514404e-02
-1.089850720018148422e-02
2.824071235954761505e-02
-3.479667380452156067e-02
-4.414394497871398926e-02
-3.154147043824195862e-02
-8.510651998221874237e-03
-3.472461178898811340e-02
1.335580348968505859e-01
9.132183343172073364e-02
1.484155375510454178e-02
4.689806327223777771e-02
1.348906103521585464e-02
-2.552120946347713470e-02
8.346983045339584351e-02
6.130291149020195007e-02
1.509514916688203812e-02
6.543879862874746323e-03
6.547745317220687866e-02
1.938530057668685913e-02
2.416043914854526520e-02
-6.959196180105209351e-03
-2.062535844743251801e-02
-2.994607388973236084e-02
2.794932760298252106e-02
-2.289914712309837341e-02
1.126471720635890961e-02
-2.290278486907482147e-02
8.085412904620170593e-03
-2.550873346626758575e-02
-1.648662798106670380e-02
-2.772582322359085083e-02
-3.056071698665618896e-02
7.397814188152551651e-03
3.842649236321449280e-02
-3.061215020716190338e-02
1.320280283689498901e-01
7.387006655335426331e-03
1.510685589164495468e-02
-2.906657755374908447e-03
5.472400039434432983e-02
-1.048049554228782654e-01
-1.128976047039031982e-02
3.064813464879989624e-02
8.632408455014228821e-03
1.663370244204998016e-02
-3.908968716859817505e-02
7.707660645246505737e-02
8.092947304248809814e-03
4.994225129485130310e-02
6.505576893687248230e-04
1.421574875712394714e-02
3.502685949206352234e-02
-5.841431394219398499e-02
-1.863218727521598339e-03
-7.846447080373764038e-02
-1.486522238701581955e-02
-1.286900788545608521e-02
-2.635196596384048462e-02
1.393224298954010010e-02
2.501494064927101135e-02
-7.972682826220989227e-03
4.351899772882461548e-02
3.021207638084888458e-02
7.311693392693996429e-03
-3.588398173451423645e-02
2.264724578708410263e-03
3.500886633992195129e-02
-3.936925437301397324e-03
3.394231665879487991e-03
-6.238288432359695435e-02
4.341573268175125122e-02
2.674422785639762878e-02
4.068264737725257874e-02
3.716513747349381447e-03
6.414059549570083618e-02
-2.977635525166988373e-02
-8.036962151527404785e-02
2.239590138196945190e-02
1.615929603576660156e-02
9.019093960523605347e-02
1.041298359632492065e-01
5.214316397905349731e-02
-2.764105983078479767e-02
-1.050639972090721130e-01
5.263367295265197754e-02
3.631565347313880920e-02
1.076030451804399490e-02
3.236669674515724182e-02
-4.744936525821685791e-02
-5.228794179856777191e-03
-4.868998751044273376e-02
-6.394436210393905640e-02
-3.101849369704723358e-02
3.799961507320404053e-02
-4.292789101600646973e-02
-2.416794188320636749e-02
3.170632570981979370e-02
-1.425649132579565048e-02
