0.0387287922203541
0.0158625878393650
0.0275187995284796
0.0883207395672798
-0.0938474908471107
-0.0477269589900970
0.0026687628123909
0.0252859201282263
0.1099589318037033
0.0764907300472260
-0.0797344073653221
0.0663890168070793
0.0570704899728298
0.0240130331367254
-0.0927538275718689
-0.0505500510334969
-0.0293780174106359
-0.0215709637850523
0.0465446747839451
-0.0775895416736603
0.0858398973941803
0.0434891581535339
0.1037681251764297
0.0410621203482151
-0.1155289262533188
-0.0419314764440060
0.0297265183180571
0.0290043819695711
-0.0581453032791615
0.0759725123643875
0.0009264140389860
0.0138142332434654
0.0914878845214844
0.0658242776989937
0.0423326864838600
0.0549119859933853
0.1475759297609329
-0.0564463064074516
0.0446623265743256
-0.0109531413763762
-0.0544894374907017
-0.0050277383998036
0.1117289215326309
-0.0286101624369621
0.0993648692965508
0.0137244779616594
-0.0704873651266098
0.0357320494949818
0.0487258136272430
0.0498518124222755
-0.0893754214048386
0.0301888659596443
0.0696222931146622
-0.1230204775929451
0.0394396930932999
-0.0441268570721149
-0.0964178740978241
0.0055676884949207
0.0830219984054565
-0.0173242017626762
0.0461147390305996
-0.0273173283785582
-0.0021689774002880
-0.0382988527417183
0.0452774912118912
-0.0668227523565292
0.0011907919542864
0.0124244950711727
0.1180002763867378
-0.0001093889004551
0.0518145412206650
-0.0200166460126638
0.0122542493045330
0.0538225322961807
-0.0238362178206444
-0.0280628651380539
-0.0606079846620560
0.0216119978576899
0.0326455458998680
-0.0372753702104092
-0.0793591812252998
-0.0008726500091143
0.0453812442719936
-0.0089914789423347
0.0993841737508774
-0.0514062419533730
0.0544043853878975
0.0411041527986526
-0.0051014814525843
-0.0154587803408504
0.0310549288988113
-0.0477464199066162
-0.0780331715941429
-0.0671775937080383
0.0860678479075432
-0.0295477472245693
0.0782512500882149
0.0317587442696095
-0.1048334464430809
0.0615055337548256
-0.0559991635382175
-0.0403220877051353
0.0125952754169703
0.0034116813912988
-0.1029520928859711
-0.0749962553381920
-0.0643618926405907
-0.1160289645195007
0.0582528375089169
0.0766697749495506
-0.0121230818331242
0.0798581093549728
0.0642647519707680
0.0653670132160187
-0.0268203690648079
0.0597549565136433
0.0466831661760807
-0.1056542471051216
-0.0513481087982655
0.0697120055556297
0.0340616442263126
0.0490365624427795
0.0617126412689686
-0.0100456317886710
-0.0734515264630318
-0.0296135675162077
0.0456290952861309
-0.0917391926050186
-0.0615180693566799
0.1330993026494980
0.0917242169380188
0.0634320974349976
0.0605831705033779
0.0140485716983676
0.0465996377170086
-0.0926079452037811
-0.0321079492568970
0.0184530075639486
-0.0564017631113529
0.0801347196102142
0.0245242845267057
0.0344246886670589
-0.1086679622530937
0.0857751742005348
-0.0569214671850204
-0.1239508166909218
0.0089944768697023
0.0507602654397488
0.0043474785052240
0.0400367900729179
0.1009625270962715
-0.0894777923822403
-0.0610394179821014
0.0179944932460785
0.0538509450852871
0.1219525933265686
-0.0187223739922047
0.0643029510974884
-0.0860521271824837
-0.0127564333379269
0.0695057809352875
-0.0175847560167313
0.0914278328418732
-0.1300530880689621
0.0235798247158527
-0.0348161421716213
0.0539662875235081
0.0632079541683197
-0.0630026236176491
0.0511422902345657
-0.0756638869643211
-0.0973971188068390
0.0202893577516079
0.0199796445667744
-0.0545777566730976
-0.0273113381117582
-0.0394133813679218
0.0461219511926174
-0.0108373239636421
-0.1247978433966637
-0.0640368089079857
0.0648771896958351
0.0515033788979053
0.0599849149584770
0.0017147238831967
0.1241268515586853
-0.0789555311203003
-0.0130143072456121
0.0776172801852226
0.0226294174790382
0.0767276138067245
-0.0535728968679905
0.0520838834345341
-0.0913203433156013
-0.0518867000937462
-0.0291377622634172
0.1347876936197281
0.0542323999106884
-0.0765966847538948
-0.0320858284831047
0.0537493824958801
0.0520216263830662
0.0213644616305828
-0.0918818637728691
0.0695994421839714
-0.0424459911882877
0.0909284800291061
-0.0063446331769228
-0.0657761618494987
0.0708687976002693
0.0460220351815224
0.0695546269416809
-0.0552589371800423
0.0414781384170055
-0.0461692363023758
-0.0185830853879452
-0.0101407440379262
0.0474270209670067
0.0069646677002311
0.1177906841039658
-0.0943708792328835
-0.0372186005115509
-0.0295337885618210
0.0178341642022133
0.0839274451136589
0.0273942630738020
0.0494683608412743
0.0081449681892991
-0.0589187964797020
0.0528465285897255
0.0765346810221672
0.0773625522851944
0.0210966430604458
0.0197056941688061
-0.0981538891792297
0.0058593121357262
0.0515924617648125
-0.0778282806277275
-0.0384007655084133
-0.0668464601039886
-0.0334739275276661
-0.0277683511376381
0.1125895678997040
0.0561037287116051
0.0210915692150593
0.0606811493635178
-0.0507526397705078
-0.0821171253919601
-0.0374796390533447
0.0261727236211300
-0.0660488605499268
0.0398820824921131
-0.0464464537799358
-0.0949447453022003
0.0161081105470657
-0.0718943029642105
0.0385311096906662
-0.0633932203054428
-0.0480945892632008
-0.0905558094382286
0.0722164660692215
-0.1654381603002548
-0.0272395219653845
0.1733118891716003
-0.0081377644091845
0.1147827506065369
-0.0260263085365295
0.1102806925773621
0.1662688106298447
-0.0014164540916681
-0.0004484417440835
-0.1565604805946350
-0.2163232862949371
-0.0398439057171345
0.1582028716802597
-0.2389319390058517
-0.1892456710338593
-0.1231628060340881
-0.0489956438541412
-0.0134365493431687
-0.0099624879658222
-0.1046413555741310
-0.2256215810775757
-0.1787725090980530
-0.0484227687120438
0.0853848606348038
-0.0157174374908209
-0.0140407141298056
-0.0351580120623112
-0.1656246036291122
-0.2314852029085159
-0.0841282457113266
0.0447516068816185
0.0922660157084465
0.0727533996105194
-0.0976701006293297
-0.0680809244513512
0.0152825433760881
-0.0098990453407168
-0.1649595052003860
-0.1875871866941452
0.0153321931138635
0.1273720264434814
-0.2566106617450714
-0.1066591963171959
0.1080422252416611
0.0618219897150993
0.1171080246567726
-0.1186251938343048
-0.0851985886693001
-0.0416228100657463
-0.1477975547313690
0.2094760686159134
0.1399817019701004
-0.0012561507755890
0.1666687875986099
0.0179452896118164
0.2915755510330200
0.0449978522956371
-0.1608037203550339
0.0363377407193184
-0.0381706096231937
-0.0595588088035583
0.0641276016831398
0.0402087382972240
-0.0474020466208458
-0.0042224302887917
-0.0086020836606622
0.0094042150303721
0.0612845681607723
-0.0653023496270180
-0.0206860657781363
-0.0196092352271080
-0.0593594536185265
0.0519784726202488
-0.0467848367989063
-0.0158744025975466
-0.0657631084322929
0.0469800308346748
-0.0014767037937418
-0.0373828373849392
-0.0442686341702938
-0.0408332087099552
0.0556542091071606
0.0041480744257569
0.0041864071972668
-0.0273751225322485
-0.0302884653210640
-0.1002066954970360
-0.0169968772679567
0.0088387206196785
0.0667397528886795
-0.0373949557542801
-0.0594229996204376
-0.0623982772231102
-0.0732015371322632
-0.0054268175736070
-0.0568306334316730
-0.0344777740538120
0.0392730869352818
-0.0538531765341759
0.0056527368724346
0.0113078039139509
0.0514705814421177
-0.0573652386665344
-0.0408859066665173
0.0043273614719510
-0.0374341271817684
0.0269367955625057
-0.0554340332746506
0.0370383821427822
0.0467366427183151
0.0019820404704660
-0.0358315482735634
-0.0053524496033788
-0.0120499748736620
0.0283167343586683
0.0760404020547867
-0.0206539332866669
0.0251277778297663
0.0366977639496326
-0.0135931130498648
-0.0019807796925306
0.0876284241676331
-0.0627033263444901
-0.0584976859390736
0.0288036782294512
0.0199388340115547
-0.0020191024523228
0.0240089818835258
0.0449262261390686
0.0172713454812765
-0.0243712607771158
-0.0121986940503120
0.0495011731982231
0.0672707930207253
-0.0143574038520455
0.0538119636476040
-0.0103940581902862
-0.0581526644527912
0.0117709450423717
-0.0650682002305984
-0.0674953311681747
0.0431815199553967
-0.0350397005677223
-0.0358902551233768
0.0442779734730721
-0.0318504124879837
-0.0382967591285706
-0.0545231997966766
-0.0022608756553382
-0.0043131150305271
-0.0615602843463421
0.0941112935543060
0.0037310114130378
0.0154498321935534
-0.0010217399103567
-0.0038926226552576
-0.0630084350705147
0.0994402244687080
0.0848514065146446
0.0673451125621796
0.0152289364486933
-0.0088762817904353
-0.0144121339544654
0.0776345878839493
0.0033979539293796
-0.0111122746020555
-0.0547095909714699
0.0600482560694218
-0.0121035845950246
-0.0486648119986057
-0.0100963832810521
-0.0178791061043739
-0.0358526147902012
0.0632108151912689
0.0675842165946960
-0.0077627510763705
0.0200859028846025
0.0286652799695730
0.0614988207817078
-0.0188163518905640
0.0552387200295925
0.0214480124413967
-0.0021566655486822
-0.0455161482095718
-0.0586544275283813
0.0796722173690796
-0.0203975811600685
0.0383155234158039
0.0467076301574707
-0.0600543282926083
-0.0047821681946516
0.0215163864195347
-0.0349849797785282
-0.0559586994349957
-0.0414546914398670
-0.0473138876259327
-0.0409818738698959
0.0631364807486534
0.0443866290152073
0.0646004602313042
0.0484686121344566
0.0813109725713730
0.0266942381858826
-0.0189842004328966
0.0031639412045479
0.0382023528218269
0.0335264801979065
-0.0424607172608376
0.0132313910871744
0.0071841157041490
-0.0211141780018806
-0.0148162050172687
0.0181492716073990
0.0250326208770275
-0.0396002568304539
0.0571667365729809
0.0478170514106750
-0.0346780493855476
0.0629966184496880
-0.0521689765155315
0.0521211288869381
0.0135286664590240
-0.0775499865412712
0.0697886943817139
0.0610646717250347
0.0522908121347427
-0.0320335514843464
-0.0269576795399189
0.0383748412132263
0.0485667623579502
-0.0160798523575068
-0.0238675568252802
0.0179425068199635
-0.0244921483099461
0.0047594276256859
0.0360686630010605
0.0397518053650856
0.0214705001562834
0.0131502375006676
-0.0880026221275330
0.0522150062024593
0.0000234514536714
-0.0198232103139162
0.0159811098128557
-0.0742722526192665
-0.0369486510753632
-0.0068418961018324
-0.0144584514200687
0.0395012982189655
0.0063312132842839
0.0043373564258218
0.0213887318968773
-0.0457370579242706
0.0304461289197206
0.0167736653238535
-0.0645933449268341
-0.0246432181447744
0.0491858534514904
0.0381729751825333
-0.0769310146570206
-0.0219406057149172
-0.0513830482959747
0.0128465518355370
0.0635848343372345
0.0348909236490726
0.0373241044580936
-0.0375246703624725
-0.0526318289339542
0.0102139413356781
0.0127737550064921
0.0235002730041742
-0.0260861087590456
0.0856587290763855
0.0775833129882812
-0.0594317130744457
-0.0191777218133211
0.0133890071883798
-0.0243228338658810
-0.0255805905908346
-0.0154912350699306
-0.0357006043195724
0.0341837331652641
0.0692268088459969
0.0736098662018776
-0.0482575632631779
-0.0394790656864643
-0.0264503732323647
-0.0787107869982719
0.0318019911646843
0.0789581537246704
0.0680911019444466
-0.0623229183256626
-0.0093235913664103
0.0447044000029564
0.0112141892313957
-0.0351201780140400
0.0011684430064633
0.0555404126644135
0.0005647655343637
0.0544665828347206
0.0829084962606430
-0.0098471958190203
0.0349427573382854
0.0168995093554258
0.0754104480147362
0.0357242003083229
-0.0211668536067009
-0.0366137661039829
-0.0082429666072130
-0.0646171644330025
-0.0964764580130577
0.0210992228239775
-0.0116206845268607
-0.0284657515585423
-0.0752563700079918
0.0062071126885712
-0.0181269329041243
0.0442695766687393
0.1109345108270645
-0.0729965791106224
-0.0408436842262745
0.0398258566856384
0.0564270913600922
-0.0121503034606576
-0.0433189459145069
0.0191783867776394
0.0183612871915102
-0.0168680939823389
0.0309258885681629
-0.0425350442528725
-0.0276090614497662
-0.0630409643054008
0.0387683212757111
0.0502455234527588
-0.0189535673707724
0.0015478066634387
0.0578148514032364
-0.0750591382384300
0.0001316525740549
0.0004112412862014
0.0495434999465942
-0.0309799835085869
0.0448755063116550
0.0336514338850975
-0.0665992721915245
0.0104094939306378
-0.0132276350632310
0.0342923514544964
-0.0655492767691612
0.0063110748305917
-0.0201454348862171
0.0562622658908367
-0.0531307607889175
0.0178481172770262
0.0237733013927937
-0.0112124700099230
0.0155866499990225
-0.0174680147320032
-0.0350923016667366
0.0174095183610916
-0.0621878206729889
0.0261427089571953
0.0011392774758860
0.0468412525951862
0.0077269659377635
-0.0681609138846397
0.0480804108083248
-0.0232466422021389
-0.0622589215636253
-0.0955396369099617
-0.0383002199232578
0.0228195022791624
-0.0564543642103672
-0.0086733931675553
-0.0467563010752201
-0.0635233595967293
0.0838289707899094
0.0073255440220237
0.0321116819977760
0.0102761387825012
-0.0012094154953957
0.0583772398531437
0.0826438441872597
0.0514300614595413
0.0530916191637516
0.0168116986751556
-0.0555767714977264
0.0294468365609646
-0.0570326782763004
0.0080981943756342
0.0821662694215775
-0.0740924254059792
0.0586640015244484
-0.0361120291054249
0.0105464486405253
-0.0183886066079140
-0.0632659569382668
0.0371895544230938
-0.0295443721115589
-0.0319432951509953
0.0714647769927979
0.0318037010729313
-0.0726060196757317
-0.0047847530804574
-0.0383755899965763
-0.0309982392936945
0.0166556388139725
0.0341364257037640
-0.0484197735786438
-0.0583025068044662
-0.0122415199875832
0.0549893528223038
-0.0342761389911175
-0.0101312072947621
0.0372058749198914
-0.0451008975505829
-0.0047667436301708
-0.0050622569397092
-0.0257693659514189
0.0521256215870380
0.0497031211853027
-0.0358939617872238
0.0731678977608681
0.0273359045386314
-0.0481034256517887
-0.0228132642805576
-0.0810503661632538
0.0610988028347492
-0.0798911452293396
0.0662115514278412
0.0752493441104889
0.0181068237870932
-0.0228761155158281
-0.0196663700044155
-0.0075112152844667
-0.0045372876338661
0.0092230653390288
-0.0236632097512484
0.0227025765925646
-0.0016859816387296
-0.0329956039786339
0.0274227540940046
0.0819028392434120
0.0679242983460426
-0.0130732459947467
-0.0824575275182724
-0.0753367692232132
-0.0511044412851334
0.0598322376608849
-0.0480995103716850
0.0435706228017807
-0.0293590314686298
0.0085483314469457
-0.0064233290031552
-0.0753304958343506
0.0226232390850782
-0.0369202345609665
0.0195737015455961
-0.0986830964684486
-0.0477457754313946
-0.0346191190183163
0.0380420237779617
-0.0422133319079876
-0.0196123644709587
-0.0514456368982792
0.0519430637359619
-0.0216295327991247
0.0518148727715015
-0.0413171909749508
0.0338132008910179
0.0265872087329626
-0.0436642616987228
0.0379418022930622
0.0362098701298237
-0.0350029431283474
-0.0587090179324150
0.0060972305946052
-0.0307326167821884
0.0123513061553240
0.0522951856255531
-0.0758608952164650
0.0488824881613255
0.0614513121545315
-0.0162050835788250
0.0443140678107738
-0.0304383542388678
-0.0203465167433023
-0.0730248689651489
0.0166963897645473
-0.0192876067012548
0.0219521578401327
0.0163485389202833
-0.0292984005063772
-0.0802889242768288
-0.0486873909831047
-0.0372692830860615
0.0894276946783066
-0.0588785409927368
-0.0322805568575859
-0.0321410484611988
-0.0131711130961776
-0.0721169933676720
-0.0008048854069784
-0.0276543200016022
-0.0241172276437283
-0.0466029532253742
0.0544948577880859
0.0403515025973320
0.0179091040045023
-0.0472921170294285
0.0437967963516712
-0.0201328918337822
-0.0404220893979073
-0.0232473332434893
0.0604103058576584
0.0188194457441568
-0.0604764483869076
0.0690751448273659
-0.0637926757335663
-0.0190957617014647
-0.0154992332682014
0.0456742346286774
0.0014032627223060
-0.0253759771585464
-0.0559734627604485
0.0116125717759132
0.0740957111120224
0.0344928018748760
-0.0194572694599628
-0.0476652681827545
-0.0001802077313187
0.0128157148137689
0.0186431240290403
0.0395240150392056
0.0162537544965744
0.0274896044284105
-0.0063499361276627
-0.0217540021985769
0.0688514485955238
-0.0805324614048004
-0.0272562112659216
0.0268015693873167
-0.0648968964815140
0.0166574623435736
-0.0239234473556280
-0.0476695634424686
-0.0009249683935195
0.0018854968948290
-0.0069171395152807
0.0196041334420443
0.0402276292443275
-0.0749671831727028
-0.0030930107459426
-0.0339328348636627
-0.0162850916385651
-0.0143356211483479
0.0527555197477341
0.0253240931779146
0.0159797333180904
0.0760383829474449
-0.0901496335864067
0.0385403521358967
0.0502195693552494
-0.0232285168021917
0.0366913564503193
0.0598416253924370
-0.0358210317790508
-0.0253837686032057
-0.0398954302072525
0.0262433383613825
