0.0544273406267166
0.0182713065296412
0.0549325905740261
0.0739424377679825
-0.1012290641665459
-0.0395235680043697
-0.0054911919869483
0.0271170102059841
0.0973248928785324
0.0638350546360016
-0.0623592808842659
0.0947258025407791
0.0657994672656059
0.0299797710031271
-0.0744311511516571
-0.0564253963530064
-0.0364156700670719
-0.0086524207144976
0.0435855798423290
-0.0847188681364059
0.0777398496866226
0.0383477360010147
0.0891128256917000
0.0251508057117462
-0.1079982146620750
-0.0270314179360867
0.0275228545069695
0.0376009084284306
-0.0551119856536388
0.0669566020369530
-0.0013063423102722
0.0271975081413984
0.1078265234827995
0.0696912258863449
0.0597026832401752
0.0738192275166512
0.1528200209140778
-0.0432182624936104
0.0529121570289135
-0.0063687446527183
-0.0543679483234882
-0.0234428532421589
0.1194167584180832
-0.0460796728730202
0.0912028625607491
0.0356290675699711
-0.0444033220410347
0.0455504879355431
0.0420010909438133
0.0261459033936262
-0.1006363406777382
0.0361975282430649
0.0646335557103157
-0.0779786854982376
0.0104326456785202
-0.0476332046091557
-0.0858324393630028
0.0072136023081839
0.0722054541110992
-0.0139209721237421
0.0406366996467113
-0.0586671419441700
-0.0142764057964087
-0.0719804912805557
0.0214677471667528
-0.0564645938575268
-0.0075157936662436
0.0047092218883336
0.1158297881484032
0.0196004826575518
0.0424445755779743
-0.0320997051894665
0.0442957654595375
0.0518811382353306
-0.0271776653826237
-0.0241624321788549
-0.0758873522281647
0.0433936789631844
0.0256899688392878
-0.0161470025777817
-0.0841277763247490
0.0269178804010153
0.0857800319790840
-0.0404120199382305
0.1237184256315231
-0.0300815179944038
0.0844524204730988
0.0656250640749931
-0.0068360473960638
0.0128454854711890
0.0302872844040394
-0.0408354811370373
-0.1005140617489815
-0.0539015680551529
0.0774669125676155
-0.0162011981010437
0.1050955429673195
0.0048226965591311
-0.0683035776019096
0.0407194308936596
-0.0408410392701626
-0.0184116140007973
0.0044367117807269
-0.0147807290777564
-0.0911277309060097
-0.0889702662825584
-0.0692026242613792
-0.0848809033632278
0.0676963329315186
0.0635246783494949
0.0078817168250680
0.0703060775995255
0.0707708597183228
0.0505184791982174
-0.0456723719835281
0.0479356683790684
0.0505304187536240
-0.1029016301035881
-0.0602365545928478
0.0785836651921272
0.0243571680039167
0.0865847617387772
0.0710507184267044
-0.0343614369630814
-0.0502689816057682
-0.0559311658143997
0.0647054389119148
-0.0980866178870201
-0.0424318723380566
0.1315758675336838
0.1026562750339508
0.0929577872157097
0.0293726697564125
0.0301889330148697
0.0493365675210953
-0.0896928235888481
-0.0434584766626358
-0.0081765782088041
-0.0542841888964176
0.0867256224155426
0.0492747761309147
0.0699960067868233
-0.0753521695733070
0.0784535780549049
-0.0467206276953220
-0.1323410123586655
0.0234664138406515
0.0468358471989632
0.0139719378203154
0.0597638301551342
0.0804472044110298
-0.0718462020158768
-0.0862256437540054
0.0260686278343201
0.0561495721340179
0.1020644232630730
-0.0171886309981346
0.0670094043016434
-0.0998404845595360
0.0179248843342066
0.0622291713953018
-0.0189832802861929
0.0682413876056671
-0.1187958717346191
0.0283993333578110
-0.0151451565325260
0.0375419147312641
0.0794354304671288
-0.0431036390364170
0.0632808730006218
-0.0838578194379807
-0.0962848216295242
0.0103319380432367
0.0245194546878338
-0.0715789571404457
-0.0431704297661781
-0.0258468221873045
0.0309183560311794
0.0072993957437575
-0.1165741756558418
-0.0562184527516365
0.1027241498231888
0.0671818181872368
0.0785833671689034
0.0000096398207461
0.0948616191744804
-0.0637421011924744
-0.0114570874720812
0.0769934728741646
0.0405800268054008
0.0413515046238899
-0.0648442730307579
0.0116849709302187
-0.0693269148468971
-0.0247645620256662
-0.0511421523988247
0.1410719454288483
0.0782436504960060
-0.0546602793037891
-0.0484248846769333
0.0601632222533226
0.0770199671387672
0.0200253725051880
-0.0911858454346657
0.0721452385187149
-0.0231691114604473
0.1010878905653954
-0.0185750722885132
-0.0615373775362968
0.0610225051641464
0.0465185977518559
0.0722484961152077
-0.0778924003243446
0.0364082492887974
-0.0629163384437561
-0.0321162119507790
-0.0294069647789001
0.0550972633063793
0.0104426201432943
0.1108781248331070
-0.0696174502372742
-0.0762535929679871
-0.0316256433725357
0.0063311196863651
0.0674181282520294
0.0066539738327265
0.0055574513971806
0.0274655614048243
-0.0452799350023270
0.0431358590722084
0.0763515755534172
0.0694516450166702
0.0694442093372345
0.0193712376058102
-0.0730477944016457
-0.0173128284513950
0.0381020419299603
-0.0932258516550064
-0.0506681501865387
-0.0735205709934235
-0.0099798394367099
-0.0469778701663017
0.1044542416930199
0.0569201856851578
0.0516504794359207
0.0336644239723682
-0.0436111614108086
-0.0764181762933731
-0.0692787095904350
0.0255010481923819
-0.0956534221768379
0.0172630865126848
-0.0176879186183214
-0.0793842002749443
0.0110104158520699
-0.0694301649928093
0.1974981874227524
0.0277646090835333
-0.1232706382870674
-0.0911638289690018
0.1606093794107437
-0.1389511823654175
-0.0514559634029865
0.1738093346357346
0.0877403914928436
0.1020079776644707
-0.1533115655183792
-0.0167228039354086
0.2106181532144547
0.0724974945187569
-0.1683053076267242
-0.2292629033327103
-0.2374759018421173
0.0515934489667416
0.0608495548367500
-0.1730484515428543
-0.1402294188737869
-0.0884123295545578
0.0178585071116686
0.0859324634075165
0.0762433409690857
-0.1005396321415901
-0.1033774465322495
-0.0246998332440853
-0.1844897270202637
0.1019680574536324
-0.0431808941066265
0.0777963846921921
-0.2099600583314896
-0.1995107829570770
-0.2502310276031494
-0.0074294377118349
0.0534671321511269
0.1049234122037888
0.0805506482720375
-0.0162466503679752
0.0878006815910339
0.0348034277558327
-0.0437943190336227
-0.0878074690699577
-0.0233275294303894
-0.0887810885906219
0.0849477201700211
-0.2688821256160736
-0.1465218365192413
0.0550735183060169
0.0205732397735119
0.0159722696989775
-0.0640782788395882
0.0848821252584457
-0.1013627573847771
-0.0317759141325951
0.1950188726186752
0.0569597780704498
-0.0713931247591972
0.0500153079628944
-0.0762069299817085
0.3190507590770721
-0.0294005014002323
-0.0111118741333485
0.0132395057007670
-0.0333573743700981
-0.0480500012636185
0.0600221268832684
0.0350839123129845
-0.0261471997946501
-0.0042113633826375
-0.0176596008241177
0.0239095315337181
0.0656752958893776
-0.0914159417152405
-0.0162513870745897
-0.0324019081890583
-0.0542520321905613
0.0254807192832232
-0.0457072481513023
0.0149200130254030
-0.0537176579236984
0.0391686893999577
0.0041013155132532
-0.0415029339492321
-0.0423981584608555
-0.0252213831990957
0.0436909236013889
0.0320021547377110
0.0100801745429635
-0.0121210357174277
-0.0175438709557056
-0.1036548539996147
-0.0056240321137011
0.0172085091471672
0.0652298182249069
-0.0473270714282990
-0.0317176915705204
-0.0393563769757748
-0.0688346698880196
0.0117567963898182
-0.0603007823228836
-0.0500188358128071
0.0145132131874561
-0.0479186922311783
-0.0010879719629884
0.0158938802778721
0.0350795760750771
-0.0533110946416855
-0.0350150428712368
-0.0100692538544536
-0.0039423611015081
0.0376081652939320
-0.0714693069458008
0.0481933467090130
0.0718293935060501
0.0163603629916906
-0.0279092956334352
-0.0215524137020111
0.0019333831733093
0.0446774847805500
0.0615562051534653
-0.0311211310327053
0.0100012971088290
0.0514300912618637
-0.0201286412775517
-0.0002695185830817
0.0980355665087700
-0.0555239133536816
-0.0400338247418404
-0.0010459668701515
0.0109307738021016
0.0070564327761531
0.0221035666763783
0.0343583859503269
0.0221557784825563
-0.0540601126849651
-0.0215967949479818
0.0570179633796215
0.0653165355324745
-0.0171435829252005
0.0301520954817533
0.0033848399762064
-0.0489769913256168
0.0083374055102468
-0.0482598766684532
-0.0622545145452023
0.0449258610606194
-0.0314753353595734
-0.0344484932720661
0.0289670024067163
-0.0519558116793633
-0.0502144247293472
-0.0525854565203190
-0.0079781459644437
-0.0027560053858906
-0.0484741590917110
0.0821151211857796
0.0069777336902916
0.0333790108561516
-0.0022664719726890
-0.0128797031939030
-0.0384038053452969
0.1056327074766159
0.0801952332258224
0.0689762085676193
0.0178891029208899
-0.0196560565382242
-0.0137306116521358
0.0642795339226723
-0.0230729263275862
-0.0255861803889275
-0.0549343936145306
0.0527597330510616
-0.0423251502215862
-0.0547212995588779
-0.0436364896595478
-0.0290858410298824
-0.0435697063803673
0.0407209433615208
0.0788853168487549
0.0101050501689315
0.0156757999211550
0.0303809847682714
0.0788040459156036
0.0067098401486874
0.0669574216008186
0.0404971167445183
-0.0064288293942809
-0.0234104916453362
-0.0575606375932693
0.0670197978615761
-0.0212731789797544
0.0453171171247959
0.0477823838591576
-0.0670528039336205
-0.0025144803803414
0.0186761133372784
-0.0096105737611651
-0.0475511364638805
-0.0188616830855608
-0.0412387289106846
-0.0628519281744957
0.0455793291330338
0.0416528619825840
0.0477292835712433
0.0566864833235741
0.0901471972465515
0.0479051545262337
-0.0222846791148186
-0.0037341709248722
0.0492716059088707
0.0274675227701664
-0.0514503642916679
-0.0030548218637705
-0.0165675748139620
-0.0216019507497549
-0.0036680314224213
0.0260958932340145
0.0375097692012787
-0.0576711557805538
0.0528068020939827
0.0554836727678776
-0.0243964549154043
0.0768023505806923
-0.0241202414035797
0.0369691029191017
0.0037700177635998
-0.0818163082003593
0.0401848219335079
0.0654032602906227
0.0495223328471184
-0.0307954438030720
-0.0281262192875147
0.0269337520003319
0.0530004128813744
0.0076925372704864
-0.0242072027176619
0.0483311191201210
-0.0069940439425409
0.0008132655639201
0.0350597091019154
0.0236558970063925
0.0172355566173792
0.0339185222983360
-0.0867153182625771
0.0295447055250406
0.0150819588452578
-0.0399764552712440
0.0031575367320329
-0.0668198689818382
-0.0277964491397142
-0.0266730971634388
-0.0389713160693645
0.0344222225248814
0.0064806616865098
-0.0004840734764002
0.0154791902750731
-0.0462562367320061
0.0457350388169289
0.0459634475409985
-0.0630411133170128
-0.0179677549749613
0.0410998053848743
0.0275262650102377
-0.0940701439976692
-0.0136380493640900
-0.0562701597809792
-0.0054657533764839
0.0686593353748322
0.0153713347390294
0.0529909729957581
-0.0220790971070528
-0.0451852902770042
0.0146786384284496
0.0338366031646729
0.0438289679586887
-0.0024417049717158
0.1108239442110062
0.0948574095964432
-0.0591848678886890
-0.0167515818029642
0.0296132396906614
-0.0300954747945070
-0.0310962684452534
-0.0254236552864313
-0.0329527445137501
0.0569198392331600
0.0632227510213852
0.0529699474573135
-0.0552704595029354
-0.0483804643154144
-0.0382650680840015
-0.0616694390773773
0.0281161107122898
0.0604164078831673
0.0634209290146828
-0.0560026392340660
-0.0158866439014673
0.0378231443464756
0.0173860006034374
-0.0251472033560276
-0.0036565333139151
0.0589003153145313
-0.0061377179808915
0.0562292374670506
0.0904930531978607
-0.0218166820704937
0.0342852249741554
0.0283565577119589
0.0621764101088047
0.0378409661352634
-0.0180695168673992
-0.0179383549839258
-0.0209312234073877
-0.0639560893177986
-0.0933107435703278
0.0279124695807695
-0.0447018593549728
-0.0447611026465893
-0.0557371452450752
-0.0000100778033811
0.0014028259320185
0.0399735383689404
0.0916964709758759
-0.0729259327054024
-0.0448000654578209
0.0406900271773338
0.0536116957664490
-0.0037390829529613
-0.0258724279701710
0.0336600989103317
0.0098205422982574
-0.0267859529703856
0.0398870930075645
-0.0614639893174171
-0.0388361439108849
-0.0741396099328995
0.0386481471359730
0.0648763775825500
0.0213046316057444
0.0018352111801505
0.0622892379760742
-0.0787735879421234
-0.0236440263688564
0.0270260106772184
0.0585424937307835
-0.0369919463992119
0.0433268807828426
0.0431268773972988
-0.0779160708189011
-0.0012076782295480
-0.0053036431781948
0.0501823313534260
-0.0714215189218521
0.0066203624010086
-0.0108272945508361
0.0492121055722237
-0.0472725257277489
0.0393729358911514
0.0185919776558876
0.0016671901103109
-0.0022960200440139
-0.0223337989300489
-0.0238728597760201
0.0084382817149162
-0.0611107647418976
0.0041401903145015
0.0123934876173735
0.0218987744301558
0.0069025871343911
-0.0592578351497650
0.0463133789598942
-0.0028164747636765
-0.0516223981976509
-0.0993488878011703
-0.0090362066403031
0.0153656881302595
-0.0442458018660545
0.0254352763295174
-0.0415159612894058
-0.0710867196321487
0.0876865312457085
0.0140208955854177
0.0337279364466667
0.0019735656678677
0.0020021612290293
0.0819864943623543
0.0894978791475296
0.0341711156070232
0.0554468296468258
-0.0045296861790121
-0.0716295912861824
0.0071136592887342
-0.0621309131383896
0.0246406402438879
0.0746183469891548
-0.0819228067994118
0.0470179952681065
-0.0230149608105421
0.0055884732864797
0.0013282260624692
-0.0769306048750877
0.0502953454852104
-0.0129333799704909
-0.0224239155650139
0.0654806047677994
0.0354786179959774
-0.0662486404180527
-0.0012719983933493
-0.0568011403083801
-0.0277561005204916
0.0079491222277284
0.0204813797026873
-0.0512163639068604
-0.0821698233485222
-0.0367090180516243
0.0613789074122906
-0.0244578421115875
-0.0124583402648568
0.0430560111999512
-0.0747602134943008
-0.0043548359535635
-0.0045754727907479
-0.0163521189242601
0.0128648309037089
0.0373797826468945
-0.0547912865877151
0.0570052526891232
-0.0000722293116269
-0.0723213702440262
-0.0381603725254536
-0.0817788466811180
0.0505395829677582
-0.0761159881949425
0.0694638341665268
0.0861510038375854
0.0198386963456869
-0.0049028517678380
-0.0128923906013370
-0.0033627694938332
-0.0208233129233122
-0.0095674600452185
-0.0315380170941353
0.0519825294613838
0.0187520943582058
-0.0205361563712358
0.0232653245329857
0.0786432549357414
0.0478682518005371
-0.0088553540408611
-0.0965109094977379
-0.0555353052914143
-0.0429920479655266
0.0528855919837952
-0.0431378036737442
0.0417436994612217
-0.0064015705138445
0.0327590703964233
-0.0193683635443449
-0.0605090968310833
0.0029095441568643
-0.0129328612238169
0.0005222606123425
-0.0908320695161819
-0.0357615239918232
-0.0552242845296860
0.0361589230597019
-0.0456503517925739
-0.0201183445751667
-0.0487861782312393
0.0490946769714355
-0.0494169369339943
0.0271884836256504
-0.0380310155451298
0.0359097123146057
0.0112208183854818
-0.0277472734451294
0.0542932488024235
0.0404597595334053
-0.0311475545167923
-0.0501280948519707
0.0041648168116808
-0.0414251349866390
-0.0066414568573236
0.0493646450340748
-0.0760112628340721
0.0540356040000916
0.0369697809219360
-0.0184706561267376
0.0429222323000431
-0.0099469209089875
-0.0282947216182947
-0.0774345993995667
0.0112670725211501
-0.0003923147451133
0.0295635145157576
-0.0023581304121763
-0.0496091656386852
-0.0862521603703499
-0.0764344185590744
-0.0456692129373550
0.0854860916733742
-0.0570837259292603
-0.0296640004962683
-0.0089661516249180
-0.0172780379652977
-0.0439687445759773
0.0060387458652258
-0.0235458891838789
-0.0489386320114136
-0.0480042360723019
0.0269362777471542
0.0262073203921318
0.0046844999305904
-0.0548761561512947
0.0236504673957825
-0.0478250719606876
-0.0290872044861317
-0.0182455889880657
0.0806931480765343
0.0084962248802185
-0.0780659019947052
0.0705398097634315
-0.0666477605700493
-0.0012162603670731
-0.0179371759295464
0.0209025666117668
-0.0036527083721012
-0.0150765562430024
-0.0298015791922808
0.0314435809850693
0.0723833367228508
0.0326850228011608
-0.0140842888504267
-0.0470639280974865
-0.0061660879291594
0.0015143533237278
-0.0100870002061129
0.0368100628256798
-0.0016553117893636
0.0261146500706673
0.0063616456463933
-0.0268964227288961
0.0579945221543312
-0.0659955739974976
-0.0550877377390862
0.0132278744131327
-0.0630175694823265
0.0162444822490215
-0.0159235578030348
-0.0546381995081902
0.0114978868514299
-0.0055306702852249
0.0012544414494187
0.0372808687388897
0.0202853772789240
-0.0628709197044373
-0.0217436589300632
-0.0169567242264748
-0.0139983976259828
-0.0295483060181141
0.0534621290862560
0.0248246621340513
-0.0009126701042987
0.0860847905278206
-0.1001764014363289
0.0290548950433731
0.0582938715815544
-0.0183458514511585
0.0303099472075701
0.0410232022404671
-0.0147820105776191
-0.0268008448183537
-0.0494893081486225
0.0222090259194374
