0.00288249
-0.01201519
-0.03312036
0.01190582
-0.01210001
0.03962913
0.01120863
0.04635652
0.09677523
0.01489498
-0.01344295
-0.02523472
0.00415692
-0.03376700
-0.03072871
0.00514460
-0.01797271
-0.00429192
-0.06754084
0.02000438
0.00392043
0.01939047
-0.02093608
-0.02844776
-0.00153837
0.02309536
-0.00326886
-0.01896386
-0.01162222
0.00204612
-0.19496873
0.00029098
0.02910841
-0.00240022
0.00021091
0.08082280
-0.01511719
0.01455029
-0.03422325
-0.12271453
-0.00273855
-0.00566117
0.02445794
-0.04722518
0.00470072
0.01856020
0.00657446
-0.01949683
0.03551248
0.00871339
0.03961698
-0.01915761
-0.11108736
0.03035203
0.01470096
0.00109380
-0.01583724
0.01934456
0.32776582
0.03229311
-0.00060622
-0.01798374
-0.02717902
0.00040111
0.02223315
-0.01391048
-0.00736573
-0.00059492
0.03049405
-0.02768004
0.01719299
-0.00052691
-0.05412674
0.01500827
0.00211251
-0.04256549
0.00096292
0.06607515
0.01024960
-0.06960867
-0.00296918
0.02251020
0.03113591
-0.07666785
0.04670769
-0.00454202
-0.01475369
0.00409079
0.01158595
-0.01277369
0.01284671
-0.04903940
0.03531355
-0.01294402
-0.00111088
-0.01202664
0.00780584
-0.02192773
-0.03867428
0.01946327
0.00757063
0.02728778
-0.03038143
0.02002135
0.01299515
-0.01224563
-0.03707872
0.02272042
0.01225699
-0.02676354
-0.00906094
0.00570507
-0.04496512
-0.02371496
-0.00744699
-0.00019543
0.06232132
-0.03189393
-0.00140602
-0.00089312
0.01682406
0.00260842
-0.01737728
0.00018758
-0.04946933
0.01720534
0.03301257
0.00007916
0.00226503
0.08846078
-0.06842775
0.01651289
0.00865917
0.00644000
0.07274038
-0.05163696
-0.12363549
-0.02299412
-0.12135481
0.00301552
-0.10289216
0.01453863
0.00399855
-0.01003910
0.02386001
-0.07805490
0.00556688
-0.01632592
-0.02088080
-0.00374506
0.01424618
0.02171260
-0.02180559
-0.07130748
0.00430343
0.01701303
-0.07834316
-0.01122834
-0.03824396
-0.00423292
-0.01910015
-0.01354641
0.06917588
-0.02325560
-0.00426890
-0.01315578
0.06817550
-0.01466834
0.00457354
0.01763511
-0.00131175
-0.01121669
0.01983643
0.00292311
0.03119189
0.01436824
0.00494233
0.00711350
-0.02483757
-0.00724414
0.01394644
0.00380245
0.00846643
0.01499375
0.02156255
-0.13637194
-0.06119238
0.02949000
-0.01600805
0.06345207
0.08827298
0.00184702
-0.02858570
0.00942905
0.01903805
-0.04465877
-0.05209361
0.00182220
-0.20691945
-0.03610606
0.11899711
0.00569272
0.10611679
-0.05461903
-0.03013144
-0.03237904
0.00293321
0.00230825
-0.02604531
0.04929509
-0.08009189
-0.01983732
0.04434203
-0.00039378
0.00020702
0.02221774
-0.00462244
0.03207627
0.00297766
0.02180094
-0.07079958
-0.67805594
-0.01648612
0.00463115
0.01452810
-0.00313963
-0.06845878
-0.01011683
0.00901465
-0.01140222
-0.03734969
0.02410045
0.00242531
0.01617959
-0.01878922
-0.02081215
-0.04128137
0.00798430
0.00668177
0.01083492
0.04225393
0.01399558
0.02647378
-0.11511309
0.00966521
-0.00793480
0.01074946
0.08051123
0.03107111
-0.01231587
-0.02740417
0.03753264
0.01356155
0.01469302
0.01151813
0.01868765
-0.13626270
0.03077425
-0.13319333
0.05466884
-0.00648895
0.04770786
-0.05747449
0.07696525
0.00184515
0.11984934
-0.09154668
0.07835160
0.09953475
0.00827388
0.01359527
0.04776522
-0.01307303
-0.10320995
0.02543032
0.00477008
-0.07251746
-0.01397815
0.02037192
-0.06746586
0.05151876
0.14992960
0.07311609
-0.07130300
-0.03650666
0.00695447
0.01230161
-0.01785858
0.02893247
-0.04226527
0.02594721
-0.02515184
-0.05850927
-0.02791195
-0.02706483
0.06261887
0.02961802
0.13200784
-0.02743965
-0.03086787
-0.04960904
-0.13617833
0.86245054
-0.01309607
-0.05089787
0.04986081
-0.10845378
0.04511731
-0.09460308
0.05486654
0.05159927
0.01510364
-0.00485021
0.05381598
0.05020238
-0.00518694
0.07130093
0.00640481
-0.06217788
0.03973061
-0.01511949
-0.02583821
-0.02455518
-0.02891298
0.06730299
-0.01101598
0.02548739
0.03822812
-0.04721144
-0.01457645
-0.00433650
0.01338529
0.00946422
0.07532519
0.05687942
-0.02369625
0.01602009
0.06319579
0.00879978
-0.03657763
0.04893864
-0.01884514
0.01131512
0.03649892
0.04314421
-0.00057503
-0.06869794
-0.01192017
0.00244327
0.02399914
-0.03566005
-0.00491648
-0.06431384
-0.02527661
0.01186815
0.02335642
-0.02805300
-0.00606249
0.11374214
0.06982009
-0.04581359
0.00143623
0.01581145
-0.04124256
-0.03709491
0.00112928
0.02799454
0.00334432
-0.01650320
0.00145200
0.00749413
-0.02566995
-0.00069998
0.02185753
0.01564412
-0.00645508
0.07239304
0.00000041
0.01046081
-0.08554068
0.01003038
-0.00037599
-0.00008453
-0.07601034
-0.03077631
0.00867609
0.06964929
0.01960260
-0.02206260
-0.00349617
-0.03472804
-0.00643306
-0.00507911
0.08326437
0.01733482
0.00413690
0.05443456
-0.02631895
-0.03131332
-0.07273497
-0.02407277
-0.03646109
0.10081416
0.01355943
0.02467255
-0.01696360
0.04586707
-0.00286304
0.08258866
-0.04103765
0.00025464
0.02369201
0.05292691
0.00300641
0.08221019
-0.01301142
0.03904249
-0.02170988
-0.11293770
0.01850924
0.00134920
0.02952405
-0.08963809
-0.06450047
0.01020083
0.01024456
0.01169325
-0.00507122
-0.07122014
-0.04761560
-0.03671155
0.06934126
-0.03862792
0.02855442
-0.01627510
-0.01278224
0.02198435
0.01234077
0.01550280
-0.01871571
-0.02290016
-0.03208664
-0.05328187
-0.00230605
-0.04400486
0.08689936
0.06546935
-0.13099527
0.09824795
-0.04216699
0.02306140
0.02852473
0.04921641
0.03188206
-0.04070374
-0.00604105
-0.00343281
-0.02080617
0.04944818
0.00906042
-0.00374023
-0.03692911
0.02561838
-0.02572162
0.02189785
0.04800378
-0.06888564
-0.02005497
0.01524300
-0.01453063
-0.00923430
-0.01113527
0.03426147
-0.02074258
0.04867227
-0.05946121
0.03611095
0.00687371
0.03227247
-0.07143449
-0.01076583
-0.03245549
-0.03746368
-0.01691170
0.01676442
-0.02630643
0.01881821
-0.01794645
-0.05364704
-0.00077078
0.05112105
-0.12017375
0.00268058
0.06337921
-0.02685750
0.01969712
-0.07760978
-0.02151846
0.08238849
-0.04842696
0.09802186
-0.03738393
-0.09045921
0.03581388
0.05718584
0.01358283
0.02348261
-0.01334598
0.01779912
-0.04564046
-0.00770342
0.04299007
-0.01106792
0.03320823
-0.01838316
-0.03543608
0.01580585
-0.01846248
-0.00435716
0.02695204
0.05616729
-0.08075181
-0.05546074
-0.08075508
-0.01698576
-0.04139333
0.03272663
-0.04196610
-0.08770391
-0.00519900
0.06464455
-0.05614947
-0.10303982
-0.03209110
0.06751595
-0.04431317
0.02636683
0.03707316
-0.00913094
0.00758102
0.05120159
-0.00806747
-0.01963022
-0.00765177
-0.03178069
0.01695476
0.00960894
0.03532755
-0.03378391
-0.00759877
0.00130898
-0.04751840
0.01564511
0.00103369
-0.08335197
-0.00460947
0.00090396
0.00268895
-0.02087192
-0.01001279
-0.03284704
-0.01327043
-0.01816832
0.03397099
-0.02624956
-0.09931677
0.01607927
0.02468418
0.06328338
0.00030361
-0.01215844
0.03452850
-0.06897101
0.00732743
0.00654117
0.00981140
-0.01650631
-0.07217054
-0.04186436
0.00843320
-0.05472393
0.02025971
0.01934814
0.03432709
-0.06815755
-0.04883575
0.01570886
0.00713342
-0.03610139
0.04729058
-0.01336999
-0.02505142
-0.02390472
-0.04351228
0.00315141
0.03278877
0.03980485
-0.02051301
0.00740356
-0.00369967
-0.03250926
-0.03289479
-0.00258429
-0.00472119
-0.03687062
0.03425628
-0.05833256
0.01613526
-0.01580204
0.00506089
0.02639808
-0.05004862
-0.03931127
-0.04543224
-0.03297709
0.03104084
0.09429736
-0.03965462
-0.05261530
-0.00009502
-0.04261635
0.10400689
0.00048897
-0.00802966
0.01145271
0.04544946
0.03296337
-0.02004609
0.00732205
0.03919283
-0.01498748
0.01489167
-0.04344233
-0.01301214
-0.05062246
0.05049990
-0.08989671
0.02981773
-0.03851243
-0.02297291
-0.04347212
-0.06230526
-0.03805067
-0.00261348
-0.05739728
0.01210089
-0.03995540
0.01826669
0.00804017
0.03715431
0.04911152
0.06811972
0.00107417
-0.03669526
0.04095605
0.02712526
0.01701670
-0.05055875
-0.00809120
0.07175481
0.06077329
0.05643792
0.03809553
-0.04717039
-0.00828915
-0.01233918
-0.02964607
0.03278157
0.05316210
-0.04099380
0.01605198
-0.00224324
-0.07856625
0.00468491
0.03980210
-0.01022445
-0.00530969
-0.04468934
-0.02767026
0.02702297
0.04325842
0.01924255
0.02383363
0.02438509
0.06237280
-0.00007657
0.01022787
-0.05386954
-0.06648468
0.01295535
0.01839085
0.05094044
0.00372733
-0.05995994
0.06015968
-0.00061635
-0.04300349
0.05896479
-0.04446186
-0.01812036
0.07518920
-0.02935168
-0.01474155
-0.01836605
0.01963745
0.01034634
-0.04180197
0.04037357
-0.08892968
0.04113235
-0.02376227
-0.03970606
0.10814153
-0.06739984
0.04340950
-0.00560830
0.01364734
-0.19008742
0.12036131
-0.03121922
-0.01228684
-0.08407873
-0.02847749
-0.02021101
-0.01191617
-0.01761224
0.01210439
0.01666566
-0.03661034
0.05015004
-0.02154082
-0.01753755
0.02836608
0.01718000
-0.06716527
-0.01845688
-0.02128412
0.03579436
-0.12529223
0.03771128
0.00534909
-0.05140729
-0.03320812
-0.01019230
-0.04124631
0.06627315
-0.03323569
-0.01350141
-0.12290775
0.04559294
-0.00416455
-0.01017006
-0.00801732
0.01853348
0.00644984
0.07782027
0.03441487
-0.03610836
0.05628046
0.04962352
0.02170087
0.04644945
-0.04032396
0.04587135
-0.01187297
-0.03355479
0.02272725
-0.02086904
-0.01918994
-0.14916764
0.03235715
0.01490513
0.05155067
0.08578185
0.09684306
-0.00641372
-0.07253051
0.00085518
-0.01568465
0.00907192
-0.07346180
-0.02576275
0.14980510
-0.00631126
-0.02068214
-0.00330651
-0.02719888
0.00262492
-0.06969083
0.02393596
-0.05939131
-0.05734453
-0.03972660
-0.03442875
0.01841893
-0.08706195
0.01579670
-0.00378455
-0.06324552
0.00450896
0.00047686
-0.09432045
0.04410025
-0.04933199
0.00123946
-0.01882144
0.00887777
0.03268270
-0.01472102
-0.00049918
-0.00220669
-0.03977842
-0.06870820
-0.04642953
-0.00228641
0.01711781
0.00772147
0.00564663
0.07424083
-0.00916085
0.04803711
-0.01885002
-0.08382656
0.06268245
-0.01418152
0.08256425
-0.08214320
0.05704895
0.03391315
-0.03099972
-0.00207346
-0.00182588
