0.04500192
-0.04490430
0.02560485
0.02961220
0.00362793
-0.01001427
-0.00064388
0.04021327
-0.00204089
-0.00062782
0.03582988
0.01218528
-0.00291210
-0.00590955
-0.02263810
0.01160102
0.00375188
-0.00668217
-0.08593652
0.02264535
0.01456047
0.05310562
-0.03579662
0.00416022
-0.01136472
-0.02390503
0.02257302
-0.03684630
-0.03473852
0.01480244
-0.14790019
0.03565817
0.03537122
0.01394723
0.00499791
0.04841423
0.02638274
0.00995984
-0.01169944
-0.05739893
-0.01697744
0.00565596
0.07761255
0.00053052
-0.00679812
-0.02427832
0.01422277
0.03486366
0.00018703
0.00691614
0.03132340
-0.03173241
-0.02897438
-0.05048221
0.01397789
-0.02816286
-0.01026275
0.00345667
0.43334499
-0.03561894
-0.00141070
0.00865583
0.01760742
-0.03845180
-0.03346971
0.05663845
-0.02892683
0.00059226
-0.06434164
0.00077947
0.03378150
-0.00075083
-0.04191078
-0.00654566
0.00968766
0.03271636
0.00256009
0.03310276
0.00311302
-0.09063438
-0.02304274
0.01097094
-0.01921577
-0.05848468
0.07559557
0.01657619
0.00887152
-0.00991457
-0.00142339
-0.04374145
-0.00248452
0.01547297
-0.04167312
0.02830478
-0.02153730
0.00790452
-0.01120711
-0.00010552
-0.05691994
0.00666480
0.01103334
0.05777733
-0.03935365
0.02213030
0.00972195
0.01151511
-0.02296942
-0.02106061
0.01088739
0.01636623
0.03789468
0.03473647
-0.00958984
0.02607565
0.00141798
0.00313213
-0.00454854
-0.02997012
0.02137417
-0.00756049
-0.00454008
0.00471051
0.01102814
-0.02369320
0.02297249
0.02849912
-0.02868470
0.00256112
-0.01445109
0.10579753
0.00393280
0.02859122
-0.02821670
0.01767542
0.06192815
-0.00545401
-0.05069517
-0.00026593
-0.05134656
-0.01445779
-0.07121865
0.01587144
-0.03103274
-0.01538280
-0.01161813
-0.11923545
-0.00110266
-0.02468282
-0.02767923
0.00024441
-0.01131074
0.00756189
-0.02665240
-0.00635706
0.00717078
0.02039648
-0.03037053
0.00305235
-0.00348929
0.02024283
-0.03983557
0.02070310
-0.03063457
0.01846650
0.00054925
0.01668018
0.00166019
-0.01525131
0.01181126
0.00436500
0.01457889
-0.00972185
0.01524009
-0.01620354
0.01991448
-0.00355618
0.01117790
0.02524094
-0.07773157
0.01820743
0.03043199
-0.01570368
-0.00092285
0.01624612
-0.00068849
-0.12851156
-0.04468927
-0.01139847
0.00731711
0.05841307
0.05731452
0.00344704
-0.02690983
0.01872157
-0.02275730
-0.00137593
0.08126378
-0.00239894
-0.11214305
-0.03331333
-0.00587004
-0.01354722
0.07623260
-0.02537386
0.00044084
0.00177840
-0.02642854
0.01089800
-0.01624062
0.01757252
-0.02242171
-0.02303332
0.01605503
0.01894251
0.04485167
0.01612202
-0.01235011
0.06142642
-0.00821867
0.00759513
-0.05256042
-0.72502702
0.01904240
0.03257509
0.01117695
-0.01636192
-0.00961614
-0.00585470
0.02738137
0.03553899
-0.05063830
-0.02823900
0.05976781
-0.00160981
0.00549025
-0.03032877
0.02880102
-0.02933364
0.01641208
-0.00918019
0.04043026
-0.01333402
0.08698267
-0.00885190
-0.01707033
-0.01785958
-0.00804622
0.04306238
-0.00344384
-0.02481124
-0.01550098
-0.01077110
-0.00072039
0.00753707
0.00688978
-0.01804782
0.14329876
0.02300756
-0.01037358
0.06299075
-0.01088662
-0.01415250
-0.07434271
-0.01793092
-0.00698231
-0.03133929
0.09077653
0.19577360
-0.06150363
-0.06068423
-0.01419210
0.01447956
0.05331887
-0.03067015
0.05446978
0.01086652
0.06821853
0.09043626
-0.01328591
-0.00834025
0.04943959
-0.04264430
-0.02677323
-0.06172191
0.10769787
-0.04346405
-0.01382671
0.02248691
0.06153938
-0.05243260
-0.10607363
-0.02478844
0.11739728
0.11205105
-0.14579225
-0.11680893
0.02698033
0.04650067
-0.08574606
0.06489109
-0.10591467
0.00997028
0.81764126
-0.10611560
0.01097260
-0.03609483
0.05754407
0.11056148
-0.04343741
-0.08497259
0.05070785
-0.15146889
-0.03535867
-0.04469604
0.05008246
0.07061620
0.04164926
-0.11009681
0.03363555
0.08820069
-0.00111859
-0.01584224
-0.04919668
0.04413804
0.00054166
-0.07263307
-0.02047209
0.00388959
-0.01349117
-0.01996845
0.04489528
-0.07003161
0.01278047
0.05653338
-0.03714541
-0.00306067
0.00624774
0.01410953
-0.00852056
0.01411970
0.00957473
-0.03226978
0.05142245
-0.00588292
-0.06688362
0.00939420
-0.01367982
0.02588954
-0.00415775
0.08332860
-0.04004550
-0.00114782
0.00416040
0.00142466
0.00886394
-0.04554442
0.01901387
0.01189985
-0.00598569
0.06157419
-0.00962678
-0.01761227
-0.03431806
-0.00842830
-0.02622269
-0.00715368
-0.04100176
0.01717822
-0.04534180
0.05068921
0.01363183
-0.06148899
0.02993466
0.01992956
-0.04425088
0.05206671
0.02554618
-0.00557132
-0.00413169
-0.03479109
0.02376089
-0.01120245
0.01081599
-0.06582879
-0.05737098
-0.05862787
0.04611184
0.00592762
-0.00763653
0.04832713
-0.04561101
0.01150738
0.00304784
-0.00977957
0.00656340
-0.03058605
0.09469701
-0.02271345
-0.00433911
-0.01844225
0.03185361
0.00297526
0.12049159
0.01100696
-0.05177437
-0.03982174
-0.01929852
-0.02927194
0.02926766
0.03384862
0.12042223
0.02229876
-0.04948605
0.05153891
0.00652450
-0.05038162
0.01635175
-0.01442124
-0.13537444
-0.01525808
0.03602734
-0.00081779
-0.04153492
0.01358338
-0.00138429
-0.00765217
0.04066492
-0.10393482
-0.12260594
0.00372108
0.02085687
-0.01357355
0.00169618
-0.00861829
-0.03226600
0.03543931
0.01801469
-0.04464656
0.02971787
-0.00906062
0.03415125
-0.03037229
0.00278466
-0.00968501
0.06529868
0.12547392
-0.03906684
-0.01053610
0.06145170
-0.03440870
0.05567618
0.02731704
-0.00063520
0.05630516
-0.01057176
0.00987212
0.03461885
-0.00896187
0.11624879
-0.02483970
-0.07283839
-0.02235542
0.00345162
-0.06415720
-0.01751154
0.04416654
0.00779295
-0.03623911
0.02505829
0.07168428
0.04110247
0.03705480
0.00521815
-0.01950656
0.09681840
-0.01551751
0.03232661
0.06405909
0.01887216
-0.04053860
-0.04562321
-0.04936913
-0.00058096
-0.01780521
0.01101900
-0.02292098
-0.01021721
-0.05754687
0.01675459
0.01312855
-0.06455031
-0.06516847
-0.00428749
0.03300841
-0.01769331
0.00631829
-0.01027259
-0.00195318
0.03240458
-0.01543031
0.11561770
-0.02201284
-0.05730694
0.03094360
-0.00263227
-0.00197596
0.04596515
0.01204751
0.03575153
0.00634241
0.02646136
0.05057497
0.02852825
-0.04759098
-0.01332630
0.01187633
0.03080815
0.01111090
-0.01824513
-0.01079958
0.10722098
-0.06026645
0.00831404
-0.01048052
-0.01028227
-0.03243590
0.00916741
-0.04069752
-0.14967363
0.00481885
0.04369944
-0.07827435
-0.04245188
-0.00697040
0.00047202
0.00716084
-0.01366363
0.03962616
0.02143319
0.03007167
0.05770674
0.02474094
0.02177860
-0.02749793
-0.01445740
-0.07494017
0.07906542
0.12616950
-0.04384748
0.01918383
-0.02439474
0.00503510
-0.04448074
-0.01529874
-0.02680215
0.07113295
-0.05076839
0.04447435
0.00485326
-0.00233388
0.07956113
-0.00216093
-0.09650899
-0.01332650
-0.06049064
-0.08577146
-0.02621338
-0.02481333
-0.01235166
-0.06060395
-0.02323872
0.06681559
-0.07029586
-0.01376108
-0.05111986
0.03875722
-0.00113485
-0.03365061
-0.05753900
-0.04168606
-0.00322070
-0.04511806
-0.01595313
0.03937010
-0.03034990
-0.00114598
-0.00015545
0.00844106
-0.00185144
0.01094988
-0.01631966
-0.00106549
-0.05503561
-0.02197618
0.08731665
-0.03513773
-0.01003330
0.01333432
0.00580266
-0.03830114
0.01456924
-0.05626353
0.03247314
-0.06497064
-0.01419026
0.08451957
0.00403921
0.00201312
-0.00732254
0.03089540
0.01907319
-0.05486680
0.01585663
-0.02333003
0.12210016
0.01684062
-0.00091711
0.01809363
-0.01900544
0.00548240
0.01720531
0.02124758
0.00528911
0.02085872
0.05859860
0.06135594
0.05098690
0.01168150
-0.05337426
-0.04899271
-0.01214088
0.07879106
0.03973138
-0.03696493
0.05025632
-0.05537902
-0.06707859
0.00901542
-0.10905410
-0.04766202
0.03230695
-0.02182704
-0.05952769
0.04881238
0.03174749
0.01942937
-0.01360682
0.01667113
-0.02543856
0.07802672
0.05182260
0.05215894
-0.02973111
0.05721287
0.02631871
0.05197432
0.02015813
-0.04430399
-0.06575834
0.06010396
0.10746315
0.04977166
0.03297702
0.02233247
-0.01754074
0.00871217
-0.00470174
-0.03698646
-0.03248974
0.02647494
0.01208548
-0.03644260
-0.02858564
0.01124887
0.03403069
-0.01214882
0.02954543
0.00100484
-0.09710176
0.03200668
0.02607771
0.07024503
-0.02244174
0.00140854
-0.00938745
0.00914238
0.04452686
-0.02528137
-0.01989624
0.05054061
0.01003626
0.03999386
0.02650951
0.02484007
0.05869227
-0.01160486
-0.02487415
-0.08712940
-0.00294821
-0.06485955
0.00537650
-0.04137670
-0.02348537
-0.00865327
0.03900257
-0.01769416
-0.03713550
0.10414337
0.04229177
0.04398625
0.01772957
-0.02299289
0.02399856
-0.02788217
0.04495821
-0.04325659
0.02618110
-0.02961824
-0.04692493
-0.04430735
-0.01331620
0.01227487
0.01225526
-0.05133764
-0.01744832
0.02692623
-0.02891203
0.04092862
-0.01770544
0.03286356
0.07677453
0.03014220
0.04258844
-0.06208890
-0.09006183
-0.02962476
-0.03099058
-0.01697381
-0.11012367
0.01890936
-0.05445975
0.00455332
-0.04851270
-0.01196737
-0.04438407
0.02871855
-0.08644381
0.00407537
-0.06776311
-0.04999231
-0.06014116
-0.02948515
-0.00136326
0.03403134
0.02866316
0.01111994
0.02240844
0.01464332
0.08292869
0.05990056
-0.00952311
0.07060578
-0.04601724
0.04066350
0.01037358
0.08387947
0.09045343
-0.06974469
-0.00881801
-0.11539482
0.01858954
0.05653179
-0.03717382
0.07109910
0.00438197
0.00542703
-0.04629075
-0.00299109
-0.00193966
-0.04711378
-0.05125733
-0.00869644
0.15560681
-0.00473845
-0.04834701
-0.04163592
0.00714922
0.04807920
-0.12371431
0.04753072
-0.10581821
-0.05993998
-0.01235178
-0.01450359
0.01926888
-0.04833071
0.01176218
-0.05868783
-0.03449835
0.00253439
0.03185732
0.04989635
-0.01320156
0.02132372
-0.00241225
0.05313302
0.10973617
-0.02463829
-0.01418802
0.01516968
0.02756201
0.03553244
0.01936327
0.05997265
0.02487483
0.01140765
-0.02107255
-0.00624196
0.07739452
0.03198408
-0.04258948
-0.04348995
-0.03913744
0.01212483
-0.00508265
-0.03589384
-0.00674933
-0.01742943
0.02836280
-0.02635686
-0.03864572
-0.05091355
