0.00849891
-0.02879926
-0.00592440
-0.00125095
-0.00869521
0.01309147
0.00721900
0.04379817
0.06465665
0.01141204
0.00491529
-0.02275223
0.00815717
-0.03523779
-0.04237431
0.00023947
-0.00844505
-0.00436501
-0.09128696
0.01585157
0.01413852
0.05317586
-0.04026239
-0.02466262
-0.01516600
0.01594973
0.02246317
-0.01727193
-0.02481856
-0.00855500
-0.21670222
0.00443271
0.04162718
-0.01443907
-0.00168610
0.10026027
0.00046571
0.02203378
-0.03423369
-0.13311443
-0.01474368
-0.00536571
0.05837253
-0.04241686
0.00821342
0.00463078
-0.00736911
0.00280556
0.02685458
0.02078642
0.04198904
-0.01079421
-0.10141379
0.00804161
0.02054351
-0.01651972
-0.01210560
0.01475574
0.32875857
-0.00811985
0.00574680
-0.00029000
-0.00908618
-0.02230631
-0.00386035
0.00332146
-0.00591608
-0.00003759
-0.00049534
-0.00828263
0.01158498
-0.01578461
-0.04632564
0.00779514
0.02159488
-0.01998639
-0.01880158
0.06798866
0.00893498
-0.09446268
-0.02406042
0.00723737
0.01613246
-0.08517215
0.06588446
0.01084641
-0.00989860
0.00506036
0.02453738
-0.03283572
0.01195331
-0.02810696
0.00102693
0.00855914
-0.01343208
-0.01013288
0.00196933
-0.01466120
-0.05046536
0.01763892
0.00682803
0.02987889
-0.04286230
0.02479167
0.00946565
-0.00065391
-0.04848860
0.01253036
0.02175104
-0.01202091
0.00073569
0.01282609
-0.04314627
-0.02193544
0.00204815
-0.00583064
0.04545177
-0.03745107
0.01266875
-0.00350857
0.01870625
0.00074323
0.00409514
-0.01751412
-0.00606164
0.03154158
0.00474045
0.00482465
-0.00026732
0.11267444
-0.03976231
0.02274567
0.00585800
0.02299922
0.08404684
-0.01695086
-0.12485034
-0.00893360
-0.09272436
-0.00070732
-0.10677014
0.02201326
-0.02373751
-0.00627195
0.00426339
-0.11968792
-0.00700964
-0.02108946
-0.02591731
-0.00062672
0.00884803
0.02104414
-0.04130301
-0.05821386
0.01322223
0.02567873
-0.04908544
-0.01119382
-0.02694736
0.01710315
-0.02637365
-0.00998289
0.03619700
0.00019410
-0.00853836
0.01164828
0.05547687
-0.02786531
0.01583133
0.03774561
0.00619627
-0.01109845
0.02162404
-0.00924725
0.04332693
0.00580795
0.01123692
0.00244764
-0.03817849
-0.00102139
0.00652319
-0.00801203
0.00444078
0.02114599
0.00648399
-0.15463890
-0.07831805
0.01443979
-0.01054139
0.07324860
0.10895920
0.01008410
-0.03639059
0.01706146
-0.01294067
-0.03747923
0.00381619
0.01181606
-0.20321710
-0.03976012
0.08460364
-0.00066714
0.08975603
-0.06006813
-0.01812429
-0.03411716
-0.01384615
0.00692412
-0.01527616
0.03349026
-0.08663432
-0.02481134
0.03844843
0.01877630
0.02598805
0.01854046
-0.00173544
0.05933874
-0.01887083
0.03166599
-0.07363631
-0.66791236
0.01312030
0.00579904
0.01476814
-0.00877016
-0.04814941
-0.03809410
0.03190379
0.00886716
-0.05432028
-0.00655734
0.02619780
0.01888066
0.00894323
-0.03687380
-0.03124082
0.00196106
0.01122737
0.00399093
0.03583232
0.01098282
0.05578448
-0.08823083
0.01240588
-0.00516531
0.00671133
0.07759099
0.01772682
-0.03581409
-0.02235272
0.03265148
-0.00617965
0.01367202
0.01282990
0.00134528
0.04432046
0.05726616
-0.08224840
0.08607151
0.04125137
0.04274268
-0.13896845
-0.06340823
0.03094308
0.05870176
-0.07227248
0.15543039
0.09636607
-0.02641333
-0.01362497
-0.04070466
-0.06046543
0.01065813
0.01552637
-0.03078716
0.09872998
0.08142115
-0.03466424
0.02790361
0.05529399
0.05275926
-0.03871864
-0.02900507
-0.08983018
-0.02196307
-0.00415115
-0.01531272
-0.01214246
-0.03043363
-0.04456092
-0.05361360
-0.01292621
0.02802650
-0.10822415
-0.00616194
0.03058824
0.16444471
-0.09732656
-0.01210073
-0.09840357
-0.08324102
0.85681587
-0.04461576
0.02953040
-0.06370722
-0.02545559
0.05475632
0.00502858
0.04670499
0.05526336
-0.14004694
-0.08410986
0.05800564
-0.02143925
0.07500419
0.04625859
-0.02624523
-0.03423332
0.06974038
0.00855301
-0.01103047
-0.05150313
-0.02220563
-0.01207956
-0.05847417
-0.02284005
0.02504851
-0.05414412
-0.01431406
0.05863631
-0.01450471
-0.00721144
0.07551962
-0.03092735
-0.02351038
0.01739310
0.06818342
-0.01371141
-0.00801080
0.04859379
-0.00921725
0.03357725
0.01998726
-0.00910330
-0.00981291
-0.06028464
0.03697648
-0.03504405
0.02887380
0.00957281
-0.00645519
-0.04906440
-0.00170808
0.02606310
-0.05564691
0.03252230
-0.04124678
0.08218098
0.04538591
-0.01098617
0.02400592
0.01004627
-0.04296111
-0.04232089
0.01386109
0.00088385
0.00621054
-0.01805691
0.05447448
0.01045448
-0.08561061
0.03677027
0.08705924
-0.04402110
0.04162312
0.12151136
0.00991535
0.00360181
-0.04070983
0.05511956
-0.00545449
0.05781700
-0.07392264
-0.03112866
0.00159284
0.09569988
0.03368317
-0.04189024
0.03446947
-0.09827515
0.02454402
0.00754245
0.05496160
0.05699831
0.03273267
0.02482027
-0.02869738
-0.04882562
0.03488499
0.00376234
0.00415047
0.13620976
-0.00226721
-0.03739958
-0.06651554
0.00699712
0.02576359
0.02717828
-0.00156701
0.04793625
0.02524002
-0.00780703
0.03566167
0.02605038
-0.01942362
0.05371967
-0.00374008
-0.06503720
0.06288077
0.02654574
0.01053742
-0.08072174
-0.02694571
-0.04075643
0.02480976
0.02383112
-0.06387471
-0.09156527
-0.03525720
-0.01313006
0.03410284
-0.01242874
0.02905433
0.00713039
0.04002668
0.07490113
0.04507120
0.03529972
-0.02464860
-0.03316805
-0.02349238
-0.03775064
-0.00583102
0.04319850
0.11534423
-0.00810771
-0.08764323
0.06443173
0.00829523
0.05436608
0.06532045
-0.02339512
0.05820951
-0.04211414
0.03203152
0.01597021
-0.01780242
0.05200918
-0.01758503
-0.04849583
-0.06508260
0.04588121
-0.03401355
-0.02413278
0.01230262
-0.05849137
-0.02708634
-0.00581607
0.04367105
0.02426062
0.01324269
0.02769407
-0.05040199
0.00710547
0.00565465
-0.00606283
0.10838284
-0.03274284
-0.00033880
-0.02680824
-0.05475982
0.02754774
-0.05240898
0.03650475
-0.02336581
0.01082234
-0.04144706
-0.01632488
0.01679357
-0.03774410
-0.06444532
-0.00881440
0.00525572
-0.01414978
0.00488561
0.00047594
-0.05539571
0.06230392
-0.03672941
0.03689463
-0.01933379
-0.04903068
-0.00059334
0.03143438
0.02783106
0.02419645
0.01155469
0.01742326
-0.03272581
-0.00449492
0.05325482
0.00793677
0.07846736
0.01831860
-0.01598568
0.03209715
-0.01151360
-0.03288761
0.02734011
0.07810935
-0.11173903
-0.02894736
-0.02705165
-0.00449800
-0.07402709
0.05384652
-0.06431359
-0.08247376
-0.00858410
0.07207509
-0.14072482
-0.03833728
-0.06283659
0.12277476
-0.00724386
0.02524340
0.05097881
0.02363172
0.03963416
0.04961285
0.03032232
0.03416966
-0.07720732
0.02287351
-0.08748159
-0.00296738
0.05185012
-0.03994702
-0.04443364
0.01283197
-0.02325489
0.00009380
0.05340948
-0.08609954
-0.00739666
0.01716113
-0.00386528
0.01426868
-0.01373468
0.05585621
-0.01441116
-0.01499223
0.00586901
-0.00184670
-0.02735853
-0.01552594
0.03674233
-0.00106944
-0.04983616
0.01080101
0.02560217
-0.05648674
0.03447867
-0.01236918
0.03978395
-0.02430026
-0.07393821
-0.06337663
-0.04536421
-0.06280600
-0.03997312
0.04806283
0.05249659
-0.05489220
-0.00926124
-0.01625893
0.00508326
-0.05374506
0.06330259
-0.03289380
-0.01081219
0.00363323
-0.08302723
0.00121548
-0.01604964
0.01997044
-0.03229996
0.01075895
-0.02713258
0.01954859
-0.05217309
0.02898385
-0.09239081
0.00230059
0.02662161
-0.10072111
-0.00504717
-0.03262777
0.01056211
0.02964724
0.00165187
-0.02968528
-0.02470791
0.00069409
0.04480433
0.04601699
-0.01473498
-0.04106487
0.03262235
-0.01749485
0.03611913
-0.00001762
-0.02119888
0.00628721
0.04316020
0.02369554
0.02753466
-0.03501670
-0.04072658
-0.00592090
0.09144142
-0.00582471
0.02736344
-0.05274035
-0.00888932
-0.08693311
-0.00861164
-0.14172931
-0.05838107
-0.00088245
-0.03882378
-0.02824157
0.03565557
0.04885833
-0.03695991
0.00646196
-0.00735206
0.04523453
0.07700874
0.02801126
0.04936953
0.01513120
0.00006065
0.06792537
0.08844603
0.05598382
-0.05591290
-0.00928660
0.08650517
0.09544004
0.01905000
0.05117707
0.00511362
-0.01898780
-0.01474812
-0.01609635
-0.00184959
-0.02458441
0.01242128
0.01719928
-0.01548225
-0.07591300
-0.01862428
0.04379548
-0.06077277
0.01210121
0.00856976
-0.05548246
0.02947533
0.03181088
0.05225613
0.00678319
0.05078477
-0.02382179
0.02689415
0.06018782
-0.03659453
-0.04748114
0.01697307
-0.00134082
0.07662789
0.03411938
-0.00468291
0.05342807
-0.00059145
-0.02444269
-0.01666245
-0.04528557
-0.01077439
0.06651482
-0.06721952
-0.07458314
-0.02121522
0.06292627
-0.05564000
-0.04337223
-0.00940802
0.00236151
0.02762307
0.08066924
-0.02559165
0.05915354
-0.08850846
0.03287842
-0.02778271
0.02987997
-0.06512776
0.06982058
-0.05974787
-0.02686654
0.01941351
-0.02887790
-0.04411890
0.02938411
0.06987964
-0.00455964
-0.01757058
-0.02171378
0.00918081
0.00196703
-0.01240212
0.08790872
-0.01936969
-0.03974643
-0.05810528
-0.02751734
0.00799200
-0.10937404
0.07789066
-0.01336325
-0.03816835
-0.05801228
-0.03615947
-0.06482752
0.01200563
-0.02864932
-0.03087141
-0.05680535
0.01584744
-0.06800079
-0.07480644
0.02755260
-0.00996758
0.00893967
0.05782330
0.02159884
0.00760267
0.04678874
0.04608887
0.02795156
0.07081614
-0.03939761
0.01283350
-0.06426104
0.02896546
0.04134095
-0.02955168
-0.03026991
-0.06874826
0.01865412
0.01072822
-0.00813260
0.11075281
0.06625429
0.02721162
-0.06364948
-0.00419115
-0.04860915
0.02779326
-0.07536156
-0.07858626
0.11308364
-0.01151204
-0.01591809
-0.00506581
-0.01815878
0.04444099
-0.02155006
0.02705653
-0.07985916
-0.05346177
-0.02341485
-0.03217113
-0.01562700
-0.08099072
0.02101542
-0.03934512
-0.00013874
-0.03635512
0.00733781
0.06593065
0.00333914
-0.01377707
-0.02499685
-0.02684761
0.08940390
-0.00085298
0.02865247
-0.02182278
0.04074018
0.00710231
-0.05524417
-0.01356692
0.00774226
0.02389348
-0.00821620
0.02218215
0.03084265
-0.00476950
-0.00725077
-0.04071702
-0.06608478
0.00697445
-0.00019373
0.03637678
-0.03880859
0.01239358
0.03754978
-0.02568544
-0.03735958
-0.02149294
