0.00074315
-0.02030746
-0.01674828
0.00920679
-0.02131114
0.02228236
0.00856012
0.04098303
0.06153060
0.01223915
-0.00332460
-0.03332049
0.01318214
-0.02258499
-0.03172288
0.00571435
-0.01067638
0.00413390
-0.10103459
0.00910713
0.01347172
0.03248062
-0.02624547
-0.02628624
-0.01613337
0.02063758
0.01524881
-0.02430300
-0.00830042
-0.00964028
-0.20934942
0.00952782
0.04319683
-0.00885875
0.00431723
0.09083765
0.00478453
0.02298009
-0.03218315
-0.11556586
-0.02140643
0.00069517
0.05875488
-0.03710658
0.00899272
0.00680235
-0.00182400
-0.00083814
0.02609213
0.01350230
0.04502349
0.01250026
-0.09807175
0.00340008
0.02522160
-0.01794904
-0.01240246
0.01417275
0.34958026
-0.00045911
0.01006380
-0.00582151
-0.01045167
-0.01380260
0.00444349
-0.00151266
-0.00894194
0.00942405
-0.00565286
-0.01336707
0.01082902
-0.00720621
-0.03815466
0.00921745
0.00590407
-0.01828028
-0.00882607
0.06444170
-0.00259078
-0.11669552
-0.02149590
0.00576179
0.00884626
-0.08329292
0.04844644
0.01012208
-0.01091325
-0.00423403
0.01533285
-0.04534180
0.01096108
-0.03377539
0.01737039
0.00142052
-0.01762604
-0.01486955
-0.00231655
-0.00281499
-0.04033514
0.01494861
0.00178365
0.02893234
-0.04556685
0.02053083
0.00032737
-0.00791084
-0.04548206
0.01542015
0.01735364
-0.00981246
-0.00792630
0.00438537
-0.03239390
-0.02969004
0.00518212
-0.00016883
0.04791938
-0.03039879
-0.00732071
-0.01158553
0.02036278
0.00066188
0.00799228
-0.00906582
-0.01068904
0.02741938
-0.00462180
0.00998797
0.01080039
0.09317831
-0.03860036
0.02038339
0.01245811
0.02968771
0.07515579
-0.02091385
-0.11214396
-0.01366219
-0.08014568
0.00218795
-0.07817779
0.02952067
-0.01349984
-0.02147229
0.02128692
-0.13787681
-0.00303942
-0.02894659
-0.01891136
0.00029707
0.01343803
0.00464745
-0.02586413
-0.05816204
0.01300676
0.01540497
-0.04073395
-0.01497613
-0.01898671
0.01112957
-0.02798206
0.01189936
0.03411648
-0.01010889
-0.00515013
-0.00310858
0.05885318
-0.02944511
0.00953938
0.03441720
-0.00499074
-0.01508250
0.01893147
-0.00005361
0.03294277
0.00627274
0.00517703
0.01183686
-0.02226404
0.00255945
0.01391136
-0.00717069
0.01522418
0.01622476
0.01059777
-0.17348017
-0.04505751
0.01955320
-0.01748163
0.06773981
0.08865506
0.00719979
-0.02626272
0.01541877
-0.00648760
-0.03194921
-0.00993405
0.00261230
-0.18684040
-0.03367034
0.07785667
-0.01317706
0.08227155
-0.05375055
-0.01115621
-0.03547614
-0.00650205
0.01290259
-0.00934380
0.05010188
-0.07945551
-0.02781029
0.04364876
0.01775771
0.02131269
0.01329480
-0.00215190
0.05451417
-0.01705888
0.01837977
-0.07258867
-0.69132012
0.01276133
0.00942253
0.02028260
0.00027334
-0.04782395
-0.03212235
0.02622637
0.01637756
-0.05408248
0.00350190
0.01820201
0.01701286
-0.00108552
-0.02429745
-0.03588871
-0.00126388
0.00352581
0.00235294
0.04289761
0.01227603
0.05503309
-0.08623645
0.00932851
-0.00660425
0.00920359
0.06564055
0.03072539
-0.01689513
-0.01403179
0.02772003
-0.00490950
0.01811699
0.02148738
0.00578316
0.14666471
0.01305084
-0.01553301
0.00716374
0.00185856
0.02846394
-0.09221964
-0.08162501
0.02599237
-0.03486816
0.05919134
0.04197057
0.04162185
-0.04489520
0.06737431
-0.01442276
-0.04336371
0.06784090
-0.04366955
-0.01752351
0.01055922
0.06685065
0.03321896
0.05299165
0.00702208
-0.04775456
-0.03356245
0.03452855
-0.04532516
0.03442221
-0.02069721
0.03138763
-0.02795754
-0.02811334
-0.00021702
0.00741164
-0.04522405
0.12411360
-0.04178373
-0.08906604
-0.11800279
0.04205770
-0.03295788
0.09778427
-0.00671872
0.02832221
0.89933002
0.03759032
-0.04414110
-0.05417833
0.07064217
0.07070202
0.02741192
-0.04918413
0.02577431
-0.09579554
-0.12088469
0.09202930
-0.00556557
0.02436980
0.01798780
-0.02390014
-0.01364997
0.03285554
0.00019092
0.01573157
-0.04598537
0.00679293
-0.01401756
-0.05766376
-0.02810714
0.04423088
-0.05869541
0.01335866
0.06284243
-0.02302599
-0.01380328
0.04268897
-0.03256691
-0.00003374
0.04407474
0.08365170
-0.01476704
-0.00883288
0.07638993
-0.00855727
0.02311615
0.03841979
0.01724062
-0.01411009
-0.05167514
0.03827092
-0.04895584
0.04341473
0.00711228
-0.01758047
-0.05927436
-0.02275970
0.00376747
-0.05303560
0.03760041
-0.03739541
0.03122830
0.03748519
0.00257049
0.02894466
0.01370127
-0.02777364
-0.04163694
0.00978398
0.00431819
0.01741931
-0.00296391
0.06583252
-0.00120090
-0.07205551
0.04979143
0.09459167
-0.05563902
0.09749603
0.08751003
0.03600150
0.01353948
-0.03623323
0.04566890
-0.02017983
0.03782653
-0.06284098
-0.04069116
-0.02790434
0.08417707
0.03549397
-0.00348646
0.00594923
-0.07933208
0.02488857
0.00317358
0.07911704
0.03441419
0.01833243
0.02928035
-0.01380091
-0.06813549
0.03036001
0.00669619
0.03106400
0.12456077
0.02204357
-0.04743704
-0.07952587
0.01101343
0.00608337
0.04157563
-0.01216952
0.08094735
0.06021316
0.00284295
0.03341400
0.03337207
0.00121044
0.03148443
0.01583095
-0.06569548
0.04374865
0.04658420
-0.01052067
-0.03554478
-0.02634753
-0.02658878
0.00614238
0.03485331
-0.05375735
-0.08264738
-0.06062417
0.00656198
0.02855167
0.00402494
0.04253203
-0.00003952
0.03766029
0.09188753
0.07148660
0.06064691
-0.03638414
-0.01634241
-0.01180417
-0.03541345
-0.00621368
0.09418222
0.09229963
-0.01327512
-0.07133716
0.07144689
0.01022647
0.05263347
0.04499613
-0.04137853
0.05246080
-0.03002684
0.01545918
0.01943145
-0.02297654
0.02287942
-0.01196534
-0.06258894
-0.04722368
0.03732096
-0.00248142
-0.02131004
0.02081229
-0.05933899
-0.04646848
0.01493836
0.04007100
0.00421708
0.04325646
0.03921815
-0.03368622
0.01500344
-0.00058207
-0.01807948
0.10193572
0.00091422
-0.02540207
-0.03350643
-0.04692893
0.01980691
-0.03084408
0.04809097
-0.03964958
0.01262346
-0.03265610
-0.02339501
0.00459581
-0.04202492
-0.03563997
-0.01948981
-0.03568612
-0.00133207
0.01743172
0.02853301
-0.05416929
0.03766038
-0.01747692
0.03876646
-0.04222994
-0.04233591
0.02145155
0.05648092
0.02941719
0.00299986
0.07032941
0.04697078
-0.04522964
-0.00900683
0.02802941
0.05431049
0.04148444
0.00254200
-0.00951825
0.03092764
-0.01219058
-0.00407385
0.00670329
0.08014915
-0.11267930
-0.05108686
-0.02794645
-0.01417272
-0.03557635
0.04432290
-0.02983096
-0.08184777
0.00809651
0.05365251
-0.12148494
0.01441825
-0.05375855
0.06786364
-0.01194488
0.00117606
0.07492355
0.04400084
0.03678221
0.05210433
0.06741773
0.03224873
-0.07152506
0.00454844
-0.11454437
0.00341982
0.08664535
-0.04719135
-0.06831392
0.01497575
-0.02683651
0.00482400
0.05035649
-0.08307477
0.00346450
-0.05032577
0.00658351
0.01981894
-0.04027678
0.03124079
0.00666636
-0.01883413
0.02347496
-0.00888595
-0.03203747
-0.01338972
0.03959621
0.00349975
-0.04159028
0.02000916
0.02106498
-0.04501256
0.00325835
-0.01367068
0.02033396
-0.01757086
-0.05782664
-0.05718451
-0.03855192
-0.04069453
-0.03799679
0.03377578
0.05970240
-0.03692941
-0.01814405
-0.02814673
0.00362170
-0.04426515
0.02916703
-0.04860557
-0.00439756
0.01050180
-0.09739082
-0.05067110
0.03254346
0.00031476
-0.00262466
0.00750842
0.00693360
0.02770087
-0.02977118
0.02527299
-0.06848250
0.02607998
0.00487343
-0.09927123
-0.01476519
-0.04722133
0.00572031
0.02160782
0.01272645
-0.05907601
-0.03196098
0.00335928
0.04882469
0.04907717
0.00769745
-0.00721186
0.07322890
-0.00612055
0.02778112
0.01204437
-0.00203616
0.01210873
0.04217770
0.05007576
0.01419017
-0.05813263
-0.03568945
0.00568153
0.07163819
-0.00314767
0.03647190
-0.03452282
-0.04857985
-0.09018627
-0.01000716
-0.11971822
-0.04650123
0.04106506
-0.00706136
-0.05196698
0.02287999
0.06400232
0.00002897
-0.02824214
-0.02760581
-0.01486897
0.08720169
0.02212182
0.03843029
-0.00536733
0.00598624
0.05156707
0.09606292
0.04875467
-0.04675126
-0.02510581
0.10694578
0.04728730
0.00875846
0.05272869
0.02842099
-0.02675667
-0.00168870
-0.05306728
-0.03158511
-0.02830857
0.02693757
0.02807127
0.00400776
-0.07784755
-0.01270761
0.03212468
-0.05942432
-0.01050056
0.00235323
-0.03307925
0.03435478
0.01640830
0.06884243
-0.01469536
0.03868468
-0.02360775
0.02053550
0.03302130
-0.02244669
-0.03418652
0.00792894
-0.00668728
0.09001652
0.00320735
0.00899696
0.04090190
-0.00067888
0.02207778
-0.04718347
-0.03289932
0.00662037
0.06140808
-0.07055243
-0.08728731
-0.01067772
0.05085537
-0.07175814
-0.03877024
0.02381358
-0.00688580
0.00896313
0.08084128
-0.03391204
0.05102384
-0.07163202
0.06797104
-0.03349629
0.05936446
-0.03981911
0.11124088
-0.07115036
-0.00532981
0.02605472
0.00112642
-0.06145385
0.05859254
0.10127354
-0.00582787
0.00076460
-0.01876391
0.01596194
0.01477105
0.01854010
0.08629573
-0.04567227
-0.01644674
-0.03115850
-0.03553193
0.01602594
-0.11489818
0.05452494
-0.00211966
-0.04819430
-0.05940641
-0.00359445
-0.07333514
0.02935331
-0.02209316
-0.03258306
-0.04282099
0.00846049
-0.06079569
-0.07256401
0.01513685
-0.04296981
-0.01437521
0.04809007
0.02397577
0.04342817
0.04852649
0.00718221
0.03208783
0.05357775
-0.03016331
-0.00537926
-0.01870040
0.07732771
0.06157371
-0.03889948
-0.02687769
-0.12466653
0.01613923
0.02118449
0.00730429
0.06857210
0.05473432
0.03810818
-0.05800119
-0.01765101
-0.01115933
0.03095007
-0.07666916
-0.08249924
0.13873954
-0.02482501
0.01583915
0.00153822
-0.01421250
0.03743091
-0.04700350
0.02427772
-0.03919229
-0.06258690
-0.01785722
-0.03755069
-0.00630073
-0.07315531
0.01352539
-0.05242790
-0.00854858
-0.02333252
-0.00376697
0.07516081
-0.00816124
0.02311324
0.00323776
-0.04046201
0.07961322
-0.00546147
0.02145770
-0.03314211
0.03533004
-0.01447485
-0.06048739
-0.01443907
-0.00781509
-0.00975556
-0.00378718
0.04161390
0.02316084
-0.00464055
-0.01764207
-0.03131870
-0.05774070
0.00749411
-0.00028066
0.07528745
-0.04782937
-0.03724279
0.02714143
-0.01475877
-0.04119089
-0.00201211
