-0.0940906926989555
0.0746623277664185
0.0028095040470362
0.0737046822905540
0.0382461249828339
-0.0863927826285362
0.0575035661458969
0.0822055265307426
0.0094597227871418
0.0400306694209576
0.0695565715432167
-0.0750225409865379
-0.0070672035217285
-0.0745449289679527
0.0278177093714476
0.0026376589667052
0.0539972521364689
0.0502055175602436
0.0617838501930237
0.1179407313466072
0.0423802919685841
0.0091612432152033
-0.0007787194335833
0.0042342096567154
-0.0395732857286930
-0.1422331184148788
-0.0016858824528754
-0.0140952039510012
-0.0542690306901932
-0.0337727367877960
0.0890944823622704
0.0673037245869637
-0.0489540062844753
0.0856847465038300
0.0719212591648102
-0.0755912512540817
0.0359175056219101
0.0053463634103537
0.0815524533390999
-0.1078956499695778
0.0795327797532082
-0.0742936357855797
-0.0722062662243843
-0.1159714981913567
0.0382813327014446
0.0156170604750514
-0.0669512823224068
-0.0509173311293125
0.0780233591794968
0.0451621375977993
0.0491008162498474
-0.1270706951618195
-0.0966347828507423
-0.0668584182858467
0.0872837305068970
-0.0515670403838158
-0.0986675098538399
0.0405806116759777
-0.0779376178979874
-0.1026833504438400
-0.0582564324140549
0.0322888232767582
0.0607408396899700
0.0069568245671690
0.0568349920213223
-0.0881661847233772
0.0034127084072679
-0.0766428411006927
-0.0806006789207458
0.0867020189762115
-0.0430876016616821
0.0113728335127234
-0.0354531407356262
0.0050633661448956
0.0442435964941978
-0.0626032203435898
-0.0676923766732216
0.0802997946739197
-0.1136739328503609
0.0587869435548782
0.0921335741877556
-0.0066228001378477
0.0937891900539398
-0.0668306499719620
-0.0350236482918262
-0.0181378722190857
0.0369976237416267
-0.0449373386800289
0.1237363591790199
-0.0229542963206768
0.0457734689116478
-0.0533740632236004
0.0109408004209399
-0.0366192869842052
0.1594243794679642
0.0555063895881176
0.0562922507524490
0.0512111485004425
-0.0585485659539700
-0.1036329567432404
-0.0830818191170692
0.0027505564503372
-0.0702193453907967
-0.0160401519387960
0.1229503080248833
-0.0814342871308327
-0.0775488615036011
0.0144340228289366
-0.0389252081513405
0.0169751066714525
-0.0913295671343803
0.0766064599156380
-0.0928929895162582
0.0314718931913376
-0.0314671806991100
-0.0857210606336594
0.0223604328930378
0.0341857001185417
0.1006668806076050
-0.1196862384676933
0.0727719068527222
-0.0601108781993389
0.0980637818574905
-0.0723131150007248
0.0070912851952016
0.0179317891597748
0.0004408319946378
0.0461264848709106
-0.0863903388381004
-0.0219980161637068
0.0470535643398762
-0.0424704477190971
-0.0811532512307167
0.0830198228359222
-0.0553501136600971
0.0341991260647774
-0.0589761994779110
-0.0225461311638355
-0.0475437007844448
-0.0550519153475761
-0.0498295240104198
0.0765429735183716
-0.0727056041359901
0.0455902069807053
-0.0944495573639870
-0.0612750388681889
0.0986204892396927
-0.0804884284734726
0.0118403416126966
0.0588401183485985
0.0087526524439454
-0.0683210194110870
-0.0678210556507111
-0.0946876928210258
-0.0803350955247879
-0.0171597022563219
-0.0979856029152870
0.0583043992519379
0.0383254550397396
0.0415388457477093
0.0178135782480240
0.0015738372458145
0.0523609891533852
-0.0341837182641029
0.0368008315563202
0.0704581364989281
0.0517936162650585
-0.0423681288957596
-0.0247592609375715
0.0060230186209083
0.1037246435880661
0.0524272657930851
0.1046830266714096
-0.0335990041494370
0.0133117930963635
-0.0562249347567558
0.0674033388495445
0.0479862280189991
-0.0155303357169032
0.0529860183596611
-0.0461335182189941
-0.0860072225332260
0.0022511126007885
-0.0697974711656570
0.0421152673661709
0.0599925406277180
-0.0384103693068027
0.0409405380487442
0.0582732558250427
-0.0910403132438660
0.0193082764744759
0.1227900385856628
0.0551981925964355
0.0790129452943802
-0.0412710607051849
0.0661997571587563
0.0369489826261997
-0.0916588827967644
0.1099831238389015
-0.0072465925477445
0.0497879460453987
-0.0258036125451326
0.0462485402822495
0.0904704630374908
0.0553875155746937
-0.0078502874821424
-0.0235470570623875
0.0592018030583858
0.0118017671629786
0.0251554753631353
-0.0444227494299412
-0.0322119332849979
-0.0232529584318399
0.0495848357677460
0.0789368450641632
0.0082655055448413
-0.0474015325307846
0.0017785133095458
0.0254831034690142
-0.0635977387428284
0.0290566161274910
0.0110169751569629
-0.1178101599216461
-0.0513372533023357
0.0459909923374653
0.0076407026499510
0.0462438873946667
0.0042431112378836
-0.0222201775759459
0.0701526850461960
0.0555071458220482
-0.0953956618905067
0.0391075201332569
0.0829665884375572
0.0575789213180542
-0.0302237235009670
0.0543395765125751
0.0542627610266209
-0.0167308039963245
0.0506087914109230
0.0220223627984524
-0.0749083608388901
0.0769368559122086
-0.0581400208175182
-0.0260140914469957
-0.0585864633321762
0.0463355295360088
-0.0326190963387489
-0.0442436747252941
-0.0900930464267731
-0.0569172464311123
0.0737070590257645
0.0507670305669308
-0.0007386620854959
0.0713753104209900
0.0183719601482153
-0.0800615176558495
-0.0082060825079679
-0.0752625465393066
0.0079466169700027
0.0528204515576363
-0.1838097274303436
0.1115207076072693
0.1080643683671951
-0.0329605638980865
-0.0338675975799561
-0.1068101078271866
0.0554307773709297
0.0049451589584351
0.0714445412158966
-0.0434037335216999
0.1047035008668900
-0.2732811272144318
-0.0111115640029311
0.1188922971487045
-0.2311762869358063
-0.1189032346010208
0.0134961353614926
0.0539165772497654
-0.1596262902021408
-0.1248439624905586
-0.0814255997538567
-0.1980851739645004
-0.2561832666397095
0.0043004299513996
-0.0737781077623367
0.0356057398021221
-0.0085247857496142
0.0139618078246713
-0.0113769825547934
-0.1754761189222336
0.0073924036696553
0.1249928921461105
-0.0581413768231869
-0.1360641419887543
-0.2118238806724548
-0.0795844048261642
0.0668081790208817
-0.0587607435882092
-0.0872550755739212
-0.0548483915627003
0.0685793757438660
0.1782347261905670
-0.2819594740867615
-0.0466336347162724
0.1417227983474731
-0.1051351279020309
0.1109655126929283
0.0136807560920715
-0.1573236882686615
-0.0354365967214108
-0.2304839491844177
0.0670883432030678
0.0073849842883646
-0.1171402111649513
0.0567653775215149
0.1612051725387573
0.3338970541954041
0.0870758593082428
-0.1659422367811203
-0.0333825089037418
0.0669986829161644
0.0341808237135410
-0.0423685722053051
-0.0559292510151863
0.0448039434850216
-0.0410631783306599
0.0065307719632983
0.0548508726060390
-0.0558674894273281
0.0370647646486759
-0.0002186175406678
-0.0205018278211355
0.0052705639973283
-0.0478748939931393
-0.0058360602706671
0.0225266013294458
-0.0331168286502361
0.0569848977029324
0.0398080982267857
-0.0837253257632256
-0.0250570550560951
0.0635188147425652
-0.0110885566100478
-0.0158079992979765
-0.0328116603195667
0.0270734932273626
0.0254811290651560
0.0658263713121414
-0.0374381206929684
0.0407751165330410
-0.0560585558414459
0.0261451415717602
-0.0629724860191345
-0.0705175101757050
-0.0013847154332325
0.0545039325952530
0.0717578381299973
-0.0146828573197126
0.0572145283222198
0.0558911897242069
-0.0414920262992382
-0.0418729446828365
-0.0240823440253735
-0.0454173237085342
0.0191535037010908
0.0485058054327965
-0.0715007707476616
0.0181244295090437
-0.0644274801015854
0.0276838578283787
-0.0150285866111517
0.0115239406004548
-0.0005031721084379
0.0693305805325508
-0.0594571791589260
0.0346154309809208
-0.0238104294985533
0.0833840295672417
-0.0356651209294796
-0.0211852826178074
-0.0010146577842534
0.0134344510734081
-0.0481665693223476
0.0254405289888382
0.0517554245889187
0.0441450737416744
0.0363726019859314
0.0163043737411499
-0.0323895104229450
-0.0765665099024773
-0.0434470102190971
0.0223564282059669
-0.0252060294151306
0.0449032075703144
-0.0432419069111347
0.0278892125934362
0.0031557276379317
0.0326525494456291
0.0279100146144629
0.0371570549905300
0.0138778723776340
0.0243601929396391
0.0230101346969604
-0.0089540146291256
-0.0235823784023523
-0.0617958158254623
-0.0468587502837181
0.0217675007879734
0.0578796565532684
-0.0445876084268093
-0.0070002391003072
0.0051381834782660
-0.0124787632375956
0.0650302544236183
0.0424903668463230
-0.0452879182994366
-0.0398264378309250
-0.0347377434372902
0.0387242920696735
-0.0180367585271597
0.0112322634086013
0.0367411375045776
0.0447332672774792
-0.0094237197190523
-0.0591258183121681
-0.0332226492464542
-0.0634888783097267
0.0708370655775070
-0.0081928344443440
0.0658202841877937
0.0282167829573154
-0.0381606072187424
0.0570533052086830
0.0113578308373690
-0.0710442960262299
-0.0155483670532703
-0.0121993431821465
0.0128725990653038
-0.1038555279374123
0.0151056991890073
-0.0317922569811344
-0.0178873129189014
-0.0265104211866856
-0.0227780155837536
0.0438807010650635
0.0250600818544626
-0.1208671033382416
-0.0312774665653706
-0.0542907528579235
-0.0627084970474243
-0.0105368699878454
0.0571363195776939
0.0206481814384460
0.0582053735852242
0.0678972154855728
0.0065001910552382
-0.0057910061441362
0.0307256449013948
-0.0053940005600452
-0.0020055498462170
-0.0237220786511898
-0.0608911886811256
-0.0247832741588354
0.0238439980894327
-0.0588224343955517
0.0562158301472664
0.1090122163295746
-0.0781133770942688
0.0629924982786179
0.0572738572955132
0.0371979922056198
0.0401357337832451
0.0262009333819151
0.0607084706425667
0.0213326644152403
0.0110566047951579
-0.0402279309928417
-0.0443645082414150
-0.0349842719733715
-0.0267247520387173
-0.0468859821557999
0.0320973023772240
0.0694416165351868
0.0747821480035782
0.0205392502248287
-0.0452838018536568
0.0037633390165865
0.0216450523585081
-0.0303039476275444
-0.0766118168830872
-0.0250580199062824
-0.0236679576337337
0.0472317077219486
-0.0498243011534214
-0.0054380334913731
0.0455026328563690
-0.0200015399605036
0.0104788327589631
0.0144838951528072
-0.0556934848427773
0.0445952564477921
0.0030503580346704
-0.0557652935385704
-0.0448683910071850
-0.0407091341912746
0.0046408660709858
0.0645417273044586
0.0173531733453274
-0.0470044352114201
0.0056681763380766
0.0926384627819061
-0.0425196662545204
-0.0049988883547485
-0.0654216632246971
0.0032670579385012
0.0212178397923708
0.0375204049050808
0.0385309718549252
-0.0061639784835279
0.0450470484793186
-0.0236694477498531
0.0574462600052357
0.0522665530443192
0.0010899654589593
0.0149549227207899
-0.0092416228726506
0.0063333464786410
-0.0753968060016632
0.0543532297015190
-0.0581695213913918
-0.0004343141918071
0.0143829807639122
0.0383828654885292
-0.0462105348706245
0.0266866460442543
0.0349675565958023
0.0211858171969652
0.0254769567400217
0.0360196717083454
-0.0637304559350014
0.0626512169837952
-0.0066155451349914
-0.0421866886317730
-0.0681523159146309
-0.0163469500839710
0.0379785262048244
0.0689455270767212
0.0713597312569618
-0.0284718144685030
-0.0146379228681326
-0.0332645028829575
-0.0212832763791084
0.0855070203542709
-0.0532374754548073
0.0106625007465482
0.0274324640631676
0.0993009954690933
-0.0608091726899147
0.0920162126421928
-0.0123682199046016
-0.0105841560289264
0.0556952245533466
0.0002054200886050
0.0493858791887760
0.0017455259803683
-0.0390606783330441
0.0726607367396355
-0.0081003531813622
-0.0312433317303658
-0.0572515390813351
0.0577540621161461
-0.0161146465688944
0.0079152947291732
0.0033280025236309
-0.0277227535843849
0.0165788084268570
-0.0301354527473450
0.0199545174837112
0.0033816192299128
-0.0769190043210983
0.0537022463977337
0.0510000139474869
-0.0002727090904955
-0.0183858294039965
0.0193254631012678
0.0017089465400204
0.0369622781872749
0.0707413703203201
-0.0452382378280163
0.0110891452059150
-0.0268308054655790
-0.0181103534996510
0.0585162714123726
-0.0676363706588745
-0.0282463692128658
-0.0541374944150448
-0.0514756329357624
-0.0006729192100465
-0.0266280677169561
-0.0161653030663729
-0.0057428837753832
0.0529745966196060
0.0471444949507713
-0.0104231098666787
0.0211644917726517
0.0199557803571224
-0.0919237136840820
0.0005594331887551
-0.0554364845156670
-0.0397783815860748
0.0055399946868420
0.0389235019683838
0.0353113897144794
0.1074880361557007
-0.0063242292962968
-0.0286406315863132
-0.0897625312209129
0.0037520984187722
0.0543545521795750
-0.0704904496669769
0.0319061689078808
0.0298121590167284
0.0359975509345531
-0.0488204471766949
-0.0007389849633910
-0.0813599228858948
-0.0043962509371340
-0.0604748725891113
-0.0399278290569782
-0.0703176110982895
0.0681009739637375
0.0271206498146057
-0.0820222795009613
-0.0051431544125080
-0.0016329239588231
-0.0014701475156471
0.0097142085433006
-0.0633144453167915
0.0546502284705639
-0.0314994715154171
0.0491853319108486
-0.0375636667013168
-0.0096675222739577
-0.0378835387527943
0.0773428082466125
0.0474054366350174
-0.0670854151248932
0.0348691046237946
0.0004469135019463
0.0940367430448532
-0.0510844811797142
-0.0573636144399643
0.0616922788321972
-0.0127872712910175
-0.0150317940860987
0.0649208351969719
-0.0481135025620461
0.0506985113024712
-0.0578182488679886
-0.0017702258192003
-0.0467315725982189
-0.0726168528199196
-0.0143959214910865
0.0226647146046162
0.0378290787339211
0.0460790209472179
0.0077957948669791
0.0651820525527000
0.0930788293480873
-0.0665315166115761
0.0014703759225085
0.0163141284137964
-0.0421626642346382
0.0162712018936872
-0.0174749512225389
0.0193213745951653
0.0333147682249546
0.0016386279603466
0.0634793713688850
0.0474190227687359
-0.0418109335005283
-0.0127721941098571
0.0097004324197769
-0.0296770427376032
-0.0636184215545654
0.0391270928084850
0.0314807966351509
0.0312350410968065
-0.0423472262918949
0.0212016850709915
-0.0559537038207054
0.0055046575143933
0.0635605975985527
-0.0646819844841957
-0.0306520592421293
0.0294159371405840
0.0072268992662430
0.0275180824100971
-0.0009156148298644
-0.0129806166514754
0.0378567613661289
0.0115190465003252
0.0880567878484726
0.0182117335498333
-0.0557336397469044
0.0404165089130402
0.0719989910721779
-0.0218132510781288
0.0316449590027332
0.0342701338231564
-0.0598109886050224
0.0097164511680603
-0.0473587699234486
-0.0145933795720339
-0.0081654647365212
0.0177843049168587
0.0211281925439835
0.0447663590312004
-0.0566159300506115
0.0477017499506474
-0.0206227321177721
0.0084410682320595
0.0335098654031754
0.0136955333873630
-0.0334083922207355
0.0640681013464928
-0.0709335505962372
-0.0470901317894459
0.0177543181926012
-0.0064722183160484
0.0132770100608468
-0.0046760961413383
-0.0375472418963909
0.0588979758322239
-0.0856390446424484
-0.0172765720635653
-0.0120341051369905
-0.0262855421751738
-0.0117700817063451
-0.0293938573449850
-0.0046047018840909
0.0389573723077774
-0.0268728267401457
-0.0403154455125332
-0.0672582089900970
-0.0862006992101669
0.0625422745943069
-0.0059212124906480
-0.0427217260003090
0.0780043900012970
-0.0007012409041636
-0.0307821705937386
0.0608211010694504
0.0067400806583464
0.0043746144510806
-0.0108319725841284
0.0080486750230193
0.0699969157576561
-0.0703475028276443
-0.0904259383678436
0.0399042516946793
-0.0384810753166676
0.0535200238227844
0.0080633126199245
-0.0480423755943775
-0.0289275422692299
0.0293549504131079
0.0019220886752009
-0.0293096657842398
-0.0137730622664094
0.1079211086034775
-0.0277142599225044
-0.0113535653799772
-0.0183002036064863
0.0296284072101116
0.0420035123825073
0.0762497410178185
0.0449395962059498
-0.0516039617359638
-0.0559922195971012
-0.0379518941044807
-0.0021623736247420
-0.0015355909708887
-0.0462512187659740
0.0531885810196400
0.0451254881918430
-0.0153374010697007
-0.0562248490750790
0.0434913411736488
-0.0426355414092541
0.0333493761718273
-0.0062388358637691
-0.0688794925808907
-0.0234027728438377
-0.0671492815017700
-0.0358584932982922
-0.0282328091561794
0.0341046825051308
-0.0053909881971776
-0.0707021057605743
-0.0734471008181572
0.0541893504559994
0.0011000325903296
0.0356074087321758
0.0110461320728064
-0.0025447737425566
-0.0188103634864092
-0.0282031036913395
-0.0760647207498550
0.0008397891651839
0.1010374799370766
-0.0537430942058563
0.0555155277252197
-0.0574810318648815
0.0045469515025616
0.0485815145075321
-0.0044129565358162
0.0321878679096699
0.0636250376701355
0.0925722494721413
-0.0164835173636675
0.0304483901709318
-0.0215689782053232
-0.0494457781314850
0.0499719120562077
-0.0015394501388073
-0.0056687216274440
0.0416669212281704
-0.0897935628890991
0.0272772666066885
-0.0263678357005119
