-0.1004401072859764
0.0656928345561028
-0.0170485284179449
0.0453160293400288
0.0717716664075851
-0.0826473534107208
0.0451943315565586
0.0782430917024612
0.0305476412177086
0.0651882737874985
0.0998475030064583
-0.0716976076364517
-0.0599134638905525
-0.0939645767211914
0.0280510671436787
-0.0095375329256058
0.0654913261532784
0.0527334474027157
0.0542430728673935
0.0891543626785278
0.0450178496539593
0.0338627249002457
-0.0268598720431328
0.0219342689961195
-0.0215584449470043
-0.1553970277309418
0.0031732327770442
0.0174426995217800
-0.0575633347034454
-0.0336526297032833
0.0815040245652199
0.1028899252414703
-0.0479010492563248
0.0780436843633652
0.0592051967978477
-0.0808841958642006
0.0203737281262875
0.0028240201063454
0.0677019059658051
-0.1097238510847092
0.0650472268462181
-0.0716438516974449
-0.0561103709042072
-0.1188426986336708
0.0575650632381439
0.0172051079571247
-0.0702976062893867
-0.0601048991084099
0.0866985991597176
0.0706950500607491
0.0522640161216259
-0.1150694191455841
-0.1115326881408691
-0.0854495018720627
0.1100401654839516
-0.0839437916874886
-0.0822176262736320
0.0591184720396996
-0.0640379190444946
-0.0861295014619827
-0.0126807214692235
0.0417112261056900
0.0451695621013641
-0.0154393790289760
0.0618522167205811
-0.0684323385357857
-0.0165646951645613
-0.0543330572545528
-0.0614527277648449
0.0718916133046150
-0.0488665513694286
0.0192218553274870
-0.0554635040462017
-0.0295322686433792
0.0765630230307579
-0.0679296851158142
-0.0844387412071228
0.0601416453719139
-0.1070015877485275
0.0317246541380882
0.0590385645627975
0.0005427983123809
0.0553963594138622
-0.0594809092581272
-0.0650828182697296
-0.0331598483026028
0.0286298990249634
-0.0638090819120407
0.1173178032040596
0.0043432991951704
0.0557269603013992
-0.0367741808295250
0.0205820742994547
-0.0321691967546940
0.1346411854028702
0.0449534542858601
0.0489955730736256
0.0749763846397400
-0.0797248929738998
-0.0822585299611092
-0.0811237469315529
-0.0409555993974209
-0.0555874519050121
0.0171386115252972
0.1397805809974670
-0.0554860197007656
-0.0655632987618446
0.0257834028452635
0.0008796508773230
0.0332713462412357
-0.0840373635292053
0.0696778669953346
-0.1088015139102936
0.0286886505782604
-0.0450986474752426
-0.0478127747774124
-0.0038121824618429
0.0565297752618790
0.0576111264526844
-0.1134839728474617
0.0762693658471107
-0.0712264627218246
0.0978150516748428
-0.0886699631810188
0.0002758554473985
-0.0185581874102354
-0.0263328757137060
0.0433890707790852
-0.0719671472907066
0.0078737279400229
0.0345497056841850
-0.0726733580231667
-0.0602873302996159
0.0512269735336304
-0.0642300769686699
0.0194574818015099
-0.0789437294006348
-0.0260634478181601
-0.0595762468874454
-0.0527675338089466
-0.0615402571856976
0.0488836430013180
-0.0677784010767937
0.0440589450299740
-0.0606295056641102
-0.0417740307748318
0.1158317029476166
-0.0989365801215172
0.0278143845498562
0.0433473102748394
0.0263122897595167
-0.0865076184272766
-0.0466210320591927
-0.0798706561326981
-0.0852134525775909
0.0145694240927696
-0.1048717945814133
0.0575332939624786
0.0695929825305939
0.0576356500387192
0.0429788008332253
0.0203105881810188
0.0466347672045231
-0.0283548329025507
0.0543894022703171
0.0967618450522423
0.0600423850119114
-0.0516361407935619
-0.0224815495312214
0.0275264419615269
0.0918822437524796
0.0407980941236019
0.1051722466945648
-0.0177272763103247
0.0239748246967793
-0.0484939366579056
0.0886709764599800
0.0615562126040459
-0.0339640155434608
0.0581480376422405
-0.0426741689443588
-0.0890241339802742
0.0058285836130381
-0.0618757754564285
0.0324566699564457
0.0462061837315559
-0.0224350281059742
0.0397999249398708
0.0739926323294640
-0.1254040300846100
0.0468349531292915
0.1376382410526276
0.0695376843214035
0.0364966392517090
-0.0382616408169270
0.0599522367119789
0.0020300110336393
-0.1210413426160812
0.1153746470808983
0.0223903171718121
0.0316741541028023
-0.0465005934238434
0.0307176113128662
0.0758994370698929
0.0381467938423157
-0.0258587058633566
-0.0256708879023790
0.0593683198094368
0.0426602475345135
0.0270327366888523
-0.0638326853513718
-0.0169698037207127
0.0236986484378576
0.0629696324467659
0.0798411890864372
0.0194820594042540
-0.0002515389060136
0.0048635760322213
0.0119128115475178
-0.0311502721160650
0.0407046265900135
0.0228460691869259
-0.0965015441179276
-0.0311903096735477
0.0679893419146538
0.0400078482925892
0.0645430758595467
-0.0051689860410988
-0.0023796858731657
0.0758906528353691
0.0393066294491291
-0.0823251157999039
-0.0077134040184319
0.0798726379871368
0.0130515182390809
-0.0113183185458183
0.0578713901340961
0.0560172982513905
-0.0312948077917099
0.0420797988772392
0.0227534957230091
-0.0791487842798233
0.0575268715620041
-0.0217191092669964
-0.0310522168874741
-0.0590747408568859
0.0097581697627902
-0.0382086113095284
-0.0453785248100758
-0.1057861447334290
-0.0892544686794281
0.0600429736077785
0.0646393522620201
-0.0285439677536488
0.0532795786857605
0.0059460531920195
-0.1252112388610840
-0.0237168520689011
-0.0340915843844414
-0.0051870103925467
-0.0274362079799175
-0.1271825730800629
0.0888341963291168
-0.0303207840770483
-0.0210257247090340
0.0978047624230385
-0.0300206765532494
0.1786978095769882
-0.0944953709840775
0.0338964387774467
0.0992102324962616
0.1113757640123367
-0.1670181900262833
-0.0923303291201591
0.0272901132702827
-0.2547950744628906
-0.1160239651799202
-0.0300181936472654
0.0936083570122719
-0.0625752657651901
0.0246407669037580
-0.1108890026807785
-0.1747590899467468
-0.2247698307037354
0.1301375031471252
-0.1321467161178589
-0.0119393169879913
-0.1210315525531769
0.1024868264794350
-0.0022465293295681
-0.0902784019708633
-0.0921617001295090
0.1526272296905518
-0.0393442660570145
-0.1107892617583275
-0.2296869903802872
-0.1960912197828293
-0.0403983034193516
-0.0045757512561977
-0.1562177985906601
-0.1210747212171555
0.1861316859722137
0.2525282204151154
-0.1765169203281403
0.0527332760393620
0.1797549873590469
-0.0716228783130646
0.1155559644103050
0.0810146778821945
-0.2341576516628265
0.0348174646496773
-0.2098406851291656
0.0565237551927567
0.0605476684868336
-0.0909826010465622
0.0643189698457718
0.1048465818166733
0.2226441353559494
0.0437470711767673
-0.2040778249502182
0.0266674291342497
-0.0018663153750822
0.1069980487227440
-0.0474747568368912
-0.0044814166612923
-0.0026062314864248
-0.1010246500372887
-0.0390571281313896
0.0185745935887098
0.0061132982373238
0.0255617741495371
-0.0143510121852160
0.0369277819991112
-0.0120958723127842
0.0289457347244024
-0.0925729125738144
-0.0012980459723622
-0.0013922508805990
-0.0533887259662151
0.0654161274433136
-0.0781149938702583
0.0340679101645947
0.0471401140093803
0.0099971517920494
-0.0679710060358047
-0.0069133131764829
-0.0225785635411739
-0.0035556701477617
0.0054340991191566
0.0069679883308709
0.0182660389691591
-0.0633157640695572
0.0224068891257048
-0.0899479538202286
-0.0425795614719391
0.0423365607857704
0.0102130295708776
0.0110172545537353
-0.0694677531719208
0.0683273896574974
0.0179317723959684
-0.0073395473882556
0.0003394804371055
0.0262847989797592
-0.1195031180977821
-0.0360525585711002
0.0328466333448887
-0.0545145235955715
0.0475695803761482
-0.0109244482591748
-0.0717535018920898
-0.0029806233942509
0.0345133990049362
-0.0179946199059486
0.0162013396620750
-0.0379242449998856
-0.0455338954925537
0.0058104288764298
0.1054809615015984
-0.0143148237839341
0.0470908135175705
0.0023132683709264
-0.0321262106299400
-0.0371281802654266
0.0341843068599701
0.0559948980808258
0.0242447685450315
0.0318194031715393
0.0370110645890236
-0.0218224506825209
-0.1134452745318413
0.0714769437909126
-0.0196339599788189
-0.0657341331243515
-0.0003545818326529
-0.0550012141466141
0.0959115698933601
-0.0220407322049141
0.0222807172685862
0.0399267151951790
-0.0333845950663090
0.0361374691128731
0.0199261177331209
0.0824578031897545
0.0303883589804173
0.0058711408637464
-0.0086461193859577
-0.0317198298871517
0.0245696045458317
0.0709154456853867
-0.0256155543029308
0.0179317574948072
0.0357072688639164
-0.0647761598229408
0.0464066974818707
0.0234472583979368
-0.0326453559100628
-0.0161226317286491
-0.0088073043152690
-0.0565032139420509
-0.0571049079298973
-0.0235736854374409
-0.0124212158843875
0.0713836848735809
0.0137743232771754
0.0288134738802910
-0.0594620592892170
-0.0663212090730667
0.1214483231306076
-0.0183987077325583
-0.0069054500199854
0.0282499250024557
-0.0823899805545807
-0.0173384360969067
0.0123628117144108
-0.0574082322418690
-0.0355416759848595
-0.0088181300088763
-0.0269969627261162
-0.0630045980215073
-0.0163616407662630
-0.0155526576563716
-0.0620438754558563
-0.0193355809897184
-0.0420877002179623
-0.0259052608162165
-0.0182789061218500
-0.0295032802969217
0.0715998262166977
-0.0259319487959146
0.0025496105663478
-0.0355599075555801
0.0109858270734549
0.0006045359186828
-0.0410991571843624
0.0853556022047997
-0.0016941452631727
0.0855839326977730
0.0319610945880413
0.0114051187410951
-0.0375052466988564
0.0072991279885173
-0.0038817501626909
-0.0655818879604340
-0.0399232842028141
0.0053594149649143
0.0394245237112045
0.0892789065837860
-0.0249368064105511
0.0214482732117176
0.0071090655401349
0.0210278593003750
0.0638828501105309
0.0443385392427444
0.0479957498610020
-0.0548866391181946
-0.0357855521142483
-0.0182165987789631
-0.0134511087089777
-0.0073285922408104
0.0690963268280029
0.0498543344438076
0.0008422048413195
0.0743296742439270
0.0058097657747567
-0.0027434329967946
0.0022336582187563
0.0273472946137190
0.0305688194930553
-0.0150444461032748
-0.0831463634967804
-0.0395437777042389
0.0508729778230190
0.0598079264163971
-0.0764818713068962
-0.0019148859428242
0.0987296104431152
0.0202153902500868
0.0015500439330935
-0.0254186186939478
-0.0175727121531963
-0.0069928807206452
-0.0114421155303717
0.0160431489348412
0.0251335352659225
-0.0575603321194649
0.0685356855392456
-0.0038646282628179
0.0284206252545118
-0.0114505933597684
-0.0141793247312307
0.0718608871102333
0.0476742461323738
0.0250543020665646
-0.0858204588294029
-0.1068684905767441
-0.0121057517826557
0.0272013973444700
-0.0248339138925076
-0.0405178219079971
0.0637362599372864
0.0039668576791883
0.0301079638302326
0.0713428705930710
-0.0111429700627923
0.0344721972942352
0.0378901846706867
0.0054482743144035
-0.0669035539031029
-0.0103096058592200
-0.0649907514452934
0.0225134138017893
0.0668728649616241
0.0027441643178463
-0.0360433757305145
-0.0337755344808102
0.0370813906192780
0.0302817020565271
-0.0025870217941701
0.0686221346259117
0.0420146510004997
-0.0299784187227488
0.1348113119602203
-0.0555234365165234
0.0219157878309488
-0.0102509343996644
-0.0167327020317316
0.0215992517769337
0.0359426848590374
-0.0228323005139828
-0.0095768021419644
-0.0481314733624458
-0.0006623541703448
0.0370849743485451
-0.0558255314826965
-0.0181025285273790
-0.0188699495047331
0.0152389192953706
-0.0218254216015339
0.0131839942187071
0.0503088757395744
-0.0671474039554596
0.0157491024583578
0.0054587922059000
0.0367362648248672
-0.0339517816901207
-0.0267860684543848
0.0415100716054440
-0.0809769481420517
-0.0381140746176243
-0.0599265061318874
-0.0188919063657522
-0.0327512919902802
-0.0375703908503056
-0.0257703475654125
-0.0770546868443489
-0.0644263923168182
-0.0635211095213890
0.0304083358496428
0.0246357284486294
-0.0495568625628948
0.0050684125162661
0.0291802808642387
-0.0063496483489871
-0.0418011806905270
0.0022836667485535
0.0073753246106207
0.0870023667812347
0.0176698751747608
-0.0777301341295242
-0.0179391205310822
-0.0464971996843815
0.0310366954654455
0.0622112080454826
0.0076070823706686
0.0448814406991005
0.0019128270214424
-0.0260964911431074
-0.0152246328070760
0.0692760199308395
0.0148747982457280
-0.0204746127128601
0.0186972953379154
-0.0497954525053501
-0.0248755291104317
-0.0166515670716763
0.0030756297055632
-0.0728242024779320
0.0185475517064333
0.0021198175381869
0.0232215374708176
-0.0964344069361687
0.0329993627965450
-0.0216095708310604
0.0290632508695126
0.0019518594490364
0.0141039565205574
-0.0307952314615250
0.0588133856654167
-0.0227005667984486
-0.0447788313031197
0.0522129498422146
0.0139674209058285
-0.0172588564455509
0.0047980933450162
0.0341704227030277
0.0166586749255657
-0.0233977306634188
-0.0586965903639793
-0.0481907688081264
0.0026835943572223
0.0080498494207859
-0.0093659944832325
-0.0800468549132347
-0.0082038892433047
0.0286710429936647
0.0461724810302258
0.1116173937916756
-0.0251859091222286
-0.0189516432583332
-0.0641247481107712
-0.0227477606385946
-0.0733611583709717
-0.0811397582292557
0.0706411227583885
0.0352444425225258
0.0626649707555771
-0.0815636143088341
0.0286877490580082
-0.0292391590774059
0.0371439941227436
-0.0535614714026451
0.0037712636403739
-0.0133155416697264
0.0134032163769007
-0.0690197646617889
0.0477148629724979
-0.0580927506089211
0.0010205884464085
0.0235775746405125
0.0600768029689789
-0.0017318761674687
-0.0377462655305862
-0.0157829578965902
0.0337353236973286
0.0264990162104368
0.0856914669275284
0.0041076890192926
-0.0154104484245181
-0.0088979676365852
-0.0586058199405670
-0.0619697272777557
0.0141306957229972
-0.0745834335684776
-0.0043294429779053
-0.0237401165068150
0.0004761528398376
0.0178158935159445
-0.0372367464005947
0.0460113100707531
0.0206970591098070
-0.0181655567139387
-0.0239130742847919
-0.0182421375066042
-0.0185487624257803
0.0103325918316841
0.0471030548214912
0.0496567338705063
0.0184761527925730
-0.0770114734768867
0.0422508269548416
-0.0542755313217640
-0.0318947210907936
0.0335085168480873
0.0331494286656380
0.0311441998928785
-0.0450440533459187
0.0371068939566612
0.0493708178400993
0.0728256404399872
-0.0172048360109329
0.0451209507882595
0.0941855907440186
0.0313634201884270
-0.0414193719625473
-0.0288130808621645
0.0529644601047039
0.0607322826981544
0.0419338941574097
0.0288939159363508
0.0134268589317799
0.0021923924796283
-0.0080371787771583
-0.0123414220288396
0.0141255222260952
-0.0088668363168836
-0.0487519390881062
0.0498547181487083
-0.0236296765506268
-0.0204841159284115
0.0086344694718719
-0.0464406870305538
-0.0081277713179588
-0.0129819028079510
0.0246565435081720
-0.0766260474920273
0.0123649379238486
-0.0870890319347382
-0.0928347781300545
0.0021858869586140
0.0032187944743782
-0.0951639413833618
-0.0715947896242142
-0.0194844901561737
0.0081294244155288
0.0415131524205208
-0.0052912523970008
-0.0722672194242477
-0.0592478811740875
-0.0001545377308503
-0.0060527520254254
-0.0081948582082987
0.0214214585721493
-0.0735221579670906
-0.0246833711862564
-0.0107265030965209
-0.0385052077472210
-0.0328385382890701
0.0357227809727192
0.0511977635324001
0.0734558403491974
-0.0223798397928476
-0.0465838462114334
0.0624811127781868
0.0110322404652834
0.0966158807277679
0.0320612639188766
0.0329200066626072
-0.0282335113734007
0.0012344125425443
0.0054371664300561
0.0175121128559113
-0.0518797859549522
0.0562214218080044
-0.0083807390183210
-0.0508355610072613
-0.0332556925714016
-0.0769281461834908
0.0933272317051888
0.0689981430768967
0.0261684972792864
0.0703986808657646
0.0789168849587440
0.0061230659484863
0.0134787242859602
-0.0340546108782291
0.0017882980173454
0.0346946716308594
0.0485322736203671
-0.0299111623317003
0.0375737622380257
0.0010581245878711
-0.0711239054799080
-0.0303771942853928
-0.0504391118884087
0.0310035403817892
0.0433005355298519
-0.0497709773480892
0.0142312841489911
-0.0223064869642258
0.0251576863229275
-0.0200960729271173
-0.0327178724110126
-0.0639711320400238
-0.0619648210704327
-0.0334005318582058
-0.0428537987172604
-0.0338792912662029
0.0222455654293299
-0.0373112335801125
-0.0221430342644453
-0.0555175952613354
0.0214504823088646
0.0639026761054993
0.0574104823172092
0.0889740437269211
0.0311031769961119
0.0119007918983698
0.0066644712351263
-0.0498751774430275
-0.0124518433585763
0.0709902793169022
-0.0789286568760872
0.0707303136587143
-0.0152079546824098
-0.0306342374533415
0.0042118178680539
0.0774651989340782
0.0656317025423050
0.0224437061697245
0.0282500702887774
0.0108429836109281
0.0575986579060555
0.0271780285984278
-0.0163735114037991
-0.0078151198104024
-0.0358220934867859
-0.0383294671773911
-0.0093755377456546
-0.0229160338640213
0.0080909030511975
0.0009035522816703
