-0.0934465676546097
0.0744834393262863
-0.0037684335839003
0.0426125712692738
0.0359038338065147
-0.0748945921659470
0.0843797922134399
0.0682539641857147
-0.0003261539095547
0.0268418658524752
0.0738035738468170
-0.0838033407926559
-0.0227370373904705
-0.0880256593227386
0.0315952636301517
-0.0124432276934385
0.0359894745051861
0.0688330456614494
0.0816744044423103
0.1228212714195251
0.0336531773209572
0.0093827228993177
-0.0206047985702753
0.0108909383416176
-0.0221419949084520
-0.1349796503782272
0.0066800187341869
-0.0289398115128279
-0.0666855126619339
-0.0356061719357967
0.0769674628973007
0.0764996632933617
-0.0525522418320179
0.0518929883837700
0.0577884502708912
-0.0897930562496185
0.0034146117977798
0.0056493426673114
0.0807462707161903
-0.0981624722480774
0.0960767716169357
-0.0690127611160278
-0.0761232972145081
-0.1191928684711456
0.0468892715871334
0.0421841032803059
-0.0709445774555206
-0.0311080943793058
0.0862730816006660
0.0119257308542728
0.0586007833480835
-0.1073580235242844
-0.0880123898386955
-0.0634748861193657
0.0920980721712112
-0.0622065812349319
-0.0975253060460091
0.0519516766071320
-0.0960359871387482
-0.0756971687078476
-0.0600396245718002
0.0120375184342265
0.0459647364914417
-0.0106784105300903
0.0501552224159241
-0.0858216583728790
0.0007163019618019
-0.0650432929396629
-0.0941914021968842
0.0980054885149002
-0.0525534190237522
-0.0165669564157724
-0.0372739657759666
-0.0222826283425093
0.0526851639151573
-0.0502951517701149
-0.0639618858695030
0.0972457528114319
-0.1224326565861702
0.0627732425928116
0.0819722563028336
0.0209615435451269
0.0954687520861626
-0.0671479851007462
-0.0458855591714382
-0.0309249889105558
0.0410316884517670
-0.0312270019203424
0.1219422593712807
-0.0117957545444369
0.0619410127401352
-0.0411010757088661
0.0333788841962814
-0.0236097462475300
0.1564032733440399
0.0735897570848465
0.0698976069688797
0.0332293994724751
-0.0488816760480404
-0.1002166867256165
-0.0650479272007942
0.0134831732138991
-0.0814578682184219
-0.0311566479504108
0.1269394606351852
-0.0792101100087166
-0.0865072309970856
0.0280494540929794
-0.0445635840296745
0.0027035609818995
-0.0764177292585373
0.0624102391302586
-0.1067397147417068
0.0123640894889832
-0.0443271398544312
-0.0894053652882576
0.0169200599193573
0.0409302338957787
0.1014072448015213
-0.1172555834054947
0.0706147253513336
-0.0285661872476339
0.0846690014004707
-0.0770416259765625
-0.0028660418465734
-0.0015181286726147
0.0107334498316050
0.0578335933387280
-0.0701766163110733
-0.0306138638406992
0.0387648902833462
-0.0338100939989090
-0.0976111292839050
0.0847793892025948
-0.0453691259026527
0.0618692561984062
-0.0713236257433891
-0.0316077247262001
-0.0482040084898472
-0.0756628811359406
-0.0713164284825325
0.1082334443926811
-0.0439736284315586
0.0444941520690918
-0.0777518674731255
-0.0389032401144505
0.1119901686906815
-0.0871793404221535
0.0161722786724567
0.0548007823526859
-0.0104095591232181
-0.0549578815698624
-0.0534004420042038
-0.0992207825183868
-0.0839115008711815
-0.0318083576858044
-0.0963620245456696
0.0793951079249382
0.0343807898461819
0.0655221641063690
0.0012981763575226
0.0259327329695225
0.0326302833855152
-0.0255008116364479
0.0290022064000368
0.0811489820480347
0.0626282989978790
-0.0347093902528286
-0.0107908118516207
0.0018165619112551
0.1057457327842712
0.0714891478419304
0.0846770182251930
-0.0144385378807783
0.0265755336731672
-0.0639892444014549
0.0775169432163239
0.0614945627748966
-0.0017143294680864
0.0597931332886219
-0.0582899264991283
-0.0763902515172958
-0.0118040246888995
-0.0398717150092125
0.0468749515712261
0.0273233503103256
-0.0373854935169220
0.0187441930174828
0.0590590238571167
-0.1014850959181786
0.0173595715314150
0.1180314645171165
0.0533599443733692
0.0864316672086716
-0.0222025550901890
0.0417471863329411
0.0311839245259762
-0.0937317088246346
0.1119260564446449
0.0048859473317862
0.0435394905507565
-0.0442634373903275
0.0307625196874142
0.1018310412764549
0.0518330931663513
0.0017278993036598
-0.0270665995776653
0.0403044335544109
0.0263878628611565
0.0243855156004429
-0.0395778827369213
-0.0492301955819130
-0.0262360367923975
0.0367808490991592
0.0693752542138100
0.0101434895768762
-0.0395677350461483
0.0022978556808084
0.0363013371825218
-0.0774017497897148
0.0712255612015724
-0.0000403476660722
-0.1171747371554375
-0.0337442681193352
0.0520196221768856
0.0345564670860767
0.0138297453522682
0.0019600712694228
-0.0125147607177496
0.0807788074016571
0.0443357527256012
-0.1014546230435371
0.0465934723615646
0.0628193691372871
0.0470278561115265
-0.0481402017176151
0.0397784337401390
0.0598038062453270
-0.0333574078977108
0.0489958710968494
0.0361829251050949
-0.0545051023364067
0.0435866117477417
-0.0584055595099926
-0.0224950797855854
-0.0660226419568062
0.0320745408535004
-0.0128806252032518
-0.0509527996182442
-0.0726670026779175
-0.0548802800476551
0.0726907476782799
0.0674766972661018
-0.0003429412608966
0.0694596245884895
0.0200509876012802
0.0328008756041527
-0.0502015985548496
-0.0001268307969440
-0.0657325610518456
0.1263008415699005
-0.1874656081199646
0.1000548824667931
0.0703818276524544
0.0090846000239253
-0.0186928380280733
-0.1538722664117813
0.0403697043657303
0.0670701786875725
0.0419530197978020
0.0019564034882933
-0.0097734639421105
-0.1747968494892120
-0.0955646634101868
0.0789301395416260
-0.2323018163442612
-0.2199798077344894
-0.0634520947933197
0.0301159396767616
-0.0395371243357658
0.0574133619666100
-0.1848660707473755
-0.1841720938682556
-0.1123489737510681
-0.0761741176247597
0.0214317832142115
0.0595979057252407
-0.0074904453940690
-0.0786071792244911
-0.1028039157390594
-0.1871982365846634
-0.0226647350937128
0.1533102542161942
0.0841799527406693
-0.1123257651925087
-0.2350223660469055
-0.1512242257595062
0.0156096154823899
-0.0822470262646675
-0.1948493719100952
-0.1319756209850311
0.1214592009782791
0.2434886395931244
-0.2198470383882523
0.0035390483681113
0.2219086736440659
-0.1447190195322037
0.1287755817174911
0.0639087930321693
-0.1318420022726059
-0.0620479322969913
-0.1477479785680771
0.1038298606872559
0.0123496418818831
-0.0877521485090256
-0.0145221650600433
0.0747582167387009
0.3385040760040283
0.0497910454869270
-0.1070961132645607
-0.0134078050032258
0.0312805734574795
0.0849047005176544
-0.0533441193401814
-0.0162385646253824
0.0449526458978653
-0.0730657428503036
-0.0563624352216721
0.0439149476587772
0.0068372641690075
0.0048474175855517
-0.0100730750709772
0.0121174445375800
-0.0025323173031211
-0.0400954633951187
-0.0679767057299614
-0.0054627363570035
-0.0387345813214779
0.0358113348484039
-0.0013867766829208
-0.1104896888136864
0.0043309847824275
0.0667007192969322
0.0159788411110640
-0.0531023368239403
-0.0293429810553789
0.0241858866065741
-0.0204580258578062
0.0536631718277931
0.0106139387935400
0.0449808575212955
-0.0637218058109283
0.0231290124356747
-0.0875003635883331
-0.0504868291318417
-0.0057252421975136
0.0644311755895615
0.0474015474319458
-0.0634921342134476
0.0664046108722687
0.0427853204309940
-0.0327875986695290
-0.0487579181790352
-0.0066203093156219
-0.0451631806790829
-0.0337489098310471
0.0505512841045856
-0.0851258412003517
0.0245718602091074
-0.0571142174303532
-0.0446051061153412
-0.0368674769997597
0.0225826408714056
0.0278639905154705
0.0020323265343904
-0.0511808432638645
0.0270735230296850
-0.0239146277308464
0.1196441203355789
-0.0364556796848774
-0.0121767939999700
-0.0571990534663200
-0.0086448425427079
-0.0685012862086296
0.0502109006047249
0.0217176638543606
0.0068316822871566
0.0032101010438055
0.0022305818274617
-0.0558223985135555
-0.0874623134732246
0.0254117194563150
0.0357738249003887
-0.0399901941418648
0.0092755118384957
-0.0689135938882828
0.0516227930784225
-0.0199237633496523
0.0708790421485901
0.0555128864943981
-0.0200845655053854
0.0158062875270844
0.0167234577238560
0.0468184575438499
0.0233760178089142
0.0042456048540771
-0.0088274413719773
-0.0562378428876400
-0.0109955146908760
0.0360378324985504
-0.0531638786196709
0.0163540486246347
0.0346821248531342
-0.0013543480308726
0.0283152703195810
0.0113161820918322
-0.0320552699267864
-0.0456203892827034
-0.0196871161460876
0.0500741563737392
-0.0288127567619085
0.0089652454480529
-0.0264716334640980
0.0708932280540466
-0.0306001771241426
-0.0027852924540639
-0.0207954663783312
-0.0577338114380836
0.0868685543537140
0.0088066626340151
0.0489262342453003
0.0322392955422401
-0.0086676711216569
-0.0018322333926335
-0.0281762778759003
-0.0965324193239212
-0.0070540499873459
-0.0110243372619152
-0.0435166209936142
-0.0772262215614319
0.0071872421540320
-0.0672260671854019
-0.0639495700597763
-0.0641682520508766
-0.0237230807542801
0.0203036218881607
-0.0048537105321884
-0.0870888903737068
0.0345883890986443
-0.0032372248824686
-0.0667685940861702
-0.0490476787090302
0.0234272368252277
-0.0260144360363483
0.0322802774608135
0.0500614680349827
0.0211616028100252
0.0521814711391926
0.0313096717000008
0.0047774189151824
0.0037985830567777
-0.0223255250602961
-0.0147661995142698
-0.0371502041816711
0.0038928911089897
-0.0204222500324249
0.0042416490614414
0.0724229291081429
-0.0425197668373585
0.0841664150357246
0.0245167966932058
0.0404992774128914
0.0341002866625786
0.0331313721835613
0.0349355414509773
0.0094855194911361
-0.0143315186724067
-0.0642269924283028
-0.0287025887519121
-0.0293765719980001
0.0568556860089302
-0.0102004343643785
0.0028199884109199
0.0495301671326160
-0.0037742434069514
0.0079830475151539
-0.0384452864527702
0.0286790430545807
0.0145189398899674
-0.0518650896847248
-0.0926140695810318
-0.0088224215433002
0.0503002069890499
0.0716326087713242
-0.0993999987840652
-0.0396832376718521
0.1056673303246498
-0.0088683841750026
-0.0497864335775375
0.0182296056300402
-0.0230325851589441
-0.0211729966104031
-0.0143076675012708
-0.0463219396770000
-0.0536721870303154
-0.0623897537589073
0.0598106049001217
0.0395034886896610
0.0175167024135590
-0.0878156051039696
-0.0110841803252697
0.0974908247590065
0.0268457122147083
0.0533042661845684
-0.0509187355637550
-0.0337425619363785
0.0253080967813730
0.0393571108579636
0.0497515462338924
-0.0185475908219814
0.0739979892969131
-0.0268775168806314
0.0128032350912690
0.0722642317414284
-0.0143595756962895
0.0007809947710484
0.0308910738676786
-0.0140110552310944
-0.0688105374574661
0.0341308042407036
-0.0437351800501347
-0.0035394246224314
0.0394762828946114
0.0256233680993319
-0.0143077187240124
0.0052569117397070
0.0364210419356823
0.0290282629430294
0.0108946207910776
0.0788157880306244
-0.0373899415135384
-0.0065559460781515
0.0837697982788086
-0.0842211619019508
-0.0231025107204914
-0.0535376630723476
0.0021200992632657
0.0329317562282085
0.0784702003002167
-0.0351297482848167
-0.0730863586068153
-0.0523669496178627
-0.0014210209483281
0.0788109675049782
-0.0890938118100166
0.0291120819747448
0.0173102747648954
0.0542058758437634
-0.0319982990622520
0.0332209244370461
0.0545285716652870
-0.0252403393387794
0.0111068366095424
0.0121384961530566
0.0162837952375412
-0.0113705061376095
-0.0062783416360617
0.0421789772808552
0.0148881571367383
-0.0569988563656807
-0.0325655005872250
-0.0099354730919003
-0.0466845072805882
-0.0580708235502243
-0.0186946522444487
-0.0134488595649600
-0.0074197435751557
-0.0225093271583319
0.0304286405444145
0.0218841917812824
-0.0675978437066078
0.0114605128765106
0.0432546101510525
0.0208868142217398
-0.0243223886936903
-0.0364537946879864
0.0145292449742556
0.1037254035472870
0.0280653480440378
-0.0523436181247234
-0.0193564258515835
-0.0457951314747334
0.0434873513877392
0.0746169760823250
-0.1111237406730652
-0.0180940330028534
-0.0077789230272174
-0.0388158597052097
-0.0021737604402006
0.0324162617325783
0.0118533251807094
0.0064896722324193
0.0260631758719683
0.0117884241044521
-0.0236211530864239
0.0001499246864114
0.0155231514945626
-0.0965155512094498
-0.0266990754753351
-0.0246827676892281
-0.0112112341448665
-0.0836490169167519
0.0347797982394695
0.0118776932358742
0.0544498935341835
-0.0246880501508713
-0.0407090336084366
-0.0434706024825573
-0.0362045429646969
0.0322474688291550
-0.0445210263133049
0.0419866889715195
0.0561917647719383
0.0238343514502048
-0.0740543529391289
-0.0037080126348883
-0.0274464897811413
0.0072471206076443
-0.0746709331870079
-0.0907559618353844
-0.0289684403687716
0.0386695340275764
0.0390067286789417
-0.0660610795021057
0.0030723158270121
0.0204086396843195
0.0324711911380291
0.0111008817330003
-0.0095409573987126
0.0413249023258686
-0.0347897037863731
-0.0318689644336700
-0.0653902068734169
-0.0461056828498840
0.0021508091595024
0.0497814528644085
0.0879215151071548
-0.0847100690007210
0.0627753585577011
-0.0643759965896606
0.0654450654983521
-0.0658289194107056
-0.0044851079583168
0.0693004727363586
-0.0110097220167518
-0.0775707364082336
0.0419864803552628
-0.0097547871991992
0.0670152232050896
-0.0329410172998905
0.0190306082367897
-0.0214587450027466
-0.0441137254238129
-0.0534075759351254
-0.0067147631198168
0.0524048022925854
0.0743940398097038
0.0633836537599564
0.0083348257467151
0.0732889994978905
-0.0690369978547096
-0.0228269435465336
-0.0071110809221864
-0.0485289171338081
0.0284007899463177
-0.0369871780276299
0.0031122611835599
-0.0011026185238734
0.0105830933898687
0.0760387778282166
0.0462950132787228
0.0053756707347929
-0.0160848721861839
-0.0418039113283157
-0.0358549878001213
0.0150815211236477
0.0272408798336983
-0.0014237224822864
0.0153674632310867
-0.0250702369958162
0.0732511356472969
-0.0449831113219261
-0.0257433410733938
0.0672376304864883
-0.0252509023994207
0.0392002239823341
-0.0532041527330875
-0.0044564027339220
0.0317087657749653
0.0642621815204620
-0.0450978428125381
0.0494962669909000
0.0326735153794289
0.0635784342885017
0.0200933553278446
-0.0761678591370583
0.0586556531488895
0.0525600761175156
0.0089125782251358
0.0417908839881420
0.0155001012608409
-0.0376925431191921
0.0280496701598167
-0.0118807200342417
0.0329621620476246
-0.0212230961769819
0.0239292327314615
0.0309835579246283
0.0501308962702751
-0.0479466430842876
-0.0129011990502477
-0.0500885322690010
-0.0407321341335773
0.0081207286566496
0.0509885102510452
-0.0657113566994667
0.0107515882700682
-0.0993773117661476
-0.0781446471810341
0.0129344081506133
0.0148628698661923
-0.0467999652028084
-0.0616608373820782
-0.0534132346510887
0.0450926236808300
-0.0335138514637947
-0.0482225120067596
-0.0454925633966923
-0.0532385632395744
-0.0114359101280570
-0.0540876798331738
-0.0163945276290178
0.0393561311066151
-0.0181828439235687
0.0017742041964084
-0.0400372333824635
-0.0475226119160652
0.0353901572525501
0.0028380136936903
-0.0258791055530310
0.0329617038369179
0.0114360544830561
-0.0457554869353771
0.0404553264379501
-0.0271822270005941
0.0481999963521957
-0.0259039029479027
0.0040983557701111
0.0307003594934940
-0.0129656894132495
-0.0016222655540332
0.0365488342940807
-0.0371288694441319
0.0665615499019623
0.0298948772251606
-0.0637086033821106
-0.0786696448922157
-0.0225087422877550
0.0530095472931862
-0.0108241271227598
-0.0096994964405894
0.1085259839892387
0.0126669565215707
-0.0232403688132763
0.0304398722946644
0.0031527415849268
0.0208944231271744
0.0964650884270668
0.0256378054618835
-0.0608011074364185
-0.0559232570230961
-0.0266602709889412
-0.0036261952482164
-0.0145240239799023
-0.0447605140507221
0.0518237240612507
0.0683230459690094
-0.0129280816763639
-0.0237962491810322
0.0126829585060477
-0.0621935427188873
0.0281792841851711
-0.0657601654529572
-0.0727214887738228
-0.0226626805961132
-0.0361515991389751
-0.0396780222654343
-0.0340760573744774
0.0448099561035633
-0.0321743227541447
-0.0498200133442879
-0.0244965124875307
0.0101097198203206
0.0355351604521275
0.0698559731245041
0.0273937880992889
0.0144750745967031
-0.0218249056488276
0.0004868677060585
-0.0589860938489437
-0.0189338140189648
0.0658019334077835
-0.0775652378797531
0.0720869749784470
-0.0262892711907625
0.0380280204117298
0.0333885066211224
0.0272541642189026
0.0149835888296366
0.0121061140671372
0.0758768841624260
-0.0411358624696732
0.0551080107688904
0.0031135112512857
-0.0082307113334537
0.0069232536479831
-0.0357030108571053
0.0127581860870123
0.0533216185867786
-0.0474587567150593
0.0424254760146141
-0.0349239930510521
