-0.0829626694321632
0.0575942099094391
0.0088353808969259
0.0577095225453377
0.0476829707622528
-0.0794061422348022
0.0536075867712498
0.0755438879132271
0.0388070344924927
0.0697089806199074
0.1075591892004013
-0.0633001476526260
-0.0497866347432137
-0.0884714052081108
0.0068488018587232
-0.0448802895843983
0.0576917640864849
0.0631980821490288
0.0612937510013580
0.0750392302870750
0.0430253483355045
0.0302437525242567
-0.0432138629257679
0.0246162451803684
-0.0285522192716599
-0.1262563616037369
-0.0274340398609638
0.0173967350274324
-0.0471198074519634
-0.0597634240984917
0.0917847380042076
0.1105433553457260
-0.0461705289781094
0.0934297591447830
0.0680865421891212
-0.0758266746997833
0.0157523229718208
0.0033070228528231
0.0854465439915657
-0.0939300954341888
0.0798062682151794
-0.0688205957412720
-0.0466640032827854
-0.0959658250212669
0.0665978044271469
0.0363967120647430
-0.0718432143330574
-0.0603026896715164
0.0575551725924015
0.0406546443700790
0.0363993272185326
-0.1169102564454079
-0.1067739427089691
-0.0830095484852791
0.1060064211487770
-0.0825400426983833
-0.0811961218714714
0.0636862888932228
-0.0959607213735580
-0.0709641203284264
-0.0115838963538408
0.0374938435852528
0.0539763532578945
-0.0118528855964541
0.0408607050776482
-0.0452277511358261
-0.0264744106680155
-0.0777810588479042
-0.0595005527138710
0.0705148577690125
-0.0750381648540497
0.0294078942388296
-0.0747930631041527
-0.0030475237872452
0.0768420025706291
-0.0690169334411621
-0.0645046234130859
0.0656276941299438
-0.1128300130367279
0.0486507266759872
0.0743604674935341
0.0040426892228425
0.0681763738393784
-0.0777760148048401
-0.0569653734564781
-0.0325064547359943
0.0217975080013275
-0.0243292413651943
0.0924298837780952
-0.0070658042095602
0.0473979637026787
-0.0344236530363560
0.0267977397888899
-0.0530613549053669
0.1217272654175758
0.0512131974101067
0.0750740915536880
0.0457241386175156
-0.0679955556988716
-0.1038384065032005
-0.0879859924316406
-0.0089735910296440
-0.0738764479756355
0.0278559289872646
0.1520153880119324
-0.0819723680615425
-0.0615320131182671
0.0220915246754885
-0.0100512169301510
0.0363907665014267
-0.0707469955086708
0.0603268891572952
-0.0812583044171333
0.0083947572857141
-0.0269751902669668
-0.0485576577484608
0.0110720815137029
0.0480160787701607
0.0518229156732559
-0.1050488874316216
0.0875535234808922
-0.0507782213389874
0.0866030827164650
-0.0751535445451736
0.0025202729739249
0.0026713446713984
-0.0409102998673916
0.0218560956418514
-0.0852257609367371
0.0299851167947054
0.0257546473294497
-0.0754963904619217
-0.0808585435152054
0.0589018724858761
-0.0756935551762581
0.0132607221603394
-0.0919620767235756
-0.0133055383339524
-0.0643898546695709
-0.0587390884757042
-0.0713633596897125
0.0693564265966415
-0.0383309610188007
0.0729468539357185
-0.0790882706642151
-0.0468175336718559
0.1065287292003632
-0.0993445813655853
0.0503169037401676
0.0673056095838547
0.0120791960507631
-0.0921110510826111
-0.0625350624322891
-0.0982443317770958
-0.1063181161880493
0.0314476527273655
-0.0940232872962952
0.0642947033047676
0.0658557340502739
0.0680841729044914
0.0191188044846058
0.0112280147150159
0.0742924064397812
-0.0441649034619331
0.0283793341368437
0.1032719612121582
0.0696684941649437
-0.0421888157725334
-0.0054665636271238
0.0079426122829318
0.0957871302962303
0.0505065694451332
0.0966902598738670
-0.0324174128472805
0.0179489310830832
-0.0615262538194656
0.0933692753314972
0.0416872762143612
-0.0416419468820095
0.0693292617797852
-0.0508986227214336
-0.0657505542039871
0.0027450893539935
-0.0405085273087025
0.0055646295659244
0.0438592806458473
-0.0150658208876848
0.0688653662800789
0.0723160803318024
-0.1120916530489922
0.0473919734358788
0.1177131086587906
0.0631412267684937
0.0434696041047573
-0.0189110636711121
0.0326407812535763
0.0292223747819662
-0.0939407274127007
0.1142020672559738
0.0204219166189432
0.0501534603536129
-0.0407060123980045
0.0102670220658183
0.0837299004197121
0.0534257553517818
-0.0449167564511299
-0.0230973158031702
0.0630837976932526
0.0463791973888874
0.0410771518945694
-0.0502439960837364
-0.0158871691673994
0.0225235540419817
0.0599013157188892
0.0692485645413399
0.0154376216232777
0.0044646169990301
0.0226250682026148
0.0051982048898935
-0.0244217328727245
0.0570731088519096
0.0210844911634922
-0.1130875423550606
-0.0659298971295357
0.0636082291603088
0.0509053096175194
0.0345137268304825
-0.0029027597047389
-0.0135093228891492
0.0605522133409977
0.0397835038602352
-0.0789578258991241
-0.0014374331803992
0.0903849750757217
0.0206499118357897
-0.0059329196810722
0.0362272970378399
0.0481577739119530
-0.0339723154902458
0.0432753562927246
0.0491552799940109
-0.0912667438387871
0.0593023933470249
-0.0256281327456236
-0.0097241811454296
-0.0856585577130318
0.0321569554507732
-0.0464161559939384
-0.0731766819953918
-0.0954817086458206
-0.0826371535658836
0.0384375303983688
0.0744949206709862
-0.0319987870752811
0.0406299754977226
0.0061041107401252
-0.1303200721740723
-0.0292750820517540
-0.0351840853691101
-0.0076199532486498
-0.0253978762775660
-0.1481475830078125
0.0998014062643051
-0.0277392622083426
-0.0472322106361389
0.0794392973184586
-0.0338371247053146
0.1851328462362289
-0.0848840475082397
0.0118036754429340
0.0980409681797028
0.1184300258755684
-0.1901114135980606
-0.1006232723593712
0.0576834492385387
-0.2571355700492859
-0.1119445934891701
-0.0403085649013519
0.0684214681386948
-0.0790017992258072
0.0019579164218158
-0.0975142419338226
-0.1605356484651566
-0.2253729552030563
0.1112306490540504
-0.1454329192638397
0.0084158591926098
-0.1227437630295753
0.0889015644788742
-0.0043959026224911
-0.0896802172064781
-0.0718400329351425
0.1411584317684174
-0.0439633503556252
-0.1252485960721970
-0.2226881831884384
-0.1799555122852325
-0.0283743795007467
-0.0149524295702577
-0.1456663310527802
-0.1192588955163956
0.1762803494930267
0.2340001314878464
-0.1691623479127884
0.0482497885823250
0.1705451011657715
-0.0712265148758888
0.1243826225399971
0.0767305195331573
-0.2438156455755234
0.0313087403774261
-0.2180696725845337
0.0630459487438202
0.0669047832489014
-0.0797561034560204
0.0675325095653534
0.1332949250936508
0.2278347164392471
0.0710154324769974
-0.2135110348463058
-0.0010902652284130
-0.0045121558941901
0.0772062987089157
-0.0432703271508217
-0.0163619648665190
0.0181502029299736
-0.0691755115985870
-0.0265598576515913
0.0018428687471896
-0.0260641053318977
0.0050007826648653
-0.0365587323904037
-0.0257206559181213
-0.0273153986781836
-0.0313629731535912
-0.0843693539500237
0.0036145031917840
-0.0060977181419730
-0.0099929952993989
0.0831005200743675
-0.0966399088501930
-0.0314424596726894
0.0483009256422520
-0.0113655524328351
-0.0619225427508354
-0.0461689941585064
-0.0306627079844475
0.0043278755620122
0.0485422313213348
-0.0247434787452221
0.0414960272610188
-0.0845898985862732
0.0081669697538018
-0.0148564409464598
-0.0470187067985535
0.0189526993781328
-0.0283281467854977
0.0392526611685753
-0.0780077055096626
0.0449676252901554
0.0018267693230882
-0.0297914668917656
0.0322544872760773
0.0229186899960041
-0.0586984157562256
-0.0293832197785378
0.0228460859507322
-0.0403588712215424
0.0480202324688435
-0.0297675002366304
-0.0818489268422127
0.0042026052251458
-0.0056511210277677
0.0221263729035854
0.0057595921680331
-0.0525072626769543
-0.0109539190307260
0.0088957520201802
0.0607340224087238
-0.0387636162340641
0.0214028265327215
-0.0394292064011097
0.0033568323124200
-0.0295027531683445
0.0831621140241623
0.0230444259941578
0.0373385511338711
0.0390325151383877
0.0074162031523883
-0.0155973164364696
-0.0790679678320885
0.0645262002944946
0.0259017050266266
-0.0517444275319576
-0.0363346934318542
0.0003181358333677
0.0808797553181648
-0.0485907457768917
0.0684127360582352
0.0447452217340469
0.0226554460823536
0.0353123843669891
-0.0230532437562943
0.1011847183108330
0.0267348643392324
-0.0477254204452038
0.0380338691174984
-0.0400309339165688
0.0171637181192636
0.1121701449155807
-0.0277524907141924
0.0227689389139414
0.0852488502860069
-0.0390257835388184
0.0211115628480911
0.0274494551122189
-0.0375515297055244
-0.0441303066909313
0.0165558997541666
-0.0265925209969282
-0.0594676621258259
-0.0276421681046486
0.0229321215301752
0.0717761814594269
-0.0334936827421188
0.0483061000704765
-0.0088362181559205
-0.0647070780396461
0.0871625691652298
-0.0079023679718375
-0.0385199189186096
0.0817614868283272
-0.0674751326441765
-0.0063989618793130
-0.0518118515610695
-0.0790108218789101
-0.0450299233198166
0.0037667637225240
0.0056547601707280
-0.0190791040658951
-0.0111989425495267
-0.0156790334731340
-0.0722946673631668
-0.0609242133796215
-0.0175962969660759
0.0175081174820662
-0.0218886695802212
-0.0620925500988960
0.0721599534153938
-0.0394671820104122
0.0019593189936131
-0.0308038312941790
0.0179136190563440
0.0159513484686613
-0.0374097749590874
0.0674123913049698
0.0171322226524353
0.0696336179971695
0.0494330674409866
-0.0109734386205673
-0.0163184497505426
-0.0170656573027372
-0.0496551133692265
-0.0873857662081718
-0.0695112347602844
0.0336995534598827
0.0154936024919152
0.0412469096481800
-0.0504387505352497
-0.0004782717151102
0.0266380086541176
0.0108939539641142
0.0444469861686230
0.0059854248538613
0.0275188069790602
-0.0036788941361010
-0.0554242953658104
-0.0118286842480302
-0.0072218361310661
-0.0101441089063883
0.0527945347130299
0.0645918399095535
0.0114815393462777
0.0388766787946224
0.0183003339916468
-0.0387058779597282
-0.0242882650345564
0.0492506660521030
0.0479239672422409
-0.0066566173918545
-0.0244625788182020
-0.0619026981294155
-0.0076780417002738
0.0199590846896172
-0.0533095113933086
0.0089642526581883
0.0991345494985580
-0.0465363673865795
-0.0277664531022310
0.0119548495858908
-0.0730384662747383
0.0328687727451324
-0.0060866773128510
0.0066858953796327
0.0343921855092049
-0.0311677400022745
0.0939756184816360
0.0109496805816889
-0.0419194921851158
-0.0222747474908829
0.0060167522169650
0.1014008820056915
0.0835526511073112
-0.0332207828760147
-0.0067325364798307
-0.0516500435769558
-0.0109971370548010
0.0438086278736591
0.0313399732112885
-0.0624600537121296
0.0503890812397003
-0.0001809919049265
0.0286043100059032
-0.0071295388042927
0.0237274374812841
0.0132622476667166
-0.0002257640880998
-0.0037616416811943
-0.0721549689769745
-0.0236684046685696
-0.0458489432930946
-0.0316747426986694
0.0552483871579170
-0.0344118177890778
-0.0339945927262306
-0.0559992305934429
-0.0013317341217771
0.0170320980250835
-0.0440915711224079
0.0665740147233009
0.0397028177976608
-0.0446442961692810
0.1032773703336716
-0.0370497219264507
0.0048422128893435
-0.0135632418096066
-0.0236387234181166
0.0089856777340174
0.0529312714934349
-0.0345057249069214
0.0010906294919550
-0.0506154820322990
-0.0117491371929646
0.0051288614049554
-0.0981899052858353
-0.0026651986408979
-0.0099930018186569
0.0409095697104931
0.0207455120980740
0.0348174758255482
0.0664031729102135
0.0194521658122540
0.0159853231161833
0.0167481787502766
-0.0148169845342636
-0.0276604164391756
-0.0519546233117580
0.0393494404852390
-0.1096209138631821
-0.0043103429488838
-0.0545685067772865
-0.0042285337112844
-0.0336920097470284
-0.0378221385180950
-0.0908395573496819
-0.0534721314907074
-0.0724973157048225
-0.0856016054749489
0.0620366223156452
0.0119234919548035
-0.0768499374389648
0.0402070432901382
0.0558698959648609
-0.0239699184894562
-0.0057416236959398
0.0077126356773078
-0.0225106347352266
0.1085611060261726
-0.0052980924956501
-0.0834005475044250
-0.0006201950600371
-0.0086420616135001
0.0316013805568218
0.0515732541680336
-0.0057409657165408
0.0539670623838902
0.0187313705682755
-0.0559305176138878
-0.0307053569704294
0.0910276845097542
-0.0161435846239328
-0.0278480276465416
0.0259421169757843
-0.0858619883656502
-0.0151471355929971
-0.0494921356439590
-0.0209048632532358
-0.0698513463139534
0.0280870553106070
-0.0147826792672276
-0.0020165918394923
-0.0866947919130325
0.0627997070550919
0.0089899795129895
0.0386739186942577
-0.0187517050653696
0.0373140275478363
-0.0468807257711887
-0.0047032702714205
0.0301451086997986
-0.0465488061308861
0.0424122065305710
0.0336767472326756
0.0202044621109962
0.0034110913984478
0.0375807397067547
0.0019495133310556
0.0005337991169654
-0.0860737562179565
-0.0458873622119427
-0.0141324335709214
0.0154016437008977
0.0324788950383663
-0.0980289354920387
0.0138043044134974
0.0382176414132118
0.0145313413813710
0.0961520969867706
-0.0419242978096008
-0.0320011191070080
-0.0544796176254749
-0.0647620782256126
-0.0361517332494259
-0.0596553944051266
-0.0050793448463082
-0.0057161473669112
0.0599649325013161
-0.1022587716579437
0.0274837370961905
-0.0030020594131202
0.0396078042685986
-0.0492998845875263
-0.0120641393586993
0.0216774232685566
0.0163322445005178
-0.0684681385755539
0.0593394525349140
-0.0639128908514977
-0.0311215631663799
-0.0090735638514161
0.0570015236735344
-0.0442905239760876
-0.0493295118212700
-0.0524561591446400
0.0583090856671333
0.0649997591972351
0.0422888398170471
0.0829888284206390
-0.0221379045397043
0.0249875094741583
-0.0795405134558678
-0.0318125039339066
-0.0006740188691765
-0.0705496519804001
-0.0194501150399446
-0.0345381312072277
-0.0360403321683407
0.0405514165759087
0.0117088444530964
0.0505211129784584
0.0223861243575811
-0.0198189932852983
-0.0368064567446709
0.0318597927689552
-0.0343044102191925
-0.0143065899610519
0.0555979646742344
0.0232413709163666
-0.0240947809070349
-0.0342718698084354
0.0548893548548222
-0.0182848088443279
-0.0396763123571873
0.0356817059218884
0.0019481477793306
0.0398712754249573
-0.0654304847121239
0.0181946828961372
-0.0026194564998150
0.0243159625679255
-0.0246236026287079
0.0514013841748238
0.0784426108002663
0.0161273218691349
-0.0372477658092976
-0.0354498662054539
0.0577798150479794
0.0519094839692116
0.0592548102140427
-0.0156773868948221
0.0417057648301125
-0.0350485071539879
0.0437109507620335
0.0099747516214848
0.0445915833115578
-0.0199883785098791
-0.0597710721194744
0.0195647943764925
-0.0219885427504778
-0.0360002182424068
-0.0092635666951537
-0.0190538950264454
0.0469341464340687
0.0475155226886272
-0.0060418662615120
-0.0723379328846931
0.0279197152704000
-0.0769896879792213
-0.0688193216919899
-0.0003630165010691
0.0517362989485264
-0.0414423942565918
-0.0699821338057518
0.0280999075621367
0.0460313223302364
-0.0001193635398522
-0.0018815029179677
-0.0489574372768402
-0.0848408713936806
-0.0727092400193214
0.0078537119552493
-0.0298410672694445
0.0418428629636765
-0.0549360178411007
-0.0303054582327604
-0.0461691059172153
0.0088487127795815
-0.0309936851263046
0.0008888597949408
0.0269968733191490
0.0653467476367950
-0.0120753124356270
0.0040385215543211
0.0431638993322849
0.0249607898294926
0.0962785631418228
0.0446966774761677
0.0113789057359099
-0.0387239009141922
0.0379987396299839
-0.0144702577963471
-0.0365994535386562
-0.0411323681473732
0.0771372392773628
-0.0417171530425549
-0.0094562182202935
-0.0509235337376595
-0.0994950979948044
0.0512401126325130
0.0520007982850075
-0.0014459745725617
0.0426054038107395
0.0422129854559898
-0.0437307767570019
0.0168769843876362
-0.0026696205604821
0.0273928940296173
-0.0333914272487164
0.0241308975964785
-0.0294856149703264
0.0325077958405018
0.0539887286722660
0.0070962598547339
-0.0343011990189552
-0.0206358823925257
-0.0227597951889038
0.0940067991614342
-0.0618843361735344
0.0453284569084644
-0.0592649430036545
0.0111365318298340
0.0287597887217999
-0.0875077471137047
-0.0840557366609573
-0.0711174905300140
-0.0226403344422579
-0.0582906268537045
-0.0390244126319885
-0.0135317500680685
-0.0612583346664906
-0.0213326979428530
-0.0271728113293648
-0.0153448730707169
0.0230986345559359
0.0327667929232121
0.0391392484307289
0.0205201469361782
-0.0065424381755292
0.0089673148468137
-0.0253864489495754
-0.0138190351426601
0.0735978037118912
-0.0701336339116096
0.0571108311414719
0.0128610068932176
0.0132182585075498
0.0129982531070709
0.0680641680955887
-0.0320835113525391
0.0234405584633350
0.0595282465219498
0.0054789013229311
0.0166951958090067
-0.0413206517696381
-0.0367243029177189
-0.0104902172461152
-0.0160323791205883
0.0077075995504856
0.0023155238013715
-0.0198287218809128
0.0140987755730748
-0.0051933303475380
