7.664326578378677368e-03
-4.906832240521907806e-03
-1.456912886351346970e-02
1.050987467169761658e-02
-4.808648023754358292e-03
4.375769570469856262e-02
2.073471620678901672e-02
6.904383003711700439e-02
1.154549419879913330e-01
1.596681540831923485e-03
-1.871940679848194122e-02
-2.644206210970878601e-02
-4.593058954924345016e-03
-2.798576466739177704e-02
-3.085726499557495117e-02
3.509710775688290596e-03
-1.667603105306625366e-02
-5.225954577326774597e-03
-9.408812224864959717e-02
1.612839475274085999e-02
3.156112972646951675e-03
2.752033434808254242e-02
-3.019502572715282440e-02
-1.960928738117218018e-02
7.825714536011219025e-03
1.528513059020042419e-02
8.151185465976595879e-04
-2.559035271406173706e-02
-2.425065077841281891e-02
1.077021472156047821e-02
-2.189906984567642212e-01
-4.150487482547760010e-03
2.911629155278205872e-02
-2.204399788752198219e-03
6.742278579622507095e-03
8.415475487709045410e-02
-2.632259763777256012e-02
9.121966548264026642e-03
-3.277862071990966797e-02
-1.394762992858886719e-01
2.976404968649148941e-03
-3.900276497006416321e-03
4.101118072867393494e-02
-4.837311804294586182e-02
5.351452156901359558e-03
1.106872968375682831e-02
2.238691411912441254e-02
-2.749433927237987518e-02
3.102733939886093140e-02
9.349838830530643463e-03
3.970071673393249512e-02
-3.802347555756568909e-02
-1.227875798940658569e-01
2.292361669242382050e-02
2.739522606134414673e-02
1.534105394966900349e-03
-9.531835094094276428e-03
1.443692203611135483e-02
3.021587431430816650e-01
9.678745642304420471e-03
1.007605716586112976e-02
-1.640207692980766296e-02
-3.669229149818420410e-02
-8.439870434813201427e-04
1.887178234755992889e-02
-1.090431213378906250e-02
-7.247239351272583008e-03
-3.777221543714404106e-03
2.001219615340232849e-02
-4.176495596766471863e-02
1.578807830810546875e-02
-1.809214125387370586e-03
-6.536522507667541504e-02
1.318535301834344864e-02
6.819030735641717911e-03
-3.798427432775497437e-02
1.205696724355220795e-02
7.814832031726837158e-02
6.191063672304153442e-03
-5.594659969210624695e-02
-1.271335966885089874e-02
2.441174536943435669e-02
3.735621646046638489e-02
-9.345474839210510254e-02
6.165761500597000122e-02
-2.252108417451381683e-03
-6.223595701158046722e-03
8.493335917592048645e-03
1.217668503522872925e-02
-1.099688373506069183e-02
3.209935035556554794e-03
-4.454056918621063232e-02
7.643169723451137543e-03
-1.748487353324890137e-02
1.213852810906246305e-04
2.330540155526250601e-04
-6.087293848395347595e-03
-1.069238688796758652e-02
-6.618314981460571289e-02
2.039183676242828369e-02
2.479236386716365814e-02
3.914135321974754333e-02
-2.400042675435543060e-02
7.296889554709196091e-03
7.477664388716220856e-03
-5.686328280717134476e-03
-4.701307043433189392e-02
2.138756215572357178e-02
9.611963294446468353e-03
-1.410086732357740402e-02
-8.569424040615558624e-03
1.535997726023197174e-02
-4.798755794763565063e-02
-1.176141481846570969e-02
-7.205305621027946472e-03
7.383492309600114822e-03
5.387302488088607788e-02
-1.929659023880958557e-02
1.053846426657401025e-04
5.281980149447917938e-03
8.050582371652126312e-03
-6.107027293182909489e-04
-3.223039954900741577e-02
-8.328116498887538910e-03
-5.047669261693954468e-02
8.600330911576747894e-03
2.854676730930805206e-02
1.785064232535660267e-03
1.218303851783275604e-02
1.067182347178459167e-01
-6.965965032577514648e-02
2.315288782119750977e-02
1.126417890191078186e-02
4.215487278997898102e-04
9.307171404361724854e-02
-6.231665238738059998e-02
-1.359546333551406860e-01
-2.588140778243541718e-02
-1.164382025599479675e-01
5.858782678842544556e-03
-1.175259873270988464e-01
6.578476633876562119e-03
3.831049893051385880e-03
-1.149402651935815811e-02
2.017975971102714539e-02
-8.381698280572891235e-02
9.779813699424266815e-03
-2.710034605115652084e-03
-1.759176887571811676e-02
-2.560942200943827629e-03
-1.133306883275508881e-02
1.182166952639818192e-02
-3.572427853941917419e-02
-7.830487191677093506e-02
2.341725921723991632e-04
2.852367050945758820e-02
-8.437849581241607666e-02
-6.829858291894197464e-03
-4.060845822095870972e-02
8.711340837180614471e-03
-1.497861277312040329e-02
-1.875408925116062164e-02
5.998187512159347534e-02
-1.935256645083427429e-02
-7.263822481036186218e-03
-2.199975773692131042e-02
5.563490092754364014e-02
-1.351366098970174789e-02
4.759636241942644119e-03
6.518484093248844147e-03
-1.047725416719913483e-02
-4.326703958213329315e-03
1.140347123146057129e-02
4.424709826707839966e-03
3.613619506359100342e-02
9.532158263027667999e-03
7.404523435980081558e-03
3.240699646994471550e-03
-3.325531259179115295e-02
-1.053264923393726349e-02
1.108440663665533066e-02
3.448202740401029587e-03
-9.689223952591419220e-04
2.597005292773246765e-02
8.842859417200088501e-03
-1.222269684076309204e-01
-1.104730814695358276e-01
2.592502534389495850e-02
-7.831096649169921875e-03
6.333426386117935181e-02
1.045295521616935730e-01
1.786853099474683404e-04
-2.061349339783191681e-02
1.373540796339511871e-02
2.550249919295310974e-02
-5.697450414299964905e-02
-4.208756610751152039e-02
1.942186150699853897e-03
-2.391082495450973511e-01
-3.196111693978309631e-02
1.118292808532714844e-01
1.277767820283770561e-03
9.537390619516372681e-02
-5.592566728591918945e-02
-3.786414489150047302e-02
-2.050608024001121521e-02
-6.643987260758876801e-03
1.124060363508760929e-03
-2.223858609795570374e-02
4.741307720541954041e-02
-8.605519682168960571e-02
-2.033752389252185822e-02
5.044034868478775024e-02
8.148385211825370789e-03
6.504556629806756973e-03
3.386463224887847900e-02
-5.300513468682765961e-03
3.153690695762634277e-02
8.674871176481246948e-03
3.936793655157089233e-02
-7.331068068742752075e-02
-6.337249279022216797e-01
1.606104662641882896e-03
1.387452054768800735e-02
2.148745814338326454e-03
-3.439389402046799660e-03
-7.933128625154495239e-02
-8.045818540267646313e-04
7.831481285393238068e-03
-9.305619634687900543e-03
-3.559143096208572388e-02
1.493161823600530624e-02
6.405243650078773499e-03
5.056415218859910965e-03
-4.082046449184417725e-03
-3.052586503326892853e-02
-3.465103730559349060e-02
1.766484603285789490e-02
1.067150570452213287e-02
1.490483642555773258e-03
2.899772673845291138e-02
7.632844150066375732e-03
4.439016059041023254e-02
-1.128591746091842651e-01
1.327968854457139969e-02
-1.107811182737350464e-02
1.769384369254112244e-03
9.087371081113815308e-02
1.815441623330116272e-02
-2.019135653972625732e-02
-1.473490428179502487e-02
3.785091638565063477e-02
4.082221537828445435e-03
8.865740150213241577e-03
9.912431240081787109e-03
6.904961075633764267e-03
2.906541228294372559e-01
-7.274561375379562378e-02
-7.274848967790603638e-02
6.035892292857170105e-02
7.527446746826171875e-02
-1.110170688480138779e-02
-3.698149695992469788e-02
-1.153789684176445007e-01
1.019015628844499588e-02
-1.101266816258430481e-01
1.597306728363037109e-01
6.842272728681564331e-02
1.179666537791490555e-02
-1.562060117721557617e-01
-1.427160948514938354e-01
-7.824511826038360596e-02
6.802734732627868652e-02
8.202136307954788208e-02
2.954504266381263733e-02
6.517729908227920532e-02
8.970538526773452759e-02
-1.170391915366053581e-03
-5.705921724438667297e-02
8.203719556331634521e-02
-1.596199348568916321e-02
-1.137023568153381348e-01
4.212610423564910889e-02
6.579985376447439194e-03
-5.101365596055984497e-02
-1.185669749975204468e-01
1.157443374395370483e-01
-4.003673419356346130e-02
-8.024752140045166016e-02
7.530837506055831909e-02
-4.532247409224510193e-02
4.775779694318771362e-02
7.043058425188064575e-02
1.557617485523223877e-01
-1.552101522684097290e-01
-1.727310717105865479e-01
-1.016893386840820312e-01
-3.362906351685523987e-02
-1.086269617080688477e-01
4.160077869892120361e-02
1.128657069057226181e-02
3.245546668767929077e-02
7.028142213821411133e-01
-1.515800878405570984e-02
6.247238069772720337e-02
-6.928247958421707153e-02
9.945468604564666748e-02
9.971922636032104492e-02
1.316973865032196045e-01
-7.503201067447662354e-02
-1.609678566455841064e-02
-5.195534974336624146e-02
1.269184201955795288e-01
1.826085522770881653e-02
-2.861353568732738495e-02
-1.144209224730730057e-02
-2.967757172882556915e-02
-6.021650042384862900e-03
-1.055619418621063232e-01
-4.814251884818077087e-02
-1.776489801704883575e-02
2.766702137887477875e-02
-3.746957331895828247e-02
-1.888825744390487671e-02
-1.143750268965959549e-02
-1.275184750556945801e-02
-7.046231999993324280e-03
-3.063156967982649803e-03
1.741555705666542053e-02
7.014939934015274048e-02
-5.589568987488746643e-02
-3.734324499964714050e-02
-5.654109918395988643e-05
1.878940127789974213e-02
5.585936084389686584e-02
2.815474383533000946e-02
2.807990647852420807e-02
4.799653217196464539e-02
3.731727227568626404e-02
-1.393509842455387115e-02
2.770330943167209625e-02
1.783275790512561798e-02
6.225534714758396149e-03
-1.838026940822601318e-02
-1.084673590958118439e-02
-3.394892066717147827e-02
-1.816601678729057312e-02
8.134416304528713226e-03
6.891427934169769287e-02
-1.831326819956302643e-02
-3.659064695239067078e-02
-2.021451247856020927e-03
2.957278862595558167e-02
-2.361674048006534576e-02
-6.140600424259901047e-03
-3.525998815894126892e-02
-4.274282604455947876e-02
-5.748287774622440338e-03
6.826498359441757202e-02
2.681251801550388336e-02
-4.385192692279815674e-02
4.528549686074256897e-02
-2.447553351521492004e-02
-1.224541943520307541e-02
-1.149980444461107254e-02
-1.986460573971271515e-02
-4.332395642995834351e-02
4.298879206180572510e-02
-7.401719689369201660e-02
4.900980740785598755e-02
2.949173375964164734e-02
-2.675786614418029785e-02
1.742273382842540741e-02
-1.431331317871809006e-02
3.556409152224659920e-03
1.045504212379455566e-02
2.350931614637374878e-02
-2.312803175300359726e-03
6.484633684158325195e-02
2.017264626920223236e-02
-1.487988047301769257e-03
-2.273729443550109863e-02
1.301877666264772415e-02
4.209919832646846771e-03
3.329098969697952271e-02
-4.923653975129127502e-02
8.635456673800945282e-03
1.958904601633548737e-02
-7.249283138662576675e-03
-1.442209258675575256e-02
-7.232772558927536011e-02
3.994194790720939636e-03
-8.614584803581237793e-02
3.689608722925186157e-02
-5.291011184453964233e-02
-5.563242360949516296e-02
-6.692618131637573242e-02
-5.823194608092308044e-02
7.186905294656753540e-02
1.135180704295635223e-02
-2.255056984722614288e-02
5.496154725551605225e-02
2.735927887260913849e-02
6.631377153098583221e-03
-3.463122993707656860e-02
-2.424268750473856926e-03
-4.560567811131477356e-02
-3.443759307265281677e-02
4.798400215804576874e-03
-4.821205511689186096e-02
-4.110292717814445496e-02
1.355591602623462677e-02
-3.579669445753097534e-02
-4.530122131109237671e-02
4.713523387908935547e-02
-9.261008352041244507e-03
-4.255039989948272705e-02
-4.045337066054344177e-02
-1.367035438306629658e-04
-4.352348332758992910e-05
4.116723686456680298e-02
-1.216052845120429993e-02
-9.787330031394958496e-02
-1.830340176820755005e-02
4.570710938423871994e-03
-5.216389894485473633e-02
1.205141469836235046e-02
-9.954181313514709473e-02
1.735584624111652374e-02
-2.833783440291881561e-02
5.976805835962295532e-02
-4.563806951045989990e-02
-2.896327525377273560e-02
1.061376836150884628e-02
-2.523125708103179932e-02
1.086619566194713116e-03
-2.395741268992424011e-02
4.303155466914176941e-02
-1.839505136013031006e-02
3.839710960164666176e-03
-2.582422830164432526e-02
-6.878726929426193237e-02
4.027490317821502686e-02
-1.015025656670331955e-03
-9.226732701063156128e-02
4.356423765420913696e-02
3.104021400213241577e-02
-9.332532435655593872e-02
4.635772109031677246e-02
-3.615645319223403931e-02
-6.070365011692047119e-02
-3.938202559947967529e-02
1.245719939470291138e-01
1.364390924572944641e-02
2.047009952366352081e-02
-6.822906434535980225e-02
2.473634853959083557e-02
2.620362490415573120e-02
1.002549752593040466e-02
-5.666731297969818115e-02
-2.088293880224227905e-01
-3.727722913026809692e-02
-2.266835235059261322e-02
4.742658510804176331e-02
-2.722005732357501984e-02
-3.833882743492722511e-03
-8.140592835843563080e-03
-1.955209486186504364e-02
-2.706565894186496735e-02
-3.292070329189300537e-02
-5.766189191490411758e-03
2.083668805425986648e-04
-1.228842418640851974e-02
-3.500474616885185242e-02
8.894978463649749756e-02
-9.971238672733306885e-03
-5.883398931473493576e-03
4.127184301614761353e-02
2.279864251613616943e-02
-8.656386286020278931e-02
-1.731370948255062103e-02
-8.447521924972534180e-02
-4.847143962979316711e-02
-4.864296317100524902e-02
2.445816434919834137e-02
-7.860072702169418335e-02
1.899359002709388733e-02
-8.345893770456314087e-02
-4.351521655917167664e-02
2.483944408595561981e-03
2.025615051388740540e-02
-6.176880747079849243e-02
9.589388035237789154e-03
-3.678935021162033081e-02
-3.604887053370475769e-02
-2.870593965053558350e-02
-2.628089115023612976e-02
3.782737627625465393e-02
7.077291607856750488e-02
6.299041211605072021e-03
1.448404975235462189e-02
-2.486381866037845612e-02
-1.120086666196584702e-02
2.795780636370182037e-02
3.276564553380012512e-02
6.051494739949703217e-03
-4.952237010002136230e-02
-5.047774687409400940e-02
-6.149809341877698898e-03
-1.850759610533714294e-02
-7.543102838099002838e-03
5.314955487847328186e-02
5.633703246712684631e-02
-1.082628816366195679e-01
2.245059423148632050e-02
-1.243251748383045197e-02
4.011483117938041687e-02
3.912689164280891418e-02
2.863533608615398407e-02
-2.162744849920272827e-02
3.788498789072036743e-02
-2.373435348272323608e-02
-3.888690099120140076e-02
-4.838817194104194641e-02
6.368412077426910400e-02
-1.066647917032241821e-01
1.354565564543008804e-02
-4.464074969291687012e-02
7.958934456110000610e-02
1.453867275267839432e-02
3.912512212991714478e-03
2.831779047846794128e-02
-2.133998461067676544e-02
-5.053958669304847717e-02
1.255503594875335693e-01
2.240895293653011322e-02
-3.064362891018390656e-02
-1.991671323776245117e-02
1.496451068669557571e-02
3.844171389937400818e-02
1.038427129387855530e-01
-2.047953568398952484e-02
-5.743913725018501282e-02
4.325577244162559509e-02
-5.613355338573455811e-02
5.031830072402954102e-02
4.476114641875028610e-03
1.340753138065338135e-01
2.213717810809612274e-02
-2.234264463186264038e-02
-2.538427896797657013e-02
6.253019720315933228e-02
1.362977270036935806e-02
3.058041632175445557e-02
-2.056488581001758575e-02
-1.182889472693204880e-02
-1.106631457805633545e-01
1.062690466642379761e-02
-1.310156774707138538e-03
-3.250270709395408630e-02
-2.086168341338634491e-02
6.077577173709869385e-02
-1.208958961069583893e-02
-1.635579019784927368e-02
-3.242877125740051270e-02
-8.738619275391101837e-03
1.519171707332134247e-02
1.591475121676921844e-02
-3.063232265412807465e-02
-4.455606266856193542e-02
-8.926548995077610016e-03
5.593968182802200317e-02
2.464983984827995300e-02
-2.450929954648017883e-02
4.081487283110618591e-02
5.753502249717712402e-02
7.445011753588914871e-03
-3.966719657182693481e-02
-5.186820402741432190e-02
-5.828514695167541504e-02
-1.787427999079227448e-02
2.906097285449504852e-02
2.614476345479488373e-02
7.361371070146560669e-03
3.341142088174819946e-02
7.191920280456542969e-02
4.382893443107604980e-02
2.626725099980831146e-02
-3.047642484307289124e-02
-3.197772800922393799e-02
1.756325364112854004e-02
-3.016407834365963936e-03
-3.506066277623176575e-02
9.039804717758670449e-05
7.540103793144226074e-02
2.409754320979118347e-02
2.081158338114619255e-03
4.217980802059173584e-02
1.870147697627544403e-02
-4.175140056759119034e-03
-5.283945053815841675e-02
7.800939492881298065e-03
2.815948240458965302e-02
1.604971103370189667e-02
2.025618217885494232e-02
1.060367599129676819e-01
-5.589520186185836792e-02
2.233696542680263519e-02
-6.271906942129135132e-02
3.528085723519325256e-02
-1.611374877393245697e-02
-4.549762234091758728e-02
3.143604472279548645e-02
-3.908996470272541046e-03
-2.944722585380077362e-02
-8.926917216740548611e-04
9.240774810314178467e-02
6.626595556735992432e-02
2.075746282935142517e-02
-6.981621030718088150e-03
-2.800690475851297379e-03
5.001687631011009216e-02
-7.709685713052749634e-03
2.499886322766542435e-03
1.724808104336261749e-02
-7.258157432079315186e-02
4.390660673379898071e-02
-3.285075351595878601e-02
4.620344191789627075e-02
2.028012648224830627e-02
-1.621625199913978577e-02
3.705495595932006836e-02
-6.802788935601711273e-03
-4.335571429692208767e-04
-1.674564555287361145e-02
2.667514234781265259e-02
-7.048664242029190063e-02
2.383849769830703735e-02
-8.726788312196731567e-02
-2.604296430945396423e-02
-3.062849305570125580e-02
-4.610792919993400574e-02
-3.296064957976341248e-02
3.891627769917249680e-03
-5.282992497086524963e-02
4.332560300827026367e-02
-4.956445842981338501e-02
8.164388127624988556e-03
7.878542691469192505e-02
7.892174273729324341e-02
-1.902899518609046936e-02
4.081198200583457947e-02
4.359420016407966614e-02
-5.938811227679252625e-02
-3.132732212543487549e-02
8.489576727151870728e-02
6.220867112278938293e-02
-4.590504989027976990e-02
3.740800544619560242e-02
-4.025871306657791138e-02
2.746440283954143524e-02
5.282171070575714111e-02
8.817731589078903198e-02
-2.849597856402397156e-02
-3.809892013669013977e-02
3.911427408456802368e-02
2.811055444180965424e-02
1.077146083116531372e-02
1.107503543607890606e-03
-1.252611353993415833e-02
4.762141779065132141e-02
-6.481941789388656616e-02
-5.071331560611724854e-02
-1.960361609235405922e-03
-1.619609975023195148e-04
-5.620054900646209717e-03
-5.746789276599884033e-02
-3.917821217328310013e-03
-1.883576624095439911e-02
1.161653622984886169e-01
-2.213259041309356689e-02
3.787924349308013916e-02
3.744125738739967346e-02
-6.380492448806762695e-02
3.047824278473854065e-02
-2.852230146527290344e-02
-2.643573470413684845e-02
4.879118874669075012e-02
2.049436047673225403e-02
-1.235097763128578663e-03
-1.548522897064685822e-02
-9.266053326427936554e-03
5.919422581791877747e-02
-4.248825088143348694e-02
6.877619028091430664e-02
1.314702164381742477e-02
-1.946240849792957306e-02
-5.206082761287689209e-02
-3.764761239290237427e-02
1.476287096738815308e-02
-1.232225354760885239e-02
-6.247412785887718201e-02
3.928318619728088379e-02
-2.188029233366250992e-03
1.177165098488330841e-02
-2.671987004578113556e-02
2.067741937935352325e-02
-7.817827165126800537e-02
-6.144149973988533020e-02
5.682582408189773560e-02
-1.694899238646030426e-02
5.868591368198394775e-03
3.173170238733291626e-02
-3.170267492532730103e-02
2.514980919659137726e-02
1.122047076933085918e-03
1.897458732128143311e-02
-1.364365667104721069e-01
1.634082570672035217e-02
1.179745327681303024e-02
-3.671938180923461914e-02
-4.830176755785942078e-02
4.549104720354080200e-02
-3.395442292094230652e-02
-5.902803316712379456e-02
3.636183915659785271e-03
1.430591475218534470e-02
-7.553278654813766479e-02
-7.376312464475631714e-02
7.314594835042953491e-02
3.012605011463165283e-03
2.830807678401470184e-02
1.031686738133430481e-02
-4.386959969997406006e-02
-8.909010887145996094e-02
4.721348732709884644e-02
-3.603474702686071396e-03
-7.446882780641317368e-03
-7.833661139011383057e-02
-4.144498705863952637e-02
6.342806853353977203e-03
-2.255749888718128204e-02
-2.773515507578849792e-02
-1.879630051553249359e-02
1.477388292551040649e-02
8.447923511266708374e-02
-3.479360416531562805e-02
2.282752422615885735e-03
-6.077163666486740112e-02
-2.969426847994327545e-02
5.751058459281921387e-03
-1.413683686405420303e-02
-4.011592641472816467e-02
1.020416151732206345e-02
-7.284446473931893706e-05
-1.094877496361732483e-01
6.902495026588439941e-02
3.502748534083366394e-02
-3.709060326218605042e-02
6.180266663432121277e-02
1.153609901666641235e-02
-3.493093326687812805e-02
-1.226362027227878571e-02
5.391812324523925781e-02
4.068977758288383484e-02
-5.934735387563705444e-02
8.625551313161849976e-02
-5.147143453359603882e-02
7.335756439715623856e-03
-4.365494474768638611e-02
2.160698920488357544e-02
8.587120473384857178e-02
5.692103505134582520e-02
6.438055634498596191e-02
8.135502040386199951e-02
-5.977096501737833023e-03
-3.159185498952865601e-02
-1.311209332197904587e-02
-9.524335153400897980e-03
8.180722594261169434e-03
-1.168904919177293777e-02
4.173668101429939270e-02
6.563993543386459351e-02
8.215345442295074463e-03
-4.073641821742057800e-02
1.103883422911167145e-02
3.544946387410163879e-02
-4.829057026654481888e-03
-9.062074869871139526e-02
1.624878495931625366e-02
-5.332360044121742249e-02
-1.454195659607648849e-02
7.446992676705121994e-03
-4.216637089848518372e-02
4.802460968494415283e-02
-8.922686427831649780e-02
3.545694984495639801e-03
-1.284897234290838242e-02
-7.997587323188781738e-02
6.539352983236312866e-02
4.659342113882303238e-03
-1.141082718968391418e-01
2.571542188525199890e-02
-1.001958250999450684e-01
1.202304475009441376e-02
-9.656128473579883575e-03
5.724633485078811646e-02
2.664537355303764343e-02
3.973771817982196808e-03
-1.654003001749515533e-02
1.058112550526857376e-02
-3.989009559154510498e-02
-2.386525645852088928e-02
2.113965153694152832e-02
-2.752329781651496887e-02
9.469337528571486473e-04
1.500625442713499069e-02
4.298276826739311218e-02
5.550480633974075317e-02
-4.760703013744205236e-04
4.345241934061050415e-02
-3.607453405857086182e-02
-4.817545786499977112e-02
8.406747877597808838e-02
3.988765180110931396e-02
5.454736202955245972e-02
-3.094033151865005493e-02
3.723908588290214539e-02
1.280472148209810257e-02
-4.998566582798957825e-02
-3.784183040261268616e-02
-9.616021998226642609e-03
