-0.0060520810075104
0.0339574664831161
-0.0446536540985107
-0.0960414856672287
0.0179146286100149
0.0233134925365448
0.0729214027523994
-0.0726682469248772
-0.0113960998132825
-0.1042122766375542
0.0738267675042152
0.0587682574987411
-0.0139029165729880
-0.0712397247552872
-0.0023312866687775
0.0059832464903593
-0.0385625585913658
0.1361463367938995
0.0703787580132484
0.0246754661202431
0.0588555485010147
-0.0196352452039719
-0.0322923250496387
0.0545632578432560
0.0020304680801928
-0.0925911813974380
0.1113612577319145
0.0281717479228973
-0.0648498535156250
0.0686984732747078
0.0019750802312046
0.0191925354301929
0.0094766169786453
0.0568102858960629
0.0142366401851177
-0.0967696458101273
0.0194045249372721
0.0365879461169243
-0.0651858448982239
0.0081088775768876
-0.0367179550230503
-0.0044744932092726
-0.0094010485336185
-0.0594128221273422
0.0229929611086845
-0.0113752325996757
-0.0073148980736732
-0.0157514456659555
0.1084830611944199
-0.0028886252548546
0.0085429735481739
0.0770613476634026
0.0224452819675207
0.1104658693075180
0.0009939876617864
-0.0494351796805859
0.0104671465232968
0.0560596622526646
0.0661247223615646
0.0610497258603573
0.0180909540504217
0.0072650108486414
-0.1275823563337326
-0.1083554401993752
0.0543629601597786
-0.0667015761137009
-0.0118692554533482
0.0667585060000420
0.0091288555413485
-0.0560078360140324
0.0538309067487717
-0.0333755053579807
0.0800421312451363
-0.0912599265575409
0.0807490274310112
0.0493426769971848
-0.1263762414455414
0.1085631176829338
-0.0719644501805305
-0.0584023334085941
-0.0873853564262390
0.0524418652057648
-0.0557753965258598
-0.0025772722437978
0.0619079172611237
-0.0191810410469770
0.0462621599435806
-0.0410293526947498
-0.0083588939160109
0.0325370654463768
0.0403323993086815
0.0209652613848448
0.0251668207347393
0.0771303996443748
0.0146765224635601
-0.0511075928807259
0.0875077918171883
-0.0610357224941254
0.0042881760746241
-0.0581318028271198
0.0062376065179706
0.0074675916694105
0.0137511203065515
-0.0856476575136185
0.0353102870285511
0.0527115426957607
0.0119152795523405
0.0645762160420418
0.0147229069843888
0.0829862356185913
0.0262828674167395
0.0561384558677673
-0.1024117469787598
0.0297808367758989
-0.0675896778702736
0.0433393903076649
-0.0897971764206886
0.0955369472503662
0.0039309565909207
-0.0482378527522087
0.0252084564417601
0.0449522137641907
0.0499963723123074
0.0236759595572948
-0.0854299440979958
-0.1056152954697609
0.1206956282258034
0.0147649552673101
0.0218568928539753
0.0409920811653137
0.0708764567971230
0.1094660609960556
0.0197915602475405
0.0490413457155228
0.0764507502317429
0.0994093343615532
-0.0872486904263496
-0.0407623909413815
-0.0852077975869179
0.0994626730680466
-0.0127300499007106
0.0130052259191871
0.0182256903499365
-0.1165662929415703
0.1156285852193832
-0.0079207457602024
0.0907697826623917
-0.0788896605372429
0.0468225963413715
-0.0029142536222935
-0.0480256676673889
-0.0696703195571899
0.0297454614192247
-0.0148595785722136
0.0470831729471684
-0.0163754131644964
-0.1210320144891739
0.1178717240691185
0.0121907470747828
0.0397416055202484
-0.0159126538783312
0.0442929938435555
-0.0916368365287781
0.0128354253247380
0.1163318008184433
0.0554429851472378
0.0434429757297039
0.0503198653459549
-0.0319532975554466
0.0725238174200058
0.0442767813801765
-0.0317369550466537
-0.0409851446747780
0.0628094598650932
-0.0548225380480289
0.0569568946957588
0.0578917860984802
0.0685220956802368
0.0444050952792168
0.0320927686989307
-0.0845557972788811
0.0299580283463001
0.0361777208745480
0.0212474819272757
0.1056324020028114
-0.0418012179434299
0.0150750828906894
-0.1459542661905289
0.0510069467127323
-0.0916812568902969
-0.0560864359140396
-0.0210974570363760
0.0244985371828079
-0.0240197535604239
-0.0039342986419797
-0.0715729445219040
-0.0040034512057900
-0.0239647720009089
0.1027060225605965
0.0777848362922668
-0.0529590733349323
-0.0631135702133179
0.0874171629548073
-0.0584400705993176
-0.0756352618336678
-0.0054367519915104
-0.0109867397695780
-0.1008029133081436
-0.0431420020759106
-0.0146057009696960
0.0456867590546608
0.0430172197520733
0.0347508937120438
-0.0113257709890604
0.0093730101361871
0.0272467173635960
0.0191875342279673
0.0321821942925453
0.0056287758052349
-0.0365182459354401
0.0430381447076797
-0.1044043973088264
0.0724292322993279
0.1102181673049927
0.0743326321244240
0.0985882356762886
0.0270353648811579
-0.0589113719761372
-0.0034069742541760
-0.0199534818530083
-0.0998802483081818
-0.0115422056987882
0.0447610579431057
-0.0534255951642990
-0.0650165081024170
0.0154057824984193
0.0073109334334731
-0.1247370764613152
-0.0401217341423035
-0.1183523759245872
-0.1186773478984833
0.0808168798685074
-0.0405366569757462
0.0822259560227394
0.0610098391771317
0.1136479973793030
-0.0953961983323097
0.0206136982887983
-0.1144626364111900
-0.0258960723876953
-0.0994519889354706
0.1108533740043640
0.0914513915777206
-0.0339703001081944
0.0948375314474106
-0.0807214528322220
0.0035277642309666
-0.0055014374665916
-0.0840489417314529
-0.0627615079283714
0.0598654188215733
-0.2288283705711365
0.1360745280981064
0.1419960856437683
-0.0677249804139137
-0.0163220856338739
-0.1371157616376877
0.0892472565174103
0.0834258273243904
0.0327134057879448
-0.0591994598507881
0.0488695353269577
-0.2768768072128296
-0.0382504761219025
0.1646066606044769
-0.2284508794546127
-0.0985485911369324
-0.0189401302486658
0.0047422493807971
-0.1556037515401840
-0.0665383338928223
-0.0404169522225857
-0.1436155587434769
-0.2273404747247696
-0.0408769287168980
-0.0438592359423637
0.0697482600808144
-0.0687087178230286
-0.0564712882041931
-0.0909812748432159
-0.2168234884738922
0.0372581146657467
0.1513509899377823
-0.0521507225930691
-0.1093614250421524
-0.1364845186471939
-0.0513869412243366
0.0684921443462372
-0.0543851852416992
-0.1007170677185059
-0.0630582198500633
0.0427955687046051
0.1424326151609421
-0.2748448550701141
-0.1275494992733002
0.1181708276271820
-0.0410813391208649
0.1420159041881561
0.0388845428824425
-0.1276019066572189
-0.0104024857282639
-0.2267535030841827
0.1206942722201347
0.0457752458751202
-0.0685622170567513
0.0453473441302776
0.1810060888528824
0.3450047671794891
0.0826946645975113
-0.1546400785446167
-0.0505727380514145
0.0256965178996325
0.0422722734510899
0.0332658886909485
-0.0799393877387047
-0.0125961396843195
0.0024335819762200
0.0671266689896584
0.0232845153659582
-0.0209493674337864
0.0769870728254318
-0.0672483071684837
-0.0396369621157646
-0.0562376007437706
-0.0284839216619730
0.0855588540434837
0.0066842129454017
-0.0230609104037285
0.0281085185706615
-0.0177278053015471
-0.0600133053958416
-0.0222699698060751
-0.0447631366550922
-0.0711449533700943
-0.0040977303870022
-0.0202749222517014
0.0555718280375004
-0.0199734251946211
0.0129387248307467
-0.0402375012636185
0.0251280795782804
0.0025168166030198
0.0581561774015427
-0.0107784075662494
-0.0374502874910831
-0.0716937482357025
0.0392263643443584
0.0213291943073273
0.0334745831787586
0.0348604358732700
0.0592454448342323
-0.0316741876304150
-0.0392123833298683
-0.0579629763960838
0.0285827200859785
0.1020863801240921
-0.0234558191150427
0.0063115353696048
0.0687519907951355
-0.0313031673431396
0.0654045343399048
-0.0744565725326538
-0.0041240821592510
-0.0030248514376581
0.0529981888830662
-0.0890630260109901
-0.0104392440989614
-0.0872695520520210
0.0732925385236740
-0.0161001775413752
0.0298438742756844
0.0050556599162519
-0.0384749695658684
-0.0402852259576321
-0.0501171536743641
0.0022754212841392
0.0435156263411045
-0.0390294529497623
0.0468416921794415
-0.0680978745222092
0.0305099114775658
-0.0624373219907284
-0.0027104606851935
-0.0169867519289255
-0.0187956504523754
0.0086410799995065
-0.0269077178090811
0.0508642941713333
0.0558259077370167
-0.0353425443172455
0.0217143297195435
0.0275628436356783
0.0609037056565285
0.0245912969112396
0.0161471236497164
0.0313740000128746
-0.0794526934623718
0.0518505163490772
-0.0561163350939751
-0.0295037794858217
0.0259368102997541
-0.0153888557106256
0.0103416144847870
-0.0718169212341309
0.0269282087683678
-0.0230981111526489
0.0145452693104744
0.0513256862759590
-0.0737492814660072
0.0877450779080391
0.0569380745291710
0.0172056760638952
-0.0239871479570866
0.0862375870347023
-0.0223082806915045
-0.0458633489906788
-0.0688103511929512
-0.0782514140009880
0.0613233745098114
-0.0547151602804661
0.0164659991860390
-0.0340614765882492
0.0582170188426971
0.0304165557026863
-0.0275744087994099
0.0174204576760530
-0.0335161648690701
0.0361710563302040
-0.0648719370365143
0.0038522055838257
-0.0566040389239788
-0.0077476422302425
0.0106652732938528
0.0769003257155418
0.0140011971816421
-0.0392034575343132
-0.0208880789577961
-0.0139248669147491
-0.0508951060473919
-0.0016501098871231
0.0714642778038979
-0.0098488936200738
0.0104514453560114
0.0200286842882633
0.0440139099955559
-0.0267584957182407
0.0033283298835158
-0.0204211082309484
0.0047653410583735
-0.0310314167290926
-0.0021842801943421
0.0178962722420692
-0.0047736573033035
0.0467856377363205
0.0636889636516571
-0.0840474516153336
0.0351155437529087
0.0507662966847420
0.0075301649048924
-0.0097409151494503
-0.0025541144423187
0.0548815205693245
-0.0536904074251652
0.0665878951549530
0.0516163483262062
-0.0303652025759220
-0.0237033795565367
-0.0839046165347099
-0.0038858719635755
-0.0214411951601505
-0.0741726979613304
-0.0352381952106953
-0.0910757556557655
0.0257765259593725
0.0447144433856010
0.0386306941509247
0.0284949261695147
-0.0052450923249125
-0.0842909216880798
0.0047258203849196
-0.0758998245000839
0.0356989093124866
-0.0387482754886150
0.0405298061668873
0.0197931770235300
-0.0371744744479656
-0.0032499106600881
0.0250221248716116
-0.0495500452816486
0.0650435388088226
0.0655542612075806
0.0119139635935426
0.0232052616775036
-0.0369500257074833
0.0242575611919165
-0.0539699904620647
-0.0593259595334530
-0.0220646504312754
-0.0496307089924812
0.0717903152108192
-0.0689052939414978
0.0518289916217327
-0.0521602816879749
0.0423297658562660
-0.0790337845683098
-0.0017884171102196
0.0160035509616137
0.0628103166818619
-0.0438004322350025
-0.0621959045529366
-0.0042668562382460
0.0152270793914795
0.0055887377820909
0.0415700301527977
0.0249196644872427
-0.0148724215105176
0.0373370796442032
0.0290292855352163
-0.0314244516193867
0.1046522483229637
-0.0275727584958076
0.0201771948486567
-0.0429572984576225
0.0201675854623318
-0.0671071410179138
-0.0069829877465963
-0.0067223468795419
0.0486020036041737
0.0480846092104912
0.0245682112872601
-0.0731151029467583
0.1117562353610992
-0.0573965460062027
-0.0507792346179485
0.0045632412657142
-0.0045258835889399
0.0564027689397335
-0.0184202790260315
0.0294086206704378
-0.0282341856509447
-0.0577197819948196
0.0429731719195843
0.0460017658770084
0.0694684535264969
0.0279929842799902
0.0139531157910824
0.0111932111904025
0.0530048236250877
-0.0935154855251312
-0.0558073073625565
-0.0159091949462891
0.0350482799112797
-0.0000482469913550
0.0483893193304539
-0.0157029684633017
0.0173495449125767
-0.0727410390973091
0.0130083831027150
0.0507116131484509
0.0226485840976238
0.0058987629599869
-0.0230861343443394
-0.0210009422153234
0.0139060318470001
0.0620638020336628
0.0410838015377522
0.0255142543464899
-0.0069430116564035
-0.0532489903271198
0.0761894583702087
-0.0727252885699272
-0.0139704700559378
0.0148296384140849
0.0113002751022577
-0.0816830545663834
-0.0199084430932999
0.0670388936996460
-0.0758249312639236
0.0071582039818168
0.0557076260447502
-0.0165637582540512
-0.0455930493772030
0.0464337468147278
0.0045307455584407
-0.0269693080335855
0.0203208290040493
-0.0612451434135437
0.0089660398662090
0.0687213316559792
-0.0194716975092888
0.0148787554353476
0.0526228509843349
-0.0390412174165249
0.0535313300788403
-0.0623704232275486
-0.0196900703012943
0.0430338345468044
-0.0128025729209185
0.0497206561267376
-0.0977627038955688
0.0131619777530432
0.0626380592584610
-0.0411478057503700
0.0156878493726254
0.0487100332975388
0.0503706857562065
-0.0508056543767452
-0.0468392744660378
-0.0239159073680639
-0.0622258149087429
0.0069269742816687
0.0077610700391233
0.0032320206519216
-0.0652750879526138
-0.0608956664800644
0.0394111536443233
0.0056624761782587
0.0197582002729177
-0.0195355396717787
0.0236708782613277
-0.0578921139240265
0.0363784879446030
-0.0210518166422844
0.0120945712551475
-0.0002175061526941
-0.0297231785953045
-0.0742334872484207
-0.0652606040239334
-0.0536752901971340
0.1182349547743797
-0.0141853066161275
0.0207816343754530
0.0595139563083649
-0.0058412197977304
0.0408820062875748
-0.0014940650435165
-0.0540727600455284
0.0296230278909206
0.0134820472449064
0.0083820009604096
0.0668265745043755
-0.0348528847098351
0.0148926945403218
0.0800300687551498
-0.0035493178293109
-0.0534814372658730
-0.0161581076681614
0.0089482059702277
0.0692206248641014
-0.0434882789850235
-0.0736116319894791
0.0238254703581333
-0.0738531872630119
-0.0029277084395289
-0.0565432719886303
-0.0149409975856543
0.0499384962022305
0.0558370836079121
0.0685917288064957
0.0448285490274429
0.0661817044019699
0.0544843748211861
0.0416594706475735
0.0362080484628677
0.0031947756651789
-0.0023719412274659
0.0766187384724617
-0.0835078805685043
0.0159693304449320
0.0086376881226897
0.0847553759813309
-0.0016709266928956
0.0136429006233811
-0.0022588847205043
-0.0521383471786976
-0.0494563952088356
-0.0259640738368034
0.0051872464828193
-0.0007415884756483
-0.0304316058754921
0.0336274877190590
-0.0174683406949043
-0.0415543839335442
0.0318802222609520
0.0354426316916943
0.0235986337065697
0.0827932953834534
0.0001929012796609
-0.0222231447696686
-0.0208447612822056
0.0541795119643211
-0.0002233933628304
-0.0108958194032311
0.0375808067619801
0.0400427877902985
-0.0263349432498217
-0.0153388427570462
0.0373923480510712
0.0657714158296585
0.0756348371505737
-0.0383218303322792
-0.0508451797068119
0.0498557500541210
-0.0691987350583076
0.0316432118415833
-0.0329969450831413
0.0376644320785999
0.0372253656387329
0.0275638606399298
0.0067086638882756
0.0550176613032818
-0.0037427761126310
0.0397503711283207
-0.0936813727021217
0.0350546240806580
0.0540511719882488
-0.0297799445688725
0.0073672030121088
0.0372093170881271
-0.0071483654901385
-0.0612120516598225
0.0330574922263622
0.0635252296924591
-0.0631928816437721
0.0502171479165554
0.0055597950704396
0.0412829779088497
-0.0364359840750694
0.0190789159387350
0.0354658477008343
-0.0491243712604046
-0.0724257975816727
0.0214033424854279
0.0357512645423412
-0.0469978153705597
0.0482306741178036
-0.0542965866625309
0.0482383035123348
-0.0142322881147265
-0.0166449453681707
-0.0251174252480268
-0.0305959116667509
0.0371318161487579
0.0111807780340314
0.0559659339487553
0.0421142689883709
-0.0173668600618839
-0.0065590697340667
0.0375107489526272
0.0117215020582080
0.0087943421676755
0.0359660275280476
0.0440247133374214
-0.0159900989383459
0.0454088859260082
0.0441203676164150
-0.0682496577501297
0.0676803886890411
-0.0157781224697828
0.0084039792418480
0.0341817848384380
0.0576630011200905
0.0228269919753075
0.0502665638923645
0.0021320616360754
0.0223010722547770
0.0126504078507423
0.0596977770328522
-0.0223362129181623
-0.0047633871436119
-0.0570981279015541
-0.0534929782152176
0.0032242573797703
0.0494186803698540
-0.0311924107372761
-0.0068681174889207
-0.0407755859196186
-0.0072231302037835
-0.0870561599731445
-0.0004276340187062
0.0526570603251457
-0.0249952804297209
0.0009015226969495
-0.0414301492273808
0.0484352074563503
0.0124239576980472
0.0188078582286835
-0.0049623860977590
0.0802849307656288
0.0507945828139782
-0.0434747412800789
-0.0112905772402883
0.0812318474054337
-0.0517460443079472
0.1036918610334396
-0.0198321156203747
0.0508723407983780
0.0277794580906630
-0.0194336567074060
-0.0391059890389442
0.0368331409990788
0.0103849610313773
0.0005076546221972
0.0356692299246788
-0.0723000019788742
0.0491006895899773
-0.0065267891623080
-0.0204982180148363
0.0508026070892811
0.0244679804891348
0.0132236387580633
0.0367357842624187
0.0095708481967449
0.0304583068937063
-0.0589653141796589
-0.0536853075027466
-0.0475890859961510
0.0255844239145517
-0.0146716134622693
-0.0477983243763447
0.0314307473599911
-0.0306325349956751
