0.03729696
-0.03036481
-0.02098571
0.03107961
-0.00456378
0.02198703
0.01546516
-0.03843576
-0.03584178
0.03982278
-0.02413108
0.00460222
0.03512276
0.02805315
0.00223672
-0.00154555
-0.00727968
0.02320746
0.18526676
0.02596333
-0.00067976
0.02030453
-0.01786090
0.00939664
-0.01261707
0.00017205
-0.02600901
-0.02222016
-0.01545179
-0.00273654
0.13353992
0.01123833
0.00970896
-0.01106635
0.00441365
0.00683707
-0.00250281
0.02260084
0.02041007
-0.00132857
-0.03966783
0.00950675
-0.07495025
-0.02301874
-0.01657128
-0.03237269
-0.05252143
0.01203858
-0.00635747
-0.00484421
0.01352674
-0.06235937
0.07812246
-0.01500507
-0.03359344
-0.02065429
-0.02730754
-0.00337020
0.39268449
0.07435632
-0.01117093
-0.00011192
0.01539167
-0.01279644
0.00930179
0.05966787
0.02593416
-0.01883135
0.00209702
0.00565321
0.01669949
0.01053644
0.00097241
-0.01346399
-0.00624073
0.03521566
-0.00509514
-0.01385118
-0.00410517
0.09294749
-0.01237601
-0.00509522
-0.01858157
0.05822897
0.07905374
-0.01125000
0.00209214
-0.00139338
0.03464337
-0.01081880
-0.01365715
0.00939842
-0.02622269
0.01168393
-0.01836263
-0.01881432
0.01729723
-0.01239245
0.03246004
-0.00417045
-0.02824256
0.02762806
-0.00279444
0.01182582
0.01269850
-0.01939497
0.04230141
-0.02250507
0.03762950
-0.01746794
-0.02033646
0.00968472
0.01235988
0.00411789
0.00557659
-0.01153958
0.02771133
-0.02349221
0.00046258
0.00457368
0.00385451
-0.00240307
-0.00708894
0.00777744
-0.03316414
0.01656648
-0.02985788
-0.01137208
0.00882845
0.00796242
-0.00445529
-0.01061083
-0.03168312
-0.00632161
-0.05128095
0.03222230
0.02207813
0.00385926
-0.03274988
0.01325378
-0.08116931
0.00218938
-0.01331192
-0.01877218
-0.01949109
0.17634419
-0.02482986
-0.02300913
0.00634363
-0.00529531
0.03116381
0.03019971
0.00843653
0.05438894
0.00632996
-0.03094280
0.02843109
-0.00846378
-0.06238515
-0.03628068
0.02178272
-0.05083648
-0.01175247
0.02021223
0.00468810
0.05318102
-0.01229758
-0.00879026
-0.02145564
-0.01278755
0.02671325
-0.00911028
0.00677991
0.02271529
0.03978170
0.01975549
0.01454874
0.00080995
-0.03620508
-0.00772224
0.03027296
-0.01914152
-0.01198508
0.01271396
0.00763623
0.12906417
-0.03824919
-0.01446389
0.00064566
-0.00116623
0.02848837
0.03792715
-0.01179325
-0.03232307
0.00305881
0.01986451
0.00647329
0.01889065
0.07448470
-0.02664323
-0.04147936
0.01588893
0.01899833
-0.02802588
0.02956412
0.02008957
0.00580565
0.03597005
0.01462617
-0.10921657
0.00560000
-0.00682143
-0.00296173
-0.00187262
-0.00819840
-0.05325351
0.00273780
0.05028917
-0.01684351
-0.01895832
-0.02726145
-0.74975371
-0.00861549
-0.04378664
0.00109181
-0.01637617
0.03174606
0.00573676
0.00196384
0.01133420
-0.00370867
-0.02307564
-0.00591687
0.02274118
-0.01802096
0.02736416
-0.00764056
0.00055832
0.00171984
-0.00736280
-0.00082448
0.00510909
-0.09108111
0.02329197
-0.01533875
0.03449088
0.00643662
0.01112138
-0.00570892
0.00127514
-0.01182352
-0.00967735
-0.00703555
-0.00381650
-0.01216976
-0.01331442
0.01978694
0.01615337
0.08751024
-0.01252446
0.20070699
0.06424928
-0.04181497
-0.13622956
-0.10044459
0.04680527
-0.06512499
0.09199817
-0.08788873
-0.12101877
-0.06465220
-0.01134480
0.03371434
0.01729216
0.12410796
0.04119011
0.21832472
-0.10375083
-0.07705273
-0.01305423
-0.04951607
0.02281425
0.05893688
0.01705838
0.03347784
-0.03013958
-0.10532353
-0.03565021
-0.06557760
0.09802332
-0.00516335
-0.03777514
0.15867731
-0.00844372
-0.06055574
-0.06667198
-0.04753404
-0.01383136
-0.06373376
0.04194441
-0.10252157
-0.09571883
0.76098365
0.11376334
0.12627818
-0.10748517
-0.02770126
0.07534237
0.09275052
-0.08828775
0.01028694
-0.08705166
0.03463557
-0.04993930
-0.01146624
0.15724677
0.07042860
0.00405800
0.00322639
-0.10333443
-0.00611233
0.05828194
-0.00093149
-0.01284602
0.00207066
0.01157486
-0.05395349
-0.03078920
0.05035022
0.10217626
-0.02093435
0.07236569
0.03313675
-0.04502866
0.01348913
0.00885216
0.11374601
-0.03637241
-0.00240202
0.03017467
-0.03744839
0.01832307
-0.06232003
-0.03728691
0.02102521
-0.06827166
0.05367565
0.01865976
0.02484777
0.10418306
0.01251978
-0.06488758
0.00299409
-0.03030513
-0.03072770
-0.01949445
0.01706070
-0.02569458
-0.00004046
-0.04131008
0.09454529
-0.01790651
0.00500020
0.05378475
-0.01780751
0.01360432
-0.02756240
-0.01296557
-0.03714892
-0.01371230
-0.00729719
0.07788400
-0.01619647
0.01589067
-0.00773905
0.04668684
0.01407037
-0.01167929
0.03171476
0.06655928
-0.01903351
-0.05169934
-0.05653130
0.06113138
-0.01903942
-0.03343693
-0.06917703
0.03407667
-0.03063695
-0.02287695
0.01353696
0.02051231
0.04044973
-0.02313754
0.02247926
-0.06178690
0.13310163
0.02409839
-0.03156978
-0.04796064
-0.01295820
0.06334893
-0.04153661
0.02400334
0.00360965
-0.05031751
0.00588387
0.02358349
0.03565690
0.03440921
0.00073355
-0.01327327
-0.06079241
-0.03711217
-0.04506759
-0.01267380
-0.01766474
-0.04189038
-0.02840131
-0.00827154
-0.01456480
0.00397019
0.11295801
0.06761369
0.02917786
-0.06756698
0.00569322
-0.01607227
-0.00787742
0.02757673
0.08430403
-0.05204130
0.00792506
-0.04346856
-0.01084471
-0.02535029
-0.01630569
0.04350792
0.00096826
0.03593398
0.01696172
-0.03879661
0.08454815
0.00806041
0.02573729
-0.09361751
-0.02195216
0.02651675
-0.00041025
0.00565308
-0.00885682
-0.02339279
-0.01024532
0.01619891
0.04221067
0.01863317
0.02596503
-0.00396906
0.06994583
0.01935148
0.02131933
-0.02415619
-0.00005913
0.04526988
0.07948993
-0.03006095
0.04674579
0.05155110
-0.03617596
-0.08065326
-0.02447221
0.09786475
-0.06383335
0.06690969
0.03554520
-0.04227521
-0.01699680
-0.09297742
0.04474869
0.06314179
-0.05117667
-0.03086207
-0.04856833
0.00394366
0.00226613
-0.02532063
0.01841369
0.03300960
-0.02353715
0.06585573
0.06362516
-0.05279064
-0.01590740
0.05349942
0.04683921
-0.01498984
-0.04865295
0.01515693
0.03875979
0.04546355
-0.01601658
-0.03622542
0.06628007
-0.02019675
-0.02463011
-0.00563735
-0.01402201
0.05434965
-0.00249269
0.01352456
0.03960801
-0.01571956
0.03922235
-0.07273533
0.03078004
-0.02766449
0.05352154
0.00934040
0.04438438
-0.06435235
-0.07867082
0.03192923
0.04131909
-0.08760717
-0.01585125
0.00281375
0.07636137
0.00833591
-0.11281605
-0.00273862
-0.06606483
0.05129934
-0.00142428
-0.00298448
-0.01064950
0.03485653
-0.09485059
-0.01016425
-0.01789384
0.03061194
0.00837203
0.01120343
-0.03949127
0.10226089
0.00350537
-0.00083911
0.03940080
0.06117100
0.02581709
-0.05915827
-0.02302278
0.01687218
0.01836113
0.02873405
0.11266636
0.06367804
-0.04267093
-0.02152949
0.06251236
-0.01651283
-0.17072164
-0.03662270
-0.09383588
0.01933851
0.03982482
-0.03819549
-0.00092250
0.05420249
0.07141770
-0.00032438
-0.02146325
0.01844078
0.08161130
0.00389076
0.04785379
0.02048730
-0.00720439
-0.00388062
0.03105831
-0.03001253
-0.00237622
0.05621696
-0.02804174
0.03722318
0.04626041
0.07197849
-0.01937798
0.06969783
0.05822174
-0.08679813
0.02542634
0.00886307
0.09221856
0.10431829
-0.02444531
0.00056378
0.02342506
0.04088639
0.00630452
0.06048328
-0.02552585
0.01833118
-0.03945306
0.06109448
0.00243662
0.02277879
-0.02617296
0.02697254
-0.02501870
0.05836463
-0.05313032
-0.06266234
0.05772912
0.10787584
-0.05253731
-0.06153931
0.01999679
0.04493412
0.05474499
0.03414414
0.05567618
-0.03470586
-0.02862771
0.02404283
-0.00967968
0.10069331
0.07984607
-0.01373789
0.02830838
-0.00040581
-0.01923762
-0.03260326
0.01820805
-0.01456740
0.02174971
-0.02294405
0.06412264
-0.04780992
0.04294742
0.03251579
0.00369200
0.00825746
-0.01683708
-0.06181171
-0.01261349
0.03572904
0.01115779
-0.02889456
0.00608623
0.02844007
0.00030845
0.02218146
-0.00408917
0.02075554
-0.02218652
-0.01088180
-0.01016816
0.00668206
-0.06513812
0.03520916
0.07759630
-0.00142540
0.05365915
-0.01241870
-0.07306925
0.01149623
-0.01744931
-0.02374072
-0.06257454
-0.00850111
-0.01297515
-0.07489566
0.00816484
0.04590642
-0.01302795
-0.01396411
-0.11553240
0.04876808
0.02816792
0.00745362
0.03027249
0.03728978
-0.01719734
-0.02805972
-0.01453367
0.01392156
-0.01624431
-0.07892809
0.02403448
-0.04857127
0.01564864
0.04900746
0.01630718
0.02410968
0.00721245
-0.06315674
0.01498764
-0.00090986
0.01562372
0.02602319
-0.06883560
-0.03178057
0.05073835
0.00489246
0.03169769
-0.08353461
0.04448206
0.03438469
-0.02310109
0.03219847
-0.10449596
-0.01769044
-0.01341881
-0.00245461
0.05939198
0.02338287
-0.02732107
-0.00653187
0.08845180
-0.07884955
0.02335235
0.01008598
-0.04596739
-0.04799585
-0.02525550
-0.05898654
-0.01347640
-0.08711971
-0.00797224
0.02636403
0.05389404
-0.03836588
0.03112626
-0.00569618
-0.01584517
0.04150927
-0.03065152
-0.03185964
0.09478866
-0.09971862
-0.00606147
-0.01358145
0.00446443
0.07571470
0.01943294
0.02299207
-0.01314765
-0.03141747
-0.02882687
-0.02930886
0.00989984
0.01469795
-0.00044741
0.02127150
0.03998813
0.02305460
0.02921618
0.00351218
-0.00848494
-0.05580461
-0.05533597
-0.01607920
0.03606187
0.03568795
0.02284822
0.06446115
0.02698682
-0.01083592
0.05167472
-0.04214818
0.01236130
0.06194477
0.01475958
0.03591953
0.02279768
-0.05025498
0.04776714
0.01257646
0.03563891
-0.04772732
0.06710289
0.12130679
-0.04149859
-0.00801312
-0.11096483
-0.02582371
0.06906506
-0.00263968
-0.03320977
-0.00833451
-0.02361445
0.05525389
-0.00826018
0.01466073
0.03459113
0.02651045
0.02380880
-0.02476290
-0.08272372
0.01639064
-0.00114015
-0.08208507
0.02880912
0.05075320
0.01619919
0.03280996
-0.06624749
0.00933640
-0.01091291
0.04108248
0.00573201
0.04641638
0.03855872
0.02988302
0.00591494
-0.04116076
0.06100044
0.01030037
-0.02622895
0.02225377
-0.03314904
0.02893639
0.09503963
0.00442853
0.02675134
0.05262588
-0.03258196
0.01164079
0.02384570
0.00585556
-0.04625741
-0.02920379
