0.05969815
-0.03892589
0.00667228
0.00968761
-0.00127812
-0.00187631
0.01353217
-0.01766519
-0.07328348
0.02057598
0.00279807
-0.00745851
0.02045218
0.00137765
-0.03249410
-0.00220379
-0.00983992
0.01641657
0.13856870
0.03669683
0.00123795
0.05867779
-0.03709022
0.01756238
-0.01521384
-0.01633211
-0.00384853
-0.02854772
-0.04858765
-0.00697798
0.08480249
0.02577486
0.01991245
-0.01081502
0.00734548
0.01600268
0.01958241
0.02886384
0.01989993
0.00267643
-0.03930825
-0.01200008
-0.06637443
-0.00612946
-0.01017115
-0.02201903
-0.03371567
0.02123580
0.02345994
0.00029948
0.01949882
-0.07607023
0.07702316
-0.00776927
-0.01929229
-0.02896796
-0.04201126
-0.00036949
0.43962011
0.03740815
-0.00704058
0.01268248
0.04196674
-0.04190542
-0.01741224
0.07123791
-0.02168789
-0.01269265
-0.01224223
0.02919254
0.02745677
-0.01698219
-0.00545762
-0.00582736
-0.00841192
0.04064631
-0.01992200
-0.01611441
0.00824518
0.07895308
-0.03050271
0.02330226
-0.01061197
0.06890890
0.06606527
0.01395301
0.00497305
0.00383151
0.04162069
-0.02534263
0.01562990
0.03910251
-0.02820683
0.01804937
-0.02818590
-0.02342011
0.01529586
-0.00692961
0.03568548
-0.01431767
-0.00425264
0.03468184
-0.03017586
0.02452023
0.02187628
-0.00478866
0.04066876
-0.03094028
0.03704077
-0.00913219
-0.00521522
0.02448290
0.00411526
-0.01757447
-0.00158966
-0.00836913
-0.00990697
-0.02626636
0.01466717
0.00435661
0.00756749
0.00103033
0.01073340
-0.01443639
-0.00226628
0.03709142
-0.03395036
-0.00835842
-0.00655570
0.04270167
0.00743999
-0.00504050
-0.03970359
0.01375263
-0.01606466
0.02531189
0.01413487
0.01901199
-0.05530788
-0.00105101
-0.05851024
0.01868344
-0.02930452
-0.01560557
-0.02519362
0.13728923
-0.01475782
-0.02571217
-0.00215978
-0.02746087
0.03048839
0.03404429
-0.01341271
0.05115866
0.01522422
-0.01513369
-0.00088475
0.01050020
-0.04360641
-0.02928991
-0.00270035
-0.05357918
-0.01752274
0.01944223
0.00570269
0.07688415
-0.02903338
-0.03941821
0.00321831
0.00599353
0.02418458
-0.01399493
0.01588630
0.01093208
0.05754618
0.01859262
0.02040190
0.00031361
-0.07333077
0.00509991
0.00065126
-0.01932528
-0.00445931
0.01711397
0.00798190
0.05781150
-0.01213399
-0.02144811
-0.00461466
0.01741910
0.01324218
0.03469308
-0.02412228
-0.00907751
-0.01977254
0.04000771
0.06787707
0.02236753
0.07279471
-0.04142120
-0.02867541
0.01372331
0.04610489
-0.02514636
0.00086047
0.00798787
-0.00615201
0.02858284
0.01002825
-0.09430983
0.00229811
-0.01804943
-0.01706788
0.01474500
0.01098020
-0.02729432
0.00696197
0.07471253
-0.01764166
0.00919540
-0.01237378
-0.74508941
0.00599189
-0.01830924
-0.00067616
-0.01551950
0.02902006
-0.00980753
0.02794448
0.01939417
-0.02036367
-0.04100881
0.01737077
0.01600520
-0.01559171
0.01250254
0.00203941
-0.00736506
-0.00104886
-0.00788530
0.02410605
-0.00058429
-0.04793702
0.02769388
-0.03220814
0.02662914
-0.00187867
0.00240871
-0.01303713
-0.02451118
-0.02245676
-0.00216271
0.01466295
0.00273649
-0.01324050
-0.01198750
-0.01018739
0.11326584
0.09446229
-0.08378063
-0.10728312
-0.04102473
0.05370023
0.00437417
0.07184769
0.00412706
-0.08077888
-0.02778211
-0.01915943
0.05617021
-0.06480631
0.01167252
-0.08549444
0.03952471
0.06583029
-0.03855959
0.01575808
0.06194774
-0.06792134
0.00128962
0.01903959
0.04087431
0.03053727
0.02844581
0.02152862
0.07253382
-0.06584038
0.07249792
0.09008116
-0.04212683
-0.01364389
-0.05126842
0.04161390
-0.05766263
0.13265315
0.02107617
0.01331978
-0.07886293
0.06036035
0.04494968
0.03186402
0.02389003
0.89921594
0.03674257
0.01805378
0.07355110
0.03137654
0.00344562
0.01682773
0.06526341
-0.03680813
-0.04587223
-0.01395038
0.01086126
0.01841355
0.04723202
-0.01864757
0.07323819
0.07433276
-0.06301367
-0.00209380
0.00843552
0.02612936
-0.04973064
0.04115333
0.00325965
-0.03417054
0.03518454
0.00541262
0.03837696
-0.01089085
0.09775937
-0.00905873
-0.00524540
0.05497789
-0.00206067
0.02840898
0.01277176
0.04759707
0.00459834
0.00756548
0.04160219
-0.07817090
-0.01157437
0.05101852
-0.08633751
-0.01874867
-0.00791926
0.00700631
0.11381170
0.07965811
-0.05578315
0.01474001
-0.04255529
-0.02085355
0.01585015
0.01152487
-0.04324096
0.02281280
-0.01045712
0.01968196
0.06408154
0.03603706
0.05166172
-0.01181583
-0.02423602
-0.03316378
-0.02245647
-0.04252520
-0.05042960
0.00242009
0.09008030
-0.02268626
0.07298331
0.04444183
0.06012825
0.02218641
0.00520387
0.00763571
0.02829422
-0.03091188
-0.00693922
-0.06174054
0.01979969
-0.02324729
0.05016222
-0.02346426
0.09003684
0.00075117
-0.03987141
-0.00243526
-0.02782425
0.03041441
0.09513184
0.04071533
-0.06719331
0.13719386
0.04424874
-0.02000587
-0.04390693
0.02838017
0.01368931
-0.03188971
0.02247811
0.01991697
-0.04522182
0.03271784
-0.02681649
0.03530772
0.05134399
0.01129664
0.00094904
-0.00425137
0.01818586
0.03219138
0.00007835
-0.09550386
-0.05272470
-0.05770664
-0.03158354
-0.00049246
-0.00443236
0.03721133
-0.00669711
0.04439269
-0.08300337
0.00338831
-0.01016241
-0.05101068
-0.00122471
0.05124811
-0.04841652
0.02140140
-0.01796135
-0.05096240
-0.03421181
0.03529109
-0.03463529
-0.01293929
-0.01520982
0.05070759
-0.02396883
0.03599415
0.05832494
0.02313724
-0.05324915
0.01082998
-0.07517052
0.05643966
-0.05166967
-0.01011290
-0.03117320
0.00504389
-0.02052791
-0.03566905
0.04297680
-0.02393684
-0.07290655
0.03870450
0.02598881
0.06170124
-0.04151060
0.00291058
0.00889160
0.06185626
0.00325939
0.01059640
0.03494647
0.02071760
-0.04212620
-0.06922293
0.02369411
0.01132330
0.02571118
0.00559642
0.00625302
-0.04919893
-0.13173790
0.07588116
-0.00883940
-0.01310689
-0.03442163
-0.04595891
0.02041913
-0.01104489
-0.02989732
0.00446735
0.04914320
-0.06401247
0.07473343
0.04744779
-0.04907988
-0.05373579
0.03558980
0.02550161
0.02963073
-0.06164119
0.03467052
0.02737557
0.09125194
-0.03632955
-0.03447717
0.02792396
0.01930946
0.06710893
0.00861069
-0.00668333
0.03527384
0.04085111
-0.02779205
0.03772246
-0.06389991
0.04486616
-0.01389008
-0.03398357
-0.02619425
0.03802137
-0.01919237
0.00327001
-0.04411849
0.01909818
-0.00503839
0.01592900
-0.08674280
-0.01635004
-0.08203363
0.04968939
0.05138322
-0.11697790
-0.01855620
-0.06749523
-0.01566940
-0.02759398
0.02157630
0.03434891
0.00131324
-0.07259450
0.04577322
-0.04133423
-0.00416052
0.04187937
0.04883722
-0.04005653
0.06578639
-0.07027684
-0.02830173
0.02050764
0.04178668
-0.00070967
-0.09885211
-0.01539482
0.02441088
-0.01610546
0.01776768
0.04255371
0.09683937
-0.04418207
0.03446408
0.05471538
-0.04999261
-0.13787527
-0.05127089
-0.05926188
0.05956274
-0.00633292
-0.02516286
-0.06012516
0.02349548
0.13423298
0.03274431
-0.01305648
0.04411388
0.07267204
-0.02422356
-0.02691109
0.02759703
0.01744309
-0.02882132
0.01434227
-0.00758199
-0.02048335
0.08442041
-0.01513823
0.03751459
0.07614134
-0.03319431
-0.01425652
0.03763536
-0.00930663
-0.03297752
0.01394147
-0.00424233
0.07609720
0.00409638
-0.03209710
0.05345389
0.05549942
0.01319777
0.00116766
0.11895681
-0.03156870
0.04374002
0.02451839
0.04078891
-0.00726031
0.01835581
-0.01237310
0.05688917
-0.00478689
0.03765308
-0.03414359
-0.01319731
0.00615046
0.05426227
-0.12948781
0.00874526
0.04589875
0.01749553
0.04160843
0.03623782
-0.01187012
-0.00096135
-0.02360407
0.04659091
-0.02286360
0.12150519
0.03764652
0.02722586
-0.02288401
0.02449808
-0.07391898
-0.03449960
-0.04224363
0.05889380
-0.04758652
0.02380858
0.04198812
-0.02734338
0.05218805
0.06537162
-0.04224114
-0.01667861
0.04327046
-0.08696582
-0.02909451
0.00425467
-0.02489026
-0.05630137
0.02254241
-0.03002935
-0.03134761
0.02958135
0.01788744
0.05401785
-0.00094947
-0.01663525
-0.05858219
-0.02912813
-0.03107649
0.03448812
0.00819443
-0.01637659
0.03399368
-0.03121269
-0.03610206
0.04136464
-0.00943073
0.00305647
-0.03246089
-0.05782336
0.02388004
-0.04175874
-0.06610141
0.02455072
-0.02413491
0.00069668
-0.09985916
-0.00596209
-0.03587550
-0.01375033
0.09141189
0.05246625
0.00028345
-0.00364867
0.04994444
-0.00625734
0.02812799
-0.08071028
-0.01552799
0.02378620
0.06361320
0.06942528
-0.04334031
0.05237328
-0.01135518
-0.01585400
0.01469444
0.05026375
0.01106932
-0.00364248
0.05332237
-0.02623409
0.00426344
0.02998724
-0.01155288
-0.03670635
0.00588414
0.03505630
-0.09126260
0.03328841
-0.12104167
0.00011886
0.04045308
0.02198720
0.02972642
-0.02517407
0.03668498
-0.05874290
0.13991553
-0.01394485
0.07144364
-0.04111234
0.03780966
-0.04329567
0.00010862
0.01256998
0.04128183
0.03825044
-0.04944222
0.01286125
0.03525870
-0.00538239
-0.01014736
-0.04707382
0.02206670
-0.00545515
-0.02694117
0.02983694
0.07549307
-0.04232614
0.06534399
0.00879212
-0.02454176
0.02724630
-0.08663177
0.05280364
-0.00372119
-0.01656041
-0.07301371
0.04442120
0.05804812
-0.07214486
-0.03338960
0.02396285
0.02893886
0.05906728
0.00131234
0.00516492
0.01856489
-0.04144283
-0.07079893
-0.00851223
0.00726000
0.01820350
-0.00558655
0.02027921
0.02104052
-0.00881633
0.03092764
-0.07613848
-0.03806174
0.05882236
0.08307175
0.02740404
0.05594681
0.02377168
0.03369332
0.02573536
0.05100586
0.04852080
0.03902951
0.02159240
-0.04822259
-0.00657588
-0.03130349
0.03011205
0.00090328
-0.04064818
0.00446876
0.01819460
-0.00072499
-0.00122623
-0.07410245
0.06714031
0.02519255
-0.07724512
0.03051348
0.01732246
-0.05268943
0.02359816
-0.02952546
-0.09216373
0.00081516
0.05216958
-0.00729103
0.00316686
-0.06179461
0.00114306
0.02010260
0.05919207
-0.01479212
-0.00460458
-0.01256694
-0.00975650
-0.00897958
0.04354873
0.03236395
0.01810822
0.02357738
0.02342421
-0.01701660
0.05833753
0.07465975
-0.00311328
-0.02596025
0.03354374
-0.07867345
-0.01442770
0.07196371
0.03983013
0.01905692
-0.00933478
