0.05773064
-0.03720877
-0.00356800
0.00677083
0.00191388
-0.00023311
0.00868355
-0.01539033
-0.08448134
0.01289530
0.01460291
-0.01477880
0.02693589
-0.01715444
-0.03768805
-0.00131377
-0.01029637
0.01844055
0.11951323
0.02736585
-0.00277079
0.05176631
-0.03329685
0.02077450
-0.01269873
-0.02005549
0.00713997
-0.02810430
-0.04969949
-0.00734625
0.06914564
0.02673414
0.01951447
-0.01305916
-0.00248073
0.01694745
0.03292954
0.02879673
0.01517253
0.01288178
-0.04115317
-0.00869865
-0.05698289
-0.00362467
-0.01347774
-0.01942861
-0.03290853
0.02102682
0.02143602
0.00261810
0.01566841
-0.07755798
0.07432579
0.00369431
-0.01068287
-0.02364393
-0.03833108
0.00453717
0.46061304
0.03561189
-0.00370003
0.02094496
0.04466274
-0.04280570
-0.02359069
0.07533149
-0.03068274
-0.00792128
-0.02939203
0.03159255
0.02452252
-0.02051589
-0.01665588
0.00243717
-0.02236309
0.03646623
-0.02605263
-0.01879921
0.00778075
0.04641785
-0.03582973
0.02760205
-0.00472132
0.06368176
0.07187177
0.01990136
-0.00721001
-0.00447014
0.04070035
-0.03857656
0.01841889
0.03737728
-0.03204041
0.01537094
-0.03171571
-0.02230337
0.01762704
-0.00940932
0.04030258
-0.01161415
-0.00369405
0.03635335
-0.03855605
0.02348987
0.02057032
-0.00262171
0.04668113
-0.02669957
0.03155760
-0.00873582
-0.00760896
0.02479232
0.01559257
-0.02056337
0.00735406
-0.00853410
-0.00330411
-0.02732492
0.01260954
0.00833141
0.01421471
-0.00141877
0.01980926
-0.01468705
0.00728952
0.03766056
-0.03670897
0.00003637
-0.01048967
0.05090857
0.02246751
-0.00447727
-0.03516475
0.02523961
-0.01192099
0.01828163
0.02013819
0.01488133
-0.06152684
0.00623577
-0.04641190
0.01793491
-0.03179583
-0.01572915
-0.02707903
0.11816360
-0.02123757
-0.02389601
-0.00812298
-0.02098613
0.03744712
0.02846123
-0.00939922
0.05032295
0.00990798
-0.01584916
0.00112181
0.01150535
-0.03549618
-0.02022829
-0.01954853
-0.03861195
-0.02380210
0.01636372
-0.00589655
0.07594964
-0.03291591
-0.03804110
0.00828016
0.01334676
0.02316729
-0.01699997
0.01819351
0.01398084
0.05048951
0.01068087
0.02625067
0.00242030
-0.08274858
0.00819442
-0.00116975
-0.02086317
0.00458497
0.01759421
0.02137290
0.01927597
0.03211088
-0.02031933
-0.00449981
0.03439299
-0.00576661
0.02951879
-0.02281392
-0.00442952
-0.02598458
0.03481951
0.08119324
0.01941252
0.06624500
-0.03837154
-0.02697893
0.00619772
0.07671361
-0.02478139
-0.00414717
0.01008210
-0.01095531
0.02688531
0.00830132
-0.07741871
-0.00012376
-0.01596629
-0.01112715
0.02109614
0.01130563
-0.02692259
0.01415654
0.07433625
-0.01924396
0.02544523
-0.01669711
-0.73868853
0.01637425
-0.01059167
-0.00477425
-0.01855141
0.03757803
-0.01612657
0.03210415
0.02684508
-0.02920848
-0.03869063
0.02519354
0.01701472
-0.02138016
0.01438548
0.00908086
-0.00752491
-0.00260864
-0.00760629
0.02917402
-0.00384733
-0.02217287
0.02507306
-0.03633253
0.01647381
0.00644706
-0.00587067
-0.00962409
-0.00939588
-0.02150500
0.00456841
0.01771505
0.01379812
-0.00433554
-0.01437711
0.07225586
0.02406153
0.07890385
-0.01622554
0.06559068
-0.00815428
-0.02099353
-0.05217759
0.03944520
-0.01671427
-0.01782272
0.09274551
-0.03542863
-0.01032799
-0.04061136
-0.03388182
0.03479145
0.04006404
0.13812552
-0.05884342
0.17265180
0.01657574
-0.04079179
0.10142893
0.07292858
-0.06841356
0.05365572
0.05741266
0.03651519
-0.01006063
-0.13269286
-0.00910374
-0.05503306
0.12895454
-0.02189313
-0.01646937
0.12299473
0.01243979
-0.06013014
-0.10966324
-0.06435733
-0.03141877
-0.06379528
0.11524495
-0.11012808
0.02463564
0.81679153
0.16204570
0.05873869
0.03142295
0.01111572
0.12430445
0.04497109
-0.12644258
0.01442032
-0.08058749
-0.05527312
0.01246187
0.03871598
0.13864376
0.08733909
0.05952697
0.00719347
-0.05233930
-0.01904045
0.05043897
-0.00257020
-0.03475587
0.02817192
-0.00348962
0.02767266
0.01469541
0.00405008
0.03753624
-0.01659457
0.04035565
-0.00529099
-0.01386581
0.06681196
-0.04170056
0.05669211
0.02422782
0.05737489
-0.01765359
0.03855516
-0.00389586
-0.02651626
-0.00800149
0.02140566
-0.07037457
-0.01114169
0.04235474
0.03418231
0.08465358
0.00525581
-0.03040182
0.04247839
-0.00828699
-0.02503194
-0.00525653
-0.01816552
-0.02938492
0.03754629
-0.05605385
-0.00137748
0.05106029
0.07516839
0.02379669
-0.02265685
-0.01378301
-0.01732039
-0.04914919
-0.05839131
-0.01960453
0.00508844
0.07915939
-0.03854277
0.08774534
0.04749843
0.03150307
-0.03641513
-0.01371133
-0.01006581
0.06472160
-0.02259028
-0.06402516
-0.08204477
0.00313240
-0.00151421
-0.00542718
-0.02627446
0.06394803
-0.00324102
-0.01660995
-0.04080993
-0.01910286
-0.03118255
0.03654188
0.00910177
-0.06226209
0.08588293
0.02132649
-0.01978680
-0.08813819
-0.04572027
0.00293246
-0.00593408
0.02438203
0.01285315
0.05378471
-0.02046794
-0.01760067
0.02930156
0.01586936
-0.02850030
0.01888186
-0.01900777
-0.04367500
0.07325283
-0.01732837
-0.07478126
-0.04763353
-0.07734478
-0.02776455
0.00744198
0.00789648
0.01472442
-0.04377029
0.02871302
-0.06206974
-0.00788355
-0.08270679
-0.04052752
-0.01402875
0.09712909
-0.01117569
0.01083152
-0.04366680
-0.05808239
-0.01877885
-0.01599955
-0.06841124
0.01290973
0.00374534
0.04372661
-0.03032252
0.04663913
-0.01772163
-0.00356943
0.03973795
0.04767513
-0.02782300
0.06330880
0.02263063
-0.07283898
-0.02818089
0.06003843
0.00080030
-0.01425717
-0.05710762
0.00356707
0.00032164
0.06181301
-0.03428501
0.05523940
-0.04344857
-0.01940506
0.02542506
0.01401729
0.00336021
-0.03228832
0.00121376
0.01733753
-0.06530645
0.02038543
0.05252048
0.00771685
0.00714510
0.06658662
-0.04327132
-0.01986829
-0.10773904
0.08900268
-0.04051562
-0.04323988
0.00340491
-0.06391229
0.02949975
-0.00615070
-0.04564885
0.01085777
0.03500915
-0.04501455
0.05565329
0.04295073
-0.03777699
0.00491056
0.04037238
-0.03293160
-0.01385711
-0.06871015
0.04135475
-0.02817120
0.03062300
0.05037856
-0.05547582
-0.00512152
-0.00578170
0.05764339
0.02864986
-0.01824634
-0.00845573
0.00398058
0.03669967
-0.00621719
0.01849509
0.03528364
-0.07889716
-0.04749903
-0.03654662
-0.00759334
0.00991000
0.06318097
0.01745306
-0.03408022
-0.00812073
0.00423846
-0.10953692
-0.00424928
-0.01527754
0.07298995
0.00562034
-0.09534454
-0.05396947
-0.05491070
0.01439134
-0.10080305
0.07021624
-0.05834882
0.05302724
-0.05501517
-0.00793603
-0.01784354
0.04890398
0.05858617
-0.01799928
-0.03064027
0.07898632
-0.08401196
0.02431397
0.05952926
0.05529915
-0.01696351
-0.02645527
-0.04194365
0.02178977
-0.03093974
0.03950755
0.03016747
0.11516190
-0.05536431
0.01252828
0.03928797
-0.02863015
-0.09773376
-0.00019493
-0.06207947
0.11625554
-0.01968477
-0.07915951
-0.06430612
-0.02363189
0.06720810
0.03759633
-0.03838861
0.03605824
0.01094745
0.04340473
-0.05863535
0.04948296
-0.06445990
-0.04238416
-0.01571655
-0.00397935
-0.02100362
0.08728496
-0.01275467
0.03559910
0.03646684
-0.00785896
0.00532552
0.08235046
0.02912566
-0.05212267
0.01958908
-0.01296275
0.09023205
0.02099895
-0.03909787
0.04464604
0.06334328
-0.03584337
0.00651326
0.03251507
-0.01651168
0.03137703
-0.01915581
0.06327270
-0.01260628
0.05535389
0.00123883
0.03820517
-0.00363361
0.02948221
-0.03883675
-0.07042808
0.00330787
0.01297031
-0.03899252
-0.00807259
0.05178596
0.05495552
0.03521767
-0.00143640
-0.00915614
0.01292077
-0.04142801
0.06702872
0.07108236
0.09241325
0.05695245
-0.05408266
0.00708215
0.04023084
-0.03612857
-0.04786704
-0.02812889
0.05516069
-0.00305762
0.01141499
0.07711292
-0.02526415
0.08613549
0.00248227
-0.03497394
-0.02371778
-0.01281067
-0.03833428
-0.07423251
0.02924501
-0.05138259
-0.01532016
-0.03775730
0.02532482
0.00941755
0.03871061
-0.03710859
0.02526310
0.01031998
0.01633320
-0.08036002
-0.01340699
-0.04963630
-0.03701253
-0.00893061
0.03046995
0.00242193
-0.04505640
-0.00968265
-0.06917651
0.04869287
0.01676948
0.00483898
-0.03804462
0.01911957
-0.02333308
-0.02003722
0.01779302
-0.04676957
0.05111377
-0.08518682
0.03864245
-0.02486468
-0.00026651
0.07344835
0.03763836
0.04412561
0.04036755
0.08653526
-0.02299746
0.02427965
-0.05890853
-0.04887297
0.04326862
0.03882287
0.01375960
-0.00193859
0.00486788
0.02749896
-0.02277931
0.04953845
0.01684218
-0.04770449
-0.05293236
0.03521999
-0.10921267
0.04470653
-0.00194911
0.01247593
-0.03421294
0.05490911
0.07629687
-0.04813291
0.08772685
-0.10550662
-0.01397297
0.01384725
-0.04054903
0.04577794
-0.00503149
0.02020126
-0.12542047
0.09387608
-0.06012429
0.03795958
-0.09808263
-0.00911971
-0.03849810
-0.05338938
0.00648596
0.03893579
0.02672019
-0.01650227
0.04134466
0.02026336
-0.04841140
-0.04816055
-0.02241002
-0.05424769
0.07276066
-0.01400722
0.00571427
0.05663564
-0.03359222
0.02510254
0.00071348
0.01870898
-0.00083686
-0.01868973
0.05141390
0.00350724
-0.02517843
-0.07614906
0.00791795
0.00947717
-0.02951800
-0.03418007
0.06896808
0.00724401
0.01461250
0.05234889
-0.02145289
0.02304159
-0.08210167
-0.05318754
0.00682494
0.00431832
0.05234529
0.05135811
-0.01863584
0.02310890
0.00506159
-0.01202782
-0.10103380
0.02012647
0.06963924
0.06120653
-0.02036526
0.02867247
0.04592570
-0.01498305
0.02370464
-0.03418814
-0.00942488
0.02000329
0.07171382
-0.05940165
-0.03010579
0.00435088
-0.04089718
0.02305228
0.00543235
-0.08804939
0.03898350
-0.02422560
0.00871196
-0.04329677
0.06625408
0.07509498
-0.03948762
0.01522178
0.01407465
-0.07612884
0.07140253
-0.02420660
-0.13861614
0.01267429
0.02109934
0.01802962
-0.02275756
-0.01994736
-0.00060201
0.02447028
0.03117652
-0.02384272
0.01492933
-0.04115650
0.05363275
0.04079347
0.01540876
0.00341271
0.00694532
0.04535476
0.02688744
0.00749233
0.01915400
0.06702335
-0.01524579
0.01185382
0.02015136
-0.11819859
-0.00291530
0.00216885
-0.01787894
0.04383257
-0.05467188
