0.0240903161466122
-0.1041185706853867
0.0735086575150490
0.0252241902053356
0.0598230473697186
0.0449677109718323
-0.0291675347834826
-0.0569679811596870
0.0245778467506170
-0.0781550705432892
-0.1283319741487503
0.0284138415008783
0.0338561162352562
0.0822933614253998
-0.0113646946847439
0.0548906289041042
0.0372269265353680
-0.0052351192571223
-0.0571457110345364
-0.1081098318099976
0.0151055753231049
0.0070994538255036
0.0645094588398933
0.0202231649309397
-0.0108749326318502
0.0339637808501720
-0.0473414249718189
-0.0687831565737724
0.0587408021092415
0.0274346563965082
0.0839967876672745
-0.0646959319710732
0.0814016386866570
0.0525132641196251
-0.0874284654855728
0.0983108803629875
0.0572654306888580
-0.0587834082543850
-0.0515042878687382
0.0789483338594437
0.0034492909908295
-0.0687853172421455
-0.0401718318462372
0.0878670513629913
-0.0533633716404438
-0.0535174459218979
0.0609047375619411
0.0094141568988562
-0.0448894873261452
0.1384491026401520
0.0232922099530697
-0.0370616316795349
-0.0630368888378143
0.0496113039553165
-0.1062589585781097
0.0400393493473530
0.0258207228034735
-0.1223492249846458
-0.0138938734307885
0.0767579302191734
-0.0516006499528885
0.0371579825878143
0.0117402169853449
-0.0292735956609249
0.0383437611162663
0.0373021289706230
0.0333538874983788
-0.1023919060826302
0.0939504206180573
-0.0834095329046249
-0.0202923417091370
0.0898154750466347
0.0371740385890007
0.0313509888947010
-0.0929178595542908
0.0786639377474785
0.0110058626160026
-0.0793699473142624
0.0805807858705521
-0.0121269766241312
-0.0108179785311222
-0.1285957396030426
-0.0136016439646482
0.0647790431976318
-0.0102070486173034
0.0467417724430561
0.0422802940011024
-0.0021321070380509
-0.0742315724492073
0.0104406662285328
-0.0450842380523682
0.0633808001875877
-0.0527694486081600
0.0959265232086182
-0.0752419158816338
-0.0355754904448986
-0.0473708473145962
0.1048308685421944
0.0526348836719990
-0.0425489507615566
0.0210640896111727
0.0857912302017212
0.0074461209587753
-0.0107490336522460
-0.1041504442691803
-0.0514735691249371
0.0325893387198448
-0.1132797077298164
0.0081036770716310
0.0053000696934760
-0.0773651450872421
0.0279486700892448
0.0437218584120274
0.0190075710415840
-0.0169059149920940
0.1054091304540634
0.0766629129648209
-0.1256903111934662
0.0093035884201527
0.0877848714590073
0.0269658882170916
0.0634642168879509
-0.0223209690302610
0.0466465502977371
0.0904597714543343
-0.0042957295663655
0.0334479995071888
-0.0357293970882893
-0.0625427067279816
0.0084212385118008
0.0298543162643909
0.0574079155921936
0.0253898091614246
-0.1078499257564545
0.0091848094016314
0.0608125478029251
-0.0700851827859879
0.0304263588041067
0.0803493857383728
-0.0380520150065422
0.0944165810942650
-0.0496805943548679
-0.0446780808269978
-0.0710694938898087
-0.0372431017458439
0.0074751176871359
-0.1382275968790054
0.1357572823762894
0.0726871564984322
-0.1134101673960686
-0.0467811375856400
0.0788890868425369
-0.0434812866151333
0.0117445932701230
-0.0101159410551190
0.0163797326385975
0.1001298651099205
-0.0631771758198738
-0.0008493761415593
-0.0882838964462280
0.0559805557131767
-0.0233502537012100
-0.0581327266991138
-0.0634834393858910
-0.0940981730818748
-0.0545078031718731
-0.0672123581171036
0.0089127952232957
-0.0731170624494553
0.0341809280216694
-0.0048256469890475
-0.0434363856911659
-0.0783603116869926
-0.0932488292455673
0.0038126539438963
0.1223473697900772
-0.0020933269988745
0.0084463544189930
0.0841924697160721
-0.0739275366067886
0.0586365126073360
-0.0050243032164872
0.0084010912105441
-0.0027630096301436
-0.0275557041168213
0.0608453415334225
-0.0473743341863155
0.0530922785401344
-0.1091474890708923
0.1361237913370132
0.0563250817358494
-0.1439889967441559
0.0198091026395559
-0.0418211370706558
0.0480361171066761
0.0198300052434206
-0.0537071898579597
0.1148137003183365
-0.1011496260762215
0.0020833830349147
0.0929230228066444
0.0119415046647191
-0.0339542701840401
-0.0298482514917850
-0.0550092048943043
0.1128522828221321
0.0712991580367088
0.0036373462062329
0.1020694449543953
0.0082090580835938
-0.0607984028756618
0.0152249215170741
0.0500970110297203
-0.0293218418955803
-0.0367997810244560
-0.0606408528983593
0.0015001537976786
0.0260850992053747
-0.0532110743224621
-0.0025047122035176
-0.1172320544719696
-0.0132811954244971
-0.0527680702507496
0.0192516371607780
-0.0905077084898949
-0.0062446435913444
-0.0107710678130388
0.0625208169221878
0.0361081324517727
0.0150061510503292
0.0078165251761675
0.0702262073755264
-0.0464484766125679
-0.0933530926704407
0.0088237244635820
0.0075214225798845
-0.0592677630484104
0.0051187900826335
0.0874356776475906
0.0543935149908066
-0.1144004166126251
-0.0132574168965220
0.0070417211391032
-0.0301635172218084
-0.0534258708357811
-0.0235607977956533
0.0336741432547569
0.1376003772020340
-0.0580165944993496
-0.0478274896740913
0.0557694025337696
-0.0912638604640961
0.0685079917311668
0.0812838226556778
-0.0506745539605618
-0.0340859107673168
-0.0349501781165600
-0.0423570349812508
-0.1207578405737877
-0.0878328010439873
-0.0339063927531242
-0.0712012127041817
-0.0297549981623888
0.0815736278891563
-0.0146907810121775
0.1848796010017395
-0.0975659340620041
0.1309401839971542
0.0578801631927490
0.1333808451890945
-0.0600978322327137
-0.1073427349328995
-0.3747133612632751
-0.0551377944648266
0.0524767227470875
-0.2548922002315521
-0.0359397977590561
-0.1058688908815384
0.0547862797975540
0.0916796252131462
0.0824295654892921
-0.0337278507649899
-0.1515857577323914
-0.1343773454427719
0.0050920406356454
-0.0668790638446808
-0.1768206506967545
-0.0843327194452286
-0.0895534679293633
-0.1614102125167847
-0.2525764107704163
-0.1387491524219513
0.0612004138529301
0.0796447321772575
0.0008180662407540
-0.0641064792871475
0.0030581029132009
-0.0920041427016258
0.0683879926800728
-0.0472210012376308
-0.0753440782427788
0.0664619952440262
0.1805646419525146
-0.2455239444971085
-0.0938530117273331
0.0054634907282889
0.0579525567591190
-0.0014469743473455
0.0168570484966040
-0.1168811917304993
0.0319354496896267
-0.1525059789419174
0.1697922796010971
0.1425002813339233
-0.1579368263483047
0.2253939062356949
-0.0669333040714264
0.3059506416320801
-0.0667978078126907
-0.0955897122621536
-0.0561628341674805
0.0439190194010735
0.0216948874294758
-0.0057659232988954
0.0130096543580294
-0.0465459637343884
-0.0095287067815661
0.0767867788672447
-0.0609118305146694
-0.0350037999451160
-0.0249221753329039
0.0612600147724152
0.0298236124217510
0.0239315126091242
-0.0626244246959686
0.0285470467060804
-0.0424431897699833
-0.0055526765063405
-0.0287451874464750
-0.0449847318232059
-0.0385985411703587
-0.0160183664411306
-0.0722753703594208
-0.0525173582136631
0.0422195903956890
0.0027556223794818
-0.0452777966856956
-0.0341807790100574
0.0297332424670458
-0.0437563918530941
0.0184220653027296
-0.0674135982990265
0.0269692707806826
0.0661260187625885
0.0428864881396294
-0.0552126094698906
-0.0509312711656094
0.0371027477085590
-0.0864153355360031
-0.0028946106322110
-0.0592875853180885
-0.0456855073571205
-0.0906400904059410
-0.0068402974866331
0.0104374121874571
0.0356314517557621
0.0101487636566162
-0.0016261170385405
-0.0178009700030088
-0.0459387898445129
-0.0201366730034351
-0.0317153558135033
-0.0683760866522789
0.0639884099364281
0.0211834739893675
-0.0135522997006774
0.0083236815407872
0.0225657932460308
0.0304897297173738
-0.0150562152266502
-0.0613391734659672
-0.0280836876481771
0.0449311472475529
0.0282624252140522
-0.0408367402851582
-0.0628697127103806
0.0435659848153591
-0.0786147564649582
-0.0671871453523636
0.0736738815903664
0.0116130961105227
-0.0390690490603447
0.0494333282113075
-0.0841226205229759
0.0472900830209255
-0.0141330286860466
-0.0103187346830964
-0.0462883263826370
-0.0866349786520004
0.0287993084639311
-0.0810358375310898
-0.0283421687781811
0.0701036527752876
0.0590701662003994
0.0064308410510421
-0.0578856877982616
-0.0884431228041649
-0.0327430628240108
-0.0102694323286414
0.0459649004042149
0.0130086923018098
0.0858803167939186
0.0843947380781174
-0.0642405822873116
-0.0323547162115574
0.0105196991935372
0.0173695236444473
-0.0477697327733040
0.0263343155384064
0.0179985780268908
-0.0471349395811558
0.0401229411363602
0.0445419177412987
0.0368984304368496
-0.0208217334002256
0.0870440602302551
-0.0574361085891724
0.0230535902082920
-0.0535484068095684
-0.0002464606368449
-0.0976886227726936
-0.0428375303745270
0.0061173634603620
-0.0070472043007612
0.0201251115649939
0.0423469021916389
0.0176056101918221
0.0229185614734888
0.0477475449442863
-0.0646971240639687
-0.0219118278473616
0.0262090507894754
0.0320757180452347
-0.0305512342602015
0.0300807319581509
-0.0065594655461609
0.0197411235421896
-0.0138840582221746
-0.0303107518702745
-0.0580023862421513
0.0503759346902370
0.0672563686966896
0.0081906793639064
-0.0071477796882391
-0.0381517596542835
0.0268890373408794
0.0255993641912937
-0.0799868106842041
0.0263733901083469
0.0011260431492701
0.0732089355587959
0.0359535478055477
0.0565191060304642
-0.0198857970535755
-0.0105707859620452
0.0472999364137650
-0.1153679862618446
0.0027523043099791
0.0117075452581048
0.0046160845085979
-0.0333410315215588
-0.0134064173325896
0.0112412441521883
-0.0062440363690257
-0.0046439492143691
0.0547641254961491
-0.0441008619964123
0.0133654680103064
0.0250829085707664
-0.0509365536272526
-0.0083113787695765
-0.0139980576932430
-0.0061327102594078
-0.0225008781999350
-0.0569024793803692
-0.0595409758388996
-0.0249709431082010
-0.0476780459284782
-0.0629579648375511
0.0388209261000156
0.0062739746645093
-0.0134331099689007
-0.0253051761537790
0.0234668161720037
-0.0436659008264542
0.0145129933953285
0.0183267239481211
0.0557429455220699
0.0803773626685143
0.0319896824657917
-0.0181907601654530
0.0599872507154942
0.0030526740010828
-0.0219773314893246
-0.0679864063858986
-0.0581865683197975
-0.0506046339869499
-0.0444469414651394
-0.0230251308530569
0.0390725769102573
-0.0341739654541016
-0.0553887300193310
0.0178002566099167
-0.0416459143161774
0.0137778325006366
0.0993645787239075
-0.0652438923716545
-0.0024940397124738
0.0370335131883621
0.0650375038385391
-0.0021454850211740
0.0848877355456352
-0.0051326621323824
-0.0362758673727512
-0.0010954764438793
0.0745354890823364
0.0435659103095531
0.0049122842028737
-0.0826495885848999
0.0290294159203768
0.0615576133131981
-0.0514121465384960
-0.0928013995289803
-0.0820929929614067
-0.0422092936933041
0.0169545970857143
0.0654445141553879
0.0888360813260078
0.0458755344152451
-0.0857835039496422
0.0093418117612600
-0.0417794510722160
0.0208063703030348
-0.0125957624986768
0.0403985083103180
-0.0167225245386362
0.0559177808463573
0.0290391035377979
-0.0060479510575533
-0.0524449124932289
0.0326741002500057
0.0310533177107573
0.0161764975637197
0.0343730486929417
-0.0230236891657114
-0.0020058522932231
0.0203607417643070
-0.0312519557774067
-0.0162544418126345
0.0142780411988497
-0.0583900958299637
0.0398168936371803
0.0181361716240644
0.0121574224904180
0.0409196987748146
-0.0537988431751728
0.0790003165602684
-0.0167274586856365
0.0342065282166004
-0.0033651036210358
0.0648968815803528
-0.0176194012165070
-0.0017252514371648
-0.0291426051408052
-0.0241274237632751
0.0004589651944116
-0.0481087639927864
0.0656073689460754
-0.0181403476744890
0.0311216302216053
0.0108216712251306
0.0357121080160141
0.0377436242997646
0.0621365718543530
-0.0018632262945175
-0.0118087148293853
0.0213510617613792
-0.0339347496628761
-0.0833085998892784
0.0333741940557957
-0.0173932518810034
0.0471366047859192
-0.0746324583888054
-0.0671402812004089
-0.0220535472035408
0.0366946719586849
-0.0808481499552727
-0.0613968819379807
0.0337575711309910
0.0606885775923729
-0.0488395057618618
0.0112307211384177
0.0253744702786207
-0.0108653232455254
-0.0185830146074295
-0.0392479337751865
0.0098038623109460
0.0507717579603195
-0.0750044360756874
-0.0428461916744709
-0.0624562911689281
0.0544514134526253
-0.0586210750043392
0.0428119897842407
0.0518821403384209
-0.0232968293130398
-0.0619154870510101
-0.0200688336044550
-0.0686958804726601
0.0096719544380903
0.0331696756184101
-0.0100828334689140
-0.0312074907124043
0.0293869208544493
0.0496999844908714
0.0069671105593443
-0.0113891121000051
-0.0048158257268369
-0.0007031619898044
-0.0442224256694317
-0.0233444254845381
-0.0067732762545347
-0.0168224349617958
0.0829214304685593
-0.0292179249227047
-0.0441899672150612
-0.0693249776959419
0.0373912118375301
-0.0333076715469360
0.0370659530162811
-0.0184126328676939
0.0718849226832390
0.1101046875119209
0.0153356594964862
0.0334953032433987
-0.0278513040393591
-0.0618023239076138
0.0772178322076797
0.0366197638213634
-0.0098539637401700
0.0000436187037849
0.0359464846551418
0.0094062518328428
-0.0435257665812969
0.0011956141097471
-0.0718264728784561
0.0711106956005096
0.0453213565051556
0.0613317228853703
-0.0441312305629253
0.0688519701361656
0.0154973631724715
-0.0686895400285721
-0.0129485800862312
0.0766190215945244
0.0821228474378586
-0.0191469080746174
-0.0408991426229477
-0.0232085343450308
-0.0251503624022007
0.0066662775352597
-0.0219043493270874
0.0227370224893093
0.0098937610164285
-0.0252457931637764
0.0119746839627624
-0.0405367240309715
0.0067047351039946
0.0893519818782806
0.0328076556324959
0.0802594721317291
0.0573467612266541
-0.0743628591299057
0.0028484126087278
-0.0422739349305630
-0.0537401326000690
0.0280697029083967
0.0484886206686497
-0.0097579881548882
0.0142328189685941
-0.0645887628197670
-0.0140593517571688
-0.0169493351131678
-0.0121880583465099
-0.0050064721144736
-0.0320566669106483
0.0001547352148918
0.0175581220537424
-0.0630233511328697
0.0133574102073908
0.0169504527002573
-0.0241536851972342
-0.0969787091016769
0.0376457981765270
0.0504691191017628
-0.0119874840602279
0.0441958270967007
0.0567408688366413
-0.0276366956532001
0.0405587553977966
0.0211102738976479
0.0428062379360199
-0.0061462204903364
-0.0219809748232365
-0.0340527668595314
-0.0066813956946135
0.0202297680079937
-0.0589709170162678
0.0152678918093443
-0.0003317571536172
-0.0217226650565863
-0.0056167049333453
0.0211922079324722
-0.0125257465988398
0.0031814102549106
-0.0059081306681037
0.0324539765715599
-0.0456457957625389
0.0486090928316116
-0.0610857531428337
-0.0451315417885780
0.0745491459965706
-0.0067297536879778
-0.0366915129125118
-0.0286329295486212
0.0042145592160523
0.0139677710831165
0.0943893045186996
0.0827951133251190
0.0316306501626968
0.0150874014943838
-0.0624255016446114
0.0034729414619505
0.0614275522530079
-0.0585111603140831
-0.0376637391746044
0.0319439768791199
-0.0465281009674072
0.0348289012908936
-0.0330527834594250
0.0162509698420763
-0.0651023387908936
-0.0368250273168087
0.0209625586867332
0.0767259299755096
-0.0288163218647242
0.0762395933270454
-0.0884064584970474
-0.0351385027170181
0.0520665459334850
-0.0201302319765091
0.0673540160059929
0.0553029328584671
0.0105884391814470
0.0247547831386328
-0.0013426833320409
0.0582782104611397
-0.0301347598433495
0.0192638356238604
-0.0247792936861515
0.0227409955114126
-0.0100076608359814
-0.0244895443320274
-0.0030290300492197
0.0599085539579391
0.0173271205276251
0.0209198910742998
-0.0495996810495853
0.0485468059778214
-0.0168263670057058
-0.0606153123080730
0.0460459217429161
0.0698366835713387
0.0094346655532718
0.0701939761638641
-0.0423507578670979
0.0475198663771152
-0.0320176221430302
0.0409128144383430
0.0714507848024368
-0.0174537263810635
0.0392814688384533
-0.0182264894247055
0.0351080782711506
0.0915524140000343
0.0195229444652796
-0.0019855804275721
-0.0728953331708908
0.0840798690915108
0.0441015437245369
-0.0211036838591099
0.0142437312752008
-0.0139473136514425
0.0055253752507269
0.0045679342001677
-0.0269763506948948
-0.0009699403890409
-0.0183929409831762
0.0392983593046665
-0.0425712689757347
0.0034103444777429
-0.0444736480712891
-0.0889527648687363
-0.0331546217203140
-0.0037892686668783
0.1064705997705460
0.0342484377324581
0.0541652701795101
0.0421659424901009
0.0619688369333744
0.0183861739933491
-0.0588671974837780
0.0288349390029907
-0.0112377246841788
0.0128601193428040
-0.0486629940569401
0.0286237876862288
0.0344662703573704
0.0011782241053879
0.0587617009878159
0.0109612019732594
-0.0491618476808071
