0.0569641329348087
-0.0811254605650902
0.0516672208905220
0.0887469127774239
0.0659079104661942
0.0632221102714539
-0.0212706401944160
-0.1392550915479660
0.0209511797875166
-0.0452793948352337
-0.1171921044588089
-0.0075141158886254
0.0369260236620903
0.1102110892534256
-0.0364668369293213
0.0422327183187008
0.0974848270416260
0.0031624264083803
-0.0433285050094128
-0.0871674790978432
0.0257221441715956
-0.0167555585503578
0.0569459199905396
-0.0037163391243666
-0.0666546747088432
0.0717388018965721
-0.0387022048234940
-0.0501918718218803
0.0393991954624653
0.0384005457162857
0.0301926992833614
-0.0812543630599976
0.0358249768614769
0.0060009309090674
-0.0912407860159874
0.0787822678685188
0.0456954836845398
-0.0524029918015003
-0.0130540700629354
0.0212790966033936
-0.0281085390597582
0.0120287863537669
-0.0186949539929628
0.0924766436219215
-0.0520969778299332
-0.0940755680203438
0.0279853716492653
0.0235455762594938
-0.0530255772173405
0.0973262488842010
0.0420983880758286
-0.0190879590809345
-0.0195010583847761
0.0045321597717702
-0.1121141165494919
0.0650183185935020
-0.0030537126585841
-0.0602634139358997
0.0295112300664186
0.0764833986759186
-0.0288998261094093
0.0143243744969368
-0.0033230949193239
0.0143677303567529
0.0850204899907112
0.0177976842969656
0.0511211976408958
-0.0656921267509460
0.0958916768431664
-0.1448425650596619
0.0015832815552130
0.0914560928940773
-0.0024476461112499
0.0448715090751648
-0.0656243264675140
0.0541317351162434
0.0326345413923264
-0.1081691086292267
0.1559908688068390
0.0120756886899471
-0.0210493393242359
-0.1399620920419693
-0.0219336468726397
0.0453328602015972
-0.0254640150815248
0.0392831191420555
-0.0372788459062576
0.0228324234485626
-0.0624188594520092
-0.0651493594050407
-0.0190261639654636
0.0208027828484774
-0.0332872681319714
0.0572921484708786
-0.1108064353466034
-0.0651702284812927
-0.0579031445086002
0.1540588587522507
0.0691202953457832
-0.0061601148918271
0.0274485610425472
0.1236344054341316
-0.0250746253877878
-0.0613205991685390
-0.1305665820837021
-0.0121021997183561
0.0093711884692311
-0.1003336831927299
-0.0053133354522288
0.0184223186224699
-0.0269246362149715
0.0527384541928768
0.0293627399951220
0.0489247106015682
-0.0140309678390622
0.1067506223917007
0.0313843004405499
-0.1182816103100777
0.0249437130987644
0.1036965996026993
0.0455307178199291
0.0220251120626926
-0.0191148500889540
0.0562085099518299
0.0172134358435869
0.0277217607945204
0.0124541958793998
-0.0330105684697628
-0.0541507266461849
-0.0272424388676882
0.0164360217750072
0.0397052466869354
0.0541628487408161
-0.1304126232862473
0.0118774594739079
0.0462251417338848
-0.0716682597994804
0.0619321949779987
0.0668199211359024
-0.0479246526956558
0.0807523205876350
-0.0922282636165619
-0.0817414671182632
-0.0516054369509220
-0.0195368826389313
0.0365450829267502
-0.1433962881565094
0.1420170217752457
0.0648251473903656
-0.0923163965344429
-0.0485620982944965
0.0658340007066727
-0.0227650683373213
0.0367814861238003
0.0577855929732323
-0.0176559258252382
0.1033779829740524
-0.0818719714879990
-0.0002946626045741
-0.1185136735439301
0.0446451008319855
-0.0169039070606232
-0.0230848491191864
-0.0358103252947330
-0.0609733462333679
-0.0978272259235382
-0.0501219332218170
0.0281360615044832
-0.0332681871950626
0.0108876936137676
-0.0110901491716504
-0.0503019355237484
-0.0650907009840012
-0.0604465007781982
0.0143211977556348
0.1198695972561836
-0.0539759621024132
-0.0123037630692124
0.0755983889102936
-0.0596936978399754
0.0377978123724461
0.0113051626831293
0.0051179472357035
-0.0196724403649569
-0.0016225107247010
0.1148213297128677
-0.0921340584754944
0.0275728497654200
-0.1108907759189606
0.1569047570228577
0.1141686290502548
-0.1369407624006271
0.0495226792991161
-0.0369561016559601
0.0190768502652645
0.0534366220235825
-0.0214413646608591
0.1167751774191856
-0.1121550425887108
0.0331479720771313
0.0360101610422134
0.0439932458102703
0.0090223820880055
-0.0213492643088102
0.0004841206537094
0.0621111206710339
0.0368169918656349
0.0023532803170383
0.0880449861288071
-0.0213978737592697
-0.0437112040817738
0.0381721034646034
0.0227143019437790
-0.0649145618081093
-0.0000583412656852
-0.0140105299651623
-0.0110925193876028
0.0035449436400086
-0.0256840307265520
0.0032043524552137
-0.0827687233686447
0.0522072799503803
0.0157154910266399
0.0089340507984161
-0.0508728995919228
-0.0061553027480841
-0.0386630222201347
-0.0056474674493074
0.0195841994136572
-0.0349742881953716
0.0384234152734280
0.0966113433241844
-0.0852426141500473
-0.0408644005656242
0.0060765799134970
-0.0084955859929323
-0.0151046756654978
0.0140434904024005
0.0723204091191292
0.0186312869191170
-0.1002147570252419
-0.0045670019462705
0.0268910285085440
-0.0415915399789810
-0.0532051846385002
0.0115763358771801
0.0607008747756481
0.1853452324867249
-0.0043586925603449
-0.0088439751416445
0.1059321984648705
-0.0349656157195568
0.0399800613522530
0.0704117044806480
-0.0141628505662084
-0.0118897752836347
-0.0843228921294212
-0.0750235691666603
-0.1225230023264885
-0.0931488350033760
0.0035569684114307
-0.1144878566265106
0.0016043188516051
0.1407597512006760
0.0073304898105562
0.0630871728062630
-0.1064043045043945
0.0624647960066795
0.0751826688647270
0.1648090630769730
-0.0753917396068573
-0.0302479937672615
-0.3415122032165527
-0.0138822579756379
0.0871201604604721
-0.2571085095405579
-0.0306046213954687
-0.0601289905607700
0.0026862113736570
-0.0332171097397804
-0.0059168809093535
-0.0380696430802345
-0.1913773715496063
-0.1870042085647583
0.0470155477523804
-0.0513897500932217
-0.1370383352041245
-0.0214968360960484
-0.0420599430799484
-0.1403197497129440
-0.2418928146362305
-0.1001764833927155
0.0734215825796127
0.0307166110724211
-0.0239084288477898
-0.1354153901338577
-0.0190760698169470
-0.0592157207429409
0.0544194839894772
-0.0717160701751709
-0.0748536586761475
0.0166187789291143
0.1972756236791611
-0.2839768528938293
-0.1107709258794785
0.0232729744166136
-0.0234406143426895
0.0308478828519583
0.0432848297059536
-0.1374521404504776
0.0403592325747013
-0.2550206184387207
0.1355183422565460
0.0892567038536072
-0.2037630528211594
0.1741679757833481
0.0157370660454035
0.3475394845008850
-0.0242462493479252
-0.0663225278258324
-0.0625625848770142
0.0516956448554993
0.0171733219176531
0.0091269398108125
0.0079006869345903
-0.0562072992324829
-0.0075263795442879
0.0729438066482544
-0.0790577754378319
-0.0595409125089645
-0.0202054455876350
0.0342231690883636
0.0217134263366461
0.0554761551320553
-0.0318643860518932
0.0368080548942089
-0.0387205332517624
-0.0218995362520218
-0.0222679860889912
-0.0669447258114815
-0.0328046679496765
-0.0136898988857865
-0.0755210593342781
-0.0568250790238380
0.0511882267892361
-0.0081589976325631
-0.0263630505651236
-0.0221228878945112
0.0436433106660843
-0.0193086769431829
0.0316112674772739
-0.0601367354393005
0.0203793440014124
0.0885890722274780
0.0416004136204720
-0.0336766280233860
-0.0510485284030437
0.0111566223204136
-0.0632441788911819
0.0010095635661855
-0.0570900626480579
-0.0517087951302528
-0.0561177469789982
-0.0247085131704807
0.0170374698936939
0.0444175973534584
-0.0013302859151736
0.0105415917932987
0.0045089968480170
-0.0570935048162937
-0.0049768476746976
-0.0170344915241003
-0.0642213821411133
0.0754226073622704
0.0269984845072031
-0.0187791641801596
0.0233068056404591
0.0218367166817188
0.0285544525831938
-0.0099367890506983
-0.0681217461824417
-0.0091305617243052
0.0215948261320591
0.0274694133549929
-0.0365986302495003
-0.0600104406476021
0.0536858998239040
-0.0788972675800323
-0.0755401998758316
0.0658232048153877
0.0022526113316417
-0.0513592697679996
0.0589966699481010
-0.0928233042359352
0.0631622597575188
0.0013766137417406
-0.0022424797061831
-0.0499172843992710
-0.0755379050970078
0.0026475228369236
-0.0733173787593842
-0.0181573852896690
0.0774279832839966
0.0394690968096256
-0.0206126738339663
-0.0449663102626801
-0.1028903946280479
-0.0558808967471123
-0.0029860471840948
0.0470365658402443
0.0205003358423710
0.0743032693862915
0.0707178488373756
-0.0590956024825573
-0.0289326589554548
0.0182367675006390
0.0097086606547236
-0.0320534296333790
0.0237404685467482
-0.0018353222403675
-0.0367030054330826
0.0477188974618912
0.0393701605498791
0.0191817544400692
-0.0135657554492354
0.0759536251425743
-0.0675462484359741
0.0262970663607121
-0.0547383688390255
-0.0145990755409002
-0.0952883586287498
-0.0455041043460369
0.0091484980657697
-0.0009751933394000
0.0288927797228098
0.0298613030463457
-0.0086861196905375
0.0370259061455727
0.0497215799987316
-0.0700721070170403
-0.0112737203016877
0.0455261245369911
0.0494868084788322
-0.0275155492126942
0.0457229688763618
-0.0017227611970156
0.0263260137289762
-0.0224311724305153
-0.0400399379432201
-0.0396502651274204
0.0606565624475479
0.0604929924011230
0.0034651381429285
-0.0006609319825657
-0.0398421399295330
0.0303265955299139
0.0112754497677088
-0.0758320614695549
0.0225199833512306
-0.0063089760951698
0.0830399319529533
0.0239386484026909
0.0708236470818520
-0.0215631648898125
0.0009558158344589
0.0337248109281063
-0.0963514670729637
0.0144696850329638
0.0180202946066856
0.0001693615195109
-0.0466998480260372
-0.0381396748125553
0.0055000134743750
-0.0134238433092833
-0.0031759107951075
0.0538890808820724
-0.0286769829690456
0.0163373872637749
0.0125205786898732
-0.0497714318335056
-0.0132872769609094
-0.0032403615768999
-0.0129381036385894
-0.0320818014442921
-0.0522649809718132
-0.0674083083868027
-0.0329952873289585
-0.0458740480244160
-0.0724236592650414
0.0535266771912575
0.0233026221394539
-0.0086525641381741
-0.0188949480652809
0.0309494864195585
-0.0319717563688755
0.0048519074916840
0.0317835323512554
0.0581330582499504
0.1054822951555252
0.0408667586743832
-0.0117113953456283
0.0646608099341393
0.0048796185292304
-0.0082481978461146
-0.0477937273681164
-0.0804448127746582
-0.0611800327897072
-0.0197996832430363
-0.0305821318179369
0.0590398572385311
-0.0222915876656771
-0.0555550716817379
0.0053659635595977
-0.0478257238864899
0.0083223376423120
0.1004558950662613
-0.0414896309375763
0.0060282205231488
0.0366824977099895
0.0823043286800385
-0.0160298049449921
0.0829438418149948
0.0057245944626629
-0.0444014482200146
-0.0117635708302259
0.0431696139276028
0.0375432297587395
-0.0022927694953978
-0.0831991881132126
0.0068822400644422
0.0502604879438877
-0.0399991683661938
-0.1071638911962509
-0.0830266028642654
-0.0268251188099384
0.0176799148321152
0.0411837175488472
0.0718290731310844
0.0562831573188305
-0.0543399043381214
-0.0137665634974837
-0.0279696509242058
0.0020073140040040
-0.0073113967664540
0.0471974611282349
-0.0227792579680681
0.0556124709546566
0.0380268730223179
-0.0149134825915098
-0.0568578280508518
0.0188959389925003
0.0526273287832737
0.0024174330756068
0.0300177354365587
-0.0133184446021914
-0.0157022960484028
-0.0091840177774429
-0.0256429873406887
-0.0293440259993076
0.0050335419364274
-0.0377209931612015
0.0259462017565966
0.0100425956770778
-0.0091719049960375
0.0495473034679890
-0.0607486292719841
0.0697523504495621
-0.0421281382441521
0.0295403562486172
-0.0218498408794403
0.0544633455574512
-0.0269497688859701
-0.0080964313820004
-0.0187000781297684
0.0027489832136780
-0.0095577547326684
-0.0193750020116568
0.0699778944253922
-0.0343379378318787
0.0422682873904705
-0.0067775496281683
0.0393211990594864
0.0108007006347179
0.0447434559464455
-0.0237417351454496
-0.0190991461277008
0.0294404253363609
-0.0563986524939537
-0.0815081447362900
0.0274448934942484
-0.0344566591084003
0.0349484533071518
-0.0705935582518578
-0.0766190513968468
-0.0210113208740950
0.0335469543933868
-0.0818243250250816
-0.0501202866435051
0.0381100215017796
0.0725833922624588
-0.0432842224836349
0.0272685959935188
0.0312359593808651
-0.0100065832957625
-0.0338113568723202
-0.0447372905910015
0.0279858577996492
0.0526578463613987
-0.0708188116550446
-0.0313228629529476
-0.0304976049810648
0.0451134704053402
-0.0521783716976643
0.0423334538936615
0.0652078390121460
-0.0276428163051605
-0.0443437919020653
-0.0323497354984283
-0.0693079158663750
0.0146545758470893
0.0263554509729147
-0.0024864792358130
-0.0423170961439610
0.0382505394518375
0.0503749921917915
-0.0059679453261197
-0.0188401732593775
-0.0008228848455474
-0.0199929364025593
-0.0296429935842752
-0.0199304502457380
-0.0126913692802191
-0.0408732704818249
0.0834951549768448
-0.0254320241510868
-0.0361584089696407
-0.0715960189700127
0.0397678390145302
-0.0371150933206081
0.0508648492395878
-0.0174195747822523
0.0872003734111786
0.1123239248991013
0.0114089148119092
0.0421755276620388
-0.0373669192194939
-0.0742808729410172
0.0550974458456039
0.0454325005412102
0.0063349590636790
-0.0050277975387871
0.0443943738937378
-0.0126595133915544
-0.0570445694029331
-0.0223985370248556
-0.0548586696386337
0.0779941752552986
0.0304977223277092
0.0625882074236870
-0.0566078722476959
0.0699106082320213
0.0105577530339360
-0.0813007876276970
0.0003122395137325
0.0909745991230011
0.0716196745634079
-0.0208603758364916
-0.0516251921653748
0.0022350065410137
-0.0439672693610191
0.0236630998551846
-0.0116980029270053
0.0181205719709396
0.0240275356918573
-0.0344484522938728
0.0098380232229829
-0.0429661385715008
0.0217137988656759
0.0811878368258476
0.0340076014399529
0.0869960486888885
0.0512679442763329
-0.0641419664025307
0.0121155008673668
-0.0317774340510368
-0.0393052883446217
0.0393650531768799
0.0653969049453735
-0.0050212661735713
0.0145360659807920
-0.0721855461597443
-0.0071007166989148
-0.0094708502292633
0.0053337346762419
0.0029838276095688
-0.0079635996371508
0.0352656058967113
0.0223950799554586
-0.0658335313200951
0.0168759506195784
0.0057377982884645
-0.0253859478980303
-0.0775097012519836
0.0354541689157486
0.0437484011054039
-0.0242116414010525
0.0399996079504490
0.0737749040126801
-0.0355161949992180
0.0459568761289120
0.0187380816787481
0.0418313704431057
0.0031540559139103
-0.0172326862812042
-0.0381261557340622
-0.0326585434377193
0.0476131141185760
-0.0555608049035072
-0.0072639719583094
0.0070034861564636
-0.0069365613162518
0.0052501759491861
0.0248235967010260
-0.0128112686797976
0.0260740090161562
0.0115954186767340
0.0347107611596584
-0.0617525726556778
0.0574610196053982
-0.0511727221310139
-0.0479119978845119
0.0570493750274181
-0.0011915751965716
-0.0208300221711397
-0.0099591678008437
-0.0137178758159280
0.0286788772791624
0.1063171029090881
0.0831526592373848
0.0163786709308624
0.0170556586235762
-0.0465100184082985
0.0139140803366899
0.0473399832844734
-0.0534145459532738
-0.0331661030650139
0.0327218994498253
-0.0424286872148514
0.0199070088565350
-0.0231888461858034
0.0015264350222424
-0.0629506707191467
-0.0338772758841515
0.0100581459701061
0.0759504809975624
-0.0302024595439434
0.0743203237652779
-0.0660652741789818
-0.0354026593267918
0.0429172255098820
-0.0432022884488106
0.0719956681132317
0.0667835325002670
0.0006451137596741
0.0002967150940094
-0.0108815738931298
0.0754928886890411
-0.0144906910136342
0.0160709396004677
-0.0261606592684984
0.0401387065649033
-0.0093626547604799
0.0168212577700615
0.0020681119058281
0.0706766769289970
0.0076394882053137
0.0239627100527287
-0.0541901923716068
0.0378392338752747
-0.0178193077445030
-0.0384050682187080
0.0355759188532829
0.0728777274489403
0.0254402048885822
0.0638750419020653
-0.0357929505407810
0.0427002161741257
-0.0255289599299431
0.0273698866367340
0.0706478506326675
-0.0277196019887924
0.0255930684506893
-0.0070187030360103
0.0516102984547615
0.1004481911659241
0.0125391995534301
0.0178778413683176
-0.0641792714595795
0.0833833590149879
0.0341565683484077
-0.0275755282491446
0.0023073097690940
-0.0128652388229966
0.0120860524475574
0.0100262500345707
-0.0040028071962297
0.0204006228595972
0.0008907487499528
0.0250958185642958
-0.0435356013476849
-0.0106243966147304
-0.0434048809111118
-0.0885239392518997
-0.0584598556160927
0.0103759719058871
0.0984657332301140
0.0331724472343922
0.0230722073465586
0.0505964159965515
0.0666700303554535
0.0452328808605671
-0.0616630427539349
0.0195034518837929
0.0083373636007309
0.0275234095752239
-0.0542175211012363
0.0195609927177429
0.0349838472902775
-0.0165488868951797
0.0551178753376007
0.0325635448098183
-0.0647828280925751
