0.0077940677292645
-0.0964380949735641
0.0956858024001122
0.0525028742849827
0.0557012781500816
0.0180814471095800
-0.0652955099940300
-0.0310953892767429
-0.0424645431339741
-0.0670570284128189
-0.0933349728584290
0.0579570159316063
0.0574738159775734
0.0774466693401337
0.0279262270778418
0.1141665801405907
0.0417462475597858
-0.0172642134130001
-0.1017581075429916
-0.0524688139557838
-0.0226949565112591
-0.0064998050220311
0.0845500603318214
-0.0291183330118656
0.0003887797647621
0.0525698214769363
-0.0428711660206318
0.0019468606915325
0.0071453130804002
0.0948776602745056
0.0674301460385323
-0.0822753906250000
0.0934202373027802
0.0223609264940023
-0.0196082741022110
0.0625047236680984
0.1161222830414772
-0.0077844667248428
-0.0607292763888836
-0.0001694135717116
0.0206066761165857
-0.0620871484279633
-0.0431096069514751
0.0225322917103767
-0.0802538171410561
-0.0901071950793266
0.0931980162858963
-0.0074329152703285
-0.0820625126361847
0.1268106698989868
-0.0342707447707653
-0.0879771634936333
-0.0647525116801262
0.0525796376168728
-0.0990129411220551
0.0616218149662018
0.0224380660802126
-0.0538321696221828
0.0246203802525997
0.0752196311950684
-0.0260215774178505
0.0096794888377190
-0.0524830296635628
-0.0851326808333397
0.0125349052250385
0.0178521107882261
0.0529008992016315
-0.1013339161872864
0.1102113053202629
-0.0930177941918373
-0.0185033939778805
0.1030967757105827
0.0762392729520798
0.0550581999123096
-0.0641098022460938
0.0885132476687431
-0.0720285549759865
-0.0110637526959181
0.0848905295133591
0.0491906702518463
-0.0194818526506424
-0.1256187260150909
0.0565594919025898
0.0123908277601004
0.0647761523723602
0.0298480540513992
0.1125985756516457
0.0610830485820770
-0.0416355393826962
0.0679055899381638
-0.0668655112385750
0.0643579736351967
-0.0931557640433311
0.0695252716541290
-0.0442799739539623
-0.0055668717250228
0.0344127826392651
0.1313216239213943
0.1165584325790405
-0.0569733977317810
-0.0208651907742023
0.1105480566620827
0.0838454067707062
-0.0692598000168800
-0.0746919512748718
-0.0357775688171387
0.0378737784922123
-0.0682515427470207
0.0213045272976160
0.0043349717743695
-0.0335990823805332
0.0700367540121078
0.0240193624049425
-0.0107561303302646
-0.0162808205932379
0.0481479018926620
0.0325471758842468
-0.0892191678285599
0.0293361563235521
0.0508244149386883
-0.0033603340853006
0.0536816045641899
0.0625348389148712
0.0671972185373306
0.0698916316032410
-0.0471285656094551
0.0151495095342398
-0.0161696877330542
-0.0495732463896275
-0.0449860803782940
0.0800078436732292
0.0808373019099236
0.0226582400500774
-0.0814670771360397
-0.0084836483001709
0.0236971899867058
-0.0608541332185268
0.0453180521726608
0.0280356667935848
-0.0493436865508556
0.0543184466660023
0.0011294137220830
-0.0693292617797852
-0.1027289628982544
-0.0107690673321486
0.0281793642789125
-0.1416990756988525
0.0390797592699528
0.0552408322691917
-0.1066610068082809
0.0305853281170130
0.0716059878468513
-0.0300288777798414
0.0419186800718307
0.0173578206449747
-0.0529009252786636
0.0878932252526283
-0.0872392952442169
-0.0195025820285082
-0.0712585523724556
0.0423451587557793
-0.0480533391237259
-0.0470820926129818
0.0142059363424778
-0.0836340263485909
0.0048864413984120
-0.0831803828477859
0.0150587130337954
-0.0654793158173561
0.1023034453392029
0.0458697415888309
-0.1048208922147751
-0.0724431127309799
-0.0889806523919106
-0.0547390468418598
0.0971292480826378
-0.0661705359816551
-0.1101060360670090
0.0264685489237309
-0.0547833554446697
0.0674300566315651
0.0039603309705853
0.0522700697183609
-0.0676713958382607
-0.0863613858819008
0.0615512914955616
-0.0785303041338921
0.0671793892979622
-0.0611221157014370
0.0973690003156662
0.0260408166795969
-0.1318982094526291
-0.0436184331774712
0.0680473148822784
0.0271120090037584
0.0889822617173195
-0.0169429667294025
0.1065331622958183
-0.0268736239522696
0.0106792813166976
0.0680626109242439
0.0686363652348518
-0.0626001209020615
0.0464454963803291
0.0048747793771327
0.0656132623553276
0.0574208796024323
-0.0058324513956904
0.0678057521581650
-0.0667862370610237
-0.0638657584786415
0.0817145481705666
-0.0085406182333827
-0.0176461935043335
-0.0129077509045601
-0.0750109106302261
-0.0267526302486658
0.0440228730440140
-0.0342119000852108
-0.0324943102896214
-0.0940979048609734
-0.0609453134238720
-0.0008540487615392
0.0273163896054029
-0.0848499163985252
-0.0606258101761341
-0.0498401150107384
0.0369761735200882
0.0152105493471026
-0.0025642453692853
-0.0337512344121933
-0.0304198358207941
-0.0164292473345995
-0.1003995537757874
0.0417657494544983
-0.0272920560091734
-0.0335212685167789
0.0336020961403847
0.1029214188456535
0.0418417006731033
-0.0757034569978714
-0.0634021610021591
0.0670900717377663
-0.0213907770812511
0.0048601673915982
-0.0619760379195213
0.0497269891202450
0.1058160513639450
-0.0532784834504128
-0.0673258230090141
0.0237764064222574
-0.0775238946080208
0.0737761706113815
0.0792326778173447
-0.0141756115481257
0.0337537340819836
-0.0442454814910889
-0.0140332235023379
-0.0883364453911781
-0.0350476913154125
0.1059586554765701
-0.1545201539993286
0.0057666199281812
0.1395851075649261
0.0581312030553818
0.0613494291901588
-0.1060666218400002
0.0375446677207947
0.0764692947268486
0.1214289516210556
-0.0699165388941765
-0.0302998498082161
-0.3077633380889893
0.0097643882036209
0.0772187635302544
-0.2560382783412933
-0.1290819346904755
-0.0483603589236736
0.0474009476602077
-0.0287324488162994
0.0066983923316002
-0.1197410747408867
-0.2399353533983231
-0.1771159023046494
-0.0188708007335663
-0.0134168369695544
-0.0729775801301003
0.0386495068669319
-0.0692027062177658
-0.1115184351801872
-0.2167780101299286
-0.0622217506170273
0.0904578268527985
0.0397439412772655
-0.0326797924935818
-0.1709322780370712
-0.0567394606769085
-0.0133735910058022
-0.0077548050321639
-0.0841887965798378
-0.0992351844906807
0.0405320227146149
0.2139320373535156
-0.3161852657794952
-0.0710053369402885
0.1057850196957588
-0.0841339007019997
0.0648484379053116
-0.0398134514689445
-0.1124946996569633
-0.0299067012965679
-0.2346517294645309
0.1614047437906265
0.0452397242188454
-0.1668454706668854
0.1083142012357712
0.0061705308035016
0.3656890690326691
0.0165537316352129
-0.1165073886513710
-0.0373746119439602
0.0465525947511196
0.0280935987830162
0.0145743303000927
-0.0030197890009731
-0.0651045888662338
-0.0023911963216960
0.0570068135857582
-0.0670220330357552
-0.0543411374092102
-0.0219169966876507
0.0514622218906879
0.0192892383784056
0.0380351208150387
-0.0289465337991714
0.0247937198728323
-0.0485829301178455
-0.0040766829624772
-0.0244452580809593
-0.0517349615693092
-0.0552832968533039
-0.0061250934377313
-0.0650263726711273
-0.0482784919440746
0.0279933307319880
-0.0063804481178522
-0.0335227474570274
-0.0346430167555809
0.0484855249524117
-0.0172333121299744
0.0249848384410143
-0.0581000111997128
0.0123936310410500
0.0701088532805443
0.0709006488323212
-0.0308270230889320
-0.0651160404086113
0.0062058726325631
-0.0593045726418495
-0.0127625791355968
-0.0583211816847324
-0.0545298494398594
-0.0703364238142967
-0.0166901554912329
0.0092299105599523
0.0241408795118332
-0.0031925574876368
0.0073478883132339
-0.0087743299081922
-0.0596984401345253
-0.0170529410243034
0.0010500944918022
-0.0613039545714855
0.0866239070892334
-0.0040438063442707
-0.0133581757545471
0.0274481829255819
0.0360891371965408
0.0138019118458033
-0.0173029545694590
-0.0571538358926773
-0.0368831418454647
0.0024522463791072
0.0174793079495430
-0.0452957153320312
-0.0579013749957085
0.0501187555491924
-0.0819969177246094
-0.0616843588650227
0.0467517971992493
-0.0232646521180868
-0.0328710637986660
0.0448661185801029
-0.1213384047150612
0.0641669258475304
0.0121963704004884
0.0103441318497062
-0.0556672103703022
-0.0552924200892448
0.0328478366136551
-0.0887335166335106
-0.0188938956707716
0.0511168017983437
0.0638821274042130
-0.0177211761474609
-0.0434950590133667
-0.0916743129491806
-0.0856579542160034
-0.0025640081148595
0.0526255071163177
0.0304232090711594
0.0568437576293945
0.0915601998567581
-0.0343547910451889
-0.0338545776903629
0.0455387607216835
0.0081080785021186
-0.0155858695507050
0.0500827245414257
-0.0113416295498610
-0.0298258177936077
0.0439397059381008
0.0322651341557503
0.0079653346911073
-0.0274433344602585
0.0782990381121635
-0.0703003257513046
0.0269302427768707
-0.0383673049509525
0.0081395069137216
-0.1055954992771149
-0.0504058338701725
-0.0122971488162875
0.0046587479300797
0.0089860316365957
0.0312058404088020
-0.0065800687298179
0.0284409727901220
0.0557892806828022
-0.0400870554149151
-0.0033444417640567
0.0472073145210743
0.0418320558965206
-0.0490181483328342
0.0442071743309498
0.0088437097147107
0.0155074801295996
-0.0000847609262564
-0.0190273970365524
-0.0465791858732700
0.0441258177161217
0.0575716830790043
-0.0079888049513102
-0.0078041041269898
-0.0424474924802780
0.0425492040812969
0.0068745440803468
-0.0697685182094574
0.0051655624993145
-0.0017588607734069
0.0932501628994942
0.0262900404632092
0.0654349923133850
-0.0149050261825323
-0.0027235986199230
0.0254357326775789
-0.1195432692766190
0.0054712286219001
0.0367197096347809
0.0052906232886016
-0.0347990915179253
-0.0460749715566635
0.0367333889007568
-0.0216219425201416
-0.0049087223596871
0.0469051115214825
-0.0359545536339283
0.0244375132024288
0.0103744827210903
-0.0702882856130600
0.0009444122551940
0.0269134975969791
-0.0106377480551600
-0.0424886159598827
-0.0523447878658772
-0.0643339529633522
-0.0212789103388786
-0.0347268879413605
-0.0679554045200348
0.0577250644564629
0.0156405344605446
0.0074427416548133
-0.0418279655277729
0.0083135003224015
-0.0371795333921909
0.0015852309297770
0.0402916148304939
0.0533427670598030
0.1040369495749474
0.0590082295238972
-0.0084822420030832
0.0633380636572838
0.0066766855306923
0.0053810095414519
-0.0669022426009178
-0.0867542251944542
-0.0610496848821640
-0.0103140352293849
-0.0428582355380058
0.0563870966434479
-0.0061517222784460
-0.0554791800677776
0.0123670175671577
-0.0388236157596111
0.0152109954506159
0.0905519798398018
-0.0238543078303337
-0.0112727545201778
0.0392844751477242
0.0827516168355942
-0.0195758864283562
0.0861502960324287
0.0053709559142590
-0.0167461205273867
-0.0221093054860830
0.0319521948695183
0.0282119140028954
-0.0180681943893433
-0.0702661201357841
-0.0040984731167555
0.0574827007949352
-0.0480858497321606
-0.0970639586448669
-0.0892415046691895
-0.0208280067890882
0.0112359393388033
0.0340485721826553
0.0900476053357124
0.0542810373008251
-0.0630359128117561
-0.0287461522966623
-0.0282117538154125
0.0012155660660937
0.0063229263760149
0.0570878572762012
-0.0366597063839436
0.0460638515651226
0.0137613080441952
-0.0238845143467188
-0.0377699099481106
0.0217236671596766
0.0487701483070850
0.0167623423039913
0.0282690729945898
-0.0195720121264458
-0.0295630525797606
-0.0096954721957445
-0.0246581472456455
-0.0323251783847809
0.0070743253454566
-0.0186969749629498
0.0327921621501446
0.0125729795545340
-0.0072507797740400
0.0443263389170170
-0.0856598764657974
0.0735283717513084
-0.0439024046063423
0.0080324616283178
-0.0289448518306017
0.0449706763029099
-0.0318368375301361
0.0104217072948813
-0.0114042833447456
-0.0110727883875370
-0.0220467224717140
-0.0338946953415871
0.0679553300142288
-0.0075473389588296
0.0564178526401520
0.0045637963339686
0.0303972177207470
-0.0151023101061583
0.0415040887892246
-0.0156071549281478
-0.0378165505826473
0.0365783646702766
-0.0312149748206139
-0.0890299230813980
-0.0094623751938343
-0.0153745487332344
0.0325238667428493
-0.0847148820757866
-0.0675939768552780
-0.0342568382620811
0.0227494835853577
-0.0730652064085007
-0.0415862910449505
0.0412772074341774
0.0934676006436348
-0.0243864357471466
0.0290745459496975
0.0140859335660934
0.0076544578187168
-0.0221641063690186
-0.0447853095829487
-0.0015385266160592
0.0508301295340061
-0.0644096881151199
-0.0246551427990198
-0.0406302697956562
0.0380250811576843
-0.0301226004958153
0.0564471893012524
0.0566584728658199
-0.0195494182407856
-0.0591204315423965
-0.0153641700744629
-0.0816411897540092
0.0337679833173752
0.0216167122125626
-0.0030899392440915
-0.0596421808004379
0.0297804772853851
0.0645548403263092
-0.0448193326592445
0.0057441499084234
-0.0116735221818089
-0.0191391948610544
-0.0459471270442009
-0.0007568079745397
-0.0056509934365749
-0.0423572733998299
0.0839447602629662
-0.0368940569460392
0.0024682970251888
-0.0822406187653542
0.0560212880373001
-0.0235477853566408
0.0493389479815960
-0.0280127841979265
0.0763984844088554
0.1229800581932068
0.0025222795084119
0.0512856245040894
-0.0416034087538719
-0.0647807046771049
0.0547708943486214
0.0443275570869446
-0.0123279299587011
-0.0147754764184356
0.0531718879938126
-0.0051205917261541
-0.0631894245743752
-0.0295653883367777
-0.0700905546545982
0.0679474920034409
0.0443407297134399
0.0350100658833981
-0.0527726560831070
0.0706894099712372
0.0192867703735828
-0.0781596079468727
0.0107209589332342
0.0580632910132408
0.0527830161154270
-0.0196380745619535
-0.0351906716823578
-0.0278819333761930
-0.0364422537386417
0.0120742972940207
-0.0135701382532716
0.0148293050006032
0.0276836920529604
-0.0386639386415482
0.0284021738916636
-0.0685460940003395
0.0011072560446337
0.0707483142614365
0.0511200428009033
0.0600220151245594
0.0482335053384304
-0.0590741410851479
0.0021610022522509
-0.0158584639430046
-0.0380515754222870
0.0405921600759029
0.0744276717305183
0.0185508392751217
0.0126671576872468
-0.0669243857264519
-0.0121074868366122
-0.0012896957341582
-0.0006171327549964
-0.0010279139969498
0.0016755276592448
0.0208844169974327
0.0334898494184017
-0.0734248235821724
-0.0028940737247467
0.0055476827546954
-0.0343730933964252
-0.0890609025955200
0.0126832090318203
0.0374269187450409
-0.0463855564594269
0.0122256781905890
0.0760712027549744
-0.0312762595713139
0.0559361390769482
0.0128515353426337
0.0474558025598526
0.0046373917721212
0.0080079445615411
-0.0322576500475407
-0.0220600422471762
0.0617601349949837
-0.0464446768164635
-0.0138085745275021
-0.0130563005805016
-0.0055836471728981
-0.0018334737978876
0.0222727023065090
0.0077063129283488
0.0075364061631262
-0.0052867438644171
0.0305307470262051
-0.0424699448049068
0.0307559687644243
-0.0523491092026234
-0.0320812650024891
0.0598126649856567
-0.0261585284024477
-0.0204706229269505
0.0041283792816103
0.0077349208295345
0.0329472571611404
0.0908652916550636
0.0818446725606918
0.0037293906789273
0.0099008670076728
-0.0657125785946846
-0.0056556039489806
0.0550047941505909
-0.0318722464144230
-0.0265645403414965
0.0446099638938904
-0.0462856441736221
0.0138839138671756
-0.0368738248944283
-0.0135320201516151
-0.0413457751274109
-0.0446381419897079
0.0025940230116248
0.0709216073155403
-0.0283560138195753
0.0814385488629341
-0.0629963800311089
-0.0525798015296459
0.0260649845004082
-0.0352872051298618
0.0925182625651360
0.0481055192649364
-0.0050464137457311
0.0094357943162322
-0.0031817911658436
0.0631749778985977
-0.0194642115384340
0.0134864822030067
-0.0468386709690094
0.0328743159770966
-0.0179996937513351
0.0033774003386497
-0.0019933313596994
0.0822724550962448
-0.0132609317079186
0.0251007899641991
-0.0689632222056389
0.0215506441891193
-0.0229480545967817
-0.0207355879247189
0.0233022868633270
0.0848720967769623
0.0305374301970005
0.0610143169760704
-0.0446733310818672
0.0454844422638416
0.0019353379029781
0.0443868003785610
0.0578801333904266
-0.0377452820539474
0.0061017214320600
0.0060055544599891
0.0191422905772924
0.1162691786885262
0.0160323157906532
0.0064947903156281
-0.0600244589149952
0.0653785839676857
0.0419898368418217
-0.0385705046355724
0.0022901955526322
-0.0159681215882301
0.0244216211140156
-0.0162006914615631
-0.0013484000228345
0.0091753834858537
-0.0053843106143177
0.0105576999485493
-0.0287053640931845
-0.0482997559010983
-0.0367866568267345
-0.0839874073863029
-0.0500389449298382
0.0066642770543694
0.0955828651785851
0.0323246382176876
0.0102984383702278
0.0745720341801643
0.0681421086192131
0.0536466911435127
-0.0630237013101578
0.0064170225523412
0.0037790448404849
0.0227693561464548
-0.0679665133357048
0.0165510922670364
0.0497020371258259
-0.0300087258219719
0.0519016794860363
0.0322137288749218
-0.0558392480015755
