-0.01127174
0.00053987
0.01253121
-0.00285979
0.00455172
0.02927945
-0.00810231
0.00375310
-0.03709013
-0.00809551
0.01036370
-0.01416629
-0.02365066
0.02245533
-0.00973325
-0.01506722
-0.00504902
0.00829080
-0.09848040
-0.00009652
0.01604571
0.02968008
0.02015189
-0.01130867
0.00219625
0.00333564
0.00680859
-0.01371084
-0.00058811
0.00086548
-0.13285136
0.01423250
0.03126628
-0.01905384
0.00524586
0.02007653
0.04062752
-0.00407414
0.00173896
-0.01408454
-0.00131539
-0.00125841
0.07260712
-0.00077128
0.02080527
-0.01095285
-0.00869770
-0.01040146
-0.01057678
0.01592124
0.03619956
0.04268770
-0.02873612
-0.03754336
0.02142490
-0.02755599
0.01272415
0.00452212
0.47619724
-0.00725976
-0.00155115
-0.00599942
0.00615012
-0.03367358
0.00126011
0.03850548
-0.03037487
0.02526890
-0.06920067
0.01288368
-0.01854624
0.00075255
-0.02665127
0.01059505
-0.01896381
0.00119997
-0.00904009
-0.01131887
0.00176050
-0.19503838
-0.00901741
-0.00503272
-0.00902634
-0.02588266
-0.01100559
-0.02257867
-0.01571496
-0.02331967
0.01260255
-0.02378644
-0.02754530
-0.01459067
0.05074947
0.01384517
-0.02464784
0.01106503
-0.00862603
-0.02229494
-0.01791732
0.01262228
0.00387286
0.01636451
-0.02020728
-0.00721769
-0.02461217
-0.00031757
-0.01333234
0.02340175
0.01561541
-0.00133988
0.01337440
0.00504404
0.01478687
0.00967643
-0.00704435
-0.00348544
0.01216096
-0.00722126
-0.00679225
-0.00562363
0.00831830
0.02052828
0.01558664
-0.01290374
0.02364158
0.00569401
-0.03757254
0.00404843
0.00689529
0.08049754
0.03638466
0.02322849
0.02493862
0.02136165
0.01326618
-0.01790628
0.00631978
0.02024876
-0.07352462
0.00930146
0.06071214
0.03553002
-0.01950727
0.01909442
0.00488259
-0.18009923
-0.00464621
-0.01421835
-0.02490426
0.00437972
0.04003017
0.02150853
-0.01291433
-0.01084562
0.00809052
-0.02366976
0.02838425
-0.00929911
0.03710997
0.03777159
-0.01197989
0.08944657
-0.03600302
0.00871078
0.00420598
0.01206167
0.01335040
-0.01708192
0.01258830
0.03522756
-0.01871126
-0.01628448
-0.00428753
-0.01438501
0.00862541
0.00186510
-0.00453503
0.01408712
-0.04580495
0.02158711
0.02699189
0.01042652
0.02027446
-0.00453901
0.04023383
-0.27642268
0.18349856
0.01878376
-0.00140736
0.04951872
0.00086805
-0.00980571
-0.02059106
0.01129706
-0.02811443
0.00210234
0.07651851
0.02159413
-0.00147782
-0.01074867
-0.02339738
-0.00006229
0.10481752
0.01530913
0.01249200
-0.03754799
0.00662715
0.00407014
0.00358313
0.05768232
-0.00331196
-0.01921978
0.02275280
0.01993320
0.02504512
0.01340256
-0.02166070
0.02950811
-0.02773194
-0.01582434
0.00052413
-0.64252985
0.01546940
0.02206215
0.02300939
0.00928276
0.02884432
-0.01245231
0.03943953
0.03473997
-0.02036901
-0.00534016
0.02893989
-0.00238206
-0.06125744
-0.01070514
0.01337002
-0.00728652
-0.00744256
0.00993786
0.00611015
-0.00203677
0.09852203
-0.00838641
-0.01607117
0.00077721
0.00555503
-0.02719109
0.03060961
0.00497467
-0.00065511
0.00917800
0.02891672
0.02501394
0.00813152
0.01528890
-0.03617021
0.04689256
-0.02672368
0.09375821
-0.12186610
-0.16744143
0.08852112
0.03811228
0.03701561
-0.06024043
0.05553798
0.03567920
0.00035904
0.13073103
-0.13286299
-0.03716075
-0.12580974
-0.00005809
-0.05781174
-0.07676076
-0.03969259
0.08007808
-0.22642203
0.03620878
0.09923898
-0.08796597
-0.09748766
-0.02384585
-0.07314556
-0.02413558
0.04014806
0.00041338
-0.05522192
0.14147714
0.03555140
0.21279939
0.02173232
-0.06218694
-0.00726937
0.01209517
-0.04575074
0.02669773
0.04098202
-0.03953833
0.03496945
0.11547218
0.75574046
-0.09998068
0.07062078
0.13823885
0.03537540
-0.04239146
0.01586278
0.05486831
-0.07738515
-0.10392452
-0.00482018
0.04912491
0.01041050
0.05448031
-0.10758379
0.16174205
-0.00041059
0.04644850
0.01309931
-0.00108826
0.00759684
-0.02550875
0.03060961
-0.00247640
-0.00089838
0.04291592
-0.01166271
0.01691604
0.01348568
-0.00831677
-0.00620592
0.01886125
0.00369708
-0.04055884
-0.03198061
-0.01238615
-0.00720041
0.02573428
0.03922414
-0.00864257
0.01233441
0.06354786
-0.00884696
-0.06238429
-0.00452535
-0.00769522
-0.02528863
-0.02649810
0.05136291
0.01829446
-0.05691379
-0.05626060
-0.02973745
0.06705887
0.01114947
0.04781779
0.06478050
0.05161676
-0.00622128
-0.02924098
-0.00959281
0.01211745
-0.00575983
0.04773712
0.01023118
-0.05335291
0.00638111
0.01164148
0.01530498
0.09694908
0.05128298
0.02664305
-0.00729177
-0.07001836
0.02118201
0.02778962
0.01784341
-0.03783071
-0.03201688
0.01140488
0.10374865
0.00699115
0.05398812
-0.02088059
0.04530097
-0.03064093
-0.00880155
0.03950355
0.01447944
-0.00314615
0.01025918
0.01992757
0.00035943
-0.02941593
-0.00608817
-0.02387510
-0.05811586
0.05823398
-0.04669304
-0.03526840
-0.07827814
0.00486238
0.02906779
-0.05582840
-0.02593651
-0.01874783
0.05232333
0.00522072
-0.11174298
0.03967062
0.01600484
-0.03594194
-0.00463926
0.04258211
0.07447027
0.00520924
0.01849424
0.02898037
-0.03219973
0.02730235
0.01227496
-0.04483194
0.04038007
0.03793596
0.00171578
0.03110425
0.06261814
0.02827579
-0.05984145
0.06168201
0.02699481
0.05513469
0.04343222
0.02784599
0.03008519
0.08860207
0.01434204
0.00519004
0.00031251
-0.02628714
-0.02362565
0.00843272
-0.02574263
0.02151757
-0.03539578
-0.19697513
0.00247732
-0.04376438
0.06808323
0.03069710
-0.04671809
-0.03044532
0.02278348
0.05114461
-0.00796400
-0.02060750
0.00834002
0.02033029
0.06834431
0.04270773
0.00837411
-0.03670506
0.02852190
0.03768293
0.00718113
-0.00633766
-0.04706232
0.00213629
0.00226773
0.01671727
0.00244199
0.02287771
-0.08594291
-0.02147672
-0.01144400
0.04226935
0.00181827
0.02339645
-0.00899389
-0.01007697
-0.00054422
-0.02672967
0.00127384
-0.02208021
0.02264678
0.01307675
-0.00688538
0.01592709
-0.00588902
-0.05422464
-0.00132850
0.02888255
-0.02160067
-0.01738059
-0.02968142
-0.03568783
0.08246495
-0.03108256
-0.06736955
0.07070768
-0.00555805
0.01689081
-0.01912516
-0.01325595
-0.03396050
-0.08269024
-0.00670292
-0.10553582
-0.01271260
-0.03015150
-0.02687848
0.13559014
-0.00534667
-0.02595597
-0.03734396
0.03131754
0.00136454
0.03727411
-0.01100476
0.01585520
0.01970988
0.02055761
0.00530390
-0.11306538
0.05691893
-0.02612394
0.01104785
-0.00378125
0.02049481
-0.00152038
0.03758540
-0.01485356
0.11661485
-0.02738610
0.00990450
0.02472544
0.01329525
-0.04079041
-0.05748129
-0.02319757
-0.01791508
0.01655422
0.05229867
0.06250530
0.01441676
-0.05724165
0.00829943
-0.02874855
0.01553201
-0.04427721
0.03544676
0.00671042
-0.01612562
-0.03627789
0.06857389
-0.02229937
0.03527040
0.02318186
-0.07248972
-0.03022665
0.00458437
-0.04064158
-0.05075547
0.01175463
0.02452302
0.02991508
0.01099308
0.01423675
0.03846378
-0.04654005
-0.02701482
-0.02175510
0.06370153
-0.09401471
0.00934533
-0.00088224
0.01839081
0.04399716
-0.07097495
0.00042185
-0.01412285
-0.00443361
-0.04381319
0.01524132
-0.01679329
0.02531726
-0.00714061
0.00635014
0.00523963
0.03915965
0.03163163
-0.01501313
-0.06187339
0.05093704
-0.01368360
-0.02140387
-0.03109969
-0.03524379
-0.00194407
-0.02240029
0.04752278
0.05851312
-0.01003106
-0.03534584
-0.06713308
-0.00616507
0.01724597
-0.01018966
-0.00971402
0.03815164
-0.01495778
-0.01971490
-0.31264693
0.02390775
0.04651725
-0.03117237
0.00381721
0.04223894
0.02120779
-0.02626749
0.02996591
-0.03421359
-0.04811581
0.04671451
0.01242381
0.02053288
0.03670824
0.05189094
-0.02910781
-0.03644707
-0.00812614
-0.00426352
-0.13087240
0.06468824
0.03260311
0.03477942
0.01287408
-0.02620723
-0.13635974
-0.00161797
-0.05653735
-0.05837194
-0.01398409
-0.01420672
0.00565814
0.00653330
0.11952201
-0.01723164
-0.01273537
0.04887954
0.03729130
-0.01048690
0.02178341
0.04944160
0.03457938
0.01913593
0.10068636
0.02486987
0.01223424
-0.02850715
-0.03978652
-0.01739704
0.02690310
-0.02485741
-0.00208830
0.03917492
0.04103871
0.02412367
-0.03760668
0.01568705
-0.01231411
0.03016059
0.01258731
0.01475934
0.05655080
-0.03181886
0.02759306
0.05193720
-0.02106088
-0.04363212
0.01546742
0.09171873
-0.01776906
0.01647481
-0.01024509
0.04709843
0.02320649
-0.02428435
-0.03718994
0.04511487
-0.03338471
0.01833630
0.01079570
0.00585137
-0.01594532
0.02546546
0.01451306
0.03185020
0.01901903
-0.00335853
0.05048443
0.00802450
-0.05986636
0.01965255
-0.03848909
-0.18232299
-0.16730821
-0.01116637
0.01320974
0.03626860
-0.00655170
0.01029915
0.04094972
0.02357872
0.01455892
0.01442951
0.12298391
-0.01451025
0.04061042
-0.01707686
0.01798541
0.02814910
0.03492467
-0.01283655
-0.02541259
0.00306225
0.02448246
0.00963334
-0.00466571
-0.00457370
0.04181248
0.03459478
-0.00375544
0.02506910
0.00821047
-0.00758315
0.16383779
0.03496587
-0.00764862
-0.00412915
-0.02815636
0.01790627
-0.03635814
0.03332955
0.04601128
0.03181559
-0.05675640
0.01640052
0.00338285
0.01234596
-0.04282188
-0.10680950
-0.01842114
-0.01276971
-0.03744360
0.02969014
0.00770805
-0.00848848
0.00774442
-0.06259142
-0.01468544
-0.03070799
-0.04331112
-0.03154383
-0.02011554
0.03101511
-0.04149048
0.15040645
0.06192025
-0.04534514
-0.01582287
0.09288466
0.00682336
-0.02744942
-0.00278093
-0.02553076
-0.04355695
0.05344245
0.01537898
0.01583624
-0.17125408
-0.02078031
-0.03766402
0.02858236
-0.05115949
-0.03072210
0.04647108
-0.01445503
0.01441006
-0.04469566
-0.00811141
-0.02583313
-0.01509247
0.00982677
0.00766775
0.02086173
-0.01976627
0.00429413
-0.03312376
-0.05019985
0.01281739
0.00408918
0.02314435
0.00725889
-0.05266016
0.03749931
-0.03457741
-0.03669763
-0.02520052
0.03346138
0.00611214
-0.05722908
-0.04174311
-0.03797934
0.00281892
0.00556835
0.01800145
-0.03735116
0.03799788
-0.02035112
0.01994289
0.10870433
0.03070140
0.03406359
0.03766606
0.02641546
0.03324943
-0.03937842
-0.05511714
0.01741206
