1.035554055124521255e-02
8.246015757322311401e-03
-1.033795718103647232e-02
1.625506952404975891e-02
1.680302992463111877e-02
2.525212615728378296e-02
-8.174878545105457306e-03
-1.526321191340684891e-02
-1.908434368669986725e-02
-1.543286023661494255e-03
4.207521211355924606e-03
-6.340184714645147324e-03
-1.170935854315757751e-02
1.022008154541254044e-02
-6.629081908613443375e-03
-7.409986574202775955e-03
-9.101281873881816864e-03
-1.062723901122808456e-02
-1.449358761310577393e-01
1.766304671764373779e-02
1.671263203024864197e-02
1.359112095087766647e-03
3.554348275065422058e-02
-2.337778918445110321e-02
4.990021698176860809e-03
1.086813048459589481e-03
3.757405327633023262e-03
-8.094513788819313049e-03
-9.640589356422424316e-03
1.466769352555274963e-02
-1.451554596424102783e-01
-1.754043996334075928e-02
1.020191051065921783e-02
3.830369561910629272e-03
-9.473117068409919739e-03
6.564278737641870975e-04
2.205087617039680481e-02
-2.643405459821224213e-02
-1.486992929130792618e-02
9.511350654065608978e-03
1.232468523085117340e-02
4.936976358294487000e-03
5.302670970559120178e-02
-2.015659399330615997e-02
-8.633916266262531281e-03
-1.727301813662052155e-02
-3.195545286871492863e-04
-1.244090870022773743e-02
-8.337313309311866760e-03
1.699584722518920898e-02
2.110808901488780975e-02
7.379560172557830811e-02
-7.073961943387985229e-02
-2.426865696907043457e-02
1.400427310727536678e-03
-1.901688240468502045e-02
8.298335014842450619e-04
2.709198277443647385e-03
4.552040100097656250e-01
-8.074504323303699493e-03
-2.763059176504611969e-02
-6.619992665946483612e-03
-1.965621300041675568e-02
-2.783816540613770485e-03
1.705718971788883209e-02
-9.562727063894271851e-03
-8.652425371110439301e-03
2.213063836097717285e-02
-4.401716217398643494e-02
-1.773665286600589752e-02
2.584771485999226570e-03
1.599767804145812988e-02
-3.812766447663307190e-02
1.808495447039604187e-02
-4.423823556862771511e-04
-1.028029806911945343e-02
-1.095671951770782471e-02
-2.219997160136699677e-02
8.097115904092788696e-03
-1.675037890672683716e-01
6.921837106347084045e-03
-1.700332760810852051e-02
4.085284192115068436e-03
-3.456760942935943604e-02
-7.605789601802825928e-02
-2.579491771757602692e-02
-2.982814796268939972e-02
-1.814771816134452820e-02
1.701370254158973694e-02
-6.389684975147247314e-03
-2.596232108771800995e-02
-6.805174052715301514e-02
9.788979589939117432e-02
1.511629670858383179e-02
-1.272426452487707138e-02
1.075694989413022995e-02
-8.418385987170040607e-04
-3.541276231408119202e-02
-2.188150025904178619e-02
1.164895761758089066e-02
8.888325653970241547e-03
-3.229295602068305016e-03
-7.623771205544471741e-03
5.509075708687305450e-03
-2.038161456584930420e-02
-1.241757813841104507e-02
-1.689754799008369446e-02
1.092391368001699448e-02
2.101537585258483887e-02
-1.064686197787523270e-02
1.200476940721273422e-02
7.114994339644908905e-03
1.046878984197974205e-03
3.133675083518028259e-02
-1.880786567926406860e-02
-8.350516669452190399e-03
-4.201156552881002426e-03
-4.831052385270595551e-03
7.101748604327440262e-03
1.980667561292648315e-02
1.486676372587680817e-02
3.136389330029487610e-02
-1.101553719490766525e-02
-3.942788578569889069e-03
4.423892125487327576e-02
1.699270680546760559e-03
1.426147110760211945e-02
-8.205185644328594208e-03
-1.325589511543512344e-02
4.582058638334274292e-02
2.701446227729320526e-02
1.611596159636974335e-02
1.170572359114885330e-02
8.238978683948516846e-03
-1.095192879438400269e-02
-2.651337720453739166e-02
3.480331040918827057e-03
3.140814602375030518e-03
-1.034793183207511902e-01
4.023912770207971334e-04
1.261567920446395874e-01
2.077867090702056885e-02
-1.510384306311607361e-02
1.412286795675754547e-02
-1.347916666418313980e-02
-2.295341342687606812e-01
-1.597631908953189850e-02
-4.439813084900379181e-03
-2.334279008209705353e-02
-9.998034220188856125e-04
3.214565292000770569e-02
1.609878428280353546e-02
-7.726327050477266312e-03
-1.635888032615184784e-02
-8.903390727937221527e-03
-1.624801009893417358e-02
1.320366095751523972e-02
-5.132359452545642853e-03
4.586891084909439087e-02
4.210583120584487915e-02
2.589447423815727234e-03
1.451064348220825195e-01
-2.139033190906047821e-02
1.782742096111178398e-03
-1.531417295336723328e-02
-3.072511963546276093e-02
2.778746373951435089e-02
4.227209370583295822e-03
2.690012799575924873e-03
1.292435359209775925e-02
-2.381448075175285339e-02
-1.439123507589101791e-02
4.568437580019235611e-03
-2.394603379070758820e-02
8.785514160990715027e-03
5.725392140448093414e-03
-1.428860821761190891e-03
2.606206014752388000e-02
-2.124010398983955383e-02
2.421043068170547485e-02
4.340620338916778564e-02
2.088054642081260681e-02
1.359580364078283310e-02
-1.061595758073963225e-04
3.661962226033210754e-02
-2.726427614688873291e-01
1.546670943498611450e-01
2.115056104958057404e-02
2.055570017546415329e-03
4.283791035413742065e-02
-1.554651465266942978e-02
3.386009484529495239e-03
-1.652632094919681549e-02
-5.902900826185941696e-03
1.222526561468839645e-02
-1.605239510536193848e-02
3.066837601363658905e-02
8.694193325936794281e-03
-1.508041983470320702e-03
-1.708423160016536713e-02
8.399604819715023041e-03
2.388997003436088562e-03
4.354673624038696289e-02
4.258837085217237473e-03
9.380798786878585815e-03
-3.907108306884765625e-02
5.996967200189828873e-03
-9.341088123619556427e-03
1.207805052399635315e-02
7.041639834642410278e-02
2.608937770128250122e-02
7.153551559895277023e-03
2.839708514511585236e-02
-3.533886745572090149e-03
8.845082484185695648e-03
2.922841534018516541e-02
-2.728858590126037598e-02
1.729211769998073578e-02
-1.013913564383983612e-02
-1.036395691335201263e-02
3.882850753143429756e-03
-6.281136870384216309e-01
5.646034143865108490e-03
-3.037637332454323769e-03
-5.195146426558494568e-03
-7.915506139397621155e-03
7.678084075450897217e-04
3.673378145322203636e-03
1.030502561479806900e-02
1.762620359659194946e-02
-9.851822629570960999e-03
9.468754753470420837e-03
2.279044687747955322e-02
2.661789767444133759e-03
-5.611750110983848572e-02
4.248194862157106400e-03
1.322297006845474243e-02
-1.229189708828926086e-02
-2.781979739665985107e-02
1.450219098478555679e-02
9.159180335700511932e-03
6.866390816867351532e-03
1.191674321889877319e-01
-3.619768843054771423e-02
-9.585674852132797241e-03
-9.400371462106704712e-03
1.703109592199325562e-02
-1.951610669493675232e-02
1.910181902348995209e-02
1.034935191273689270e-02
-2.224213257431983948e-02
9.459183551371097565e-03
4.259127378463745117e-02
1.102792844176292419e-02
-4.125827457755804062e-03
8.322256617248058319e-03
1.031516026705503464e-02
6.427480373531579971e-03
1.510933414101600647e-02
-2.595057152211666107e-02
5.588379874825477600e-02
-7.530689472332596779e-04
3.500492498278617859e-02
2.822851575911045074e-02
-2.354960143566131592e-02
1.060906425118446350e-02
4.381687566637992859e-02
-9.477885812520980835e-02
-1.286801844835281372e-01
-4.891305789351463318e-02
-7.258059456944465637e-03
1.093145087361335754e-01
5.494681000709533691e-02
3.988282382488250732e-02
9.811929427087306976e-03
3.263211995363235474e-02
-7.592927664518356323e-02
-1.022552251815795898e-01
3.724406659603118896e-02
-6.445902585983276367e-02
-4.885512962937355042e-02
4.153665527701377869e-02
1.379868239164352417e-01
-8.440260589122772217e-02
3.332891687750816345e-02
9.116083383560180664e-02
2.344438992440700531e-02
7.146466523408889771e-02
3.467286378145217896e-02
-4.848075564950704575e-03
1.323209702968597412e-01
-2.290069311857223511e-02
-1.383441314101219177e-02
-6.559266708791255951e-03
5.974221229553222656e-02
1.693695969879627228e-02
-1.154528930783271790e-01
-8.444332331418991089e-02
8.444993197917938232e-02
-1.965622976422309875e-02
5.039831250905990601e-02
-7.800840772688388824e-03
8.724799156188964844e-01
9.427726268768310547e-02
-2.377622760832309723e-02
2.050067670643329620e-02
-4.790214076638221741e-02
1.280580759048461914e-01
-5.455240979790687561e-02
-1.757223717868328094e-02
-4.586234316229820251e-02
2.915009483695030212e-02
1.267714649438858032e-01
-1.192959607578814030e-03
-5.606572329998016357e-02
-3.991348296403884888e-02
-2.952122874557971954e-02
-6.669727154076099396e-03
-4.325643554329872131e-02
-6.958443671464920044e-02
1.151228137314319611e-02
2.230742201209068298e-02
-1.132483780384063721e-02
2.382136508822441101e-02
1.225500646978616714e-02
-2.991350181400775909e-02
-6.152365822345018387e-03
6.594188511371612549e-02
-4.125028476119041443e-02
1.011194428429007530e-03
4.524672031402587891e-02
-7.049298379570245743e-03
-1.881001889705657959e-02
-1.451815827749669552e-03
5.695468746125698090e-03
-4.883296415209770203e-02
-3.645610809326171875e-02
-6.651421426795423031e-04
5.632991436868906021e-03
2.712543308734893799e-02
6.812714785337448120e-02
2.616298152133822441e-03
4.332882538437843323e-02
7.642376422882080078e-02
-4.124068655073642731e-03
-3.041511960327625275e-02
-3.774164989590644836e-02
1.488195732235908508e-02
-1.724517531692981720e-02
-4.136137664318084717e-02
2.939204685389995575e-02
-3.945290111005306244e-03
-2.811492606997489929e-02
-6.005760282278060913e-02
-3.943586349487304688e-02
7.180862873792648315e-02
1.285179890692234039e-02
2.855725400149822235e-02
1.102025527507066727e-02
6.295274198055267334e-02
-2.333149127662181854e-02
-1.837354339659214020e-02
-5.557318683713674545e-03
-8.738244650885462761e-04
-4.862641450017690659e-03
5.281369015574455261e-02
2.582112140953540802e-02
-1.738386973738670349e-02
3.954098373651504517e-02
2.544154226779937744e-02
2.495840005576610565e-02
9.244336187839508057e-02
1.361071877181529999e-02
3.290301188826560974e-02
-8.640980347990989685e-03
-5.090703815221786499e-02
1.056694611907005310e-02
4.042522981762886047e-02
1.952153630554676056e-02
-1.809512451291084290e-02
-2.870921418070793152e-02
-8.169570937752723694e-03
9.327236562967300415e-02
1.079158205538988113e-02
5.222706124186515808e-02
-8.986963890492916107e-03
6.191462278366088867e-02
-1.278354506939649582e-02
1.778565905988216400e-02
3.406237065792083740e-02
-4.694696981459856033e-03
-5.301177036017179489e-03
-4.188514873385429382e-02
3.883156552910804749e-02
4.587218910455703735e-02
-8.819956332445144653e-03
8.455296978354454041e-03
-2.880332805216312408e-02
-4.179856926202774048e-02
4.800108075141906738e-02
-6.647763401269912720e-02
-4.421809315681457520e-02
-6.382679939270019531e-02
-2.558721229434013367e-03
1.249323599040508270e-02
-8.522164821624755859e-02
-6.091796606779098511e-02
-5.879580602049827576e-02
4.895372688770294189e-02
1.184951979666948318e-03
-9.707140922546386719e-02
3.463470563292503357e-02
1.231819950044155121e-02
-3.713696449995040894e-02
-5.163460038602352142e-03
4.418930411338806152e-02
5.400742962956428528e-02
5.962791386991739273e-03
3.592666983604431152e-02
4.660362750291824341e-02
-1.570152305066585541e-02
1.092940010130405426e-02
3.146326867863535881e-03
-2.828687615692615509e-02
5.608040094375610352e-02
4.717117920517921448e-02
6.791128311306238174e-03
1.414010860025882721e-02
6.561706960201263428e-02
1.566756330430507660e-02
-3.457922488451004028e-02
7.016714662313461304e-02
4.148641973733901978e-02
5.225279554724693298e-02
4.470713809132575989e-02
4.467985779047012329e-02
5.024373158812522888e-02
7.437162101268768311e-02
1.782233081758022308e-02
7.331183296628296375e-04
1.201239321380853653e-02
-3.046909347176551819e-02
7.291104178875684738e-03
2.496708184480667114e-02
-2.170586027204990387e-02
1.762790232896804810e-02
-4.568887501955032349e-02
-1.986196935176849365e-01
1.519747171550989151e-02
-6.720969080924987793e-02
5.602189898490905762e-02
5.056140944361686707e-02
-3.675213083624839783e-02
-2.637881413102149963e-02
1.854005642235279083e-02
4.478695243597030640e-02
-1.379810553044080734e-02
-3.177073225378990173e-02
-5.883058067411184311e-03
-2.953018993139266968e-03
-1.727956160902976990e-02
4.599056765437126160e-02
-2.489982871338725090e-04
-2.479424327611923218e-02
3.063368052244186401e-02
1.258533541113138199e-02
-3.045654483139514923e-02
-1.846635714173316956e-02
-3.379422798752784729e-02
9.559836238622665405e-03
2.488490566611289978e-02
3.123048320412635803e-02
7.763774599879980087e-03
4.376975074410438538e-02
-2.682650648057460785e-02
-1.024125050753355026e-02
-3.248231858015060425e-02
4.129171371459960938e-02
1.290967222303152084e-02
2.604065276682376862e-02
-1.230482012033462524e-02
2.262542769312858582e-02
-2.090772800147533417e-02
-4.545697569847106934e-02
2.638442814350128174e-02
-3.610259667038917542e-02
3.971031680703163147e-02
2.083000540733337402e-02
-3.609313163906335831e-03
3.893724828958511353e-02
-2.931443601846694946e-02
9.018192067742347717e-03
2.583284117281436920e-02
-2.634799852967262268e-02
-1.896130666136741638e-02
-2.416188642382621765e-02
5.415180325508117676e-02
-2.564977481961250305e-02
8.762924373149871826e-02
2.748637925833463669e-04
-6.987286359071731567e-02
4.177124425768852234e-02
3.703272342681884766e-02
-5.003268364816904068e-03
-9.217146784067153931e-03
-3.366253525018692017e-02
-2.189631201326847076e-02
-5.279257521033287048e-02
-1.969682052731513977e-02
-9.321754425764083862e-02
-1.538389921188354492e-02
-3.597242757678031921e-02
2.915394119918346405e-02
1.072316318750381470e-01
-1.304121874272823334e-02
-9.386173449456691742e-03
-5.582615360617637634e-02
3.713025152683258057e-02
9.160052868537604809e-04
6.252986937761306763e-02
4.251992329955101013e-02
3.723465278744697571e-02
-2.836740016937255859e-02
2.258540131151676178e-02
4.082540981471538544e-03
-4.821666330099105835e-02
3.201723843812942505e-02
1.207888941280543804e-03
1.088713705539703369e-01
-1.092432346194982529e-02
3.605906153097748756e-03
2.031164057552814484e-02
5.098943039774894714e-02
7.485982030630111694e-03
8.229923993349075317e-02
7.841453189030289650e-04
3.333158418536186218e-02
3.526685014367103577e-02
3.365931287407875061e-02
-4.687396436929702759e-02
-6.644643843173980713e-02
-7.100277114659547806e-03
-9.453085251152515411e-03
-2.290618605911731720e-02
4.438003525137901306e-02
5.787669494748115540e-02
5.504366941750049591e-03
-1.044210512191057205e-02
-1.033008191734552383e-02
-3.132949396967887878e-02
1.791127771139144897e-02
-3.113576769828796387e-02
2.628998830914497375e-02
1.541141699999570847e-02
-1.443534344434738159e-02
-6.624434143304824829e-02
1.967328228056430817e-02
-2.329677809029817581e-03
6.738638132810592651e-02
2.383095957338809967e-02
-3.290154412388801575e-02
1.104715093970298767e-02
4.101756587624549866e-02
-5.999461561441421509e-02
-6.016041710972785950e-02
-2.404537983238697052e-03
3.606478124856948853e-02
-3.036830807104706764e-03
1.752346195280551910e-02
4.592232033610343933e-02
8.082928508520126343e-02
-5.270741507411003113e-02
-1.211276557296514511e-02
-1.663579605519771576e-02
6.984221190214157104e-02
-8.999581634998321533e-02
2.139103040099143982e-02
-3.196683153510093689e-02
2.379550226032733917e-02
2.355237677693367004e-02
-2.144020609557628632e-02
-1.285010576248168945e-02
-1.006588432937860489e-02
1.495219487696886063e-02
-3.512624278664588928e-02
4.827606305480003357e-02
-2.967731095850467682e-02
4.302416369318962097e-02
-1.514807902276515961e-02
1.496284920722246170e-02
-1.420847792178392410e-02
3.416678309440612793e-02
2.292829751968383789e-02
-2.494277991354465485e-02
-9.637176990509033203e-02
4.596057161688804626e-02
-1.860339753329753876e-02
-2.936262451112270355e-02
-4.804441332817077637e-02
-2.952930517494678497e-02
3.226623684167861938e-02
2.389519102871417999e-02
5.676331371068954468e-02
4.660330340266227722e-02
1.904012076556682587e-02
-3.950409218668937683e-02
-5.497930943965911865e-02
1.973514677956700325e-03
3.877364844083786011e-02
-1.545065920799970627e-02
-3.241661190986633301e-02
2.720580622553825378e-02
-2.054084651172161102e-02
-1.144477166235446930e-02
-3.170388042926788330e-01
1.695880107581615448e-02
3.406124189496040344e-02
-1.348496787250041962e-02
1.721982844173908234e-02
5.930580198764801025e-02
3.741153702139854431e-02
-2.503414824604988098e-02
3.635750338435173035e-02
-3.864482417702674866e-02
-4.157232120633125305e-02
-3.431068034842610359e-03
-1.608764007687568665e-02
6.487036589533090591e-04
2.668797678779810667e-04
3.735287860035896301e-02
2.048480324447154999e-02
-5.736313760280609131e-02
-3.463071584701538086e-02
2.379836142063140869e-02
-1.410618424415588379e-01
2.127013355493545532e-02
-1.717488281428813934e-02
2.996767871081829071e-03
4.832105338573455811e-02
-1.634308136999607086e-02
-6.840964406728744507e-02
9.585304185748100281e-03
-6.319443136453628540e-02
-3.647759184241294861e-02
2.468896843492984772e-02
-1.628900878131389618e-02
2.423180453479290009e-02
1.099417544901371002e-02
4.341123253107070923e-02
-1.527011208236217499e-02
-1.480013038963079453e-02
5.941838026046752930e-02
3.477144241333007812e-02
-2.915751934051513672e-02
4.215939715504646301e-02
5.580333992838859558e-02
4.810763522982597351e-02
2.414430677890777588e-02
1.356011927127838135e-01
1.657877676188945770e-02
-4.224701225757598877e-02
-1.575534977018833160e-02
-3.308574482798576355e-02
-1.695993915200233459e-02
1.618831045925617218e-02
1.863209530711174011e-02
-2.004913799464702606e-02
4.419243708252906799e-02
2.706266753375530243e-02
1.558181177824735641e-02
-3.220465034246444702e-02
-3.698056796565651894e-03
7.109812926501035690e-03
2.987050637602806091e-02
-3.873926773667335510e-02
8.763424120843410492e-03
2.620631083846092224e-02
-2.136847935616970062e-02
1.326474267989397049e-02
4.854786023497581482e-02
-7.310897856950759888e-02
-2.698682807385921478e-02
3.183692321181297302e-02
7.688450813293457031e-02
-2.014751546084880829e-02
5.120236054062843323e-02
4.663331899791955948e-03
6.039066985249519348e-02
1.057680137455463409e-02
-2.216036245226860046e-02
-4.909683391451835632e-02
3.015729039907455444e-02
-6.322386115789413452e-02
3.450383245944976807e-02
3.702528774738311768e-02
6.700289086438715458e-04
-8.997744880616664886e-03
-1.892474479973316193e-02
8.880562148988246918e-03
1.873669028282165527e-02
2.995024435222148895e-02
-2.219432033598423004e-02
2.795602940022945404e-02
3.624656423926353455e-02
-6.146333366632461548e-02
-2.189035899937152863e-02
-1.139398198574781418e-02
-2.006519436836242676e-01
-1.535495370626449585e-01
-2.339124120771884918e-02
8.087465167045593262e-02
8.124277740716934204e-02
-1.089853001758456230e-03
-7.432486861944198608e-03
5.596722289919853210e-02
2.689456194639205933e-02
5.405141040682792664e-02
5.114572122693061829e-02
1.127015054225921631e-01
-1.566945016384124756e-02
5.562126263976097107e-02
6.426962558180093765e-03
5.969101563096046448e-02
4.778772592544555664e-03
6.398739665746688843e-02
1.923852972686290741e-02
-1.958374399691820145e-03
-3.068250790238380432e-02
2.484873309731483459e-02
7.741566281765699387e-03
-6.683871150016784668e-03
8.521389216184616089e-03
4.773595556616783142e-02
1.443362981081008911e-02
1.229878235608339310e-02
3.707744181156158447e-02
2.804616838693618774e-02
2.782045863568782806e-03
8.478686213493347168e-02
3.633937239646911621e-02
2.025810303166508675e-03
1.354013010859489441e-02
-1.560351718217134476e-02
7.153479382395744324e-03
-3.356551006436347961e-02
5.775522440671920776e-03
4.906039685010910034e-02
6.681940704584121704e-02
1.062128040939569473e-02
4.902989044785499573e-02
3.940926119685173035e-02
-3.860152559354901314e-03
-4.998554661870002747e-02
-1.366038322448730469e-01
-4.465828835964202881e-02
-3.501294553279876709e-02
-3.782569617033004761e-02
8.417602628469467163e-02
2.229779027402400970e-03
-3.302457183599472046e-02
2.335636876523494720e-02
-5.955344438552856445e-02
7.760371547192335129e-03
-7.692502345889806747e-03
-3.471282124519348145e-02
-6.713349837809801102e-03
-1.825520955026149750e-02
1.605959981679916382e-02
-5.128760635852813721e-02
9.655107557773590088e-02
6.222771853208541870e-02
-6.468218564987182617e-02
-6.809915881603956223e-03
6.074646860361099243e-02
-9.596244432032108307e-03
2.313360106199979782e-03
1.933706924319267273e-02
-6.215886212885379791e-03
-1.604992151260375977e-02
6.465283781290054321e-02
3.314320743083953857e-02
-4.541654512286186218e-02
-9.353671222925186157e-02
-5.820662155747413635e-02
3.688123077154159546e-02
4.236185550689697266e-02
-8.086408674716949463e-02
-2.276732586324214935e-02
9.904303587973117828e-03
-1.357106957584619522e-02
3.501732274889945984e-02
-2.103127166628837585e-02
-3.261332632973790169e-03
-4.216893017292022705e-02
-6.621421314775943756e-03
-5.807993933558464050e-03
-5.642634816467761993e-03
3.886429220438003540e-02
-3.624758496880531311e-02
1.267775055021047592e-02
-3.900116682052612305e-02
-1.401944551616907120e-02
8.365771733224391937e-03
4.979872610419988632e-03
7.748316042125225067e-03
-1.485128700733184814e-02
-1.603235863149166107e-02
1.836194097995758057e-02
-2.126118540763854980e-02
-4.454892873764038086e-02
-2.067138999700546265e-02
5.437051132321357727e-02
-1.969207078218460083e-02
-2.696074917912483215e-02
-4.407097771763801575e-02
-1.206707581877708435e-02
-1.745206117630004883e-02
4.711058922111988068e-03
1.355610787868499756e-02
-4.733391851186752319e-02
3.581318631768226624e-02
-1.205892115831375122e-02
3.626967966556549072e-02
1.349862962961196899e-01
2.538695000112056732e-02
8.318933844566345215e-02
1.928763464093208313e-02
2.196483127772808075e-02
1.668567396700382233e-02
-4.746439307928085327e-02
-7.663547992706298828e-02
1.158846262842416763e-02
