0.0013537541963160
-0.0072288732044399
-0.0139361219480634
0.0158689599484205
0.0404362082481384
-0.1036636233329773
-0.0020459580700845
0.0317410714924335
0.0879901647567749
0.0750113278627396
-0.0218048412352800
0.0214684586971998
-0.0683801770210266
-0.0317084752023220
-0.0469168201088905
-0.0430614016950130
0.0364486537873745
0.0292344316840172
0.0250753276050091
-0.0084054656326771
0.0998547673225403
0.0956314355134964
0.0346866883337498
0.0446228533983231
-0.0509811826050282
-0.1251946389675140
0.0165350716561079
0.0654297247529030
-0.0649204030632973
0.0787626281380653
0.0749431774020195
0.0127055365592241
0.0156929418444633
0.1223707497119904
0.0375657081604004
-0.0350145697593689
0.1098610088229179
0.0171769279986620
-0.0083414660766721
-0.1010830029845238
-0.0130613250657916
-0.0218941550701857
0.0561001710593700
-0.0278012733906507
0.0607572644948959
-0.0434915125370026
-0.0975833609700203
-0.0554630383849144
0.1258486062288284
0.1355662643909454
-0.0633765086531639
-0.0439209938049316
-0.0338149964809418
-0.1380785405635834
0.1236034780740738
-0.0635863095521927
-0.0567538291215897
0.0688169524073601
0.0548240132629871
-0.0606216825544834
0.0680513530969620
0.0622674785554409
0.0012693043099716
-0.0726070702075958
0.0671964660286903
-0.0547409728169441
-0.0299140047281981
0.0162145569920540
0.0932526290416718
-0.0203270204365253
0.0224260296672583
0.0791673138737679
-0.0315963067114353
0.0142060033977032
0.1024728789925575
-0.0515815243124962
-0.1085143014788628
0.0478024035692215
-0.0502973794937134
-0.0899584218859673
-0.0491591580212116
-0.0492797531187534
-0.0197636727243662
0.0283486321568489
0.0176723171025515
-0.0659550949931145
0.0127683850005269
-0.0399418212473392
0.0267646629363298
0.0693717896938324
0.0378468930721283
-0.0197622198611498
-0.0290381778031588
-0.0318490639328957
0.0937020257115364
0.0016680993139744
0.0563381537795067
0.0999787449836731
-0.1421898752450943
-0.0014635954285040
-0.1302805393934250
-0.1019025892019272
0.0485377572476864
0.0756632983684540
0.0290913954377174
-0.0536732301115990
-0.0278884600847960
-0.0759767740964890
0.1123715564608574
0.0761574357748032
-0.0521968193352222
0.0865781977772713
-0.0226347595453262
0.0856538191437721
-0.0391478948295116
0.0529702119529247
-0.0192959457635880
-0.0200298875570297
-0.0521368607878685
-0.0053564859554172
0.0658669099211693
-0.0350576415657997
0.0724274218082428
-0.0812676772475243
-0.0509327501058578
-0.0723748505115509
-0.0053956182673573
-0.0499233864247799
-0.0599715933203697
0.1188198328018188
0.0619220510125160
-0.0009881159057841
0.0446218214929104
-0.0195878967642784
-0.0273514240980148
-0.0833898335695267
-0.0778110399842262
0.0093118352815509
-0.0787573307752609
0.0512193366885185
0.0018240960780531
-0.0467627309262753
-0.1086991280317307
0.0455615781247616
-0.0362310297787189
-0.0735048577189445
0.0638708844780922
-0.0569206476211548
0.0257116854190826
0.0393034331500530
0.1526897996664047
-0.1258485168218613
0.0137315550819039
0.0309656225144863
0.0172115340828896
0.1003443896770477
-0.1022604405879974
0.0401030145585537
0.0377213768661022
0.0003611512365751
0.0589582771062851
-0.0200200211256742
0.0943023413419724
-0.0537767522037029
0.0502484813332558
0.0851629376411438
0.0680825635790825
-0.0254481732845306
-0.0684633553028107
0.0918411836028099
0.0085964323952794
-0.0987024903297424
0.0486412346363068
0.0142376786097884
-0.0482927337288857
0.0217246506363153
0.0471196286380291
0.0499356649816036
-0.0831262245774269
-0.0188846588134766
-0.0471183471381664
0.0065172961913049
0.0578504987061024
-0.0416199900209904
-0.0358920320868492
0.0697331875562668
-0.0568292960524559
0.0202862750738859
0.0970345363020897
-0.1327411532402039
0.0993136987090111
0.0696238353848457
0.0835585966706276
-0.0542561523616314
-0.0679390132427216
0.0340269058942795
0.0418590083718300
-0.0698827952146530
0.0265350155532360
0.0550047084689140
0.0423107445240021
-0.0179042164236307
0.0100603206083179
-0.0729352906346321
0.0249246340245008
-0.0667343363165855
0.0229657441377640
0.0213330890983343
-0.0291403736919165
0.0206519421190023
-0.0077817221172154
0.0717608481645584
0.0263808295130730
0.0746493786573410
0.0186291821300983
0.0241456348448992
0.0381675958633423
0.0787291899323463
-0.0488231927156448
0.0779211595654488
-0.0627286285161972
0.0040162210352719
-0.0367968976497650
0.0157188717275858
0.1312010139226913
0.0593817830085754
0.1315810084342957
-0.0678658038377762
-0.0361211672425270
0.0729361027479172
0.0157478768378496
0.0379004850983620
-0.0533203110098839
0.0439501367509365
-0.0728212222456932
0.0157427974045277
0.0527387596666813
-0.0443134009838104
-0.0244840234518051
-0.0227854121476412
-0.0667718127369881
-0.0387680679559708
0.0947688296437263
0.0248065534979105
-0.0294131934642792
0.0596720352768898
-0.0926468074321747
-0.1043691188097000
-0.0326083488762379
-0.0392098501324654
-0.0966599658131599
0.0518778525292873
-0.0219928566366434
-0.0825094655156136
0.0478336252272129
-0.0490062870085239
-0.1135291680693626
-0.0526289008557796
-0.1169485524296761
-0.1576155275106430
0.0179193355143070
-0.1413210481405258
0.0581030435860157
0.1004929840564728
-0.0098106693476439
0.0554520152509212
-0.1290477067232132
0.0774774104356766
0.0778679996728897
0.1564661711454391
0.0030367991421372
0.0191711243242025
-0.3233189284801483
0.0003019935393240
0.0763938054442406
-0.2331416159868240
-0.0244145542383194
-0.0218754466623068
0.0010672210482880
-0.1133449226617813
0.0073215728625655
-0.0505410395562649
-0.1911971122026443
-0.1207326650619507
0.0752875655889511
-0.1131853014230728
-0.1034017056226730
-0.0865730568766594
-0.0365473143756390
-0.2088260352611542
-0.2207311093807220
-0.0347048975527287
0.1425813734531403
-0.0335412286221981
-0.0528503432869911
-0.1266947984695435
-0.0709130764007568
-0.1006531789898872
0.0887208729982376
-0.1092087998986244
-0.1273295432329178
0.0298390798270702
0.2416538298130035
-0.2284988462924957
-0.0975967869162560
0.0063914679922163
-0.0412262640893459
0.0713265240192413
0.0789479762315750
-0.1315577328205109
0.1057230606675148
-0.2743113934993744
0.1412421315908432
0.0554994866251945
-0.1702018976211548
0.0945266038179398
0.0386783778667450
0.3045232295989990
-0.0780598223209381
-0.0289077349007130
0.0259074587374926
0.0110684717074037
0.0756963938474655
-0.0623958557844162
-0.0150916175916791
0.0095448149368167
0.0488921552896500
-0.0563703961670399
-0.0051676146686077
0.0001037121692207
-0.0566632114350796
0.0356921851634979
0.0464219190180302
-0.0484583005309105
0.0279402174055576
0.0145126553252339
0.0181862786412239
0.0158631689846516
-0.0052897878922522
-0.0227998811751604
-0.0289523117244244
0.0651131346821785
0.0073489113710821
-0.0064471652731299
0.0714872777462006
-0.0240093637257814
0.0452710427343845
-0.0067637856118381
-0.0520442984998226
0.0016119568608701
0.0022503277286887
-0.0029446179978549
0.0171109735965729
-0.0471209660172462
0.0382406115531921
0.0229169223457575
0.0083557991310954
-0.0433297157287598
-0.0481881946325302
0.0415134653449059
0.0025886390358210
0.0233208481222391
-0.0265834163874388
-0.0423604100942612
-0.0512705221772194
0.0302580464631319
0.0039138817228377
-0.0435068048536777
0.0136417439207435
-0.0502889975905418
0.0099623911082745
0.0248672813177109
0.0090174712240696
-0.0082705616950989
-0.0381091684103012
-0.0016641299007460
-0.0237674582749605
-0.0464027151465416
0.0647365748882294
-0.0199691280722618
0.0812992602586746
0.0706339851021767
-0.0616327747702599
0.0263213608413935
-0.0947873294353485
0.0450554080307484
-0.0487054102122784
-0.0918845459818840
0.0904301181435585
-0.0163693111389875
-0.0642931908369064
0.0113632036373019
0.0398345924913883
-0.0076659871265292
0.0524198748171329
-0.0517786294221878
-0.0272646322846413
-0.0106672588735819
0.0104680145159364
0.0945562943816185
-0.0082544963806868
0.0582006983458996
0.0136366598308086
0.0444084778428078
-0.0201824493706226
0.0491405017673969
-0.0656923651695251
-0.0313245579600334
-0.0833790302276611
-0.0133293308317661
0.0517241545021534
-0.0083796959370375
0.0526618212461472
-0.0457008443772793
0.0472197830677032
0.0094691282138228
-0.0258661266416311
0.0929667279124260
-0.0500505976378918
-0.0344335325062275
0.0036798748187721
-0.0391963571310043
-0.0337858088314533
-0.0290399082005024
0.0520165115594864
0.0166680086404085
-0.0388695187866688
0.0489264130592346
0.0345850028097630
0.0056722057051957
-0.0380276739597321
-0.0464761592447758
0.0179394539445639
0.0336271524429321
0.1009775847196579
0.0070502543821931
-0.0523694381117821
0.0731654018163681
-0.0301525127142668
-0.0359935574233532
0.0468711070716381
0.0202332362532616
0.0093858791515231
-0.0460654050111771
-0.0109077552333474
-0.0679356530308723
0.0393792465329170
0.0245962664484978
0.0686846524477005
0.0545899681746960
-0.0066749542020261
0.0094946678727865
-0.0455804839730263
-0.0215212665498257
0.0414039455354214
0.0625140443444252
0.0192571524530649
0.0212395489215851
0.0385742634534836
0.0620591938495636
0.0545625500380993
-0.0036910213530064
0.0883995741605759
0.0173894353210926
0.0288670510053635
-0.0266722496598959
-0.0239117108285427
0.0590931065380573
-0.0237946901470423
0.0054465355351567
-0.0626630112528801
-0.0271766167134047
-0.0319188795983791
0.0527649745345116
0.0414992943406105
-0.0792915970087051
0.0191680286079645
-0.0790816247463226
-0.0018837430980057
-0.0041371230036020
0.0441560856997967
0.0138938436284661
-0.0784659758210182
0.0101364748552442
-0.0198427047580481
0.0353989638388157
-0.0256988182663918
0.0332000441849232
-0.0097639048472047
-0.0361019819974899
-0.1183437108993530
0.0345330797135830
0.0333972796797752
0.0307355001568794
-0.0269883573055267
-0.0036873028147966
0.0312716998159885
0.1070211455225945
0.0423563383519650
0.0476121231913567
0.0007957893540151
-0.0851886868476868
-0.0458347164094448
0.0269839875400066
-0.0285198837518692
-0.0611928030848503
0.0295259784907103
0.0273727979511023
0.0209627989679575
0.0073018269613385
-0.0290377400815487
0.0338378809392452
-0.0765985772013664
0.0912756845355034
-0.0632824525237083
-0.0385205708444118
0.0305542498826981
0.0013474849984050
-0.0783793032169342
0.0501160696148872
0.0365166813135147
-0.0451628230512142
0.0468461774289608
0.0666213482618332
0.0131570734083652
-0.0393331348896027
0.0204438101500273
0.0224627405405045
-0.0214972998946905
0.0363062247633934
0.0746041536331177
0.0595944561064243
0.0035213627852499
0.0581529848277569
-0.0137615287676454
0.0574496798217297
0.0536833256483078
-0.0152457682415843
0.0810602456331253
0.0252608880400658
-0.0334922894835472
-0.0482502430677414
0.0238424558192492
0.0448826849460602
0.0001309445215156
-0.0366641655564308
-0.0112137245014310
0.0376775600016117
-0.0322898849844933
-0.0559868328273296
-0.0980820953845978
0.0168404262512922
0.0337910875678062
0.0695591196417809
-0.0664214640855789
-0.0226309541612864
0.0837170779705048
0.0076499665156007
-0.0737776011228561
-0.0720523372292519
0.0514241866767406
-0.0305723790079355
0.0370745360851288
-0.0294709820300341
0.0219964049756527
0.0076305074617267
0.0185052026063204
-0.0252417232841253
0.0660036802291870
-0.0625806525349617
-0.0182636901736259
-0.0519284904003143
-0.0232030618935823
-0.0615443848073483
0.0209976825863123
-0.0150947421789169
-0.0292937718331814
0.0393437445163727
0.0347207188606262
0.0126092927530408
-0.0066160326823592
-0.0014973605284467
-0.0370101705193520
-0.0036683296784759
0.0033982889726758
-0.0508621595799923
0.0491795204579830
0.0313210710883141
-0.0170137509703636
-0.0283048134297132
-0.0086448583751917
-0.0286451838910580
-0.0111315706744790
0.0320248939096928
0.0245091654360294
-0.0144759155809879
0.0278004240244627
0.0472435019910336
0.0328548997640610
-0.0275390166789293
0.0164504591375589
-0.0211237985640764
0.0313346795737743
0.0786822214722633
-0.0424925722181797
0.0418370552361012
-0.0119409076869488
-0.0077631440944970
-0.0677177160978317
0.0073869107291102
0.0402286499738693
-0.0191869903355837
-0.0756221264600754
0.0202264357358217
0.0361780487000942
0.0021824636496603
-0.0984603539109230
0.0018064732430503
-0.0946732833981514
0.0815696120262146
-0.0101995943114161
0.0547259785234928
0.0245818104594946
-0.0806486830115318
-0.0139919212087989
-0.0007423999486491
-0.0314204916357994
-0.0655432417988777
-0.0499445311725140
-0.0745486021041870
0.0199853647500277
0.0351684354245663
0.0042640310712159
0.0355150848627090
-0.0756053030490875
0.0677867308259010
0.0379641540348530
-0.0003116719599348
0.0318189449608326
-0.0191987175494432
0.0273654758930206
-0.0293841008096933
0.0210030227899551
0.0098566943779588
0.1006762012839317
-0.0054369010031223
0.0071898750029504
-0.0494458377361298
0.0541930235922337
-0.0142813865095377
-0.0368419215083122
0.0631983056664467
-0.0098434844985604
-0.0411276444792747
-0.0215874370187521
-0.0143367778509855
-0.0030171603430063
0.0327495299279690
-0.0122353788465261
-0.0185317676514387
0.0561754740774632
0.0657516643404961
-0.0325935147702694
0.0790644511580467
-0.0840210318565369
0.0191626604646444
0.0223622135818005
-0.0449979826807976
-0.0137787656858563
0.0026689581573009
0.0630540847778320
-0.0264151543378830
-0.0499587543308735
-0.0377505421638489
-0.0115353222936392
-0.0104902191087604
0.0421951115131378
0.0156171275302768
-0.0275926776230335
0.0281091444194317
-0.0179441627115011
0.0481968447566032
-0.0328701697289944
-0.0394615605473518
0.0354609787464142
0.0577565878629684
-0.0165606830269098
-0.0162260048091412
-0.0587988421320915
-0.0750067085027695
-0.0003927071229555
0.0659392923116684
0.0322623662650585
-0.0629269331693649
0.0578931868076324
0.0833952575922012
0.0245966296643019
0.0038925963453948
0.0364311225712299
-0.0133179901167750
0.0406311713159084
0.0279382225126028
0.0893068239092827
0.0324765890836716
0.0395283736288548
-0.0176030900329351
-0.0103338658809662
-0.0017752402927727
0.0072316885925829
-0.0215532705187798
0.0364558622241020
0.0794999152421951
-0.0285961627960205
-0.0262135900557041
-0.0345708131790161
0.0249389782547951
0.0243593007326126
0.0425081923604012
0.0883218124508858
0.0517948530614376
-0.0233864914625883
0.0095755355432630
-0.0463011674582958
-0.0244951173663139
0.0254945941269398
-0.0772961750626564
-0.0389814600348473
0.0192792471498251
-0.0469196923077106
0.0081085450947285
-0.1000037640333176
-0.0515866912901402
-0.0755158737301826
-0.0444821864366531
0.0136354435235262
-0.0100010875612497
0.1333148479461670
0.0092460876330733
0.0786870270967484
-0.0068624643608928
-0.0604224875569344
-0.0244210343807936
-0.0183735825121403
0.0353950783610344
-0.0583244822919369
0.0101946825161576
-0.0106574725359678
0.0475445427000523
0.0661003738641739
0.0015536093851551
-0.0203692372888327
-0.0644311681389809
-0.0337850265204906
0.0740188807249069
0.0187248270958662
-0.0347706303000450
-0.0211896803230047
0.0156588498502970
-0.0237627886235714
0.0163549985736609
0.0864972919225693
0.0627007633447647
-0.0763837173581123
0.0061134840361774
0.0088609131053090
-0.0544432103633881
-0.0870088264346123
-0.0807537585496902
0.0603259280323982
-0.0036093420349061
0.0185471829026937
0.0110548166558146
-0.0017546925228089
-0.0140439160168171
0.0455288589000702
0.0141278905794024
0.0015406237216666
0.0714578405022621
0.0040457891300321
-0.0440378449857235
-0.0340008325874805
-0.0309174712747335
-0.0438944622874260
0.0247668232768774
-0.0288033448159695
0.0565624162554741
0.0227986872196198
0.0042041866108775
-0.0059278071857989
-0.0084276385605335
-0.0050266264006495
-0.0110964048653841
0.0252596195787191
-0.0394523739814758
0.0583215095102787
-0.0040163174271584
0.0160411875694990
-0.0092204930260777
-0.0394374318420887
-0.0343971364200115
-0.1030618846416473
0.0216210968792439
-0.0009461306617595
0.0734492316842079
0.0284024067223072
0.0252486653625965
-0.0041585932485759
-0.0425118654966354
-0.0370431542396545
-0.0285678599029779
0.0546393282711506
-0.0177263673394918
-0.0362448357045650
0.0217935666441917
0.0499391034245491
0.0746398121118546
-0.0591285675764084
-0.0055671744048595
0.0280161723494530
-0.0559139549732208
0.0258505605161190
-0.0739738792181015
0.0953340977430344
-0.0656520873308182
0.0161223188042641
-0.0812014490365982
-0.0053003425709903
-0.0638967975974083
0.0305419564247131
0.0477847233414650
-0.0515094324946404
-0.0431283190846443
