-0.0171547103673220
-0.0031365500763059
0.0123765235766768
0.0294853262603283
-0.0332421250641346
-0.0827792733907700
0.0261294245719910
0.0668539777398109
0.0989202335476875
0.0448775626718998
-0.0468896627426147
0.0473839454352856
-0.0386881679296494
-0.0377963110804558
-0.0518354400992393
-0.0401253253221512
0.0452308729290962
0.0304392892867327
0.0196901187300682
-0.0248451195657253
0.0916194766759872
0.0999405235052109
0.0841006264090538
0.0613800473511219
-0.0476426184177399
-0.0841909945011139
0.0053318724967539
0.0706110522150993
-0.0586647354066372
0.0560525245964527
0.0701485127210617
0.0397566407918930
0.0294011421501637
0.0878548324108124
0.0867820531129837
0.0122395912185311
0.1297851502895355
-0.0292854234576225
0.0169823989272118
-0.0527921728789806
-0.0470293089747429
-0.0395910255610943
0.1037749871611595
-0.0476585812866688
0.0489356257021427
-0.0321068577468395
-0.0704543069005013
0.0051447157748044
0.0532056726515293
0.0953508093953133
-0.0593989342451096
-0.0192006342113018
-0.0006566454540007
-0.1577783226966858
0.1464370042085648
-0.0541357286274433
-0.0630763024091721
0.0165779683738947
0.0478514581918716
-0.0639745593070984
0.0571934469044209
-0.0018325689015910
-0.0330797955393791
-0.0713532119989395
0.0451379977166653
-0.0837231278419495
-0.0469468124210835
0.0060842707753181
0.0702451542019844
-0.0216158777475357
0.0340022742748260
0.0481392703950405
-0.0277717690914869
0.0803624168038368
0.0775817409157753
-0.0350928343832493
-0.0713458061218262
0.0676504373550415
-0.0721459388732910
-0.0973629280924797
-0.0202049780637026
-0.0802562683820724
0.0409627631306648
0.0049424893222749
0.0460755825042725
-0.0636939033865929
0.0738097876310349
0.0360689722001553
0.0079917795956135
0.0482230633497238
0.0081381434574723
-0.0265764072537422
-0.0500460490584373
-0.0794102773070335
0.0986453145742416
-0.0355674773454666
0.1231465563178062
0.0772314891219139
-0.1188294216990471
0.0085591329261661
-0.1244133487343788
-0.0625304803252220
0.0296464953571558
0.0874679163098335
0.0169261936098337
-0.0809178501367569
-0.0306663401424885
-0.1079382598400116
0.1130862757563591
0.0886081978678703
-0.0862340629100800
0.0449333116412163
-0.0030966349877417
0.0745737254619598
-0.0011719040339813
0.0341450236737728
0.0099467262625694
-0.0669964551925659
-0.0632112175226212
-0.0098400274291635
0.0660063698887825
-0.0066361655481160
0.0490954890847206
-0.0719542428851128
-0.0473647527396679
-0.0550201386213303
0.0073167784139514
-0.0696184635162354
-0.0800220072269440
0.1085503250360489
0.0971672609448433
-0.0082408050075173
0.0277188066393137
-0.0146396290510893
-0.0400633066892624
-0.1002834662795067
-0.0684094280004501
0.0177208743989468
-0.0697590857744217
0.0609488226473331
-0.0498317629098892
0.0385846085846424
-0.1039989069104195
0.0692881420254707
-0.0597469247877598
-0.1061827465891838
0.0561606064438820
-0.0487399399280548
0.0110731190070510
0.0329455137252808
0.1442259252071381
-0.1207866370677948
0.0062993788160384
-0.0019470934057608
0.0080537656322122
0.0813784897327423
-0.0811541080474854
0.0826309472322464
-0.0223221853375435
0.0354507640004158
0.0393233671784401
-0.0206482782959938
0.1154460608959198
-0.0767259672284126
0.0564860440790653
0.0578796081244946
0.0633853524923325
-0.0296285375952721
-0.0768533349037170
0.0779055207967758
-0.0186627656221390
-0.0638867989182472
0.0488579757511616
0.0031821883749217
-0.0658500269055367
-0.0321181975305080
0.0557057186961174
-0.0151554010808468
-0.0532251410186291
-0.0435247607529163
-0.0541989356279373
0.0468187965452671
0.0642217844724655
-0.0447616800665855
-0.0855966582894325
0.0776596665382385
-0.0614944212138653
0.0291785206645727
0.0832406580448151
-0.1211989670991898
0.0942059606313705
0.0426704846322536
0.0715580359101295
-0.0682435333728790
-0.0406258516013622
0.0377480760216713
0.0944450572133064
-0.0536290258169174
0.0099947936832905
0.0188903138041496
0.0637224838137627
0.0072603034786880
0.0310234408825636
-0.0635526031255722
0.0587680302560329
-0.0848190858960152
0.0521040111780167
-0.0127683673053980
-0.0622185431420803
0.0529764145612717
0.0179463550448418
0.0859681069850922
-0.0341087356209755
0.0947156399488449
-0.0389491505920887
-0.0222554299980402
0.0125620681792498
0.0713197961449623
0.0087000364437699
0.0991693064570427
-0.0367272756993771
-0.0292926430702209
-0.0613601393997669
0.0181095004081726
0.1430624723434448
0.0522315278649330
0.1187786236405373
-0.0104135535657406
-0.0578356087207794
0.1084719151258469
0.0460851565003395
0.0074694859795272
0.0059326342307031
0.0241087228059769
-0.0756837800145149
-0.0037713740020990
0.0122586786746979
-0.0807166472077370
-0.0122577920556068
-0.0488570481538773
-0.0336986146867275
-0.0391149111092091
0.1076509207487106
0.0407965853810310
-0.0063408771529794
0.0558391138911247
-0.0449940636754036
-0.0944555103778839
-0.0539718978106976
0.0031414313707501
-0.0796794220805168
0.0292997732758522
-0.0398935191333294
-0.0819249153137207
0.0571663454174995
-0.0606462955474854
-0.0783373117446899
-0.0704065412282944
-0.0608314424753189
-0.0775898545980453
-0.0065192282199860
-0.1799338907003403
0.0921583622694016
0.0334938801825047
-0.0298287626355886
0.0694605559110641
-0.0833168178796768
0.1644796878099442
-0.0082468474283814
0.0481401868164539
0.0676059946417809
0.0629120841622353
-0.2346585541963577
-0.1015064343810081
0.0734860897064209
-0.2607079446315765
-0.0871035307645798
-0.0670017749071121
0.0376896709203720
-0.0961587354540825
0.0111068598926067
-0.0903796553611755
-0.1866740286350250
-0.1863340586423874
0.1004213839769363
-0.1039601713418961
-0.0178520474582911
-0.1251067370176315
0.0298691932111979
-0.0907389745116234
-0.1450826823711395
-0.0787235796451569
0.1416482627391815
-0.0000404256752518
-0.1141825541853905
-0.2189256995916367
-0.1599835157394409
-0.0636576190590858
0.0049980473704636
-0.1453359872102737
-0.1569329649209976
0.1352557986974716
0.2497851699590683
-0.1887916922569275
-0.0308233760297298
0.1302292197942734
-0.0286975521594286
0.1215124428272247
0.0823370814323425
-0.2178818434476852
0.0520043447613716
-0.2592872381210327
0.1013584285974503
0.0671235769987106
-0.1218768060207367
0.0976065322756767
0.1079024747014046
0.2580499053001404
0.0331883579492569
-0.1580905318260193
0.0260488148778677
0.0216232631355524
0.0637001618742943
-0.0331515632569790
0.0027565553318709
-0.0016415348509327
0.0449855439364910
-0.0591380782425404
-0.0095255561172962
0.0010098643833771
-0.0422436483204365
0.0290403384715319
0.0258689746260643
-0.0798479169607162
0.0474128201603889
-0.0000526297153556
0.0372840836644173
-0.0226231086999178
0.0448221303522587
-0.0182377379387617
-0.0568289384245872
0.0279717091470957
0.0329207256436348
0.0124308131635189
0.0653056502342224
-0.0129427704960108
0.0560665577650070
-0.0242501683533192
-0.0419121347367764
-0.0026313879061490
-0.0064310417510569
-0.0228137895464897
0.0259821079671383
-0.0610309615731239
0.0488603860139847
-0.0055486382916570
0.0417184382677078
-0.0682616457343102
-0.0561418943107128
0.0569934733211994
0.0284413620829582
0.0442076586186886
-0.0063575366511941
-0.0084231914952397
-0.0282855965197086
0.0532540529966354
0.0213248375803232
-0.0598172843456268
0.0038924855180085
-0.0441140159964561
0.0167122185230255
0.0356410816311836
0.0365475341677666
-0.0468659065663815
-0.0277532171458006
-0.0282241571694613
-0.0039419406093657
-0.0331663563847542
0.0627381429076195
-0.0238005984574556
0.0780128017067909
0.0692496225237846
-0.0698171705007553
0.0317049063742161
-0.0622877366840839
0.0278567820787430
-0.0564118064939976
-0.0829382985830307
0.0756245777010918
-0.0415257848799229
-0.0598130412399769
0.0177235007286072
0.0671274960041046
-0.0104614337906241
0.0315643697977066
-0.0431898534297943
0.0076430863700807
-0.0188065487891436
0.0260636974126101
0.0773194655776024
-0.0027482719160616
0.0380112677812576
-0.0014382882509381
0.0337155051529408
-0.0362457595765591
0.0808709412813187
-0.0382552556693554
-0.0185194313526154
-0.0831795334815979
-0.0018340151291341
0.0449757240712643
0.0134510193020105
0.0555907562375069
0.0048618651926517
0.0653746798634529
0.0059461444616318
-0.0460914224386215
0.0759174153208733
-0.0562105290591717
-0.0340571030974388
0.0167591366916895
-0.0512551926076412
-0.0384995453059673
0.0057183275930583
0.0530245415866375
0.0145887173712254
-0.0153605015948415
0.0446413978934288
0.0220878254622221
0.0251560732722282
-0.0221027806401253
-0.0207338221371174
0.0319831557571888
-0.0036840522661805
0.0994710475206375
-0.0107094626873732
-0.0350393466651440
0.0386508144438267
-0.0291042514145374
-0.0503891445696354
0.0682804360985756
0.0187576618045568
-0.0192630644887686
-0.0396442562341690
-0.0237740837037563
-0.0692656785249710
0.0299069918692112
-0.0082672471180558
0.0635038092732430
0.0925709530711174
-0.0329569727182388
-0.0164620205760002
-0.0426663681864738
-0.0182181615382433
0.0369690582156181
0.0623444207012653
0.0230658352375031
0.0479192174971104
0.0439026951789856
0.0694897398352623
0.0272435639053583
-0.0129848718643188
0.0510147213935852
-0.0012095923302695
0.0247620865702629
0.0138845704495907
-0.0019887369126081
0.0441693514585495
-0.0390351340174675
0.0197900030761957
-0.0481562018394470
-0.0410616472363472
-0.0000908502770471
0.0735173895955086
0.0271620508283377
-0.0717149972915649
0.0366434901952744
-0.0650247782468796
-0.0026839524507523
0.0263624042272568
0.0578223690390587
-0.0098222093656659
-0.0415193177759647
0.0377642065286636
0.0110496599227190
0.0290747843682766
-0.0325320251286030
0.0468679890036583
-0.0177391655743122
-0.0649285912513733
-0.0935597419738770
0.0354921519756317
0.0401656143367290
0.0811240822076797
-0.0369591489434242
-0.0129905343055725
0.0509340837597847
0.0859489515423775
0.0206432174891233
0.0611290223896503
-0.0301281660795212
-0.0764467641711235
-0.0386219918727875
0.0501517169177532
-0.0265485122799873
-0.0309128724038601
0.0358486920595169
0.0547664500772953
0.0140965599566698
-0.0282690934836864
-0.0013745066244155
0.0629692375659943
-0.0460628233850002
0.0779471844434738
-0.0920942723751068
-0.0531985536217690
0.0424091331660748
0.0150935314595699
-0.0557904914021492
0.0401644967496395
0.0464458800852299
-0.0719026550650597
0.0431518331170082
0.0469486191868782
0.0047535742633045
-0.0040136631578207
0.0441498644649982
0.0252999272197485
-0.0109676029533148
0.0287012606859207
0.0586258955299854
0.0257333274930716
0.0349152684211731
0.0522997006773949
0.0150100430473685
0.0422323979437351
0.0423913039267063
-0.0332277044653893
0.0686919093132019
0.0658939927816391
-0.0403486788272858
-0.0533168315887451
0.0435326248407364
0.0694116279482841
0.0031590124126524
-0.0031499392352998
-0.0588087439537048
0.0284265018999577
-0.0066154636442661
-0.0687504038214684
-0.0944066494703293
0.0040796385146677
0.0310918167233467
0.0295906309038401
-0.0521407648921013
-0.0235185716301203
0.0625080168247223
0.0237235091626644
-0.0588208287954330
-0.0556242875754833
0.0706989020109177
-0.0215150676667690
0.0421587415039539
-0.0200546551495790
0.0471316650509834
-0.0043186689727008
0.0264277588576078
-0.0457547344267368
0.0672883838415146
-0.0601667724549770
-0.0266977064311504
-0.0659989491105080
-0.0401632711291313
-0.0744199901819229
0.0162927042692900
-0.0444861948490143
-0.0478703267872334
0.0490032136440277
0.0422679558396339
0.0006344940047711
0.0200189873576164
-0.0163323376327753
-0.0554203502833843
0.0107104023918509
0.0235813502222300
-0.0455699339509010
0.0046198270283639
0.0309682413935661
0.0215259622782469
-0.0408872701227665
0.0191160608083010
-0.0246063824743032
0.0295328646898270
0.0318943671882153
0.0185447838157415
-0.0085121747106314
0.0570118278264999
0.0637609288096428
0.0259350091218948
-0.0482581630349159
0.0357071012258530
-0.0481238961219788
0.0526723302900791
0.0672669783234596
-0.0560682564973831
0.0292548928409815
-0.0236658081412315
-0.0130691705271602
-0.0704952478408813
0.0261525660753250
0.0191096663475037
-0.0378263741731644
-0.0740859657526016
0.0173471681773663
0.0593672022223473
0.0137037681415677
-0.0502729900181293
0.0026913413312286
-0.0955091789364815
0.0473248064517975
-0.0133905047550797
0.0492228157818317
0.0209334045648575
-0.0443908274173737
-0.0482866689562798
0.0061246091499925
-0.0282048005610704
-0.0582404881715775
-0.0665030777454376
-0.0408130809664726
-0.0319939292967319
0.0081021068617702
0.0158910509198904
0.0051075392402709
-0.0699355155229568
0.0742352157831192
0.0266559775918722
-0.0055978726595640
0.0176788028329611
0.0314942374825478
0.0299963299185038
-0.0153775066137314
-0.0187548343092203
-0.0189800094813108
0.0659339129924774
0.0179403405636549
0.0088758235797286
-0.0374681986868382
0.0522466897964478
0.0061337510123849
-0.0475330762565136
0.0624501816928387
-0.0145041514188051
-0.0514510236680508
-0.0237752739340067
-0.0294447317719460
0.0232744552195072
0.0097170826047659
-0.0610466599464417
0.0004912945441902
0.0672020763158798
0.0445322766900063
0.0030131035018712
0.0546040199697018
-0.0628537461161613
0.0358987636864185
0.0479234904050827
-0.0187065787613392
-0.0017907194560394
0.0133030591532588
0.0473525784909725
-0.0304580535739660
-0.0385427735745907
-0.0338830724358559
-0.0175565332174301
-0.0279004424810410
0.0682296678423882
0.0395057611167431
-0.0224928464740515
0.0372795127332211
-0.0243641231209040
0.0532227084040642
-0.0309299882501364
-0.0114565910771489
0.0542413219809532
0.0629063621163368
-0.0383241511881351
0.0004898213665001
-0.1056999340653419
-0.0391844734549522
0.0150664569810033
0.0643407702445984
0.0463633351027966
-0.0331515222787857
0.0606154054403305
0.0602990351617336
0.0247920341789722
-0.0445373356342316
0.0551675297319889
-0.0113554680719972
0.0280051752924919
0.0611968450248241
0.0925728157162666
0.0633245185017586
0.0282430630177259
0.0014941151021048
-0.0031282827258110
0.0044476804323494
-0.0149294771254063
-0.0221013966947794
0.0927969962358475
0.0462119318544865
-0.0222544148564339
-0.0451410748064518
-0.0221879668533802
0.0471879430115223
0.0135777220129967
0.0596804209053516
0.0653247013688087
0.0384209528565407
-0.0554018989205360
-0.0234067104756832
-0.0606402046978474
-0.0322892665863037
0.0217613112181425
-0.0829613655805588
-0.0308731403201818
-0.0089689316228032
-0.0341451093554497
0.0254315901547670
-0.0602446906268597
-0.0755418390035629
-0.1019975394010544
-0.0486332252621651
0.0021784359123558
-0.0210259277373552
0.1148167848587036
0.0089992852881551
0.0254182610660791
-0.0559763573110104
-0.0548645444214344
0.0378614179790020
-0.0093571422621608
0.0224492065608501
0.0080597950145602
0.0280409157276154
-0.0483150258660316
0.0589764863252640
0.0866538137197495
0.0120945880189538
-0.0297458637505770
-0.0668941661715508
-0.0202218201011419
0.0398724563419819
-0.0016946397954598
-0.0382139980792999
-0.0480175763368607
0.0274968389421701
0.0233356151729822
-0.0254718624055386
0.0516743026673794
0.0419332161545753
-0.0799233242869377
0.0174146313220263
-0.0275075845420361
-0.0776100456714630
-0.0763237401843071
-0.0634270980954170
0.0704342126846313
0.0129513116553426
-0.0177308134734631
0.0098325414583087
0.0095046591013670
-0.0577136985957623
0.0346704088151455
0.0108879739418626
-0.0194559972733259
0.0744562819600105
-0.0183084309101105
-0.0175797771662474
-0.0534706525504589
-0.0493314526975155
-0.0510798059403896
0.0150608588010073
-0.0424499884247780
0.0431270077824593
0.0173123478889465
0.0232859477400780
-0.0318536125123501
0.0173037052154541
-0.0056147240102291
0.0171472225338221
0.0392546392977238
-0.0385184958577156
0.0029872574377805
-0.0042724176310003
0.0224138479679823
-0.0022549312561750
-0.0662496685981750
-0.0848395004868507
-0.0860381349921227
0.0245129112154245
-0.0296726394444704
0.0913490951061249
0.0366613194346428
0.0448514372110367
-0.0195714123547077
-0.0487028770148754
-0.0168952886015177
-0.0105788372457027
0.0610948130488396
0.0197119284421206
-0.0055460506118834
0.0250806398689747
0.0152350021526217
0.0760693624615669
-0.0466946475207806
0.0242551732808352
0.0231222584843636
-0.0843039229512215
0.0240665860474110
-0.0394383631646633
0.0799318030476570
-0.0501134544610977
0.0493669286370277
-0.0491903275251389
-0.0294365230947733
-0.0742015615105629
0.0341789945960045
0.0128428908064961
-0.0645227134227753
-0.0484817810356617
