0.02482335
-0.02610327
0.01932731
0.02414681
-0.00692296
-0.02567639
0.01315950
-0.01121264
-0.00517812
0.03078182
-0.02965958
0.01760355
0.00446828
0.02304834
0.00412733
-0.00109646
0.00096867
-0.00007846
0.08494592
0.03584894
-0.01209228
0.06288674
-0.04894000
-0.02329744
-0.01076756
0.02334393
-0.00255437
-0.04062061
-0.00854294
-0.00690599
0.02432303
-0.00939399
0.01072491
-0.01516223
0.03222013
0.00482585
-0.02797044
0.01722766
-0.00186886
-0.03111907
-0.00162782
-0.00451719
-0.00321755
-0.02788534
-0.00897709
0.01250844
-0.00521338
-0.00375347
0.01833109
0.00483774
0.01283216
-0.06620998
0.03121561
-0.00044056
-0.04566529
-0.01419144
-0.00062222
-0.00156675
0.37661606
-0.00665185
-0.01274999
-0.00480189
0.00950738
-0.02744088
0.03059279
0.04865605
0.02116239
-0.03927049
0.00620034
0.01205318
0.02788460
0.01345987
0.00703390
-0.02257809
0.04439491
0.02207646
0.01753807
0.01007560
0.03114482
0.13102283
-0.00445380
-0.02730443
0.00018300
0.02606615
0.03611127
0.00723515
0.01976653
0.02054683
0.02185425
0.02193346
0.00510052
0.03916104
-0.03634205
0.01969876
0.00771993
-0.01338634
0.00918404
-0.01324578
-0.02227467
0.00107581
-0.01806346
0.02365186
-0.00232120
0.00573837
0.01055396
-0.02997288
-0.00865305
-0.01550223
0.02892444
-0.03758295
-0.00428034
0.02227306
-0.02537871
-0.01709800
-0.02379872
-0.00537322
-0.01968736
-0.01886130
0.00095679
-0.01113320
-0.00002881
-0.01757825
-0.02402882
0.00697857
0.01434226
0.01483408
0.00407209
0.00939908
0.02554187
0.04914127
-0.01128380
-0.02827055
-0.02546664
-0.01874391
-0.01658006
0.01305673
-0.01066376
0.01875818
-0.01728890
0.01409062
-0.08538745
-0.01778599
-0.00126652
-0.03950139
-0.00063363
0.08565688
-0.00265297
0.00677687
-0.00109582
-0.04045231
0.00523808
0.00866668
-0.01999228
0.00549914
-0.00543938
-0.01053811
-0.01472568
0.01372100
-0.04188957
-0.01973878
0.02376304
-0.08438243
-0.01373071
-0.00097317
0.02938827
0.05051432
-0.00839507
-0.00700962
0.00534141
-0.00182329
0.03475426
-0.02256949
0.01087341
0.00906266
0.05025972
0.03426516
-0.01709644
0.00032799
-0.04863919
-0.02022782
0.00044869
-0.03213928
-0.02186401
0.00811790
-0.02753953
0.13336912
-0.20254387
-0.00595615
-0.00995143
0.00177066
0.08082274
0.02658023
0.00569401
-0.03418852
0.02841621
0.03396650
0.05727893
0.04054430
0.02014084
-0.01454390
-0.04020632
0.03544788
-0.06107701
-0.02869914
0.00849091
0.02142675
0.01481872
0.01915041
0.00357520
-0.11728645
-0.00396479
-0.02543150
0.00667198
0.00195327
-0.01053248
0.01238509
0.01321151
0.02303275
-0.00434114
-0.02934985
0.00677335
-0.77654654
-0.02015656
-0.02342131
0.01996879
0.01458103
-0.01385357
0.00411980
0.01364795
-0.00555738
0.03112802
-0.04364379
0.03018529
0.01182580
0.01954084
-0.01900298
-0.02871184
0.02353525
0.02374569
0.01067381
-0.00453947
0.00211219
-0.04160738
0.01512299
-0.00872624
0.02432412
-0.01933887
0.05860275
0.00706858
-0.06065220
-0.00646593
0.00110602
-0.00127712
-0.01423664
-0.04128116
-0.00485521
0.05925890
0.07957587
-0.01800277
0.03348877
-0.00935188
-0.10360001
0.01887094
0.02596212
0.01660209
-0.08951938
-0.00299326
-0.00766248
-0.07984906
-0.03538771
-0.04833305
0.00698627
-0.04739927
0.03225844
0.06424804
-0.02869062
0.03059427
0.01490884
-0.05342303
-0.02562643
0.06154260
-0.03313276
0.10707227
-0.09879273
-0.00942351
0.03795250
-0.03271506
0.05097510
0.04874114
0.06071424
-0.00729282
0.03628992
-0.02018809
-0.02983095
-0.01006870
-0.00132561
-0.05977945
-0.01208114
0.06910275
0.00233115
-0.04553097
0.01431168
0.89799559
0.10557142
0.02007330
0.08434713
-0.04182044
0.12512915
0.02367125
-0.01843745
-0.12347703
-0.02937058
-0.01145178
-0.01366993
-0.07001973
0.02161005
-0.08247821
0.06733277
-0.12400135
-0.05281270
0.00668347
0.02895928
-0.02166593
-0.00921580
0.03314633
-0.05351501
-0.03872858
-0.00399112
0.03418899
0.02755036
-0.00118254
0.02118496
-0.02914601
0.03365131
0.02649335
0.00580356
0.01708272
-0.02154984
0.06979882
0.05715884
0.08536472
0.02661989
0.06353704
0.01471159
-0.09087972
-0.07487706
0.01419873
0.03151032
-0.02803427
0.04127833
0.07677611
-0.01895609
0.02234079
-0.06726401
0.02584142
-0.00901889
0.05233368
-0.01069916
-0.00873571
-0.02776517
0.01809106
0.02416934
-0.01743589
0.02257807
0.04295805
0.00800760
-0.06354446
-0.04835356
0.01684827
-0.03465655
0.04041400
0.03605247
-0.03782457
0.10386465
-0.05682666
-0.00245204
-0.03709389
0.03136849
-0.02019347
0.07335801
-0.01379844
-0.05076761
-0.02861006
0.06865089
-0.03657397
0.04057646
-0.00454612
0.04680732
0.04605870
0.01102416
-0.03322273
-0.02349098
0.03271052
-0.01113199
0.02621993
-0.10427544
0.04186874
0.00532917
-0.04379383
0.01743992
0.00112277
-0.00772945
-0.02116812
0.01558145
0.06474273
-0.00041022
-0.01745994
0.06368826
-0.02876189
0.08198036
-0.03596989
0.02493215
-0.08861803
-0.01945835
-0.02356017
0.03162362
-0.04419572
-0.01487141
0.02098179
0.03789795
0.01050684
-0.00593135
0.06462660
0.03976025
0.04543663
-0.01903490
0.01215464
-0.02976696
-0.06373870
0.07950035
0.02272865
-0.07959008
0.06702196
-0.00392349
0.00328209
0.00141942
-0.00924052
0.06312458
-0.01062734
-0.02744967
-0.00016562
-0.01684846
0.03706538
-0.02015110
0.02119781
-0.05780485
0.00706895
0.06980783
-0.04094167
0.02250749
-0.00895830
0.00181475
-0.11529844
-0.01375974
0.02700947
0.02617428
0.02545897
-0.00632150
-0.00124282
-0.04858254
0.10060443
-0.03761523
0.04454700
-0.00203531
0.03526123
0.00987937
0.06386949
0.01423537
-0.03710008
-0.08238037
0.02228350
0.07284939
0.01020306
0.02157359
-0.07945558
0.02745432
-0.02814027
-0.06506298
0.06238322
0.09902048
-0.01218137
0.03072494
0.01688234
-0.00023828
-0.04448178
0.00419997
0.04899089
0.08906324
-0.02570013
0.03693721
-0.00295746
0.05305239
0.00254071
-0.00986096
-0.01423526
0.00776835
0.04131498
0.03232238
0.02363993
0.05468746
-0.06300294
0.03355929
0.08177681
-0.01720111
0.01098446
0.05097958
-0.04129812
-0.01753744
-0.01737062
0.02787833
-0.00775603
-0.04988801
0.01446628
0.04538726
0.05314607
-0.01325727
-0.02664450
-0.02375351
0.08864993
-0.01988915
-0.06202847
0.00759249
0.04623826
-0.04707312
-0.03047840
0.05728168
0.01563280
0.10474687
-0.04555541
-0.02693503
-0.04088396
-0.00012497
-0.00107085
0.02400138
-0.05682956
0.11540221
-0.07913406
-0.06723322
0.04094106
0.03086228
-0.03666753
0.04889630
-0.00456986
-0.00863802
-0.03212617
-0.05974313
0.02599745
-0.01048459
-0.01838940
-0.06083142
-0.06419074
0.02069929
-0.01182379
0.06666636
0.06640580
0.00860522
0.02569161
0.00129356
0.04059694
-0.02488126
-0.02974826
0.04379029
0.01052618
0.00560324
-0.00230898
0.00667432
-0.02810046
0.03230035
0.03780553
-0.00963395
-0.00155895
0.03021263
0.04762866
0.00831036
-0.00671203
-0.08777232
-0.03632559
0.01021943
0.00553556
-0.02709135
-0.05055217
-0.01038944
-0.01856174
0.03469169
0.06868615
0.07837315
-0.01153879
0.04790774
-0.00061953
-0.05965089
-0.00947173
0.03203008
0.09386560
0.02119875
-0.13131739
0.05937669
-0.00949617
-0.04630068
-0.05931603
0.02799707
0.03921550
0.07991088
0.00247539
0.04909162
0.02569677
-0.00056183
-0.00882982
0.03113742
0.04643115
0.00932224
-0.01593647
0.00300120
0.01314186
0.05658348
-0.00078471
-0.02148571
0.01087998
0.04994822
0.09062854
0.08508825
-0.01850215
-0.03355181
-0.02340395
0.08641727
0.00755759
0.01641303
0.06474048
0.03114973
-0.09736290
0.00013877
0.05940029
-0.13038872
0.05578284
0.08496426
-0.06788527
-0.02539767
0.00565922
-0.04361479
0.05419075
-0.05006031
-0.03995668
0.07305519
0.01393443
0.01005592
0.08276734
0.02675579
0.02295601
-0.06078479
-0.01535477
-0.03202303
-0.04469332
-0.00434035
-0.01560341
-0.01043662
0.00146422
0.03986617
-0.06668365
0.02259855
-0.00895104
-0.05570940
-0.06199948
-0.02639016
-0.05494826
-0.02417947
-0.00290224
-0.10495732
0.03982808
0.00226222
-0.09022001
0.06748891
-0.00451907
-0.05616481
0.04802981
0.04031531
-0.08677407
0.01833862
-0.05737307
0.02029600
0.03436519
0.01916718
-0.05897104
0.01003968
0.02206506
0.11857433
-0.00546634
-0.03716661
-0.03121945
-0.05919626
0.02507702
-0.04070714
0.02881612
0.00915731
-0.12077356
0.08177783
-0.03300773
-0.02196988
0.03599477
0.03360449
-0.02093335
-0.00071364
-0.03811265
-0.07605745
-0.01712241
-0.01371113
-0.03293604
-0.02033089
0.02150105
0.02815579
-0.00012264
-0.01063878
-0.02835805
0.06685178
-0.08154739
0.03819373
0.04589146
-0.01572551
-0.00256365
-0.06300975
0.07780986
-0.02731060
0.05716615
-0.08442112
0.00819676
0.02752853
-0.00803175
-0.01649900
0.03301984
-0.03633158
0.03277382
-0.02409035
-0.00472976
-0.02519822
-0.05295327
-0.01766958
0.08979699
0.05813780
0.03760736
-0.07682413
0.00517263
-0.10051855
-0.02460627
0.02874743
0.01032768
0.00685103
-0.00735401
-0.01150244
0.05017560
0.03701006
0.01869116
0.01992655
-0.01500371
-0.09352976
-0.01945509
-0.09654722
0.00104779
0.04912049
-0.02615178
0.02909520
-0.02013451
-0.06241709
-0.00476439
0.08603043
0.08019713
0.04339800
-0.00290686
0.07268209
-0.03697548
0.06025755
-0.01251573
0.00066250
-0.02195837
-0.02496714
0.06249609
-0.03993774
-0.00676512
0.02507193
0.02390581
-0.05928810
-0.04339733
0.05045599
0.05630016
0.03292186
-0.04803330
-0.01622161
0.06498367
0.03284886
-0.01219938
0.03789442
0.04763149
0.01085207
0.04834450
0.00628651
-0.01234868
-0.00576335
0.01889410
-0.00325687
0.02599246
-0.00477570
-0.02904395
0.04656587
0.01189197
-0.07801913
-0.04881411
0.01257270
0.05198889
0.02896971
0.06245110
0.03205451
0.01024431
0.00604938
-0.02290583
0.03115508
0.02762802
0.00134880
0.00467710
0.02512683
0.01528218
0.01086917
-0.01457605
0.01666192
0.00787090
0.02099260
0.12373202
-0.06867362
0.05600878
0.04277842
-0.02620359
-0.00197162
-0.01704262
-0.00770613
-0.00783515
-0.02193078
