0.0982773378491402
-0.0845128446817398
0.0732984617352486
0.0336801297962666
0.0130085432901978
0.0553242340683937
-0.0982069745659828
-0.0566334761679173
-0.0972807705402374
-0.0457914844155312
-0.0753848925232887
0.0946344509720802
-0.0317994952201843
0.1028223112225533
0.0855462104082108
0.0648970454931259
0.0205577760934830
0.0007920521311462
-0.0998965948820114
-0.1248791590332985
-0.0085109500214458
0.0479070954024792
0.0684522315859795
-0.0089440830051899
0.0119292065501213
0.1199311465024948
-0.0473712757229805
-0.0536053031682968
-0.0041547720320523
0.0767914429306984
0.0338677652180195
-0.0315709486603737
0.0994977355003357
0.0580241009593010
-0.0722935795783997
0.0851961970329285
0.0735267996788025
-0.0060245995409787
-0.0378040298819542
0.0032156668603420
0.0615511089563370
-0.0318448245525360
-0.0154655780643225
0.0548188649117947
-0.0857357531785965
-0.0935928747057915
0.0663141086697578
0.0551381073892117
-0.0834142416715622
0.0478784292936325
-0.0764079019427299
-0.0503226257860661
-0.0341720394790173
0.0116175282746553
-0.0522202439606190
0.1242468282580376
0.0250550135970116
-0.0273625161498785
0.0442826040089130
0.0553895942866802
-0.0157629884779453
-0.0562205016613007
-0.0499797314405441
-0.0943697392940521
0.0234613027423620
0.0320087410509586
0.0245354510843754
-0.0848397389054298
0.0867708399891853
-0.0505864284932613
-0.0150386346504092
0.0757155716419220
0.0024741406086832
0.0906148850917816
-0.0449715778231621
0.0275684222579002
-0.0405436195433140
0.0042386017739773
0.1041959077119827
-0.0071201203390956
-0.0346031412482262
-0.1216742992401123
0.0755343437194824
-0.0037799335550517
0.0349543131887913
0.0549044907093048
0.0554435886442661
0.0572268515825272
-0.0755223259329796
0.0692208111286163
-0.0386429615318775
0.0208831857889891
-0.0701023489236832
0.0146501017734408
-0.0846709087491035
0.0643562078475952
0.0169502347707748
0.1079854443669319
0.1147823110222816
-0.0655932202935219
0.0001825914077926
0.0963196083903313
0.0160797182470560
-0.0600759834051132
-0.0700832009315491
-0.0625036805868149
-0.0079828612506390
-0.0726264044642448
0.0478306338191032
0.0174055118113756
-0.0356689356267452
0.0580569542944431
0.1041567474603653
0.0299043413251638
-0.0684125348925591
0.0326426737010479
0.0944734662771225
-0.0846548303961754
-0.0068157133646309
0.0970354378223419
0.0589089579880238
0.0535043105483055
0.0049373256042600
0.0588675364851952
0.0528802201151848
-0.0486731044948101
0.0023505208082497
-0.0808376595377922
-0.0457517281174660
-0.0204986985772848
0.0383360572159290
0.0726774036884308
0.0420752018690109
-0.0763029605150223
0.0426182039082050
0.0280129648745060
-0.0790960490703583
-0.0080589391291142
0.0493249259889126
-0.0753470808267593
0.0330657772719860
-0.0092047266662121
-0.0491793788969517
-0.0185687746852636
-0.0512932464480400
0.0564847178757191
-0.1255606859922409
0.0171874556690454
0.0713001266121864
-0.1146443560719490
-0.0005803229869343
0.0795860812067986
-0.0291812233626842
0.0953161269426346
-0.0193741228431463
-0.0746031701564789
0.0932083576917648
-0.0986313596367836
-0.0137621201574802
-0.0020338061731309
0.0730117261409760
-0.0695572197437286
-0.0123211871832609
-0.0191847775131464
-0.0853323787450790
0.0581260696053505
-0.0819769725203514
0.0059961481019855
-0.0389310419559479
0.0653490647673607
0.0229017212986946
-0.1145877987146378
-0.0883160978555679
-0.0738435834646225
-0.1153691485524178
0.0267651416361332
-0.0474333204329014
-0.1111239492893219
0.0924552157521248
-0.0927403494715691
0.0025855253916234
0.1054240986704826
0.0948538333177567
-0.0552840828895569
-0.0871525034308434
0.0872702151536942
-0.0411272160708904
0.0344971381127834
-0.0555924400687218
0.0745538249611855
0.0973498448729515
-0.1167794913053513
-0.0095066409558058
0.0375022776424885
0.0479423142969608
0.0571105070412159
-0.0433911159634590
0.0951683744788170
-0.0273285377770662
0.0050555001944304
0.0644068941473961
0.1001843363046646
-0.1083586215972900
0.0066530886106193
0.0022183700930327
0.0190635286271572
0.0499346405267715
0.0143460705876350
0.0320531688630581
-0.0881168246269226
-0.0874621570110321
0.0644394159317017
-0.0262411776930094
0.0089034726843238
-0.0741605535149574
-0.0247479062527418
-0.0522855967283249
0.0803995504975319
-0.0204727817326784
0.0502423457801342
-0.0337278433144093
-0.0114884143695235
-0.0263680573552847
0.0675624683499336
-0.0787336528301239
-0.0844905301928520
-0.0653001740574837
-0.0464185252785683
0.0009191869175993
0.0945974886417389
0.0218445118516684
-0.0155058857053518
0.0154884774237871
-0.1028158515691757
0.0300455614924431
-0.0561573430895805
-0.0305760372430086
0.0537073016166687
0.1078978106379509
0.0409264750778675
-0.0461032688617706
-0.0471567399799824
0.0199617184698582
-0.0372798629105091
0.0403424054384232
-0.0351564884185791
0.0305458325892687
0.0617752149701118
-0.0268682911992073
-0.0404799468815327
0.0086022634059191
-0.0704398304224014
0.0929515436291695
0.0473044961690903
0.0242884159088135
-0.0536443926393986
-0.0368756018579006
-0.0410984717309475
-0.1400395333766937
-0.0483880601823330
0.0162125844508410
-0.2006148248910904
0.0852462053298950
0.1550823152065277
-0.0763425379991531
-0.0017893976764753
-0.1539723724126816
0.0535086616873741
0.0958324223756790
0.0639826133847237
-0.1123707443475723
0.0760184675455093
-0.3368503153324127
0.0179897565394640
0.1738661676645279
-0.2173213362693787
0.0032575954683125
0.0144564416259527
-0.0249199438840151
-0.1752060502767563
-0.0774010121822357
0.0264180861413479
-0.1167528480291367
-0.2258814126253128
-0.0366373732686043
-0.0836214274168015
-0.0137404296547174
-0.0655200481414795
-0.0541904829442501
-0.1396116614341736
-0.2373698651790619
0.0387665480375290
0.1340332627296448
-0.1036503836512566
-0.1033881604671478
-0.0570819079875946
0.0248993057757616
0.0383725352585316
-0.0038383610080928
-0.0189432837069035
-0.0126489717513323
-0.0289842132478952
0.1002473309636116
-0.2870492339134216
-0.1861906647682190
0.0355637483298779
-0.0215476080775261
0.0884779542684555
0.0263579618185759
-0.1099770665168762
0.0234683584421873
-0.2654519379138947
0.1157897412776947
0.0395385064184666
-0.1270844191312790
0.1213072836399078
0.1621667593717575
0.3169633150100708
0.0614295341074467
-0.0942994356155396
-0.0097743999212980
-0.0151289626955986
-0.0200631115585566
-0.0626299604773521
-0.0409688018262386
0.0114400945603848
-0.0989258214831352
-0.0351064950227737
-0.0683094561100006
-0.0688469260931015
0.0012558773159981
0.0241631604731083
0.0574363321065903
0.0167343895882368
0.0862903371453285
0.0111446725204587
0.0430795475840569
0.0402408130466938
-0.0020794076845050
-0.0727611854672432
-0.0216954201459885
0.0522121191024780
0.0154327517375350
-0.0004007440002169
0.0421834923326969
0.0266864523291588
-0.0600288212299347
0.0653636977076530
0.0094228871166706
-0.0191626772284508
-0.0136583391577005
-0.0155180525034666
-0.0266826022416353
-0.0316201522946358
-0.0492772608995438
0.0211479030549526
0.0115920752286911
0.0347439497709274
0.0939535126090050
0.0728900507092476
-0.0708550438284874
-0.0016131633892655
0.0439927615225315
-0.0392832793295383
-0.0026532225310802
-0.0016058573964983
0.0059371665120125
0.0134347546845675
0.0164821036159992
0.0220929291099310
0.0477367267012596
0.0406095460057259
0.0168618634343147
-0.0472161471843719
-0.1274053901433945
0.0038208628538996
-0.0111981378868222
0.0090062813833356
-0.0380384661257267
0.0649177804589272
0.0710074678063393
0.0261348728090525
0.0406507290899754
0.0543230064213276
0.0136673161759973
-0.0058940201997757
0.0981173813343048
0.0402523241937160
0.0090153273195028
-0.0746669769287109
0.0693531185388565
0.0460841096937656
-0.0642303526401520
-0.0667730495333672
0.0268613323569298
0.0544457249343395
0.0149823455139995
0.0371838398277760
-0.0241233706474304
0.0383943617343903
-0.0425543971359730
0.0058643682859838
-0.0433347187936306
-0.0354507789015770
0.0782466307282448
-0.0619315989315510
-0.0019412877736613
0.0063582300208509
0.0273910351097584
0.0158352423459291
0.0384901650249958
-0.1045810803771019
0.0011094452347606
0.0127559266984463
-0.0199277531355619
0.0319465957581997
-0.0483103655278683
0.0257335342466831
0.0098639195784926
-0.0613881200551987
-0.0419244952499866
-0.0074286805465817
-0.0249441098421812
0.0022665627766401
0.0744040012359619
-0.0516684614121914
0.0465991869568825
-0.0174951665103436
0.0352753214538097
0.0035397366154939
0.0363415703177452
-0.0271392986178398
-0.0289495736360550
0.0551010109484196
0.0173010732978582
0.0416488535702229
-0.0221691355109215
-0.0580529570579529
-0.0185479409992695
-0.0039449264295399
-0.0714031681418419
-0.0200718715786934
-0.0446292832493782
0.0351837538182735
-0.0794962048530579
-0.0812090188264847
0.0048064370639622
0.0589087940752506
-0.0547306202352047
-0.0945772454142570
0.0699251815676689
-0.0077268076129258
-0.0226441044360399
0.0114990929141641
0.0321036502718925
-0.0286220200359821
0.0103715388104320
-0.0036293717566878
-0.0104925185441971
-0.0281155519187450
-0.0325397364795208
-0.0019084202358499
0.0319814905524254
-0.0322883352637291
-0.0178166851401329
0.0508187301456928
0.0376070737838745
-0.0293688196688890
-0.0751942917704582
0.0791195929050446
0.0220934934914112
-0.0031834708061069
0.0258445050567389
-0.0172614250332117
0.0011212024837732
-0.0065351496450603
-0.0097312219440937
-0.0670192018151283
-0.0295537766069174
0.0286820456385612
0.0230282284319401
0.0056266286410391
0.0105404974892735
0.0161470528692007
0.0644682720303535
0.0312599167227745
-0.0453164726495743
-0.0404044985771179
0.0135793387889862
-0.0168298911303282
0.0123356888070703
-0.0372658856213093
-0.0143642611801624
-0.0146116055548191
0.0798374712467194
0.0129847750067711
-0.0094882324337959
0.0730529353022575
-0.0048400657251477
0.0018972195684910
-0.0089277625083923
0.0778518542647362
0.0655544698238373
-0.0300121977925301
0.0496554188430309
-0.0672079324722290
0.0180075056850910
-0.0926525518298149
0.0764303803443909
0.0968097373843193
0.0308942813426256
-0.0367893464863300
-0.0511158369481564
0.0200765226036310
-0.0154964616522193
-0.0532427951693535
-0.0556087456643581
-0.0012130045797676
0.0339915864169598
0.0136350570246577
0.0250319670885801
0.0400440990924835
0.0903129801154137
-0.0556062906980515
0.0092842690646648
0.0357418693602085
0.0158219859004021
0.0686116367578506
-0.0115827815607190
0.0253577083349228
-0.0420012250542641
-0.0017679514130577
-0.0741638168692589
0.0505770780146122
-0.0210966374725103
0.0382371544837952
-0.0296304263174534
-0.0440178140997887
0.0505816899240017
-0.0471279025077820
-0.0119190840050578
0.0486584939062595
-0.0130790621042252
-0.0610380545258522
0.0124406246468425
0.0294485520571470
0.0804198458790779
0.0123799759894609
-0.0572220943868160
0.0307971797883511
0.0318240821361542
0.0465304031968117
-0.0371321551501751
-0.0576456971466541
-0.0650194212794304
-0.0012879096902907
-0.0579049475491047
-0.0104475896805525
-0.0318967178463936
-0.0034359435085207
0.0374097488820553
-0.0754450559616089
-0.0009165712399408
0.0169733520597219
-0.0348589010536671
0.0144821600988507
-0.0175196658819914
0.0722648724913597
-0.0485819689929485
0.0171383135020733
-0.0221194569021463
-0.0389062836766243
0.0108014792203903
0.0077953943982720
0.0695304051041603
-0.0301788244396448
-0.0141552248969674
-0.0368227772414684
-0.0368211679160595
-0.0268219318240881
0.0372832752764225
0.0893213376402855
-0.0421889349818230
0.0210087094455957
0.0298435799777508
-0.0039276997558773
-0.0162917599081993
0.0336960032582283
0.0335623212158680
-0.0194374900311232
-0.0104355383664370
-0.0244798529893160
-0.0261102765798569
0.0338165126740932
-0.0096841631457210
0.0218150783330202
-0.0442545413970947
0.0293083172291517
-0.0444977469742298
-0.0540168881416321
0.0131718367338181
-0.0474538542330265
-0.0080268448218703
-0.0683354809880257
0.0763446986675262
-0.0532304458320141
-0.0017785175004974
0.0543694645166397
0.0257948245853186
-0.0509271062910557
-0.0624654553830624
0.0359694026410580
-0.0021986339706928
0.0314672924578190
-0.0067635402083397
0.0404342934489250
0.0191475283354521
0.0201727822422981
0.0685463696718216
-0.0193957295268774
0.0684558674693108
0.0410947278141975
-0.0963823199272156
-0.0063104848377407
0.0339858308434486
0.0318453274667263
0.0899307429790497
0.0349000915884972
0.0361873395740986
0.0369924791157246
0.0482513681054115
-0.0520004257559776
-0.0849622339010239
0.0461898855865002
-0.0118914861232042
-0.0303387697786093
0.0077430130913854
0.0444643609225750
-0.0323482565581799
-0.0540823005139828
-0.0801204815506935
0.0616583935916424
0.0460771918296814
-0.0328767150640488
-0.0349674336612225
0.0815683156251907
0.0191736221313477
0.0502353794872761
-0.0488714911043644
-0.0377366878092289
-0.0559690967202187
0.0284839812666178
0.0101311970502138
0.0043843616731465
-0.0115158129483461
0.0148106385022402
-0.0106506543233991
0.0255838651210070
0.0596265569329262
0.0060251164250076
-0.0052888197824359
-0.0683865249156952
-0.0941648855805397
0.0645524263381958
-0.0382937490940094
-0.0071987612172961
-0.0501547083258629
-0.0209894999861717
-0.0039113806560636
-0.0306999180465937
0.0661158934235573
-0.0461164191365242
0.0300278700888157
-0.0588780529797077
-0.0137624470517039
-0.0033462685532868
0.0544270537793636
0.0483486242592335
-0.0976271331310272
-0.0039270957931876
-0.0459684841334820
-0.0931948348879814
0.0561593361198902
0.0325267836451530
-0.0363404117524624
-0.0379886887967587
0.0503221303224564
0.0620417110621929
0.0634198039770126
-0.0485360398888588
-0.0105036897584796
-0.0323010087013245
0.0119630107656121
-0.0161912161856890
0.0015738700749353
-0.0013721110299230
0.0000107033674794
-0.0190108567476273
0.0063597834669054
0.0051238331943750
-0.0909362062811852
-0.0515491887927055
-0.0090073440223932
-0.0348256081342697
-0.0541633218526840
0.0369816087186337
0.0304792467504740
0.0374011397361755
-0.0379245840013027
0.0254806336015463
-0.0170152969658375
0.0121452035382390
0.0481900162994862
0.0465668290853500
-0.0337042659521103
0.0434494502842426
-0.0592205561697483
0.0405974686145782
-0.0563551671802998
0.0213812962174416
-0.0282100643962622
0.0390493683516979
0.0323315858840942
-0.0127374958246946
0.0280105564743280
-0.0012914735125378
0.0365713015198708
0.0231724288314581
-0.0479671917855740
-0.0092586986720562
0.0318040922284126
0.0481014624238014
0.0444356724619865
0.0164137836545706
-0.0105360178276896
-0.1056086570024490
0.0775294452905655
0.0009469937067479
0.0532277412712574
0.0204780902713537
0.0083731468766928
-0.0504136979579926
-0.0116320075467229
-0.0988756492733955
-0.0356328785419464
0.0050202501006424
-0.0334462746977806
0.0002481745905243
-0.0011547503527254
0.0504130311310291
0.0616769082844257
-0.0171091500669718
-0.0532597117125988
-0.0571120195090771
-0.0748493894934654
-0.1006371676921844
-0.0121330441907048
0.0084088621661067
-0.0603145211935043
0.0348642729222775
0.0390371456742287
-0.0114568220451474
0.0610670670866966
-0.0008386222762056
0.0655224472284317
0.0214621387422085
0.0698212310671806
-0.0180174987763166
0.0417317412793636
-0.0587828867137432
-0.0006567781674676
-0.0578796900808811
0.0603981539607048
0.0079329377040267
0.0304121039807796
-0.0252101104706526
0.0059260432608426
-0.0764464363455772
0.0358844101428986
-0.0409570597112179
0.0152817619964480
-0.0066691846586764
-0.0284550543874502
-0.0032311230897903
0.0343219861388206
0.0357888005673885
-0.0423837900161743
0.0585455112159252
0.0237675011157990
0.0716530159115791
0.0381718315184116
0.0098979687318206
0.0335964635014534
0.0678166523575783
0.0636703968048096
0.0050617605447769
-0.0065331249497831
-0.0941554084420204
-0.0914103910326958
0.0553595796227455
0.0772414281964302
-0.0424344614148140
0.0623460821807384
-0.0805216282606125
-0.0862299054861069
-0.0023255781270564
-0.0043057026341558
-0.0292456746101379
-0.0364909656345844
0.0092575326561928
0.0366848260164261
-0.0088892867788672
0.0343703515827656
-0.0508201569318771
-0.0386681668460369
-0.0862466618418694
-0.0016738225240260
0.0504163801670074
0.0241468939930201
0.0832036882638931
-0.0155596826225519
0.0372282341122627
-0.0315211489796638
0.0321730971336365
-0.0693730637431145
-0.0232457760721445
-0.0581226833164692
0.0435461997985840
0.0129402503371239
0.0344509705901146
0.0459633618593216
0.0571872368454933
