0.0227745138108730
-0.0594760552048683
0.1114304736256599
0.0908844172954559
0.0385947972536087
0.0855038538575172
-0.0082018803805113
-0.1014742553234100
-0.0193814728409052
-0.0432361848652363
-0.0350181981921196
0.0417636074125767
-0.0050250287167728
0.0085634728893638
0.0457062497735023
0.0610448233783245
0.0773252993822098
0.0436008125543594
-0.1159933060407639
-0.0609822124242783
0.0254895240068436
-0.0426319502294064
0.0522014535963535
0.0425506606698036
-0.0584233365952969
0.1459807902574539
-0.0213515162467957
0.0303482990711927
-0.0073698307387531
0.0507673062384129
0.0375536344945431
-0.0014757022727281
0.0974403768777847
-0.0068047884851694
-0.0241551715880632
0.1240776628255844
0.1003716737031937
-0.0723978206515312
-0.0386888757348061
0.0170990731567144
-0.0058202408254147
-0.0464957915246487
0.0158175174146891
-0.0449627749621868
-0.0472939647734165
-0.0872601717710495
0.0969485267996788
0.0679026618599892
-0.1344521492719650
0.0247815325856209
0.0033908893819898
-0.0294397473335266
-0.0233706347644329
0.0147866643965244
-0.0642300546169281
0.0524593442678452
0.0312354564666748
-0.0200678948312998
0.0849784463644028
0.1159213557839394
0.0151893170550466
-0.0741039887070656
-0.0966362431645393
-0.0821933969855309
0.0397428907454014
0.0748218148946762
0.0736900046467781
-0.0798751786351204
0.0987943708896637
-0.1098620519042015
-0.0541225522756577
0.0800317078828812
0.0439983978867531
0.0346299856901169
0.0000183057454706
0.0656850636005402
-0.0768171176314354
0.0257215015590191
0.1094632297754288
0.0564444996416569
-0.0786658525466919
-0.0887867510318756
0.0553075931966305
-0.0151938255876303
0.0348222702741623
-0.0201675649732351
0.0931946337223053
0.1386342644691467
-0.0508709438145161
0.0815458148717880
-0.0233719591051340
0.0450320802628994
-0.0735409408807755
0.0373281463980675
-0.1271368116140366
0.0032720353920013
0.0810960084199905
0.1518413275480270
0.1188469827175140
-0.0459695272147655
-0.0195877216756344
0.1271893084049225
0.0559117384254932
-0.0510172173380852
-0.1027378216385841
-0.0760004892945290
0.0307073201984167
-0.0503579415380955
0.0128806913271546
0.0039392220787704
0.0178834032267332
0.0474417507648468
0.0111455600708723
-0.0349786058068275
-0.0012766263680533
0.0555333532392979
0.0170854777097702
-0.0578114762902260
-0.0061693401075900
0.0985231846570969
0.0215691141784191
0.1041264310479164
0.0521415919065475
0.1080963015556335
-0.0100028384476900
-0.0617977492511272
-0.0633400753140450
-0.0658924579620361
-0.0427655801177025
0.0295281764119864
0.0832820683717728
0.0554659925401211
0.0414632186293602
-0.0839166417717934
0.0377727486193180
-0.0230292901396751
-0.1172014996409416
0.0667529925704002
-0.0104935448616743
-0.0489142350852489
-0.0051520522683859
0.0334794521331787
-0.0639373883605003
-0.0381789878010750
0.0143494904041290
-0.0197587627917528
-0.1127354204654694
-0.0084695471450686
0.1178146004676819
-0.1033146008849144
-0.0253614932298660
0.0485719107091427
-0.0722772404551506
0.0738443359732628
0.0250424239784479
-0.0275027547031641
0.1289276182651520
-0.0463260300457478
-0.0343859232962132
-0.0308624170720577
0.0420314334332943
-0.0518079735338688
-0.0448810197412968
-0.0249210968613625
-0.0394671298563480
-0.0030757067725062
-0.0405561812222004
0.0540531054139137
-0.0654048472642899
0.0579385533928871
-0.0108340140432119
-0.0744515135884285
-0.0547994934022427
-0.0639130547642708
-0.0684186220169067
0.0470618158578873
-0.0174788124859333
-0.1162020713090897
0.0025586674455553
-0.0730284899473190
0.0406909659504890
0.0382549688220024
0.0721154883503914
0.0177078563719988
-0.0810925289988518
0.1007087156176567
-0.0495426990091801
0.0286296252161264
-0.0176019836217165
0.1069521233439445
0.0645937919616699
-0.1235849410295486
-0.0037193840835243
0.0464104339480400
0.0638074353337288
0.0444414205849171
0.0410471893846989
0.1131436526775360
-0.0440640598535538
0.0662383213639259
0.0488357543945312
0.1176448613405228
-0.0796157419681549
0.0786239281296730
0.0192814450711012
0.0058003985323012
0.0591199584305286
-0.0067732390016317
0.0633341297507286
-0.0521275959908962
-0.0885187759995461
0.0558912493288517
0.0102701196447015
-0.0438138954341412
0.0340220965445042
-0.0247920956462622
-0.0173905324190855
0.0803225710988045
-0.0052368920296431
0.0028692872729152
-0.0215575490146875
-0.0578621178865433
0.0312115736305714
0.0204154029488564
-0.0346523709595203
0.0117634302005172
-0.1021451130509377
0.0334841348230839
0.0294257141649723
0.0652710199356079
0.0180475916713476
-0.0385953672230244
-0.0154791520908475
-0.1122570857405663
-0.0016075036255643
0.0131050059571862
-0.0422470979392529
0.0240368638187647
0.0085284626111388
0.0071599297225475
-0.0332311913371086
-0.0841525793075562
0.0617065504193306
0.0620076619088650
0.0307680163532495
-0.0568884164094925
0.0455769523978233
0.0767950639128685
-0.0786243453621864
-0.0661044865846634
-0.0250872559845448
-0.0725345984101295
0.0930244624614716
0.0310384295880795
0.0589936934411526
0.0311657525599003
-0.0831813290715218
-0.0359388627111912
-0.1409442275762558
-0.0654103532433510
-0.0142319081351161
-0.1487421244382858
0.0511224679648876
0.1802956908941269
-0.0516377240419388
-0.0264482405036688
-0.1336205154657364
0.0247648563235998
0.1061376705765724
0.1441999375820160
-0.1403658390045166
0.0440843887627125
-0.3524785339832306
0.0315820872783661
0.1567368358373642
-0.2037273645401001
0.0412931591272354
-0.0004169921739958
-0.0324836187064648
-0.1406837403774261
-0.0944712311029434
0.0540344156324863
-0.1379928588867188
-0.2075900137424469
0.0087914010509849
-0.0883469805121422
-0.0933140516281128
-0.0296384003013372
-0.0585914179682732
-0.1267083734273911
-0.2479671090841293
0.0037085455842316
0.0728918612003326
-0.0688834786415100
-0.0865918844938278
-0.0626521930098534
0.0613000765442848
-0.0021203467622399
0.0275797843933105
0.0164241734892130
-0.0171244423836470
-0.0647196993231773
0.1116876006126404
-0.2958974838256836
-0.1808325648307800
-0.0261431168764830
-0.0340713933110237
0.0441875308752060
0.0479714497923851
-0.0943160951137543
0.0606781020760536
-0.2599755823612213
0.1317443102598190
0.0248621329665184
-0.1870149075984955
0.1384384781122208
0.0938583835959435
0.3412410616874695
0.0031468879897147
-0.0351008698344231
-0.0578346103429794
-0.0347778275609016
0.0065143266692758
-0.0774786472320557
-0.0422039180994034
0.0083392709493637
-0.0765396505594254
-0.0308937728404999
-0.0596061162650585
-0.0644205957651138
0.0209949761629105
0.0344210267066956
0.0324322059750557
0.0224815756082535
0.0628116428852081
-0.0191007051616907
0.0527741089463234
0.0400287657976151
-0.0430607683956623
-0.0163941700011492
-0.0153341637924314
0.0542961470782757
0.0172176416963339
0.0006697488715872
0.0439025014638901
0.0222887601703405
-0.0516786165535450
0.0595437958836555
0.0137863634154201
0.0023161293938756
-0.0189706124365330
-0.0520378611981869
-0.0238633118569851
-0.0088095404207706
-0.0471855811774731
0.0459274314343929
0.0033125856425613
0.0590681768953800
0.0602064058184624
0.0378656797111034
-0.0640773698687553
0.0067384089343250
0.0653095021843910
-0.0271724443882704
-0.0280308593064547
-0.0226698741316795
0.0140080144628882
0.0261399857699871
0.0301955677568913
0.0006734967464581
0.0640168339014053
0.0653939470648766
-0.0191228967159986
-0.0357215367257595
-0.0695008784532547
-0.0086710853502154
-0.0392275303602219
0.0316302962601185
-0.0073077627457678
0.0182015299797058
0.0527051240205765
0.0329734645783901
0.0187447816133499
0.0671042874455452
0.0033816832583398
0.0397466421127319
0.0947018936276436
0.0792254731059074
0.0431400835514069
-0.0589551888406277
0.0345091037452221
0.0610319226980209
-0.0604649074375629
-0.0752253532409668
0.0206555984914303
0.0789941698312759
0.0393681898713112
-0.0036987785715610
-0.0284507125616074
0.0491385981440544
-0.0331867448985577
0.0263249203562737
-0.0360206514596939
0.0009195796446875
0.0697253569960594
-0.0870511680841446
-0.0092618297785521
-0.0100352205336094
0.0398413725197315
0.0544639825820923
0.0458645336329937
-0.1017245277762413
0.0280150752514601
-0.0134818870574236
-0.0108366515487432
0.0380401536822319
-0.0597428493201733
0.0096075190231204
0.0135282119736075
-0.0760142654180527
-0.0414484180510044
-0.0131047647446394
-0.0397799462080002
0.0245507918298244
0.0669322684407234
-0.0374839343130589
0.0021935170516372
-0.0934373065829277
0.0614401735365391
-0.0117359347641468
0.0132733704522252
-0.0280269645154476
-0.0527356080710888
0.0670619308948517
0.0105087403208017
0.0302263088524342
-0.0442220792174339
-0.0615421794354916
0.0032365827355534
0.0087708737701178
-0.0556015484035015
-0.0318837426602840
-0.0373239777982235
0.0393191389739513
-0.0526373460888863
-0.0832068622112274
-0.0152250528335571
0.0482285954058170
-0.0206815581768751
-0.1073681265115738
0.0473877601325512
-0.0319173336029053
-0.0290065426379442
0.0385162346065044
0.0560908652842045
-0.0072282152250409
-0.0151319252327085
-0.0120602361857891
-0.0011909483000636
-0.0472782775759697
-0.0174364112317562
-0.0005182910244912
-0.0007092104642652
-0.0466889254748821
-0.0544478036463261
0.0474622398614883
0.0633791461586952
0.0238069612532854
-0.0565366111695766
0.0670594424009323
0.0154107874259353
0.0091600734740496
0.0606780387461185
0.0003417235275265
0.0558636598289013
-0.0418345890939236
-0.0251168310642242
-0.0371554456651211
-0.0456044636666775
0.0131956366822124
0.0123717822134495
0.0663180872797966
0.0403180234134197
-0.0102820033207536
0.0441324524581432
0.0023145570885390
-0.0484181456267834
-0.0454690456390381
0.0095121636986732
0.0079183503985405
-0.0088439881801605
-0.0441986955702305
-0.0026292977854609
-0.0352088622748852
0.0792804434895515
0.0452140942215919
-0.0066661327145994
0.0359644889831543
-0.0002658448065631
-0.0100572016090155
-0.0232087634503841
0.0802264511585236
0.0685968026518822
-0.0043782875873148
0.0571202151477337
-0.0624224506318569
0.0551604703068733
-0.0601756721735001
0.0542468540370464
0.0653021410107613
0.0489654764533043
-0.0297750495374203
-0.0483660176396370
0.0157549250870943
-0.0317708738148212
-0.0810206457972527
-0.0573264360427856
0.0022805766202509
0.0323279127478600
0.0089975837618113
0.0290881842374802
0.0376592576503754
0.0709138512611389
-0.0373587086796761
0.0064250794239342
0.0379620902240276
-0.0014210279332474
0.0674349665641785
-0.0233884323388338
0.0173011627048254
-0.0523565001785755
0.0340917743742466
-0.0368890613317490
0.0351861715316772
-0.0464624725282192
0.0166221968829632
-0.0359090045094490
-0.0184786785393953
0.0397959463298321
-0.0300375781953335
-0.0099105779081583
0.0542986616492271
0.0017041510436684
-0.0308213736861944
0.0344974845647812
0.0325856357812881
0.0747054517269135
0.0194620080292225
-0.0799576565623283
0.0405012257397175
0.0460029505193233
0.0276025980710983
-0.0261290464550257
-0.0519494190812111
-0.0464802160859108
-0.0161631628870964
-0.0698181167244911
-0.0099381143227220
-0.0137713076546788
0.0051159881986678
0.0316169857978821
-0.0581526197493076
0.0006109570967965
0.0127262361347675
-0.0205334573984146
0.0203559193760157
-0.0241560023277998
0.1041735038161278
-0.0867794901132584
0.0365265384316444
-0.0284623596817255
-0.0119263306260109
-0.0025625182315707
0.0156635846942663
0.0344615019857883
-0.0739559158682823
-0.0370455533266068
-0.0559750013053417
-0.0248867925256491
-0.0103151937946677
0.0081340037286282
0.0802566558122635
-0.0230399258434772
0.0212243683636189
0.0232225842773914
-0.0075572589412332
-0.0210178904235363
0.0278842393308878
-0.0263658743351698
-0.0432119816541672
-0.0248938016593456
-0.0451846048235893
-0.0432053618133068
0.0709206759929657
0.0174808874726295
0.0108937332406640
-0.0195307563990355
0.0217732302844524
-0.0392315723001957
-0.0147998640313745
0.0048223175108433
-0.0780297890305519
-0.0018303940305486
-0.0623667538166046
0.0411722064018250
-0.0558610558509827
-0.0193408261984587
0.0446059107780457
0.0302292201668024
-0.0344834588468075
-0.0370867066085339
0.0163752045482397
0.0586517937481403
0.0129560539498925
0.0149358306080103
0.0269819423556328
0.0213130656629801
0.0321432277560234
0.0734764412045479
-0.0112247224897146
0.0426582135260105
0.0471771620213985
-0.1069473549723625
-0.0174658242613077
0.0495876967906952
0.0391223356127739
0.0675717443227768
0.0355127006769180
0.0209747143089771
0.0178116969764233
0.0435021407902241
-0.0428456999361515
-0.0531306192278862
0.0285422857850790
-0.0279035568237305
-0.0082709304988384
-0.0183754842728376
0.1047052145004272
-0.0177243091166019
-0.0752769038081169
-0.0822437703609467
0.0557677336037159
0.0257986690849066
-0.0397848375141621
-0.0036066370084882
0.0511357486248016
0.0133760040625930
0.0170699451118708
-0.0494324490427971
-0.0269069224596024
-0.0556835047900677
0.0373938307166100
-0.0106788203120232
-0.0215236283838749
-0.0363511890172958
0.0321735329926014
0.0002128401101800
0.0068985200487077
0.0408324413001537
-0.0136192198842764
0.0262557025998831
-0.0671280547976494
-0.0966385081410408
0.0756934583187103
0.0077815502882004
-0.0117547400295734
-0.0339340157806873
-0.0260988734662533
-0.0262526441365480
-0.0364076197147369
0.0220762230455875
-0.0349845401942730
0.0029624507296830
-0.0550908520817757
-0.0262796096503735
0.0077499528415501
0.0390314161777496
0.0426861867308617
-0.0756770074367523
-0.0014457680517808
-0.0439136289060116
-0.0988431498408318
0.0229079164564610
0.0442412011325359
-0.0528036653995514
-0.0289622750133276
0.0855422839522362
0.0414000004529953
0.0735750794410706
-0.0403027459979057
-0.0004065745451953
-0.0269624050706625
-0.0001101177913370
-0.0105920499190688
0.0181331001222134
-0.0370957739651203
-0.0098569719120860
-0.0053122318349779
-0.0154870869591832
0.0100154653191566
-0.0837561786174774
-0.0368860475718975
-0.0005839566001669
-0.0695971846580505
-0.0650189369916916
0.0295471008867025
0.0276440512388945
0.0403689481317997
-0.0027804896235466
0.0329451486468315
-0.0510543808341026
0.0287956055253744
0.0322913415730000
0.0664092674851418
-0.0277193337678909
0.0206771586090326
-0.0712101012468338
0.0173034444451332
-0.0702791884541512
-0.0258106049150229
-0.0057955323718488
0.0484783537685871
0.0406606309115887
-0.0135090807452798
0.0016871767584234
0.0132368318736553
0.0381215773522854
0.0192535258829594
-0.0697456374764442
-0.0322925448417664
0.0463780462741852
0.0394807606935501
0.0179846752434969
0.0409778803586960
-0.0002434208727209
-0.0864347666501999
0.0792075544595718
-0.0062058195471764
0.0430099330842495
0.0066417818889022
0.0023254721891135
-0.0432496145367622
-0.0347585156559944
-0.1292241662740707
-0.0702928155660629
-0.0022556413896382
-0.0381667278707027
-0.0023722276091576
0.0086927134543657
0.0761307924985886
0.0681118443608284
0.0076952762901783
-0.0451681241393089
-0.0358580537140369
-0.0501102730631828
-0.0642458647489548
0.0188990328460932
-0.0088540818542242
-0.1036088019609451
0.0557388849556446
0.0166774317622185
0.0031449580565095
0.0346451885998249
0.0186037626117468
0.0380320064723492
0.0029621378052980
0.0870847553014755
-0.0391886606812477
0.0419791750609875
-0.0599504970014095
0.0074591436423361
-0.0325562544167042
0.0528049282729626
0.0324932225048542
0.0165627654641867
-0.0369778312742710
0.0527103133499622
-0.0895323753356934
0.0559012331068516
-0.0259391292929649
0.0380426719784737
0.0150811979547143
-0.0352248512208462
-0.0337355621159077
0.0290148146450520
0.0489513389766216
-0.0063570486381650
0.0653670281171799
0.0155366957187653
0.0658187195658684
0.0615679994225502
0.0006349913310260
0.0232962295413017
0.0330948047339916
0.0624456182122231
-0.0138796884566545
-0.0064237378537655
-0.1040026769042015
-0.0716653242707253
0.0486938543617725
0.0662288889288902
-0.0188544653356075
0.0569155253469944
-0.0682125315070152
-0.0761647820472717
-0.0043853670358658
0.0151019264012575
0.0065514896996319
-0.0585134215652943
0.0133034298196435
0.0274037010967731
-0.0160271581262350
0.0076896357350051
-0.0493403784930706
-0.0471760258078575
-0.1003561839461327
-0.0228975955396891
0.0693459361791611
0.0212802253663540
0.0673646852374077
-0.0214210171252489
0.0434101112186909
-0.0458748377859592
0.0397197939455509
-0.0730294808745384
0.0079667698591948
-0.0783209577202797
0.0180936045944691
0.0102902147918940
0.0342351235449314
0.0517857000231743
0.0641171038150787
