0.02178861
0.00016895
-0.00018174
0.01405376
-0.00139481
0.01747936
-0.01293822
0.01003751
-0.01173781
-0.00772761
0.02311957
-0.01770768
-0.00994529
-0.01383260
-0.01018534
0.00254343
0.01519983
-0.00873481
0.01804178
0.04284089
-0.00335522
0.05244609
-0.01612942
0.00807646
0.00521536
-0.01118413
0.00398581
-0.02083126
-0.00850373
0.01896756
-0.07832331
0.02125993
0.02609856
-0.00282658
0.00657780
0.01989825
0.01819787
0.00253613
0.01199271
-0.02463030
0.02915981
0.01319209
0.02875260
-0.01142160
-0.00102173
0.02262625
-0.02382457
-0.01080809
0.00477407
0.02180522
0.03550225
-0.02860545
0.00495820
-0.00025206
-0.00167861
0.00122909
0.00174755
0.01388767
0.49937990
0.03040222
-0.02755996
0.01934138
-0.00084976
-0.04117598
0.00989674
0.05755238
-0.02370312
0.00572283
-0.01877211
0.02071025
0.01586172
0.01985019
-0.04000676
0.02111615
-0.01392368
-0.00133413
-0.00119394
-0.00881370
0.01260599
-0.08119956
-0.01180476
0.00907654
0.00007247
0.02138539
0.03642859
-0.02134736
0.00635373
-0.00890256
0.01927540
-0.00662095
0.00113240
0.01163387
0.01759445
0.01246577
0.00219158
-0.00079128
-0.01511486
-0.03444406
0.00776457
0.01117641
0.00394882
0.00677710
-0.00398762
0.00492602
-0.00058026
0.01115950
0.01715187
0.02337007
0.00941328
-0.02136168
0.02581763
0.04630150
0.01687995
0.01385743
-0.03357986
0.02231145
0.01818968
0.00817035
0.02806634
0.00839053
0.01587998
0.01907041
0.00304151
-0.01433183
-0.00607139
0.00411386
-0.02751053
-0.00947317
0.00146502
0.09447432
0.01988064
0.00622064
-0.00114428
-0.00672171
0.00506649
-0.03533702
0.02277667
0.03334870
-0.10831736
0.00251072
-0.03138320
-0.00795807
0.00204364
-0.01370948
0.00423911
-0.02061990
-0.01394822
0.01535924
-0.01716735
-0.01210633
0.04796469
0.00531694
-0.02004617
0.00707301
-0.01784010
-0.02997450
-0.00568498
0.00977175
-0.01334857
0.01253333
-0.01023449
-0.01520852
0.00045916
-0.01795832
0.00585899
0.06329966
0.00213951
-0.01649227
0.01049272
0.01242071
-0.00598893
-0.01181069
0.02985715
-0.00643178
0.03630763
0.02199015
-0.00046458
0.00050170
-0.07066117
0.01901868
0.00560616
-0.01588539
0.01638165
0.00710328
0.04566719
-0.14715824
0.08487722
0.00489964
-0.01878426
0.04765676
0.02959166
-0.00680703
-0.00531060
-0.00089294
-0.00348091
0.02236939
0.07266601
0.02691380
-0.00435274
-0.02663179
0.00090917
0.01349609
0.12919046
0.00844854
0.01948571
-0.03909103
0.00731994
0.00236258
-0.02400347
-0.01910996
-0.00919292
-0.01072835
0.02014774
0.00523294
0.02902834
0.02513829
-0.01163850
0.02580922
-0.00290123
0.01763041
-0.00224298
-0.75296724
0.02822169
0.00613580
0.01192783
0.01576570
0.03389448
0.01160760
0.04077762
0.01529559
-0.00653317
-0.02322768
0.03415969
-0.01553360
-0.04920535
-0.01175643
0.02332926
-0.00865204
-0.00433839
-0.01314143
0.01790158
-0.01409612
0.03339699
-0.01700419
-0.02484921
-0.01956578
0.01365389
0.01299460
0.00708894
-0.00474586
-0.00915768
-0.00882831
0.05072160
0.02050817
-0.01105864
-0.01306792
-0.05308539
0.07168107
-0.05663582
0.01048475
0.04365562
0.00971255
0.01895045
0.01070743
-0.04873800
0.12022620
-0.08828835
0.03907830
-0.02106322
-0.00667738
0.07575302
0.08386340
-0.00671032
-0.07092121
-0.00286940
-0.01315718
-0.09122985
-0.03420621
0.03230890
-0.05105910
-0.02301992
0.13427268
0.05337160
-0.09353077
0.02244544
0.04967594
0.01644959
0.01712012
0.07591306
-0.12583658
0.02054930
-0.07936920
-0.04812250
-0.02400892
0.01967171
0.07255607
-0.06871359
0.06161836
0.00991176
-0.00162871
-0.02835302
-0.12028053
0.88324344
-0.07445602
-0.09168828
-0.03461339
-0.11898183
0.07046589
-0.04077913
0.07623062
0.03481571
0.01314086
0.01692910
0.02559679
-0.00362474
0.01376286
0.04968422
-0.04814699
-0.02513831
0.06469281
-0.05675089
-0.03960662
-0.00027365
-0.01377235
-0.02109354
0.02796424
-0.00638415
0.07747526
-0.03103919
0.00381064
0.00643088
0.01458657
0.02082173
0.04082076
0.00128771
0.02400067
-0.04366224
-0.01446723
0.03340064
-0.02612811
-0.03028397
0.01402503
-0.08458268
0.02761924
0.02447588
0.02464281
-0.04897100
-0.02100608
0.04154866
-0.05335108
-0.00028593
0.00306507
0.00631833
-0.01099984
-0.06541082
0.08834298
-0.03129483
-0.03286226
-0.02724163
0.00022800
-0.02826518
0.01212504
0.08913292
-0.01104238
-0.02061904
-0.00766238
0.01444586
-0.01740150
-0.12205073
0.00596969
-0.01965897
0.08855557
-0.02268515
0.03262852
0.07211009
-0.05360137
-0.05577160
0.01539320
-0.00901741
-0.01261995
-0.05330803
-0.02611867
-0.05220392
0.03135200
0.02568306
0.02564992
-0.00485884
0.01676857
0.04523873
-0.03751995
0.00951254
-0.07508383
-0.08511905
0.01229407
0.04775658
-0.04954981
0.02496530
-0.05313845
0.03933132
-0.01573202
0.00538516
0.04971917
0.05104267
-0.04332627
-0.02456590
0.02971186
0.01095424
-0.10261773
0.05809084
-0.02786648
-0.09416029
-0.05919900
0.03729429
-0.02834335
0.05464262
-0.00283127
-0.00206793
-0.03592855
-0.02265389
-0.03536892
-0.03544477
-0.04888341
-0.10443847
-0.08604795
0.01245594
-0.00093473
-0.06957129
-0.00029079
0.02827759
-0.04335531
0.02562114
0.03949207
-0.03519242
0.01919003
-0.03149748
0.04806201
0.02878273
-0.06488728
-0.03350585
0.05666396
-0.00707021
-0.00358106
0.03359561
0.00571887
-0.06655400
0.00078795
-0.02589587
-0.08309049
-0.02341139
-0.02210124
-0.03216375
0.01583391
0.06766324
-0.00981279
0.04533160
0.00342470
0.02821808
-0.01568727
-0.01408821
0.03571582
-0.02539089
0.05597481
-0.04019729
0.04301620
0.05374568
-0.04425434
-0.07031830
0.03035532
-0.00090349
-0.00488326
-0.01201822
-0.04976750
0.00864138
0.00271830
0.10983119
-0.02295149
-0.00969432
-0.06666405
0.06921570
-0.07505003
-0.03843872
-0.07519808
-0.03352819
-0.00438927
-0.01987232
0.00771024
-0.01565242
0.02942307
-0.01387934
-0.00077961
0.04857044
-0.02561479
-0.09455976
0.02649072
0.00952791
-0.01745447
-0.00604996
-0.03203210
-0.04860751
0.01423248
-0.07881261
0.02979969
0.00250739
-0.03232998
0.00971162
0.01717370
0.02363481
-0.06059987
-0.01484348
-0.03666995
0.02155139
-0.05827549
0.04557372
-0.04883678
0.02066130
0.00443296
0.03783502
0.05655172
-0.07239290
0.03696999
0.02517287
0.14161974
0.02304765
-0.05986996
0.05712462
-0.06714399
0.01446031
0.02462431
0.07035078
0.03786951
-0.00547932
0.03762386
-0.01651057
0.03990440
0.03810489
-0.07743390
-0.00231887
0.03497618
-0.02579220
0.01877496
0.01624957
-0.05032033
0.00743780
0.02477466
0.00519468
0.10264613
-0.04180189
0.01916718
0.02650371
-0.01365464
0.03155541
-0.06694286
0.02286655
0.00254874
-0.03408637
0.02222331
-0.05231510
0.01767329
0.02382372
0.00413682
-0.11061174
-0.03077618
0.04017210
0.01671836
-0.01154700
0.05767833
-0.01404625
-0.03526996
0.05524535
0.00650890
0.02928670
0.00961122
0.00565393
-0.02490146
0.03465923
0.03626341
0.04077160
0.00101973
0.00495449
0.00764207
0.04328699
0.03461004
-0.02058326
-0.03301294
0.01353152
-0.07923510
0.01537016
0.00009382
-0.01576740
0.05327822
-0.02226712
-0.03999238
0.04180765
0.04745961
0.15660810
-0.02366067
0.02163171
0.03375135
0.02177288
-0.02457351
0.02412663
-0.01841956
0.00379250
0.06832162
-0.00822654
-0.01272991
0.00834335
0.05256518
-0.02501898
-0.02443514
-0.02731120
-0.07451325
0.02459299
-0.03436970
-0.09506581
-0.00138474
-0.07663727
-0.04684325
0.00487735
-0.01026379
-0.05686377
-0.00288985
0.02646833
-0.00696146
-0.11867948
-0.00849012
-0.01239360
-0.02212257
-0.00587162
0.02334084
-0.08077548
0.05949887
-0.02395611
0.04568797
0.06372506
0.08596686
0.00751462
0.02792051
0.10500675
0.02620409
-0.12585555
-0.04088043
-0.01500021
-0.05537292
-0.09004908
-0.01298246
0.01428228
0.02790765
-0.05666692
-0.01662659
0.02044310
0.02686166
0.01777197
-0.05584319
0.00893766
-0.03626009
-0.00220773
0.00027230
0.04890062
0.00707788
-0.02635575
0.03401694
0.04350660
-0.05711969
-0.00288894
0.11374518
-0.00018633
0.02364270
0.06569656
-0.07439932
-0.05737261
-0.02552009
-0.03713639
-0.00994712
0.01105242
0.04302200
-0.06114497
-0.04010910
-0.06974179
-0.04136855
0.00793119
-0.04319221
0.01442849
-0.13465965
0.04536244
0.01721974
0.04712814
0.03828638
-0.06479590
-0.00231864
0.02054222
0.05924517
-0.00794580
-0.03640727
0.02918959
-0.01176258
-0.00485657
-0.00771096
0.04455219
0.06657687
0.02712562
0.04446564
0.05169575
0.04616619
-0.01976055
0.02879480
-0.01434291
0.00829427
-0.00104439
0.00610374
-0.03970396
-0.02279351
0.03459429
-0.00959190
-0.01689664
0.04817327
0.03173832
-0.08643673
-0.06995480
0.01847586
0.01090547
-0.09452267
0.00777236
-0.04232236
-0.02776708
0.02945841
-0.04564865
0.03494951
-0.04252096
0.03448921
-0.04190693
0.00250485
-0.00638063
0.02059653
-0.06358807
0.01397510
-0.01626909
0.05205612
0.00175777
0.02209500
-0.01514436
-0.04592948
-0.08318441
0.02341052
-0.00831221
-0.06594332
-0.00505917
0.01626567
-0.05892837
0.04807363
0.01159878
0.05544664
0.01192274
0.09342930
0.00911052
-0.06194478
-0.02485387
-0.07334626
-0.03197384
0.02429545
-0.08008982
0.05129632
-0.05545321
-0.03224007
0.01402486
-0.12958467
-0.00727079
0.04488363
0.01826918
-0.00232670
-0.00859412
0.04028998
0.05269053
0.04540273
0.05031579
0.02988922
-0.02650541
0.01289493
0.08550103
0.07032295
-0.01286247
-0.00609032
-0.04487614
-0.01955569
0.07856864
-0.00707812
-0.03778662
-0.00034926
-0.07616416
-0.00355731
0.01196408
-0.00674814
-0.03162218
0.04058789
0.03575798
-0.01040825
0.00884026
0.03126858
-0.04748947
0.03943817
-0.03275954
-0.12560156
0.03179879
0.00858836
-0.06559270
-0.05975846
-0.11899599
0.00437186
-0.07034311
-0.04524504
0.07981579
-0.02901677
0.02467722
-0.06752142
-0.07370911
0.02379790
0.03059649
0.02799679
0.00071767
-0.02421819
0.00430714
-0.03331946
-0.00791883
0.02916354
-0.01881924
0.01099541
-0.04822595
0.02097522
0.02154447
-0.02445338
-0.00107218
-0.02178066
