-1.767099462449550629e-02
6.054595112800598145e-03
-2.268658764660358429e-02
-4.541133064776659012e-03
1.199434162117540836e-03
2.131092734634876251e-02
-1.066341344267129898e-02
-5.553646013140678406e-03
-1.133504323661327362e-02
-1.019981456920504570e-03
9.166239760816097260e-03
-2.155156992375850677e-02
8.354480378329753876e-03
-4.196668043732643127e-02
-8.975690230727195740e-03
-8.408146910369396210e-03
-2.273314603371545672e-04
-1.511952956207096577e-03
3.172994777560234070e-02
2.044670283794403076e-02
-1.412191428244113922e-02
2.599662914872169495e-02
4.286183044314384460e-03
1.778388977982103825e-03
1.375031657516956329e-02
6.177454255521297455e-03
-1.278474461287260056e-03
1.593335345387458801e-02
8.496783673763275146e-03
1.600296981632709503e-02
-5.407263338565826416e-02
1.015665382146835327e-02
1.697410084307193756e-02
-2.155293710529804230e-02
-1.296921260654926300e-02
1.885251700878143311e-02
2.407076582312583923e-02
-3.517036093398928642e-03
1.971213147044181824e-02
-2.047027833759784698e-02
2.531092613935470581e-02
7.534703239798545837e-03
5.320956930518150330e-03
-1.644445769488811493e-02
8.194766007363796234e-03
2.420767769217491150e-02
-5.079606175422668457e-02
-2.536957710981369019e-02
1.666468917392194271e-03
1.857462152838706970e-02
3.026298619806766510e-02
-9.868843480944633484e-03
-4.264905117452144623e-03
2.289135195314884186e-02
-2.199022332206368446e-03
2.408824674785137177e-02
4.975448362529277802e-03
2.280393056571483612e-02
4.897200763225555420e-01
4.910644516348838806e-02
-2.274479344487190247e-02
2.504219859838485718e-02
-2.592390868812799454e-03
-3.349334374070167542e-02
2.504889667034149170e-02
3.972458839416503906e-02
-1.280911080539226532e-02
6.166587118059396744e-03
-6.987921893596649170e-03
2.945664152503013611e-02
-3.176213940605521202e-03
7.266879547387361526e-03
-2.247891388833522797e-02
2.283752337098121643e-02
-3.396266698837280273e-02
-2.615525200963020325e-02
-1.786752417683601379e-02
-2.004828117787837982e-02
1.385166589170694351e-02
-1.018107905983924866e-01
-1.561364770168438554e-04
8.194087073206901550e-03
1.332042645663022995e-02
3.201892599463462830e-02
1.988415606319904327e-02
-4.071990028023719788e-02
-2.018194273114204407e-02
-1.148839853703975677e-02
1.912728324532508850e-02
1.111946441233158112e-02
4.708612104877829552e-04
-2.824443392455577850e-03
4.744846373796463013e-02
5.680856993421912193e-04
2.760324859991669655e-03
-6.106461863964796066e-03
4.089077003300189972e-03
-4.896843060851097107e-02
2.973367087543010712e-02
2.459692582488059998e-02
-2.290696837007999420e-02
-2.131854183971881866e-02
5.544085521250963211e-03
-1.713317935355007648e-03
-3.063552081584930420e-03
1.391160953789949417e-02
2.847833000123500824e-02
4.232517629861831665e-02
8.923078887164592743e-03
-3.185560181736946106e-02
1.965088769793510437e-03
2.358532883226871490e-02
2.589342743158340454e-02
2.467887708917260170e-03
-1.639479212462902069e-02
1.073506288230419159e-02
5.298980697989463806e-02
2.490638289600610733e-03
1.253014616668224335e-02
1.904037036001682281e-02
2.304597198963165283e-02
1.574429869651794434e-02
-5.045002326369285583e-03
9.045941755175590515e-03
-8.643055334687232971e-03
-7.348551880568265915e-03
-2.014606446027755737e-02
-4.565451759845018387e-03
9.671064093708992004e-03
6.426063179969787598e-02
2.967588603496551514e-02
-1.807880005799233913e-03
1.306861639022827148e-02
-1.172316633164882660e-02
-1.455583237111568451e-02
-2.752397768199443817e-02
3.194703534245491028e-02
2.490787394344806671e-02
-1.076385974884033203e-01
1.978461816906929016e-02
2.949172630906105042e-03
-1.531139668077230453e-02
7.523458916693925858e-03
1.452554296702146530e-02
-7.148004369810223579e-04
-9.944275021553039551e-03
-2.172525972127914429e-02
1.659666188061237335e-02
-1.043014880269765854e-02
5.455835722386837006e-03
7.397560030221939087e-02
5.757403094321489334e-03
9.071054519154131413e-04
5.516607314348220825e-03
-2.040830813348293304e-02
-4.446244984865188599e-02
1.563782431185245514e-02
-5.920770578086376190e-03
-6.379898637533187866e-03
1.494455989450216293e-02
-1.515864301472902298e-02
-3.545824903994798660e-03
9.335557930171489716e-03
-2.166016586124897003e-02
-1.395693048834800720e-03
5.795670300722122192e-02
1.760503090918064117e-02
-3.249110653996467590e-03
8.116214536130428314e-03
3.911517187952995300e-02
-1.448828843422234058e-03
-9.860971942543983459e-03
1.498897280544042587e-02
1.342452596873044968e-02
2.283463440835475922e-02
1.881401240825653076e-02
3.598815994337201118e-03
-4.373091738671064377e-03
-4.184699803590774536e-02
1.288091205060482025e-02
1.277734246104955673e-02
-4.154653288424015045e-03
2.512003108859062195e-02
8.918216452002525330e-03
6.857769191265106201e-02
-1.567079722881317139e-01
1.456586718559265137e-01
1.320579927414655685e-02
-1.651064865291118622e-02
4.556429386138916016e-02
9.591612033545970917e-03
-1.240168418735265732e-02
-3.574560862034559250e-03
-8.059322834014892578e-03
-1.610541716217994690e-03
4.869617521762847900e-03
4.287911951541900635e-02
3.411887586116790771e-02
1.433866098523139954e-02
-1.327683497220277786e-02
1.435257587581872940e-02
1.160634029656648636e-02
1.360037028789520264e-01
1.782464236021041870e-02
2.224811166524887085e-02
-4.484624043107032776e-02
1.381076592952013016e-02
-2.741841599345207214e-03
-2.655324712395668030e-02
-9.124658070504665375e-03
-1.907742582261562347e-02
-1.233619987033307552e-03
1.968886516988277435e-02
6.553480867296457291e-03
2.851929515600204468e-03
4.281919915229082108e-03
2.933437936007976532e-04
1.292225625365972519e-02
-5.685637239366769791e-03
3.040200099349021912e-02
3.788985777646303177e-03
-7.454425096511840820e-01
9.406555444002151489e-03
-1.239736564457416534e-02
1.393145415931940079e-02
1.131098344922065735e-02
5.361986532807350159e-02
-7.897103205323219299e-03
3.958906605839729309e-02
1.822420977987349033e-03
1.685334602370858192e-03
-5.907573737204074860e-03
1.476828195154666901e-02
1.196802128106355667e-03
-6.287041306495666504e-02
-2.999974880367517471e-03
8.857694454491138458e-03
4.242147784680128098e-03
-2.895343350246548653e-03
-1.747706555761396885e-03
1.413222029805183411e-02
-3.406237810850143433e-03
2.579648420214653015e-02
-2.890190295875072479e-02
-9.282671846449375153e-03
-1.131562795490026474e-02
3.267350792884826660e-02
-5.576340481638908386e-03
2.752085402607917786e-02
2.206311374902725220e-02
-9.650018997490406036e-03
1.066571008414030075e-02
5.223646387457847595e-02
3.439617529511451721e-02
-1.051462814211845398e-02
-2.858352847397327423e-03
-1.128210574388504028e-01
2.928647585213184357e-02
-1.497036069631576538e-01
1.244131475687026978e-01
-4.184501990675926208e-02
1.183780729770660400e-01
-1.024208515882492065e-01
4.127304628491401672e-02
-4.319284856319427490e-02
1.163307800889015198e-01
-3.575683385133743286e-02
1.087766960263252258e-01
1.435995548963546753e-01
5.215872079133987427e-04
1.201566085219383240e-01
3.553583845496177673e-02
5.818233266472816467e-02
-9.445082396268844604e-02
-1.140606328845024109e-01
-2.888242527842521667e-02
-5.602238327264785767e-02
1.071969270706176758e-01
-2.894943952560424805e-02
-1.243657320737838745e-01
-1.704265549778938293e-02
8.717683702707290649e-02
-1.093565523624420166e-01
-3.906349092721939087e-02
-4.314326494932174683e-02
8.193828980438411236e-04
-2.752561122179031372e-02
-1.027951240539550781e-01
3.936382755637168884e-02
-8.617128431797027588e-02
7.837806642055511475e-02
-6.211980804800987244e-02
-1.269310712814331055e-01
4.100167006254196167e-02
-8.412840217351913452e-02
1.019645407795906067e-01
5.582268908619880676e-02
2.409613132476806641e-01
-1.448287069797515869e-01
1.615763641893863678e-02
-1.236890852451324463e-01
-1.692333221435546875e-01
6.730992197990417480e-01
-1.731932610273361206e-01
-1.079568117856979370e-01
-5.132596194744110107e-02
-9.554447233676910400e-02
-5.975972861051559448e-03
-8.901431411504745483e-02
2.178778685629367828e-02
1.041246876120567322e-01
2.267816849052906036e-02
-8.004100993275642395e-03
9.763787686824798584e-02
-2.305925823748111725e-02
3.121459158137440681e-03
1.317660659551620483e-01
-6.994567066431045532e-02
-5.334927514195442200e-02
1.482736468315124512e-01
-5.774538218975067139e-02
-3.805171325802803040e-02
2.721817232668399811e-03
-2.707577310502529144e-02
3.554176166653633118e-02
1.567050628364086151e-02
-2.728665992617607117e-02
4.829091578722000122e-02
-3.618913143873214722e-02
7.093082182109355927e-03
-1.040203310549259186e-02
2.208732301369309425e-03
1.598176546394824982e-02
8.196913450956344604e-02
2.891275845468044281e-02
1.371729560196399689e-02
-3.026950918138027191e-02
-2.348417788743972778e-02
5.086051300168037415e-02
-3.033688291907310486e-02
-3.026539832353591919e-02
2.161875599995255470e-03
-3.355672210454940796e-02
1.623879931867122650e-02
1.734522357583045959e-02
7.835339754819869995e-02
-4.789430648088455200e-02
-4.294472187757492065e-02
4.400415346026420593e-02
-6.674910336732864380e-02
-3.304145485162734985e-02
2.372066304087638855e-02
-2.365602552890777588e-02
-2.349257702007889748e-03
-4.121377319097518921e-02
1.147479563951492310e-01
-1.499945204704999924e-02
4.279197193682193756e-03
1.910773664712905884e-02
-2.409173548221588135e-02
-7.833241671323776245e-02
5.443655420094728470e-03
7.793590426445007324e-02
-1.626673713326454163e-02
-1.199929043650627136e-02
3.324973164126276970e-03
7.609277963638305664e-03
-9.067325852811336517e-03
-9.213923662900924683e-02
-2.844608575105667114e-02
5.031962413340806961e-03
2.418544143438339233e-02
-3.871020302176475525e-02
1.110235229134559631e-02
5.377864837646484375e-02
-7.088273018598556519e-02
-3.650718927383422852e-02
-1.228713709861040115e-02
-2.387590520083904266e-02
1.395998336374759674e-02
-2.934336476027965546e-02
-1.944868639111518860e-02
-4.529028013348579407e-02
4.620752483606338501e-02
1.531058084219694138e-02
4.997012764215469360e-02
4.740947484970092773e-02
3.349276725202798843e-03
2.440767176449298859e-02
-9.004758670926094055e-03
-4.066913947463035583e-02
-5.816423892974853516e-02
-6.041913107037544250e-02
-2.853832207620143890e-02
2.420938014984130859e-02
-5.218499153852462769e-02
2.617068774998188019e-02
-6.368245184421539307e-02
3.423915058374404907e-02
-4.004349187016487122e-02
-7.842938415706157684e-03
5.552876973524689674e-04
1.180535182356834412e-01
-7.587351649999618530e-02
-6.507939193397760391e-03
5.609434470534324646e-02
1.971201226115226746e-02
-7.614938914775848389e-02
5.946072563529014587e-02
-2.773552574217319489e-02
-1.167355328798294067e-01
-3.613201156258583069e-02
3.142608702182769775e-02
-4.550388455390930176e-02
5.730587616562843323e-02
7.650670595467090607e-03
-1.759935053996741772e-03
-4.733476042747497559e-02
-5.482272431254386902e-02
-2.220248430967330933e-02
8.788786828517913818e-03
-1.359680294990539551e-02
-1.592168509960174561e-01
-4.917236417531967163e-02
-2.518550679087638855e-02
1.305631641298532486e-02
-3.441179171204566956e-02
-2.268508076667785645e-02
-3.280574455857276917e-02
-3.733719233423471451e-03
-7.182788569480180740e-03
2.058482356369495392e-02
-4.405268654227256775e-02
4.089725017547607422e-02
4.228132311254739761e-03
6.941273808479309082e-03
-1.822580234147608280e-03
-5.775972828269004822e-02
-3.513037785887718201e-02
3.955788537859916687e-02
-3.598826378583908081e-02
-1.111063361167907715e-02
2.649450302124023438e-02
-1.427990011870861053e-02
-1.230527162551879883e-01
1.042638532817363739e-02
6.548119243234395981e-03
-1.084356158971786499e-01
-1.910960674285888672e-02
-4.597885068506002426e-03
-7.412838283926248550e-03
2.469074539840221405e-02
1.086101084947586060e-01
-3.130780998617410660e-03
4.920776933431625366e-02
1.620981656014919281e-02
6.734123080968856812e-02
-2.513506449759006500e-02
1.406927220523357391e-02
1.657482422888278961e-02
-4.721101373434066772e-02
3.329407796263694763e-02
-2.957473136484622955e-02
3.513183444738388062e-02
6.773581355810165405e-02
-1.108193956315517426e-02
-3.199129924178123474e-02
3.159666433930397034e-02
-1.215684786438941956e-02
-2.902831323444843292e-02
-1.620749197900295258e-02
-3.822967410087585449e-02
1.552047859877347946e-02
-3.683404624462127686e-02
1.227722167968750000e-01
-4.022580385208129883e-02
1.535696256905794144e-02
-6.907945126295089722e-02
5.782492458820343018e-02
-5.110812187194824219e-02
-1.638573780655860901e-02
-6.411390751600265503e-02
2.173048269469290972e-04
-1.711378060281276703e-02
-2.232331596314907074e-02
8.308301679790019989e-03
-1.379251293838024139e-02
2.151472866535186768e-02
-2.218330278992652893e-02
-1.956767216324806213e-02
7.083323597908020020e-02
-6.451264768838882446e-02
-4.762361198663711548e-02
6.348398327827453613e-02
-1.255523506551980972e-02
-1.765811070799827576e-02
-2.584221027791500092e-02
-4.513426125049591064e-02
8.402680978178977966e-03
8.173028007149696350e-03
-3.792716562747955322e-02
2.544620633125305176e-02
-3.174002096056938171e-02
-1.119032874703407288e-02
-1.837905682623386383e-02
2.717913826927542686e-03
5.809053312987089157e-03
-7.324147224426269531e-02
-2.248314581811428070e-02
5.611805710941553116e-03
1.538985315710306168e-02
-2.741942554712295532e-02
1.374380942434072495e-02
-5.838508531451225281e-02
1.178843434900045395e-02
-2.092056162655353546e-02
5.448682699352502823e-03
3.479828685522079468e-02
-7.075367122888565063e-02
4.539156332612037659e-02
1.965810358524322510e-02
1.088721305131912231e-01
4.536119848489761353e-02
-8.809401839971542358e-02
5.946242809295654297e-02
-5.879341810941696167e-02
1.058513298630714417e-02
1.490320451557636261e-02
9.196189790964126587e-02
3.975319489836692810e-02
2.714524045586585999e-02
3.097863309085369110e-02
-9.629546850919723511e-02
2.009876817464828491e-02
4.514269903302192688e-02
-4.723364114761352539e-02
1.379951718263328075e-03
4.761287476867437363e-03
-3.682108223438262939e-02
2.275438979268074036e-02
-1.193066313862800598e-02
-6.050222367048263550e-02
-7.221266627311706543e-03
-6.926579400897026062e-03
-6.525294738821685314e-04
1.031961292028427124e-01
-2.243272215127944946e-02
1.828065328299999237e-02
1.439139246940612793e-02
1.050064712762832642e-02
1.954288780689239502e-02
-3.015283867716789246e-02
1.977480016648769379e-02
9.045246988534927368e-03
-3.956485539674758911e-02
-2.874049358069896698e-02
-4.617211222648620605e-02
2.654786687344312668e-03
-2.024806477129459381e-02
2.955668838694691658e-03
-7.976315915584564209e-02
-1.166240964084863663e-02
3.943908587098121643e-02
3.274508193135261536e-02
-1.710441336035728455e-02
1.812966354191303253e-02
3.574898838996887207e-02
-8.655860088765621185e-03
1.916308142244815826e-02
-1.523727737367153168e-02
3.277308493852615356e-02
1.836608909070491791e-02
-9.232432581484317780e-03
1.381155010312795639e-02
4.000496491789817810e-02
2.589663863182067871e-02
-7.693126332014799118e-03
2.184798475354909897e-03
-6.907748524099588394e-03
-2.751151099801063538e-03
1.499975752085447311e-02
1.908192597329616547e-02
3.359491238370537758e-03
-2.520753443241119385e-02
-3.063242649659514427e-03
-4.487432911992073059e-02
2.835424989461898804e-02
1.211244519799947739e-02
-2.975278906524181366e-02
4.498481750488281250e-02
-2.830433659255504608e-02
-1.783354580402374268e-02
1.612692512571811676e-02
6.950364261865615845e-02
1.372412741184234619e-01
-2.167425304651260376e-02
4.174679145216941833e-02
9.825278073549270630e-03
1.712818816304206848e-02
-3.403156995773315430e-02
9.851813316345214844e-03
-3.353576362133026123e-02
-1.395929697901010513e-02
4.246864467859268188e-02
-1.199743058532476425e-02
1.853529363870620728e-02
2.408804558217525482e-02
4.030632972717285156e-02
-4.160172492265701294e-02
-5.555340275168418884e-02
-5.403786897659301758e-03
-9.794763475656509399e-02
2.887472882866859436e-02
-5.141294747591018677e-02
-8.307988941669464111e-02
2.650143019855022430e-02
-4.278910160064697266e-02
-7.040337473154067993e-02
2.453764900565147400e-02
-1.631700061261653900e-02
-6.763429939746856689e-02
1.839618757367134094e-02
2.255454473197460175e-02
3.013654612004756927e-02
-8.986010402441024780e-02
-5.914883688092231750e-02
1.859106007032096386e-03
8.268668316304683685e-03
-3.103173803538084030e-03
2.537162043154239655e-02
-3.814494609832763672e-02
4.775384813547134399e-02
-1.356164645403623581e-02
1.205681357532739639e-03
4.139550775289535522e-02
7.785028219223022461e-02
-5.560299381613731384e-02
5.100667476654052734e-02
4.309738054871559143e-02
-2.716380637139081955e-03
-1.059516072273254395e-01
-4.893696308135986328e-02
7.265917491167783737e-03
-1.793298125267028809e-02
-6.036819890141487122e-02
-7.238091900944709778e-03
-8.328502735821530223e-05
5.664849281311035156e-02
-2.834533527493476868e-02
-2.031162381172180176e-02
1.496961992233991623e-02
2.725966647267341614e-02
4.268538951873779297e-02
-1.020359098911285400e-01
3.363516181707382202e-02
-2.120841480791568756e-02
-9.948341175913810730e-03
-6.682626903057098389e-03
5.926842987537384033e-02
8.088367059826850891e-03
1.125187426805496216e-02
5.083450675010681152e-02
4.365376010537147522e-02
-9.290335327386856079e-02
3.204051032662391663e-02
5.563531816005706787e-02
3.934085369110107422e-02
4.839723929762840271e-02
3.372136875987052917e-02
-6.185344234108924866e-02
-5.625677853822708130e-02
-8.798141032457351685e-03
1.208146754652261734e-02
-1.444745715707540512e-02
2.353190211579203606e-04
3.540229052305221558e-02
-3.126164898276329041e-02
-3.031994588673114777e-02
-4.670194163918495178e-02
-4.240879043936729431e-02
-1.863182522356510162e-02
-5.707068368792533875e-02
4.307199269533157349e-02
-1.117843762040138245e-01
7.129824906587600708e-02
7.930594496428966522e-03
2.544265240430831909e-02
1.554766111075878143e-02
-4.956831410527229309e-02
-9.840344078838825226e-03
1.159894466400146484e-02
4.893407225608825684e-02
4.184659628663212061e-04
-3.072516247630119324e-02
8.042405545711517334e-02
2.206906676292419434e-02
-4.316967725753784180e-02
-1.545846695080399513e-03
1.783294603228569031e-02
2.631960250437259674e-02
6.601375527679920197e-03
4.835455864667892456e-02
3.153527900576591492e-02
2.195819839835166931e-02
1.293437462300062180e-02
5.210543796420097351e-02
-2.352498285472393036e-02
-2.498908154666423798e-02
1.910473406314849854e-02
2.616343274712562561e-02
-3.896516188979148865e-02
-1.752884313464164734e-02
5.778963491320610046e-02
-1.559904892928898335e-03
-3.474048897624015808e-02
6.854850053787231445e-02
8.294332772493362427e-03
-1.799253970384597778e-01
-6.820934265851974487e-02
3.599663078784942627e-02
-1.172223314642906189e-02
-1.391902118921279907e-01
-5.772739183157682419e-03
-6.530837621539831161e-03
-4.003637656569480896e-02
-1.824453100562095642e-02
-2.667412534356117249e-02
1.354534551501274109e-02
-3.568200021982192993e-02
1.549311075359582901e-02
-6.484620273113250732e-02
-1.159731764346361160e-02
-2.850039675831794739e-02
6.124115549027919769e-03
-6.350125372409820557e-02
-2.486344659700989723e-03
-3.990089148283004761e-02
2.032030001282691956e-02
-9.642165154218673706e-02
-1.639882335439324379e-03
5.879380041733384132e-04
-2.635393664240837097e-02
-4.537262395024299622e-02
6.890264339745044708e-03
-1.448818203061819077e-02
-2.200043573975563049e-02
-2.399230608716607094e-03
2.007856033742427826e-02
-7.580465078353881836e-02
5.382989719510078430e-02
-1.282845623791217804e-02
2.252895012497901917e-02
4.645427688956260681e-02
6.295175105333328247e-02
2.698577940464019775e-02
-6.769981235265731812e-03
-5.843464750796556473e-03
-7.632759958505630493e-02
-1.267910283058881760e-02
7.321027666330337524e-02
-1.364632975310087204e-02
1.052992865443229675e-01
-7.638351619243621826e-02
-8.536122622899711132e-04
-2.535189874470233917e-02
-1.376471668481826782e-01
2.796408487483859062e-03
3.621916845440864563e-02
1.127875689417123795e-02
-3.932005912065505981e-02
-8.034951984882354736e-03
3.494423255324363708e-02
5.130701884627342224e-02
7.255768775939941406e-02
8.023815602064132690e-02
1.255900599062442780e-02
-3.545425832271575928e-02
9.821729734539985657e-03
2.367576397955417633e-02
2.500386722385883331e-02
-3.456551209092140198e-02
2.514306455850601196e-03
4.858056828379631042e-02
-1.921479240991175175e-03
5.443464964628219604e-02
1.028173044323921204e-02
-4.378939792513847351e-02
2.488134801387786865e-02
-7.306618243455886841e-02
1.247804518789052963e-02
-3.105123154819011688e-02
-9.367872960865497589e-03
-3.428484126925468445e-02
1.760344393551349640e-02
4.692841693758964539e-02
-5.141826812177896500e-03
2.538228034973144531e-02
1.671479828655719757e-02
-6.608116626739501953e-02
3.829915449023246765e-02
2.902764640748500824e-02
-1.670645177364349365e-01
4.206411913037300110e-02
-6.706353276968002319e-02
-3.888994082808494568e-02
-4.048507660627365112e-02
-6.256187707185745239e-02
2.044843137264251709e-02
-7.127191126346588135e-02
-5.137642472982406616e-02
5.748921632766723633e-02
-8.135267999023199081e-04
8.636390790343284607e-03
-4.875742271542549133e-02
-6.218268722295761108e-02
4.142396524548530579e-02
3.560255467891693115e-02
2.348250150680541992e-02
-7.364140823483467102e-03
9.453471750020980835e-03
1.038250699639320374e-02
-2.538780868053436279e-02
-3.649969398975372314e-02
8.195076137781143188e-02
9.042802266776561737e-03
2.141419239342212677e-02
-4.725558310747146606e-02
7.189155369997024536e-02
-8.870122954249382019e-03
-3.895271942019462585e-02
1.617106236517429352e-02
-1.141967624425888062e-02
