3.142298758029937744e-02
-3.393128886818885803e-02
-5.502112675458192825e-03
-2.975831180810928345e-02
1.369963720208033919e-04
-7.069597952067852020e-03
-6.870551966130733490e-03
-1.787342713214457035e-03
-5.999025702476501465e-02
7.033231668174266815e-03
1.293754670768976212e-02
1.629367703571915627e-03
2.443847432732582092e-02
-5.165577679872512817e-02
-3.778094053268432617e-02
-1.031120214611291885e-02
1.263834163546562195e-02
4.733193665742874146e-03
8.116777241230010986e-02
4.967601224780082703e-02
-5.992661695927381516e-03
5.826963856816291809e-02
-3.571058437228202820e-02
1.499214768409729004e-02
-1.582449115812778473e-02
-1.373924780637025833e-03
4.828002303838729858e-03
2.880710177123546600e-03
-2.508891187608242035e-02
1.169437170028686523e-02
1.262261066585779190e-02
1.779600791633129120e-02
8.006137795746326447e-03
-1.621792651712894440e-02
-4.287333227694034576e-03
2.077406272292137146e-02
1.832106336951255798e-02
2.590336278080940247e-02
3.200901672244071960e-02
-5.583497695624828339e-03
-7.085655815899372101e-03
-2.007483877241611481e-02
-3.822351619601249695e-02
-8.189085870981216431e-03
-1.244590152055025101e-02
3.537255525588989258e-02
-4.716888815164566040e-02
1.817480660974979401e-02
4.101932048797607422e-02
3.630635561421513557e-03
2.790772356092929840e-02
-6.374773383140563965e-02
3.780879452824592590e-02
1.326579228043556213e-02
-3.688596561551094055e-02
-6.726274266839027405e-03
-1.848716288805007935e-02
-3.289469983428716660e-03
4.622782766819000244e-01
3.000984527170658112e-02
-2.632666565477848053e-02
4.460133612155914307e-02
3.559442609548568726e-02
-4.188532382249832153e-02
-3.642917843535542488e-03
5.661004409193992615e-02
-1.635843887925148010e-02
-1.442195847630500793e-02
-1.240319199860095978e-02
5.711276084184646606e-02
3.045735321938991547e-02
-1.023569237440824509e-02
-5.341834854334592819e-03
1.367722731083631516e-02
-2.557278051972389221e-02
1.443279348313808441e-02
-3.651243448257446289e-02
-3.531163930892944336e-02
1.792423613369464874e-02
9.001776576042175293e-03
-2.727924287319183350e-02
1.229179929941892624e-02
2.080995356664061546e-03
6.781689822673797607e-02
4.607566818594932556e-02
9.142865426838397980e-03
7.459588814526796341e-03
-5.908841732889413834e-03
4.247624054551124573e-02
1.030955184251070023e-02
5.076779052615165710e-02
4.048546776175498962e-02
-4.546697717159986496e-03
1.405708398669958115e-02
-1.213049609214067459e-02
-1.971474848687648773e-02
7.040875963866710663e-03
-2.478825673460960388e-02
3.790362924337387085e-02
-1.349834166467189789e-02
-1.993442140519618988e-02
-1.063932944089174271e-02
-1.119959913194179535e-02
3.087415546178817749e-02
2.959802933037281036e-02
1.277844328433275223e-02
4.015605524182319641e-02
-3.061758819967508316e-03
2.234693616628646851e-02
-1.997062936425209045e-02
1.719894632697105408e-02
3.607217594981193542e-02
2.214877121150493622e-02
-1.405505742877721786e-02
-1.628455147147178650e-02
-2.417140873149037361e-03
1.580098643898963928e-02
-1.922171004116535187e-02
3.424784168601036072e-02
1.468109432607889175e-03
1.546906493604183197e-02
4.003067500889301300e-03
9.730016812682151794e-03
-3.627978265285491943e-03
2.150353044271469116e-02
3.505577147006988525e-02
-2.414011768996715546e-02
-1.250547589734196663e-03
3.843431826680898666e-03
5.151866376399993896e-02
3.917656466364860535e-02
-1.886496506631374359e-02
-3.213618695735931396e-02
-1.263665268197655678e-03
-1.472765672951936722e-02
1.226654555648565292e-02
2.435263432562351227e-02
4.496742784976959229e-02
-6.894153356552124023e-02
1.342997071333229542e-03
-1.244905311614274979e-02
-6.071405019611120224e-03
-1.468964759260416031e-02
-2.099598990753293037e-03
-2.564379014074802399e-02
7.262359559535980225e-02
-3.060290031135082245e-02
7.835849188268184662e-03
-1.460218615829944611e-02
-3.424111381173133850e-02
4.673905298113822937e-02
1.381080877035856247e-02
-1.799015328288078308e-02
4.066894575953483582e-02
9.971657767891883850e-03
-3.592204302549362183e-02
1.344788912683725357e-02
1.337861083447933197e-02
-3.316117823123931885e-02
2.366731874644756317e-03
-2.252297563245519996e-04
-4.023167490959167480e-02
-2.704028412699699402e-02
4.118182230740785599e-03
9.637274779379367828e-03
8.139194548130035400e-02
-1.878613792359828949e-02
-1.807507686316967010e-02
5.168952047824859619e-03
3.058097511529922485e-02
2.767645940184593201e-02
-1.277047023177146912e-02
2.888888679444789886e-02
5.870833992958068848e-03
6.684746593236923218e-02
3.045494668185710907e-02
3.762651979923248291e-02
-1.243268977850675583e-02
-6.352467834949493408e-02
1.215621177107095718e-02
-2.799890935420989990e-02
-4.419258609414100647e-02
1.846384606324136257e-03
1.933624036610126495e-02
3.397696837782859802e-02
-3.003393299877643585e-02
3.987494856119155884e-02
-2.046925015747547150e-02
-5.388610996305942535e-03
3.616485372185707092e-02
1.272407080978155136e-02
2.402194775640964508e-02
-1.388425100594758987e-02
-1.644730940461158752e-02
-1.788709685206413269e-02
4.493650048971176147e-02
8.727469295263290405e-02
2.647714130580425262e-02
4.815804213285446167e-02
-4.214431717991828918e-02
-8.998309262096881866e-03
1.372474431991577148e-02
7.773697376251220703e-02
6.653187796473503113e-03
1.630814746022224426e-02
-1.379456557333469391e-02
-1.816293597221374512e-02
2.063992619514465332e-02
7.472411962226033211e-04
-7.277991622686386108e-02
-1.204188447445631027e-02
1.114925276488065720e-02
-2.109234780073165894e-02
1.328728441148996353e-02
2.322657778859138489e-02
-1.431802939623594284e-02
8.498717099428176880e-03
6.285408884286880493e-02
-1.278971880674362183e-02
3.133022785186767578e-02
4.359000362455844879e-03
-7.621054649353027344e-01
1.066746283322572708e-02
-2.545627951622009277e-02
-5.656308494508266449e-03
-6.532085128128528595e-03
4.973112046718597412e-02
-2.439899183809757233e-02
3.945023566484451294e-02
9.339628741145133972e-03
-6.164559163153171539e-04
-5.130296573042869568e-02
2.787336148321628571e-02
1.624782383441925049e-02
-2.447924576699733734e-02
5.829158704727888107e-03
4.954283125698566437e-03
-3.612799802795052528e-03
5.222723353654146194e-03
-1.109169423580169678e-02
2.058277279138565063e-02
1.979723107069730759e-03
8.716994896531105042e-03
9.224530309438705444e-03
-2.069590426981449127e-02
1.326925028115510941e-02
2.675022184848785400e-02
8.785565383732318878e-03
7.473516277968883514e-03
-1.128809177316725254e-03
-1.488894224166870117e-02
-8.048616349697113037e-03
3.048231638967990875e-02
6.569658406078815460e-03
-2.292544767260551453e-02
-2.162694558501243591e-02
-1.946881562471389771e-01
1.832055114209651947e-02
-1.044476106762886047e-01
1.089001893997192383e-01
-6.139384955167770386e-02
1.071066185832023621e-01
-1.098928079009056091e-01
6.988514214754104614e-03
1.610763370990753174e-02
1.004786118865013123e-01
-1.058583408594131470e-01
-2.938260789960622787e-03
1.543615460395812988e-01
1.444166339933872223e-02
1.646033972501754761e-01
5.593591369688510895e-03
1.343822758644819260e-02
-4.093720391392707825e-02
-1.233823671936988831e-01
-4.458924755454063416e-02
-8.247068151831626892e-03
1.196846291422843933e-01
2.520023286342620850e-02
-1.069213747978210449e-01
2.645490877330303192e-02
1.108450219035148621e-01
-8.202344924211502075e-02
1.331836171448230743e-02
-5.224459618330001831e-02
2.438962459564208984e-02
-1.158254966139793396e-01
-7.464304566383361816e-02
4.015443474054336548e-02
-4.533442109823226929e-02
1.521226167678833008e-01
-7.575964927673339844e-02
-1.761552691459655762e-01
-5.133595317602157593e-03
-3.459977358579635620e-02
7.629623264074325562e-02
4.844599589705467224e-02
2.013905495405197144e-01
-1.208665072917938232e-01
4.512149468064308167e-02
-9.720772504806518555e-02
-1.321326345205307007e-01
6.974144577980041504e-01
-9.029728919267654419e-02
-1.383525878190994263e-01
9.487104834988713264e-04
-1.077481210231781006e-01
9.981067851185798645e-03
-6.105682998895645142e-02
1.704496704041957855e-02
5.978915840387344360e-02
7.401676476001739502e-02
-5.374520272016525269e-02
1.136038973927497864e-01
3.288587927818298340e-02
6.266304850578308105e-02
1.233961656689643860e-01
-4.933909326791763306e-02
-6.908797472715377808e-02
1.112710982561111450e-01
-5.376325547695159912e-02
-3.747905045747756958e-02
1.512234285473823547e-02
-2.069447375833988190e-02
1.200597919523715973e-02
2.417921274900436401e-02
-8.027305826544761658e-03
5.721167474985122681e-02
-4.083994403481483459e-02
7.198594976216554642e-03
-5.096712615340948105e-03
9.160065092146396637e-03
2.543514966964721680e-02
5.899304524064064026e-02
9.469494223594665527e-03
1.995908841490745544e-02
-1.089536305516958237e-02
-6.657854188233613968e-03
4.522588104009628296e-02
-6.048600655049085617e-03
-1.218800339847803116e-02
-1.081292051821947098e-03
-4.601800069212913513e-02
1.575757190585136414e-02
2.051841281354427338e-02
4.934446886181831360e-02
-5.255936086177825928e-02
-3.537444025278091431e-02
5.182913690805435181e-02
-5.226329341530799866e-02
-3.426101058721542358e-02
5.316874384880065918e-02
-4.748113919049501419e-03
-1.749390154145658016e-03
-4.538642987608909607e-02
7.515438646078109741e-02
-2.465500682592391968e-02
-1.807549619115889072e-03
2.296587638556957245e-02
-7.903054356575012207e-03
-5.054979026317596436e-02
5.875118076801300049e-04
8.357330411672592163e-02
-2.328233420848846436e-02
-3.933327645063400269e-02
-1.238333526998758316e-02
9.394782595336437225e-03
-1.982075534760951996e-02
-1.240762323141098022e-01
5.899285897612571716e-04
-6.307383999228477478e-03
5.358844622969627380e-02
-3.060731105506420135e-02
4.169255495071411133e-02
5.652701482176780701e-02
-7.306543737649917603e-02
-1.352772302925586700e-02
-3.082825569435954094e-03
-2.568987570703029633e-02
-1.155692711472511292e-02
-3.708111867308616638e-02
-4.409622773528099060e-02
-4.810448735952377319e-02
7.159044593572616577e-02
1.112014055252075195e-02
3.339359536767005920e-02
-7.260064128786325455e-03
3.375479578971862793e-02
2.314183302223682404e-02
-1.204244792461395264e-02
-2.764396369457244873e-02
-5.723256245255470276e-02
-6.934043020009994507e-02
-1.075697131454944611e-02
4.546004906296730042e-02
-6.334294378757476807e-02
1.583118364214897156e-02
-7.322471588850021362e-02
4.513675346970558167e-02
-2.109004929661750793e-02
-2.223955653607845306e-02
4.183529317378997803e-02
1.005266606807708740e-01
-5.922825261950492859e-02
8.611090481281280518e-03
4.983399063348770142e-02
1.596834324300289154e-02
-7.533022016286849976e-02
7.897189259529113770e-02
-3.584472462534904480e-02
-1.117264479398727417e-01
-6.698911637067794800e-02
3.753002732992172241e-02
-4.266602173447608948e-02
5.581075698137283325e-02
-7.654847577214241028e-03
-9.147192758973687887e-05
-5.768979340791702271e-02
-5.218811705708503723e-02
-3.875739872455596924e-02
-2.207861654460430145e-02
-3.491942211985588074e-02
-1.104794517159461975e-01
-5.722704902291297913e-02
1.035589072853326797e-02
-6.147485226392745972e-03
-5.796478688716888428e-02
-1.983965747058391571e-03
-1.476122066378593445e-02
-6.642942316830158234e-03
1.557340938597917557e-02
2.828746289014816284e-02
-5.888200923800468445e-02
2.603130042552947998e-02
-1.434735674411058426e-02
8.199712261557579041e-03
-5.718105472624301910e-03
-4.506045579910278320e-02
-3.110406361520290375e-02
5.429555475711822510e-02
-6.550934631377458572e-03
-1.372264698147773743e-02
4.352555051445960999e-02
-3.289316967129707336e-02
-1.026975810527801514e-01
-1.159122213721275330e-02
-8.374100551009178162e-03
-6.036121398210525513e-02
-3.216231241822242737e-03
1.894031651318073273e-02
-4.362073168158531189e-02
1.372389029711484909e-02
7.302545011043548584e-02
1.105856802314519882e-02
4.660272225737571716e-02
2.197985723614692688e-02
4.735159128904342651e-02
8.451111614704132080e-03
1.264163991436362267e-03
1.281593646854162216e-02
-3.778530657291412354e-02
5.455100163817405701e-02
-4.663920029997825623e-02
4.663108289241790771e-02
6.831333041191101074e-02
-2.609141916036605835e-02
-6.551248580217361450e-02
1.863174140453338623e-02
-2.797482348978519440e-02
-2.351542003452777863e-02
-7.857717573642730713e-03
-3.378307074308395386e-02
1.926644239574670792e-03
-1.776587776839733124e-02
1.126868724822998047e-01
-4.440925270318984985e-02
-3.329512430354952812e-03
-5.972876399755477905e-02
6.802372634410858154e-02
-4.857276752591133118e-02
-3.970446810126304626e-02
-7.770728319883346558e-02
-2.011011354625225067e-02
-1.532518770545721054e-02
-3.245051577687263489e-02
2.167584002017974854e-02
-7.418936118483543396e-03
1.214304286986589432e-02
-1.194502972066402435e-02
-1.256971037946641445e-03
5.857439339160919189e-02
-6.246728077530860901e-02
-7.220214605331420898e-02
7.415697723627090454e-02
-2.000920660793781281e-02
-1.899423450231552124e-02
-1.553762797266244888e-02
-1.432967279106378555e-02
-3.158666193485260010e-02
2.641427144408226013e-02
-6.553007662296295166e-02
2.463438734412193298e-02
-1.244449429214000702e-02
-4.072891175746917725e-02
4.311264026910066605e-03
2.604460716247558594e-02
8.328550495207309723e-03
-5.159666761755943298e-02
-1.945327408611774445e-02
-3.022013977169990540e-02
8.801730349659919739e-03
-7.083391398191452026e-02
1.245440542697906494e-02
-4.135591909289360046e-02
4.059430211782455444e-02
-1.798776327632367611e-03
2.868146076798439026e-02
5.578390508890151978e-02
-4.256916046142578125e-02
3.970216214656829834e-02
9.399534203112125397e-03
1.265910118818283081e-01
6.388768553733825684e-02
-8.760123699903488159e-02
6.165321543812751770e-02
-6.394302099943161011e-02
3.442290052771568298e-02
9.216931648552417755e-03
6.971929967403411865e-02
2.531077899038791656e-02
2.114312257617712021e-03
4.655422270298004150e-02
-5.928350612521171570e-02
1.629016548395156860e-02
4.712155461311340332e-02
-3.860625624656677246e-02
-1.041689049452543259e-02
4.661788698285818100e-03
-2.912376821041107178e-02
4.892573505640029907e-02
3.369352966547012329e-02
-5.996955558657646179e-02
5.591629073023796082e-03
1.149625144898891449e-02
-1.979101076722145081e-02
1.020976603031158447e-01
-1.266108080744743347e-02
2.375770919024944305e-02
2.930418401956558228e-02
-5.272893700748682022e-03
2.639316953718662262e-03
-4.760169982910156250e-02
3.658626228570938110e-02
1.804184750653803349e-03
-1.940021477639675140e-02
2.356155775487422943e-02
-3.149244189262390137e-02
-6.197495968081057072e-04
6.205159239470958710e-03
2.336223144084215164e-03
-1.171748265624046326e-01
-1.695407927036285400e-02
9.520125575363636017e-03
4.005149751901626587e-02
-2.252770774066448212e-02
4.043902084231376648e-02
9.618318872526288033e-04
1.610689912922680378e-03
2.655350975692272186e-02
-8.687246590852737427e-03
2.142016217112541199e-02
3.290361166000366211e-02
-1.463581807911396027e-02
2.841726178303360939e-03
3.649805113673210144e-02
3.863785043358802795e-02
1.619092747569084167e-02
-7.246093358844518661e-03
9.363052435219287872e-03
7.307601626962423325e-04
3.300716355443000793e-02
3.353655338287353516e-02
3.583012847229838371e-03
-3.314924985170364380e-02
1.520101260393857956e-02
-5.479817837476730347e-02
3.509566560387611389e-02
1.184932608157396317e-02
-5.043179728090763092e-03
4.068152606487274170e-02
-5.920456722378730774e-03
-4.126007482409477234e-02
5.178929492831230164e-02
8.162307739257812500e-02
1.516956686973571777e-01
-1.045132055878639221e-02
5.232331156730651855e-02
8.858184330165386200e-03
1.230063755065202713e-02
-2.566417865455150604e-02
2.511477097868919373e-02
-5.562324076890945435e-02
-1.507876534014940262e-02
5.565952137112617493e-02
-2.051350846886634827e-02
1.101896632462739944e-02
-6.910772528499364853e-03
6.276477128267288208e-02
-3.146765753626823425e-02
-2.158022858202457428e-02
-3.158203512430191040e-02
-1.027362272143363953e-01
5.744690448045730591e-02
-3.770615532994270325e-02
-4.831834882497787476e-02
-3.106283955276012421e-03
-4.743366688489913940e-02
-3.836015984416007996e-02
1.093037240207195282e-02
-9.674113243818283081e-03
-7.136673480272293091e-02
2.811327576637268066e-02
4.201695788651704788e-03
3.478961763903498650e-03
-9.873886406421661377e-02
-3.700771182775497437e-02
-2.037210855633020401e-03
-5.436075851321220398e-03
1.666836068034172058e-02
1.007492095232009888e-02
-6.261255592107772827e-02
8.958552777767181396e-02
-2.577744610607624054e-02
3.062977455556392670e-02
5.645262449979782104e-02
7.988068461418151855e-02
-8.544292300939559937e-03
4.207948967814445496e-02
5.785648524761199951e-02
2.696014009416103363e-03
-1.224544644355773926e-01
-3.254593163728713989e-02
-1.439534407109022141e-02
-3.664639219641685486e-02
-8.092819154262542725e-02
5.162370391190052032e-03
-1.045360043644905090e-02
4.519100114703178406e-02
-1.966191269457340240e-02
-6.060053594410419464e-03
1.495849899947643280e-02
6.154226139187812805e-02
2.217736281454563141e-02
-6.156351417303085327e-02
-3.301191609352827072e-03
-2.352433465421199799e-02
-7.774711586534976959e-03
-8.303772658109664917e-03
3.846163675189018250e-02
2.300003170967102051e-02
-1.136072259396314621e-02
5.601275339722633362e-02
5.067507922649383545e-02
-7.122442126274108887e-02
1.455804612487554550e-02
8.491346240043640137e-02
-2.445247722789645195e-03
4.297276586294174194e-02
4.593359678983688354e-02
-6.369265168905258179e-02
-5.882812291383743286e-02
-5.141595005989074707e-02
-1.787961274385452271e-02
-7.513878401368856430e-03
-9.000328718684613705e-04
4.678938165307044983e-02
-7.885084301233291626e-02
-7.666870485991239548e-03
-2.493353933095932007e-02
-3.229251876473426819e-02
-1.280742976814508438e-02
-4.437763616442680359e-02
2.193356864154338837e-02
-1.045856773853302002e-01
7.189757376909255981e-02
-7.590867113322019577e-03
3.315272554755210876e-02
-1.191727234981954098e-03
-8.273422718048095703e-02
-1.480143517255783081e-02
2.237680181860923767e-02
6.405011564493179321e-02
1.346990745514631271e-02
-2.805313281714916229e-02
4.613868519663810730e-02
-1.125174388289451599e-02
-8.444297127425670624e-03
-1.410569623112678528e-02
3.702204301953315735e-02
2.371654659509658813e-02
1.499928627163171768e-02
1.210380531847476959e-02
5.116992443799972534e-02
1.977440156042575836e-02
1.969252526760101318e-02
3.315222263336181641e-02
-2.123331651091575623e-02
7.258935831487178802e-03
2.098775468766689301e-03
3.157709538936614990e-02
-4.099994152784347534e-02
-2.875962667167186737e-02
3.341088071465492249e-02
-2.431024424731731415e-02
-3.167362511157989502e-02
5.958810821175575256e-02
5.049616564065217972e-03
-1.460855603218078613e-01
-4.628290235996246338e-02
2.481181174516677856e-02
-5.900321528315544128e-03
-1.379198580980300903e-01
-3.225059062242507935e-02
-1.906434074044227600e-02
-5.667364224791526794e-02
-3.484665602445602417e-02
-4.933649674057960510e-02
6.173378322273492813e-03
-3.796548768877983093e-02
2.523498795926570892e-02
-3.932338953018188477e-02
-1.957787200808525085e-02
-1.562069077044725418e-02
3.473503515124320984e-02
-8.212682604789733887e-02
2.264371141791343689e-04
-2.732797339558601379e-02
1.950011774897575378e-02
-2.735648676753044128e-02
-1.359265670180320740e-02
-1.373055204749107361e-02
-3.481181710958480835e-02
-8.409252017736434937e-02
1.920970901846885681e-02
-8.604557253420352936e-03
-4.123785346746444702e-02
8.968560025095939636e-03
1.091984845697879791e-02
-7.063660770654678345e-02
3.768164664506912231e-02
1.043020840734243393e-02
4.756173118948936462e-02
1.536874193698167801e-02
9.314467012882232666e-02
1.299513783305883408e-02
-2.786083146929740906e-02
1.299643982201814651e-02
-8.087553083896636963e-02
-2.895865030586719513e-02
5.027460306882858276e-02
-7.553280144929885864e-02
9.359875321388244629e-02
-4.429917037487030029e-02
1.072116289287805557e-02
-3.274966264143586159e-03
-1.126112565398216248e-01
-1.374488044530153275e-02
3.963193297386169434e-02
2.470831573009490967e-02
-2.203349210321903229e-02
-5.167809315025806427e-03
7.124855369329452515e-02
5.727197602391242981e-02
5.346582457423210144e-02
9.589567035436630249e-02
2.857333049178123474e-02
-5.483325943350791931e-02
2.613344974815845490e-02
5.654451623558998108e-02
5.671950057148933411e-02
-2.309921383857727051e-02
3.815156221389770508e-02
-6.976741831749677658e-03
-2.645298466086387634e-02
6.669594347476959229e-02
-1.094492245465517044e-02
-3.324450552463531494e-02
3.710445016622543335e-03
-7.586479932069778442e-02
3.056625835597515106e-03
-2.211146615445613861e-02
-1.657987758517265320e-02
-3.529585152864456177e-02
3.942508995532989502e-02
6.748598814010620117e-02
-2.108504995703697205e-02
1.515889260917901993e-02
4.137646034359931946e-02
-7.387646287679672241e-02
5.421452224254608154e-02
4.047326277941465378e-03
-1.468911468982696533e-01
1.900639943778514862e-02
-4.706413298845291138e-02
-3.739796206355094910e-02
-5.293981358408927917e-02
-9.577605128288269043e-02
9.558600373566150665e-03
-8.283594250679016113e-02
-3.373049944639205933e-02
8.613316714763641357e-02
-1.668030023574829102e-02
1.217347662895917892e-02
-4.389076679944992065e-02
-5.736408382654190063e-02
4.124496132135391235e-02
3.705670312047004700e-02
2.725642360746860504e-02
1.349205989390611649e-02
2.157939597964286804e-02
-1.627892255783081055e-02
-9.088123217225074768e-03
-1.974434778094291687e-02
2.889515645802021027e-02
-3.117702202871441841e-03
1.590164192020893097e-02
-6.033780053257942200e-02
6.310029327869415283e-02
3.364929556846618652e-02
-4.532772302627563477e-02
9.243710897862911224e-03
-4.731465876102447510e-02
