0.0701154917478561
0.0146230468526483
0.0013057992327958
0.0636566877365112
-0.0448077395558357
-0.0450244508683681
-0.0034240798559040
-0.0231358259916306
0.0964860245585442
0.1070228144526482
-0.0310797691345215
0.0727066025137901
-0.0093993432819843
0.0316333770751953
-0.1074791103601456
-0.1117298305034637
-0.0622121728956699
-0.0050292671658099
0.0482857003808022
-0.1135000884532928
0.0669625699520111
0.0484494753181934
0.0145358145236969
0.0307711418718100
-0.0939121097326279
-0.0263443905860186
0.0338708683848381
0.0327782258391380
-0.0597475208342075
0.0968317613005638
-0.0204448476433754
0.0008510680054314
0.0963539555668831
0.0650986582040787
0.0110501181334257
0.0433051697909832
0.1047085225582123
-0.0033858765382320
0.0112905558198690
-0.0253409724682570
-0.0358562208712101
0.0532161667943001
0.0978602245450020
0.0074042384512722
0.0989020988345146
0.0384099334478378
-0.0643306523561478
0.0033182031475008
0.0743908360600471
0.0405174382030964
-0.0977997779846191
0.0723188146948814
0.0913431942462921
-0.0788567960262299
0.0042970874346793
-0.0543082952499390
-0.0732006132602692
0.0361047349870205
0.0916519314050674
0.0290196705609560
0.1146335899829865
0.0189037583768368
-0.0066189160570502
-0.0605689659714699
0.0176627170294523
-0.0272001549601555
-0.0224300473928452
0.0682204067707062
0.1467723250389099
-0.0416488796472549
0.0639472454786301
-0.0042345230467618
0.0002556846884545
-0.0045129880309105
0.0373353399336338
-0.0360522121191025
-0.0333334878087044
0.0162352789193392
0.0401117615401745
-0.0606396757066250
-0.1248878687620163
0.0407391190528870
-0.0161984991282225
-0.0145807852968574
0.0878014191985130
-0.0470885038375854
-0.0020130902994424
0.0534156076610088
-0.0819198787212372
0.0452487766742706
0.0355387181043625
-0.0360952802002430
-0.0607322640717030
-0.0541904717683792
0.0278544593602419
-0.0346877686679363
0.0497099161148071
0.0011526560410857
-0.0907375589013100
0.0782732963562012
-0.0435318686068058
-0.0785661414265633
0.0346383191645145
0.0485244840383530
-0.0803173705935478
-0.0340627431869507
-0.0365304015576839
-0.0715897083282471
0.0937782302498817
0.0696306824684143
0.0417968071997166
0.0773602500557899
0.0648647993803024
0.0515216849744320
-0.0503389537334442
0.0830209031701088
0.0073820659890771
-0.0488250739872456
-0.1194972395896912
0.0989342480897903
0.0048788641579449
0.0412794947624207
0.0404982902109623
-0.0242177266627550
-0.0881567746400833
-0.0680831298232079
0.0537527352571487
-0.0965666547417641
0.0103282211348414
0.1747297495603561
0.0543681532144547
0.0849374234676361
0.0898669138550758
-0.0021896057296544
0.0525404028594494
-0.1019854545593262
-0.0442482195794582
-0.0004906092071906
-0.0527089573442936
0.1019803881645203
0.0448340699076653
-0.0341395512223244
-0.0281323622912169
0.0812012180685997
-0.0082702487707138
-0.0640361681580544
0.0264797098934650
0.0309742856770754
0.0282683484256268
0.0684916749596596
0.1009687855839729
-0.0879076272249222
0.0070844651199877
0.0546284057199955
0.0900449231266975
0.1559752225875854
-0.0420146025717258
0.0307376366108656
-0.0501565299928188
-0.0225380547344685
0.0450480580329895
0.0059416452422738
0.0845917016267776
-0.0694250166416168
0.0257624406367540
-0.0003665145195555
0.0741632878780365
0.0677267909049988
-0.0170280542224646
0.0776155069470406
-0.0833918526768684
-0.1318968832492828
0.0145597923547029
0.0707468986511230
-0.0525065772235394
0.0312821082770824
-0.0293155908584595
0.0659945681691170
-0.0381968319416046
-0.0756760686635971
-0.0729883536696434
0.0601455494761467
0.0575724728405476
0.1043219864368439
0.0079336762428284
0.0527800619602203
-0.0315566621720791
-0.0278239008039236
0.0794812440872192
-0.0022240551188588
0.0471915826201439
-0.0619957409799099
0.0313955694437027
-0.0929753705859184
-0.0534784682095051
-0.0888021588325500
0.0751297250390053
0.0573977939784527
-0.0520053021609783
0.0245501231402159
0.0211710724979639
0.0290537606924772
0.0025299983099103
-0.1122691780328751
0.0302731972187757
-0.0707673355937004
0.0602726712822914
-0.0315143093466759
-0.0787036046385765
0.0493469610810280
0.0603820607066154
0.0832073390483856
0.0019985013641417
0.0305077210068703
-0.0130352787673473
0.0190408676862717
0.0593598522245884
0.0513671860098839
-0.0410670340061188
0.1124713867902756
-0.0685538575053215
-0.0426598750054836
0.0433812364935875
-0.0138614401221275
0.0796749591827393
0.0344174392521381
0.0353696458041668
-0.0484780110418797
-0.0325186289846897
-0.0097062252461910
0.0151031920686364
0.1145943701267242
-0.0264608729630709
0.0380588583648205
-0.1170666143298149
0.0394289493560791
0.0452495254576206
-0.0850447937846184
-0.0772870332002640
-0.0778334364295006
-0.0206824727356434
0.0264738276600838
0.0626297369599342
0.0881791934370995
0.0273095425218344
0.0884603038430214
-0.1000553965568542
-0.1123030856251717
-0.0430113971233368
0.0528543703258038
-0.0741408616304398
0.0298847369849682
-0.0329850688576698
-0.1179046183824539
-0.0012773245107383
-0.0881948843598366
-0.1002917513251305
-0.0556295067071915
-0.1232484057545662
-0.1430086344480515
-0.0021956886630505
-0.1396524608135223
0.0714585110545158
0.0757200568914413
0.0024301605299115
0.0656145289540291
-0.1590832471847534
0.0879224240779877
0.0464670397341251
0.1610208898782730
-0.0197748001664877
0.0139454016461968
-0.3256151378154755
-0.0416967906057835
0.0350095331668854
-0.2396413534879684
-0.0099266208708286
-0.0437242574989796
0.0345159731805325
-0.0549635216593742
0.0633948519825935
-0.0531464852392673
-0.1724879741668701
-0.1125770062208176
0.0742509812116623
-0.1094270423054695
-0.1206620633602142
-0.0925221815705299
-0.0456311516463757
-0.1645934283733368
-0.2202692329883575
-0.0697900429368019
0.1293262392282486
-0.0015010508941486
-0.0966294333338737
-0.1401015967130661
-0.0656263381242752
-0.1213374659419060
0.0654866322875023
-0.0718211308121681
-0.0991010963916779
0.0727393627166748
0.2487007677555084
-0.2261708080768585
-0.0724706649780273
0.0274257324635983
-0.0518817454576492
0.0535630621016026
0.1341331601142883
-0.1483989953994751
0.0856946408748627
-0.2665827572345734
0.1252717524766922
0.0361872240900993
-0.2152616381645203
0.0987071022391319
0.0186032187193632
0.3140985667705536
-0.0704224258661270
-0.0208623018115759
0.0410897172987461
-0.0456915050745010
0.0513982735574245
0.0224029161036015
-0.0113227646797895
0.0149520682170987
0.0491710752248764
-0.0499998405575752
0.0423267111182213
0.0618822127580643
-0.0002269291726407
-0.0463103167712688
-0.0263875313103199
0.0025261582341045
-0.0017909728921950
0.1172717064619064
-0.0175441112369299
-0.0429786480963230
0.0505656227469444
-0.0771847292780876
-0.0528709292411804
0.0708125755190849
0.0336037315428257
-0.0532109029591084
0.0629845038056374
-0.0008777395123616
0.0088294837623835
0.0490457192063332
-0.0156301036477089
-0.0052783172577620
0.0056250956840813
0.0419711731374264
0.0621753372251987
0.0718718990683556
-0.0306211002171040
-0.0145127736032009
0.0212222598493099
0.0586617030203342
0.0633964091539383
-0.0092046288773417
0.0379890501499176
-0.0400586649775505
0.0852240622043610
-0.0651285126805305
-0.0526076368987560
0.0531640872359276
-0.0010682910215110
0.0345986969769001
0.0737051814794540
0.0079564386978745
0.0495017953217030
0.0065491925925016
0.0318570472300053
0.0408717170357704
0.0022317334078252
-0.0095509830862284
0.0818567052483559
-0.0214156769216061
0.0364721901714802
-0.0007109737489372
0.0120453303679824
-0.0100917061790824
-0.0365478917956352
0.0695989057421684
-0.0847936496138573
-0.0638823360204697
0.0705261304974556
-0.0586964115500450
0.0337928794324398
-0.0274020005017519
0.0252831075340509
-0.0615538731217384
0.0181711446493864
0.0244226902723312
-0.0467211827635765
-0.0166904833167791
-0.0089900530874729
-0.0317583754658699
0.0620823577046394
0.0471070557832718
0.0133815184235573
0.0527075119316578
0.0025273095816374
0.0140836434438825
-0.0442519374191761
-0.0084288306534290
-0.0070780790410936
-0.0164472721517086
-0.0642087385058403
-0.0283091999590397
0.0814444199204445
-0.0178979802876711
-0.0141958920285106
-0.0319380201399326
-0.0773233547806740
-0.0948514714837074
0.0269933491945267
0.0932345464825630
-0.0299573391675949
0.0019747044425458
0.0267975348979235
0.0171111095696688
-0.0273198429495096
-0.0200035478919744
0.0386257059872150
-0.0340264476835728
0.0090044355019927
0.0142884235829115
-0.0060086254961789
-0.0605312585830688
-0.0480005405843258
-0.0690183639526367
-0.0033618041779846
-0.0310535114258528
-0.0025249766185880
-0.0070140631869435
-0.0729834884405136
0.0708594620227814
-0.0644222497940063
0.0262442324310541
-0.0241554435342550
0.0387837104499340
0.0926375687122345
0.0154118817299604
0.0320006608963013
-0.0646047666668892
0.0206664688885212
-0.0032487907446921
-0.0118791619315743
0.0640106424689293
0.0524005740880966
-0.0255784634500742
-0.0351826734840870
0.0540322400629520
0.0242766011506319
0.0207521803677082
-0.0366316363215446
-0.0678186714649200
-0.0688566938042641
-0.0192311480641365
0.0511838905513287
-0.0378880798816681
0.0730957612395287
0.0820971280336380
0.0683990716934204
-0.0269227437674999
-0.0000263931015070
-0.0057794572785497
-0.0308430735021830
0.0268461070954800
0.0169472061097622
-0.0045852661132812
-0.0876508876681328
-0.0060787908732891
0.0171039439737797
0.0025712458882481
0.0139746312052011
-0.0825656279921532
-0.0278833769261837
-0.0222329441457987
-0.0274752993136644
-0.0215997770428658
-0.0370025075972080
-0.0405762866139412
-0.0351277776062489
-0.0385069623589516
0.0170395597815514
0.0575430393218994
-0.0389422997832298
0.0160691477358341
-0.0552157238125801
-0.0003727200673893
0.0432690307497978
0.0472021996974945
0.0763628855347633
0.0548269972205162
0.0424193367362022
0.0038255457766354
0.0597226209938526
0.0540734864771366
0.0599157959222794
0.0257021896541119
-0.0322885848581791
-0.0127875497564673
-0.0035884499084204
-0.0794730558991432
0.0439622439444065
0.0571486875414848
-0.0321908816695213
-0.0025151190347970
-0.0388321317732334
-0.0212769266217947
-0.0078803189098835
0.0661225840449333
-0.1135010570287704
0.0375931821763515
0.0355529747903347
-0.0426176637411118
-0.0708805993199348
0.0660431310534477
-0.0661144703626633
0.0024181890767068
0.0152337346225977
0.0455981492996216
-0.0262117870151997
-0.0444099344313145
0.0045367181301117
-0.0007664689910598
-0.0247913878411055
0.0184585731476545
0.0698127448558807
0.0235960837453604
-0.0503724031150341
0.0021204734221101
-0.0527343712747097
0.0447550192475319
-0.0227155871689320
-0.0081501509994268
-0.0105846822261810
0.0088758943602443
0.0152554130181670
-0.0175528246909380
-0.0609098300337791
-0.0154256531968713
0.0518359020352364
-0.0445817522704601
0.0258709527552128
0.0238804090768099
-0.0305155944079161
-0.0847802534699440
-0.0260751470923424
0.0772659033536911
0.0463487394154072
0.0487856827676296
-0.0552667565643787
0.0438773259520531
0.0442533344030380
0.0510802753269672
-0.0570909492671490
-0.0115964654833078
0.0109554734081030
0.0200050864368677
-0.0124266920611262
-0.0015617124736309
-0.0675764679908752
-0.0250169914215803
-0.0540077351033688
-0.0483449585735798
0.0251356568187475
0.0387220382690430
0.0064903055317700
-0.0857236608862877
-0.0397676341235638
0.0066016144119203
0.0712583437561989
0.0378486588597298
0.0756167545914650
0.0432630442082882
-0.0676689967513084
0.0272769853472710
0.0343920961022377
-0.0440043658018112
0.0201982893049717
-0.0173398349434137
-0.0724140703678131
-0.0342012979090214
0.0441351197659969
-0.0448036566376686
-0.0333746522665024
0.0021388879977167
-0.0513557083904743
0.0675260797142982
-0.0414523445069790
-0.1006646603345871
-0.0408811233937740
0.0124106444418430
0.0320472158491611
0.0643506869673729
-0.0039548538625240
-0.0172936152666807
-0.0190969333052635
0.0617832019925117
0.0459638573229313
0.0438210517168045
-0.0477830246090889
-0.0009969235397875
0.0292364358901978
-0.0708752721548080
0.0419823974370956
-0.0597368031740189
-0.0216948166489601
0.0431263633072376
-0.0905429795384407
0.0337381884455681
-0.0028303184080869
-0.0777752697467804
-0.0515498779714108
-0.0485546477138996
-0.0713342651724815
-0.0021644572261721
0.0685960650444031
0.0056802062317729
0.0309851430356503
-0.0502282492816448
0.0004193347995169
0.0373057946562767
-0.0104705384001136
-0.0483994521200657
-0.0412672013044357
-0.0284956414252520
-0.0010166128631681
0.0288832206279039
-0.0582891441881657
0.0439576283097267
-0.0617675147950649
0.0418022237718105
-0.0316227450966835
0.0016729249618948
0.0349806509912014
0.0010143141262233
0.0319974534213543
0.0183099526911974
0.0312985032796860
0.0700139701366425
0.0772757455706596
-0.0444656088948250
-0.0523937232792377
-0.0482725352048874
0.0617033503949642
0.0060566198080778
0.0276982542127371
0.0518655665218830
0.0288005191832781
0.0345975011587143
0.0966847613453865
0.0168993026018143
-0.0648822411894798
0.0517228953540325
0.0779731571674347
-0.0054651470854878
-0.0730099752545357
0.0438283905386925
-0.0675599798560143
0.0511313937604427
0.0017442810349166
-0.0562319569289684
-0.0185086037963629
-0.0081623131409287
0.0463657565414906
-0.0297816805541515
0.0179381463676691
-0.0213956981897354
-0.0359774045646191
0.0093667553737760
0.0265608876943588
-0.0251645799726248
0.0140453269705176
-0.0081357900053263
0.0275324098765850
0.0598901920020580
0.0273546371608973
0.0403065346181393
0.0960360318422318
-0.0545216873288155
-0.0430503226816654
-0.0283501204103231
-0.0648123621940613
-0.0486902333796024
-0.0137203782796860
-0.0748850628733635
-0.0003580874181353
0.0321727544069290
0.0505146533250809
-0.0140800569206476
0.0698292553424835
0.0686651021242142
0.0911596789956093
0.0398199595510960
-0.0052004754543304
-0.0584948211908340
0.0569359585642815
0.0588352642953396
0.0576970428228378
0.0127407545223832
0.0452006198465824
0.0476866811513901
0.0407952368259430
-0.0371861569583416
0.0443291999399662
-0.0412655882537365
-0.0196453705430031
0.0648926198482513
0.0524022616446018
-0.0266134832054377
0.0405386835336685
-0.0012041571317241
0.0001436844031559
-0.0035462141968310
0.0619355365633965
-0.0138008380308747
0.0101801278069615
-0.0071429945528507
0.0226683393120766
-0.0491648949682713
0.0194137971848249
-0.0353082083165646
-0.0462734065949917
0.0533093474805355
-0.0147798331454396
0.0094434190541506
-0.1000924184918404
0.0064392546191812
0.0557230822741985
0.0143464151769876
0.0127832135185599
-0.0538743808865547
0.0833460763096809
0.0164670906960964
0.0545203126966953
0.0238875132054090
-0.0533276759088039
-0.0307710040360689
-0.0132835926488042
0.0309676509350538
-0.0840180888772011
-0.0151278618723154
-0.0006685172556899
-0.0221380311995745
-0.0115988785400987
-0.0281477700918913
-0.0446728281676769
0.0033509891945869
-0.0126585727557540
0.0328041352331638
-0.0093592079356313
0.0160955358296633
0.0199652984738350
0.0513590648770332
-0.0139324497431517
0.0098027493804693
0.0280569139868021
0.0174887739121914
-0.0054535935632885
-0.0673720538616180
0.0682910084724426
0.0741189196705818
-0.0649572759866714
0.0260801538825035
0.0384185127913952
0.0432175993919373
0.0481149367988110
0.0113774081692100
0.0682714805006981
0.0316312201321125
0.0385474599897861
-0.0484584085643291
0.0374292135238647
0.0730116218328476
-0.0377042181789875
-0.0202167332172394
-0.0480389595031738
-0.0064103058539331
-0.0311604905873537
0.0813520401716232
0.0108108213171363
-0.0463867448270321
0.0252716690301895
0.0326965041458607
0.0093551380559802
-0.0323109254240990
-0.0410991683602333
-0.0592622384428978
0.0584521628916264
0.0407581403851509
0.0544231608510017
-0.0517661534249783
-0.0125102391466498
0.0308246929198503
0.0514935776591301
0.0587974339723587
-0.0377814806997776
0.0194422546774149
0.0389718785881996
-0.0288438145071268
-0.0314390622079372
-0.0162363927811384
0.0387219265103340
0.0254788417369127
-0.0281574502587318
-0.0216143466532230
0.0565512962639332
-0.0024410136975348
-0.0024941249284893
-0.0407975390553474
0.0797776058316231
0.0147319249808788
0.0297816675156355
-0.0877180919051170
-0.0434173829853535
0.0197830963879824
0.0454148501157761
0.0571896657347679
0.0282588824629784
0.0313635952770710
0.0255020838230848
-0.0523840822279453
-0.0129767982289195
0.0342074781656265
0.0370688289403915
0.0164711344987154
-0.0519882850348949
0.0200059562921524
