3.986889868974685669e-02
-3.236036747694015503e-02
2.223666291683912277e-03
2.118844911456108093e-02
-5.665306816808879375e-04
-1.231722347438335419e-02
3.338433802127838135e-03
-2.677102573215961456e-02
-3.248675912618637085e-02
2.478584274649620056e-02
-5.369704682379961014e-03
1.226847432553768158e-02
2.960364148020744324e-02
-3.865180304273962975e-03
8.747911080718040466e-03
-2.584483474493026733e-03
8.856412023305892944e-03
-7.678855676203966141e-03
1.155582815408706665e-01
5.326858535408973694e-02
-1.249725744128227234e-02
7.557803392410278320e-02
-4.891218245029449463e-02
-2.459717728197574615e-02
-2.031120704486966133e-03
2.486967481672763824e-02
1.128092594444751740e-02
-3.546439856290817261e-02
-2.761952928267419338e-04
-1.479514688253402710e-02
7.940639741718769073e-03
-2.383585786446928978e-03
1.032780203968286514e-02
-1.035504229366779327e-02
1.683444716036319733e-02
1.601417921483516693e-02
1.086395583115518093e-03
5.946150515228509903e-03
3.288608922957791947e-06
-3.508112952113151550e-02
5.475326441228389740e-03
-1.154220942407846451e-02
-8.683742955327033997e-03
-2.059075608849525452e-02
-1.294309925287961960e-02
1.469743531197309494e-02
-3.995168954133987427e-02
1.883679069578647614e-02
3.123921575024724007e-03
1.392752677202224731e-02
8.909101597964763641e-03
-8.274062722921371460e-02
3.750668838620185852e-02
2.798485103994607925e-03
-5.275004729628562927e-02
-1.090427488088607788e-02
-3.094956045970320702e-03
8.739326149225234985e-03
4.421043992042541504e-01
2.833707071840763092e-02
-2.325344085693359375e-02
1.275616697967052460e-02
2.896240912377834320e-02
-5.218172073364257812e-02
1.712381094694137573e-02
8.110190927982330322e-02
1.068616006523370743e-02
-2.471083961427211761e-02
-1.048849523067474365e-02
2.890697680413722992e-02
7.264909334480762482e-03
1.586004905402660370e-02
-2.419469319283962250e-02
-7.615082431584596634e-03
3.477355837821960449e-02
3.798260353505611420e-03
-8.180668577551841736e-03
1.089153112843632698e-03
4.052108526229858398e-02
5.337132513523101807e-02
-4.864534828811883926e-03
-2.120473235845565796e-02
8.359498344361782074e-03
3.111506998538970947e-02
7.727175951004028320e-02
-1.283914130181074142e-02
-5.104890093207359314e-03
1.128943171352148056e-02
2.722676657140254974e-02
2.272053807973861694e-02
-8.607345633208751678e-03
3.187482059001922607e-02
-2.103352360427379608e-02
3.681735694408416748e-02
1.202067919075489044e-02
-2.054733224213123322e-02
1.212217193096876144e-02
-4.723305255174636841e-02
-3.228267189115285873e-03
1.147105079144239426e-02
-2.941658347845077515e-02
2.635867148637771606e-02
1.420004758983850479e-03
1.075646188110113144e-02
1.929296180605888367e-02
-2.684784494340419769e-02
1.940227299928665161e-02
-1.065538451075553894e-02
3.413486480712890625e-02
-3.877994418144226074e-02
-8.376051555387675762e-04
6.810049060732126236e-03
-1.282864902168512344e-02
-1.126478891819715500e-02
-8.595046587288379669e-03
-7.780493702739477158e-03
1.146811526268720627e-02
-3.134242445230484009e-02
1.375831756740808487e-02
1.110560260713100433e-02
1.339837163686752319e-02
-1.043338980525732040e-02
-2.145039848983287811e-02
6.106302607804536819e-03
4.941801540553569794e-03
1.325063407421112061e-02
-5.592111032456159592e-03
-1.452672295272350311e-02
6.333399564027786255e-03
9.106373041868209839e-02
4.774441011250019073e-03
-3.661866486072540283e-02
-2.480748109519481659e-02
-2.849939465522766113e-02
-1.956390216946601868e-02
1.828721724450588226e-02
-3.728340612724423409e-03
2.409013733267784119e-02
-8.157441020011901855e-02
-3.159982850775122643e-03
-1.006159484386444092e-01
-1.283378526568412781e-02
-1.600204780697822571e-02
-3.235104680061340332e-02
-3.305063769221305847e-02
8.078622072935104370e-02
-3.014327771961688995e-02
1.493461313657462597e-03
-9.389279410243034363e-03
-1.378247141838073730e-02
3.584355860948562622e-02
2.054013870656490326e-02
-1.371232140809297562e-02
1.715625077486038208e-02
2.083176514133810997e-03
-2.786113880574703217e-02
1.126581244170665741e-02
9.846993722021579742e-03
-4.596050828695297241e-02
-1.344795152544975281e-02
9.044164791703224182e-03
-6.476322561502456665e-02
-1.595636643469333649e-02
-1.879668561741709709e-03
2.614644356071949005e-02
8.343491703271865845e-02
-2.185903722420334816e-03
4.273733124136924744e-03
7.904525846242904663e-03
1.994014345109462738e-02
4.230627417564392090e-02
-1.553538255393505096e-02
1.332470960915088654e-02
-4.477972164750099182e-03
4.216514155268669128e-02
4.824045673012733459e-02
-7.992876693606376648e-03
4.102062899619340897e-03
-9.899114817380905151e-02
2.585408044978976250e-03
1.712831482291221619e-02
-3.093047812581062317e-02
-3.188906470313668251e-03
1.172661036252975464e-02
5.639738868921995163e-03
1.994512975215911865e-02
-4.457681626081466675e-02
-3.655764739960432053e-03
-1.518189162015914917e-02
3.515028208494186401e-02
8.752150088548660278e-02
1.352173741906881332e-02
-1.050748024135828018e-02
-4.553738608956336975e-02
2.326940372586250305e-02
3.158889338374137878e-02
8.029786497354507446e-02
3.514619171619415283e-02
2.405467070639133453e-02
-2.477076277136802673e-02
-2.764596417546272278e-02
3.184217959642410278e-02
7.673876732587814331e-02
-3.612361103296279907e-02
2.448201738297939301e-02
5.999161396175622940e-03
1.330601144582033157e-02
2.003001607954502106e-02
-8.777739712968468666e-04
-1.108448281884193420e-01
-6.133477203547954559e-03
-2.697224915027618408e-02
7.696732878684997559e-03
-1.084359362721443176e-03
-6.877542473375797272e-03
-2.054335927823558450e-04
8.509092964231967926e-03
3.623227775096893311e-02
-1.886918023228645325e-02
-1.547436416149139404e-02
-8.585591800510883331e-03
-7.527571916580200195e-01
-1.737922243773937225e-02
-3.036879748106002808e-02
2.937161922454833984e-02
-9.153947234153747559e-03
1.986710913479328156e-02
-1.231262367218732834e-02
2.365444414317607880e-02
-5.078889895230531693e-03
1.324795279651880264e-02
-4.978485405445098877e-02
4.258372262120246887e-02
2.060116641223430634e-02
-1.701683737337589264e-02
-1.911294274032115936e-02
-2.330404147505760193e-02
1.418205560185015202e-03
1.926418021321296692e-02
6.564313545823097229e-03
-1.776524633169174194e-02
1.025263871997594833e-02
-2.201189845800399780e-02
9.274674579501152039e-03
-1.076458394527435303e-02
2.639063447713851929e-02
-7.620645919814705849e-04
4.647098109126091003e-02
6.234348285943269730e-03
-4.796356707811355591e-02
-1.542430371046066284e-02
-7.241009268909692764e-03
9.471349418163299561e-03
-8.113055489957332611e-03
-3.138833120465278625e-02
-9.584721177816390991e-03
-7.638835906982421875e-02
4.181463271379470825e-02
-5.283494293689727783e-02
1.015092059969902039e-02
1.223815977573394775e-02
-1.005891244858503342e-02
7.184960413724184036e-04
-4.749753512442111969e-03
4.718634486198425293e-02
4.264069721102714539e-02
-8.895173668861389160e-02
6.791587918996810913e-03
-5.760165303945541382e-02
4.849213734269142151e-02
1.547385603189468384e-01
-3.785954788327217102e-02
-8.900485932826995850e-03
5.696997418999671936e-02
-1.002579405903816223e-01
2.544809877872467041e-02
3.193129226565361023e-02
-2.104411832988262177e-02
-2.887953072786331177e-02
-7.524530403316020966e-03
-8.212922513484954834e-02
-1.360923983156681061e-02
-9.101624786853790283e-02
-6.556915491819381714e-02
3.846062719821929932e-02
-5.567254498600959778e-03
-2.683990262448787689e-02
-1.664508692920207977e-02
1.039267797023057938e-02
-3.169728443026542664e-02
2.061764150857925415e-02
6.541994959115982056e-02
-4.876251146197319031e-02
-1.759904064238071442e-02
5.834906548261642456e-02
-4.364509880542755127e-02
7.942182943224906921e-03
2.397457510232925415e-02
1.428388059139251709e-01
1.316532343626022339e-01
-6.767261773347854614e-02
1.306437328457832336e-02
8.812298178672790527e-01
5.316455289721488953e-02
-3.268565982580184937e-02
9.788002818822860718e-02
-6.056357547640800476e-02
5.150087550282478333e-02
4.569594934582710266e-02
-8.114206045866012573e-02
1.629129238426685333e-02
-1.622874848544597626e-02
-1.058375760912895203e-01
4.111679643392562866e-02
7.929487526416778564e-02
1.226811110973358154e-01
2.366994321346282959e-02
-2.783866971731185913e-02
2.222622511908411980e-03
9.862904250621795654e-02
-4.600768163800239563e-02
-4.641858115792274475e-02
2.228035125881433487e-03
-2.703409083187580109e-02
-8.091592229902744293e-03
3.553079813718795776e-02
-1.734758913516998291e-02
7.219000905752182007e-02
-1.940663717687129974e-02
3.674170933663845062e-03
1.138799916952848434e-02
3.751749172806739807e-02
1.597611419856548309e-02
3.652360290288925171e-02
8.711096830666065216e-03
3.848227858543395996e-02
-2.913996390998363495e-02
-3.037544526159763336e-02
4.233162477612495422e-02
-1.473489031195640564e-02
-7.445492316037416458e-03
2.571222931146621704e-02
-7.471979409456253052e-02
4.159593209624290466e-02
1.976417377591133118e-02
2.866121940314769745e-02
-4.614413529634475708e-02
1.392306387424468994e-02
2.339595742523670197e-02
-6.245579570531845093e-02
-3.111297450959682465e-02
3.486295416951179504e-02
-5.833989474922418594e-03
-4.328728839755058289e-02
-3.496072068810462952e-02
7.284184545278549194e-02
-1.116511691361665726e-02
-3.901207074522972107e-02
-8.633070625364780426e-03
-7.762821856886148453e-03
-1.917312107980251312e-02
-7.527563720941543579e-03
6.376091390848159790e-02
-1.040396187454462051e-02
-1.759584993124008179e-02
-4.181268624961376190e-03
8.364504203200340271e-03
-6.546264886856079102e-02
-1.242307722568511963e-01
-2.261315239593386650e-03
-1.929015479981899261e-02
9.000381082296371460e-02
-3.956811130046844482e-02
5.464101582765579224e-02
7.604537159204483032e-02
-5.734656006097793579e-02
-8.594413846731185913e-02
1.422748342156410217e-02
-1.576517894864082336e-02
-1.056602457538247108e-03
-7.143832743167877197e-02
-3.064381703734397888e-02
-6.149836257100105286e-02
6.533931195735931396e-02
-4.275672603398561478e-03
2.913470938801765442e-02
-7.889742031693458557e-03
2.456622198224067688e-02
5.305528268218040466e-02
-1.364336628466844559e-02
-3.971986472606658936e-03
-6.697145849466323853e-02
-6.533287465572357178e-02
-3.268180647864937782e-03
5.223700404167175293e-02
-6.049688532948493958e-02
6.379339843988418579e-03
-9.073173999786376953e-02
3.221691399812698364e-02
-2.273047156631946564e-02
-1.202684594318270683e-03
4.014221578836441040e-02
4.665094241499900818e-02
-4.097125306725502014e-02
-2.628890611231327057e-02
3.540374711155891418e-02
1.045184861868619919e-02
-9.225106239318847656e-02
5.327271297574043274e-02
3.514095675200223923e-03
-9.318340569734573364e-02
-5.436163023114204407e-02
2.526503521949052811e-03
-2.986906282603740692e-02
3.864057362079620361e-02
1.071132835932075977e-03
-2.464101882651448250e-03
-3.799111396074295044e-02
-2.906324900686740875e-02
-2.682839706540107727e-02
-1.189261395484209061e-02
-4.885740205645561218e-02
-9.285264462232589722e-02
-6.112308800220489502e-02
1.719076931476593018e-02
1.524614449590444565e-02
-6.173944100737571716e-02
-1.516621559858322144e-02
4.398694261908531189e-02
-3.587973490357398987e-02
2.330387569963932037e-02
3.168915631249547005e-03
-1.993425004184246063e-02
3.882510587573051453e-02
-2.078505419194698334e-02
4.382613301277160645e-02
3.523416444659233093e-02
-4.531978070735931396e-02
-3.784295544028282166e-02
4.795969277620315552e-02
8.328263647854328156e-03
-7.358475588262081146e-03
4.413614794611930847e-02
-2.171215228736400604e-02
-5.927791073918342590e-02
-8.372636511921882629e-03
-4.220604151487350464e-02
-5.024937167763710022e-02
-1.967996358871459961e-02
-6.706041749566793442e-03
-3.647257015109062195e-02
2.406621351838111877e-03
4.534413665533065796e-02
-1.799159310758113861e-02
6.576362997293472290e-02
1.511333324015140533e-02
3.797017037868499756e-02
-2.319630607962608337e-02
1.656065345741808414e-03
4.016565158963203430e-03
-2.343549579381942749e-02
4.511079192161560059e-02
-2.007612586021423340e-02
1.248800661414861679e-02
8.150383830070495605e-02
-3.837972506880760193e-02
-4.248718917369842529e-02
4.404124617576599121e-02
-1.279903948307037354e-02
-1.646807417273521423e-02
-1.772544533014297485e-02
-1.726506091654300690e-02
1.326870173215866089e-02
1.064533647149801254e-02
8.205827325582504272e-02
-3.319230675697326660e-02
-1.891385763883590698e-02
-8.817447721958160400e-02
1.041686609387397766e-01
-3.474566712975502014e-02
-5.257622897624969482e-02
-8.813417702913284302e-02
6.538290530443191528e-03
5.638967268168926239e-03
-4.813620820641517639e-02
1.512322574853897095e-02
-8.955892175436019897e-03
2.313851192593574524e-02
1.252724602818489075e-02
4.962161183357238770e-03
4.206713661551475525e-02
-2.478930726647377014e-02
-6.379733979701995850e-02
4.625196754932403564e-02
4.106029868125915527e-03
-1.244697161018848419e-02
-2.921471372246742249e-03
-4.589779302477836609e-02
-6.694839149713516235e-02
1.955312862992286682e-02
-1.029713749885559082e-01
3.018454462289810181e-02
1.153592858463525772e-02
-3.290600329637527466e-02
-4.297737497836351395e-03
4.821578413248062134e-02
-6.051954813301563263e-03
-5.921008437871932983e-02
-2.167437970638275146e-02
1.771831186488270760e-03
3.591271862387657166e-02
-6.204523891210556030e-02
4.354443773627281189e-02
-5.841804295778274536e-02
4.665524885058403015e-02
-1.159746479243040085e-02
5.898405332118272781e-03
4.101341217756271362e-02
-5.265036597847938538e-02
2.273274958133697510e-02
8.457371033728122711e-03
1.532029658555984497e-01
5.314861610531806946e-02
-6.161791831254959106e-02
4.430139437317848206e-02
-6.682690978050231934e-02
4.580048844218254089e-02
6.787613965570926666e-03
7.896725088357925415e-02
3.347048163414001465e-02
1.229895092546939850e-02
4.498063400387763977e-02
-3.316421806812286377e-02
4.314933344721794128e-02
3.279636800289154053e-02
-5.041863024234771729e-02
-2.346683852374553680e-02
-1.013165619224309921e-02
-2.532812394201755524e-02
1.684922911226749420e-02
-5.865338258445262909e-03
-6.116309016942977905e-02
-3.439294872805476189e-03
2.766413427889347076e-02
-2.172428416088223457e-03
1.069265156984329224e-01
-3.048259764909744263e-02
2.150259539484977722e-02
2.144878543913364410e-02
8.484899997711181641e-03
1.612620055675506592e-02
-5.040410533547401428e-02
1.987193338572978973e-02
3.740120446309447289e-03
-8.143700659275054932e-03
2.223909460008144379e-02
-3.295361250638961792e-02
1.060821814462542534e-03
3.027000091969966888e-02
-7.305860053747892380e-03
-1.139797121286392212e-01
-4.016549140214920044e-02
3.382837772369384766e-02
1.880693435668945312e-02
-1.194726116955280304e-02
5.658920109272003174e-02
-4.241257533431053162e-02
-2.061316557228565216e-02
7.334850728511810303e-02
6.957239937037229538e-03
2.654762566089630127e-02
-9.456302039325237274e-03
1.297152787446975708e-02
-1.048119552433490753e-02
5.024440586566925049e-02
2.570690959692001343e-02
5.326522979885339737e-03
-7.645952049642801285e-03
3.482331708073616028e-02
-4.942131694406270981e-03
-3.510007867589592934e-03
5.013911798596382141e-02
-4.505213350057601929e-02
-4.639230296015739441e-02
1.570844464004039764e-02
-6.975493580102920532e-02
-1.574886217713356018e-02
5.821197759360074997e-03
-3.333553904667496681e-03
2.915846370160579681e-02
-2.001496218144893646e-02
-2.158064208924770355e-02
6.292703002691268921e-02
7.199093699455261230e-02
1.329276561737060547e-01
-9.902606718242168427e-03
2.152876183390617371e-02
-2.243896760046482086e-02
1.183949969708919525e-02
-1.263337396085262299e-02
3.595602512359619141e-02
-4.438785463571548462e-02
-2.249502018094062805e-02
8.414651453495025635e-02
-2.588940598070621490e-02
1.795612834393978119e-02
-2.184219285845756531e-02
5.948875471949577332e-02
-3.681198135018348694e-02
-3.356534615159034729e-02
-4.588188603520393372e-02
-8.953791856765747070e-02
1.544507686048746109e-02
-2.574651874601840973e-02
-7.118717581033706665e-02
-1.223052386194467545e-02
-6.616103649139404297e-02
-4.133147746324539185e-02
6.059215962886810303e-02
2.000862918794155121e-02
-4.611091315746307373e-02
-3.560621058568358421e-03
5.275291390717029572e-03
-1.742978021502494812e-02
-1.063667163252830505e-01
-1.629051938652992249e-02
2.124237827956676483e-03
1.336026377975940704e-02
6.323386915028095245e-03
2.680040337145328522e-02
-8.763764798641204834e-02
8.430044353008270264e-02
-2.206417173147201538e-02
5.297727137804031372e-02
4.892813041806221008e-02
8.702261000871658325e-02
5.957028269767761230e-02
1.884173415601253510e-02
8.642134070396423340e-02
3.363909944891929626e-02
-1.210270971059799194e-01
-1.901981979608535767e-02
-3.536937758326530457e-02
-6.303752958774566650e-02
-8.403750509023666382e-02
-7.445526309311389923e-03
2.379920147359371185e-02
5.879194289445877075e-02
-1.170952152460813522e-02
-1.220005936920642853e-02
-1.389900315552949905e-02
3.358801454305648804e-02
3.225988149642944336e-02
-5.493743717670440674e-02
1.766832545399665833e-02
-1.752821728587150574e-02
-2.064902335405349731e-03
3.475964814424514771e-02
4.837756976485252380e-02
6.527123972773551941e-03
-3.540993481874465942e-02
4.457726329565048218e-02
2.929561957716941833e-02
-8.668690919876098633e-02
-1.441838499158620834e-02
8.729927986860275269e-02
7.943476550281047821e-03
5.305485427379608154e-02
5.410092696547508240e-02
-6.017378717660903931e-02
-6.076495721936225891e-02
-3.653094172477722168e-02
-1.170923374593257904e-02
-4.387167748063802719e-03
1.979097165167331696e-02
5.793630704283714294e-02
-6.741017848253250122e-02
-2.536304295063018799e-02
-6.171286106109619141e-02
-3.514544665813446045e-02
-4.619421903043985367e-03
-7.188768684864044189e-02
2.350199408829212189e-02
-1.098377704620361328e-01
3.145306557416915894e-02
3.291324712336063385e-03
5.632922798395156860e-02
3.853087872266769409e-02
-5.216598138213157654e-02
-1.641318947076797485e-02
2.303256094455718994e-02
8.769347518682479858e-02
-1.378527190536260605e-02
-2.331960573792457581e-02
4.811663553118705750e-02
-1.835502497851848602e-02
5.803462583571672440e-03
-1.436117105185985565e-02
4.258321225643157959e-02
4.705083370208740234e-02
7.461209781467914581e-03
3.398010507225990295e-02
6.636632233858108521e-02
5.569693818688392639e-02
4.158027004450559616e-03
2.297566458582878113e-02
-1.546991150826215744e-02
3.302033618092536926e-02
2.424255711957812309e-03
4.197827726602554321e-02
1.898979535326361656e-04
-1.954402774572372437e-02
2.936120890080928802e-02
1.913145533762872219e-03
3.493828698992729187e-03
6.434147804975509644e-02
-6.510462611913681030e-03
-9.350388497114181519e-02
-7.489651441574096680e-02
-7.543552666902542114e-03
1.300265267491340637e-02
-9.689079970121383667e-02
-3.214447759091854095e-03
-6.180751696228981018e-02
-2.111296169459819794e-02
1.124384440481662750e-02
-3.617664054036140442e-02
2.230628021061420441e-02
-5.357185006141662598e-02
1.123504247516393661e-02
-5.721366778016090393e-02
-2.779244258999824524e-02
-1.656349166296422482e-03
4.959877580404281616e-02
-6.735853105783462524e-02
3.754461556673049927e-02
-1.312033645808696747e-02
5.337442830204963684e-02
3.645177930593490601e-02
8.240011520683765411e-03
-1.842960901558399200e-02
-4.284477978944778442e-02
-8.605974912643432617e-02
5.052731931209564209e-02
1.196735911071300507e-02
-7.070983946323394775e-02
4.138117656111717224e-02
1.841585338115692139e-02
-4.786885157227516174e-02
4.100563004612922668e-02
9.286524727940559387e-03
4.854484647512435913e-02
-5.068730562925338745e-03
4.428798332810401917e-02
7.303479593247175217e-03
-5.097328126430511475e-02
-1.639056950807571411e-02
-3.700016811490058899e-02
7.330142427235841751e-03
3.720619529485702515e-02
-6.791774183511734009e-02
6.495629996061325073e-02
-8.507276885211467743e-03
-7.670335937291383743e-03
7.427475880831480026e-03
-8.386204391717910767e-02
-5.726689007133245468e-03
8.485759049654006958e-02
2.476586960256099701e-02
5.685024429112672806e-03
-1.864283718168735504e-02
5.640259385108947754e-02
4.052830114960670471e-02
4.641011729836463928e-02
2.719017677009105682e-02
1.802999712526798248e-02
-1.772572658956050873e-02
9.565837681293487549e-03
4.447388648986816406e-02
7.386373728513717651e-02
-1.823170296847820282e-02
3.658793866634368896e-02
-8.127176761627197266e-02
-6.867653224617242813e-03
7.831642776727676392e-02
1.111300545744597912e-03
-3.807019442319869995e-02
-2.197188325226306915e-03
-7.834202796220779419e-02
-2.436223812401294708e-02
2.601157501339912415e-02
1.974563580006361008e-03
-2.155526727437973022e-02
5.870156362652778625e-02
4.384298622608184814e-02
6.294743157923221588e-03
9.950613602995872498e-03
4.533588886260986328e-02
-5.895690992474555969e-02
2.784890308976173401e-02
-2.759078145027160645e-02
-1.184837967157363892e-01
3.613246232271194458e-02
-1.510364841669797897e-02
-5.332822725176811218e-02
-4.971345886588096619e-02
-1.292881071567535400e-01
2.336505241692066193e-02
-8.277469128370285034e-02
-5.262502655386924744e-02
9.767468273639678955e-02
-1.257122401148080826e-02
2.346056327223777771e-02
-7.300411909818649292e-02
-7.292830944061279297e-02
4.542423784732818604e-02
3.584093227982521057e-02
3.977735340595245361e-02
2.424866892397403717e-03
-2.271908707916736603e-02
-7.781503722071647644e-03
-2.425497397780418396e-02
2.479429915547370911e-02
1.715634576976299286e-02
-6.812088191509246826e-03
1.411232864484190941e-03
-4.980988055467605591e-02
4.662462323904037476e-02
3.263997286558151245e-02
-5.492511764168739319e-02
-1.281946338713169098e-02
-3.017616085708141327e-02
