4.334850236773490906e-02
-4.480249807238578796e-02
2.665873058140277863e-02
4.944939538836479187e-02
2.374362433329224586e-03
-5.325520178303122520e-04
2.100585214793682098e-02
-4.592515993863344193e-03
-3.681591153144836426e-02
2.475486509501934052e-02
-4.841849673539400101e-03
1.173243299126625061e-02
2.796594798564910889e-02
2.572613395750522614e-02
2.206812426447868347e-02
8.208186365664005280e-03
2.170082926750183105e-02
6.163435056805610657e-03
1.264617145061492920e-01
3.549444675445556641e-02
1.578285731375217438e-02
6.340938806533813477e-02
-4.414568841457366943e-02
-5.373687949031591415e-03
-2.153922431170940399e-02
2.912676427513360977e-03
-1.246136263944208622e-03
-2.785568311810493469e-02
-1.959098689258098602e-02
-8.035450242459774017e-03
4.926947131752967834e-02
2.672643214464187622e-02
2.533700875937938690e-02
-1.480121910572052002e-02
6.645960267633199692e-03
1.615861989557743073e-02
-9.143243543803691864e-03
1.912113837897777557e-02
1.789245009422302246e-02
-3.432563692331314087e-02
-2.386336214840412140e-02
-7.937632501125335693e-03
-4.816241189837455750e-02
-1.298638992011547089e-02
-4.211306571960449219e-03
-2.278638072311878204e-02
-2.011634036898612976e-02
2.588016539812088013e-02
-3.214910998940467834e-02
1.764467731118202209e-02
7.965770550072193146e-03
-8.225669711828231812e-02
5.427161231637001038e-02
-3.046184405684471130e-02
-4.172277450561523438e-02
-3.731631860136985779e-02
-6.663468666374683380e-03
-1.179649843834340572e-04
4.130063951015472412e-01
1.789952255785465240e-02
-1.816827058792114258e-02
1.312033156864345074e-03
3.462401777505874634e-02
-5.002763494849205017e-02
-1.278655137866735458e-02
7.983396947383880615e-02
-1.395032554864883423e-02
-3.031825833022594452e-02
1.532298978418111801e-03
1.420679222792387009e-02
2.301021292805671692e-02
9.587608277797698975e-03
8.439872413873672485e-03
-2.547557651996612549e-02
2.429953962564468384e-02
4.417197778820991516e-02
1.295239944010972977e-02
1.910166628658771515e-02
-5.546435248106718063e-03
1.040308251976966858e-01
-1.752729713916778564e-02
8.852211758494377136e-03
-3.039103932678699493e-02
5.912609025835990906e-02
7.990968227386474609e-02
-1.353537314571440220e-03
8.558448404073715210e-03
6.610184442251920700e-03
3.038795478641986847e-02
-7.977754808962345123e-03
-3.237096965312957764e-02
4.406439512968063354e-02
-2.321856096386909485e-02
3.139816224575042725e-02
-1.559794507920742035e-02
-9.686934761703014374e-03
-4.208353348076343536e-03
-2.728592976927757263e-02
-3.848584834486246109e-03
-1.561947911977767944e-02
-1.471686083823442459e-02
4.286701977252960205e-02
1.253801956772804260e-02
1.467707101255655289e-02
5.701248068362474442e-03
-1.588432677090167999e-02
1.507333572953939438e-02
-3.905400633811950684e-02
3.569104522466659546e-02
-6.117844488471746445e-03
-6.323477718979120255e-03
1.784694753587245941e-02
5.325450183590874076e-05
1.899332366883754730e-02
-3.285482234787195921e-04
-2.121476270258426666e-02
-7.524944841861724854e-03
-2.848593145608901978e-02
2.102430537343025208e-02
5.141010507941246033e-03
-7.047092542052268982e-03
9.714701212942600250e-03
-2.346290275454521179e-02
-7.482299115508794785e-03
-2.791061252355575562e-02
5.940152332186698914e-03
-4.380901530385017395e-02
-1.791561208665370941e-02
-3.221857594326138496e-03
6.030458956956863403e-02
-1.151439454406499863e-02
-9.345919825136661530e-03
-3.418437764048576355e-02
-2.118608169257640839e-02
-9.858380071818828583e-04
1.837824098765850067e-02
7.144999224692583084e-03
1.469815801829099655e-02
-6.236739829182624817e-02
1.894049230031669140e-03
-9.178851544857025146e-02
-2.990332618355751038e-02
-7.975543849170207977e-03
-4.499146342277526855e-02
-2.119915001094341278e-02
1.352557837963104248e-01
-1.082175690680742264e-02
-1.092235650867223740e-02
-1.940690539777278900e-02
-7.729562465101480484e-03
6.255784537643194199e-03
1.554291415959596634e-02
-1.435897406190633774e-02
3.039859980344772339e-02
-4.361198283731937408e-03
-2.864044345915317535e-02
2.188011258840560913e-02
3.181707579642534256e-04
-5.544444546103477478e-02
-3.229987248778343201e-02
7.018415722995996475e-03
-7.156215608119964600e-02
3.542314283549785614e-03
2.491276711225509644e-02
2.134761586785316467e-02
6.378391385078430176e-02
-2.815591543912887573e-02
-5.671651102602481842e-03
-4.457806702703237534e-03
1.185286883264780045e-02
4.174843430519104004e-02
-6.769936066120862961e-03
1.789819821715354919e-02
-8.066404610872268677e-03
3.962203860282897949e-02
2.243799343705177307e-02
-2.129669534042477608e-03
-5.926124751567840576e-03
-6.772676855325698853e-02
-7.390040438622236252e-03
3.370840102434158325e-02
-3.033608756959438324e-02
-2.365505788475275040e-03
2.024726755917072296e-02
-1.857438683509826660e-02
8.395871520042419434e-02
-1.000483259558677673e-01
-2.019632980227470398e-02
4.843245726078748703e-03
1.216656714677810669e-02
8.034824579954147339e-02
2.527935430407524109e-02
-6.651365198194980621e-03
-3.106846101582050323e-02
8.687299676239490509e-03
3.456000611186027527e-02
4.695976525545120239e-02
2.697389572858810425e-02
4.510320723056793213e-02
-2.687739022076129913e-02
-2.976936288177967072e-02
2.832359820604324341e-02
9.930345229804515839e-03
-3.940819576382637024e-02
3.698583692312240601e-02
-3.311966138426214457e-04
-7.366364006884396076e-04
3.888539597392082214e-02
9.029466658830642700e-03
-1.180772036314010620e-01
3.588168183341622353e-03
-1.091730222105979919e-02
5.055999383330345154e-03
7.034648442640900612e-04
2.463384531438350677e-03
-7.250956725329160690e-03
-1.149119529873132706e-02
4.629881307482719421e-02
-2.728585340082645416e-02
-1.916962862014770508e-02
-2.018772810697555542e-02
-7.505927085876464844e-01
6.607807707041501999e-03
-1.480911206454038620e-02
2.505889395251870155e-03
-1.185908261686563492e-02
1.118852850049734116e-02
1.354566775262355804e-03
1.087189838290214539e-02
2.119224891066551208e-02
3.619141643866896629e-04
-5.548306927084922791e-02
1.027265749871730804e-02
1.342412456870079041e-02
-3.853419097140431404e-03
-1.146708242595195770e-02
1.399176428094506264e-03
1.032759086228907108e-03
2.871973672881722450e-03
-3.354638101882301271e-05
-8.641153573989868164e-03
5.858604796230792999e-03
-7.164991647005081177e-02
3.307082131505012512e-02
-2.135751023888587952e-02
2.508483640849590302e-02
-1.878479309380054474e-02
3.928088396787643433e-02
-2.910801023244857788e-02
-3.969978913664817810e-02
-1.126793585717678070e-02
-8.902316913008689880e-03
6.554216612130403519e-03
-1.290657557547092438e-02
-1.209914777427911758e-02
-1.202881243079900742e-02
-8.894569240510463715e-03
-2.581185428425669670e-03
-1.102002039551734924e-01
8.717948943376541138e-02
-1.660332232713699341e-01
-9.820119291543960571e-02
-2.542141452431678772e-02
9.404437243938446045e-02
-8.960654027760028839e-03
-1.711711138486862183e-01
6.814466416835784912e-02
2.761022187769412994e-02
-9.081407450139522552e-03
-2.576985023915767670e-02
-1.266779750585556030e-02
-3.613280504941940308e-02
-7.287167757749557495e-02
2.241637930274009705e-02
-6.269209086894989014e-02
1.033282801508903503e-01
-5.867674946784973145e-02
2.149835973978042603e-02
-2.168470993638038635e-02
-5.432386323809623718e-02
5.403470993041992188e-02
5.036432761698961258e-03
-1.128008142113685608e-01
-6.355583667755126953e-02
-4.285168647766113281e-02
-1.213428676128387451e-01
9.391524642705917358e-02
1.570234633982181549e-02
1.393045205622911453e-02
4.625003412365913391e-02
-3.089972771704196930e-02
9.713596850633621216e-02
-8.577584289014339447e-03
3.927960246801376343e-02
-7.475512474775314331e-02
-6.172156333923339844e-02
8.442289382219314575e-02
9.740880876779556274e-02
1.105722635984420776e-01
-4.739291965961456299e-02
2.614158391952514648e-02
1.068190708756446838e-01
8.187330961227416992e-01
-1.598231345415115356e-01
1.626422069966793060e-02
1.340280026197433472e-01
8.313269354403018951e-03
-4.914676398038864136e-02
-1.159966364502906799e-02
3.556794300675392151e-02
-9.294088184833526611e-02
-4.759301617741584778e-02
-3.336478397250175476e-02
-3.779298067092895508e-02
-4.592229612171649933e-03
-7.575898617506027222e-02
-4.174085706472396851e-02
-8.115967363119125366e-02
-4.172134771943092346e-02
9.599291533231735229e-02
-4.752654582262039185e-02
-1.944332569837570190e-02
1.267342269420623779e-02
-2.004585415124893188e-02
2.492768689990043640e-02
1.923442073166370392e-02
2.140100114047527313e-02
4.118165373802185059e-02
-5.212567001581192017e-02
-1.118124835193157196e-02
6.195785105228424072e-02
7.136852294206619263e-02
2.738479338586330414e-02
5.109801888465881348e-02
3.484014794230461121e-02
-2.298225276172161102e-02
-2.439818345010280609e-02
-4.130770638585090637e-02
3.068783320486545563e-02
-2.967112138867378235e-02
-5.943356081843376160e-02
-1.430977252312004566e-03
-5.658603832125663757e-02
-7.669223938137292862e-03
3.741915337741374969e-03
2.401395700871944427e-02
-2.450836263597011566e-02
-5.143252760171890259e-02
1.609352603554725647e-02
-3.760137036442756653e-02
-4.006064496934413910e-03
2.110389061272144318e-02
1.366635970771312714e-02
-2.299242652952671051e-02
-2.609512396156787872e-02
1.221010014414787292e-01
5.586861632764339447e-03
-2.184541150927543640e-02
-8.086377754807472229e-03
-1.477982103824615479e-02
-5.991572514176368713e-02
-2.840037085115909576e-02
3.839358314871788025e-02
-1.007020566612482071e-02
-1.047271583229303360e-02
1.579882577061653137e-02
4.232855513691902161e-02
-4.784227162599563599e-02
-9.419668465852737427e-02
-4.620215296745300293e-02
-1.497325720265507698e-03
8.848665654659271240e-02
-4.685988649725914001e-02
-8.567749522626399994e-03
2.707763761281967163e-02
-9.064415842294692993e-02
-2.820773981511592865e-02
-3.219043463468551636e-02
-3.277878090739250183e-02
-1.009568106383085251e-02
-1.260865293443202972e-02
-2.042136341333389282e-02
-1.018054783344268799e-01
4.489560052752494812e-02
3.094373084604740143e-02
3.389040008187294006e-02
2.213508635759353638e-02
-7.570101879537105560e-04
1.908619701862335205e-02
-3.758328501135110855e-03
-1.241731178015470505e-02
-7.391173392534255981e-02
-5.096977576613426208e-02
-2.676545642316341400e-02
4.062743484973907471e-02
-4.966321960091590881e-02
3.332059830427169800e-02
-5.705957114696502686e-02
3.775993734598159790e-02
-1.978177460841834545e-04
1.766203320585191250e-03
4.096562974154949188e-03
1.060352027416229248e-01
-5.614788085222244263e-02
-1.512035634368658066e-02
5.812877044081687927e-02
3.522811457514762878e-02
-3.458820655941963196e-02
2.498587965965270996e-02
3.950756974518299103e-03
-1.250008195638656616e-01
-6.843987107276916504e-02
-9.063173085451126099e-03
-4.683000966906547546e-02
-4.439454060047864914e-03
9.268039837479591370e-03
-1.459027267992496490e-02
-1.074565388262271881e-02
1.893449458293616772e-03
8.943641558289527893e-03
-7.377886027097702026e-02
5.871825851500034332e-03
-1.450939327478408813e-01
-1.213039550930261612e-02
1.540529541671276093e-02
-2.496745251119136810e-02
-2.284341305494308472e-02
6.866776943206787109e-02
2.545483224093914032e-02
5.773965967819094658e-04
-9.799967519938945770e-03
5.169649422168731689e-02
-2.365424111485481262e-02
1.107254344969987869e-02
-9.454290382564067841e-03
3.955531865358352661e-02
-1.789606548845767975e-02
-4.843858256936073303e-02
-6.067379191517829895e-02
6.235662102699279785e-02
-1.137954369187355042e-02
-4.046830581501126289e-04
1.426734402775764465e-02
-2.740703150629997253e-02
-1.160171478986740112e-01
-6.979269534349441528e-02
-1.424597483128309250e-02
-1.033758223056793213e-01
-1.147730462253093719e-02
-2.346629975363612175e-03
7.940284907817840576e-03
5.689050629734992981e-02
8.120254427194595337e-02
-9.598115459084510803e-03
3.821826353669166565e-02
1.625171862542629242e-02
1.243470702320337296e-02
-9.509785100817680359e-03
-3.023917041718959808e-02
-3.408085089176893234e-03
-4.327682778239250183e-02
3.144617006182670593e-02
-2.409361861646175385e-02
-1.850744360126554966e-03
4.284974187612533569e-02
-4.304740577936172485e-02
-3.571429476141929626e-02
4.804304987192153931e-02
-1.062206644564867020e-02
-2.274888008832931519e-02
-1.194836106151342392e-02
-5.505627393722534180e-02
1.355421077460050583e-02
-3.993488103151321411e-02
5.028059706091880798e-02
-2.359100431203842163e-02
6.825553136877715588e-04
-7.450295984745025635e-02
5.164258182048797607e-02
5.394340958446264267e-03
-3.436167165637016296e-02
-6.948865950107574463e-02
2.040216233581304550e-03
-1.134209241718053818e-02
2.347171865403652191e-02
4.137011617422103882e-02
4.320672247558832169e-03
-3.167627844959497452e-03
3.386283665895462036e-02
-1.554402639158070087e-03
6.663390994071960449e-02
3.507569665089249611e-03
-5.700505524873733521e-02
3.170721605420112610e-02
-3.250492736697196960e-02
4.433508962392807007e-03
3.578454628586769104e-02
-6.349710375070571899e-02
-1.474227197468280792e-02
2.877239137887954712e-02
-1.057923138141632080e-01
4.643743857741355896e-02
-5.981025751680135727e-03
-8.429653197526931763e-02
-1.752466894686222076e-02
2.099484205245971680e-02
1.788040739484131336e-03
-9.329814463853836060e-02
-1.273940131068229675e-02
-1.630573533475399017e-03
2.403256483376026154e-02
-8.329346030950546265e-02
-4.585101827979087830e-02
1.380594260990619659e-02
2.623009309172630310e-02
-8.994858711957931519e-03
3.083445318043231964e-02
2.925835736095905304e-02
-6.107554212212562561e-02
4.694977402687072754e-02
4.148444533348083496e-02
1.514496058225631714e-01
-1.398645434528589249e-02
-3.974762186408042908e-02
7.775523513555526733e-02
-7.885149121284484863e-02
6.255019456148147583e-02
9.547224268317222595e-03
2.997105568647384644e-02
-5.930816289037466049e-03
6.858806125819683075e-03
3.837541490793228149e-02
-6.213526800274848938e-02
5.554664880037307739e-02
6.299097090959548950e-02
-5.373340100049972534e-02
3.093089163303375244e-02
-1.846142113208770752e-02
-1.444438705220818520e-03
4.556439071893692017e-02
-2.673392556607723236e-02
-4.316046461462974548e-02
5.788283422589302063e-02
-4.485763981938362122e-02
2.538198418915271759e-02
1.166789606213569641e-01
-5.222072824835777283e-03
-3.023342601954936981e-02
-1.530076609924435616e-03
-1.348416670225560665e-03
1.749334856867790222e-02
-9.812080115079879761e-02
-9.097849950194358826e-03
-1.955392397940158844e-02
-2.032172493636608124e-02
2.858840301632881165e-02
4.108295962214469910e-02
-2.926110057160258293e-03
-1.461028959602117538e-02
-2.803316572681069374e-03
-1.007785573601722717e-01
-5.617168545722961426e-02
3.308973833918571472e-02
1.041853521019220352e-02
6.959713995456695557e-03
9.049022197723388672e-02
2.567590214312076569e-02
-2.858797833323478699e-02
4.999281838536262512e-02
3.384505584836006165e-02
3.414403647184371948e-02
1.644409447908401489e-02
5.649569910019636154e-03
1.506958715617656708e-02
2.802415937185287476e-02
2.707155421376228333e-03
6.166271632537245750e-04
7.185105700045824051e-03
3.351689130067825317e-02
-1.491779740899801254e-02
-2.647292986512184143e-02
2.053090371191501617e-02
3.374736011028289795e-02
-6.238349899649620056e-02
6.253948085941374302e-04
-1.395767554640769958e-03
1.629537157714366913e-02
1.590140163898468018e-02
-3.534354269504547119e-02
8.783902972936630249e-03
6.977068260312080383e-03
-2.132004871964454651e-02
-3.802133258432149887e-03
6.150374934077262878e-02
8.018152415752410889e-02
-6.503621488809585571e-02
5.104650557041168213e-02
-3.066112101078033447e-02
2.907356247305870056e-02
-3.491763025522232056e-02
4.279197007417678833e-02
7.992306724190711975e-03
-1.767055247910320759e-03
4.536923393607139587e-02
1.104037370532751083e-02
-7.022945210337638855e-03
6.016577407717704773e-02
3.522608662024140358e-03
-3.672732785344123840e-02
3.551646834239363670e-03
4.400620236992835999e-03
-1.032446026802062988e-01
5.136027932167053223e-02
-1.708934642374515533e-02
-5.302185192704200745e-02
-4.649977665394544601e-03
-4.928318783640861511e-02
-6.003858894109725952e-02
2.189059555530548096e-02
-2.835408225655555725e-02
-6.129392236471176147e-02
-2.292235940694808960e-02
5.739170312881469727e-02
1.621219515800476074e-02
-1.235695704817771912e-01
2.586877718567848206e-02
-2.108444459736347198e-02
1.671160804107785225e-03
-4.336794838309288025e-02
-2.053816244006156921e-02
-6.801139563322067261e-02
6.988826394081115723e-02
-4.662809520959854126e-02
6.087506189942359924e-03
-9.050604887306690216e-03
1.071954295039176941e-01
-2.273870632052421570e-02
-4.126206412911415100e-02
9.095835685729980469e-02
-3.014512173831462860e-02
-1.101919114589691162e-01
-4.339895676821470261e-03
9.828952141106128693e-03
-3.061008453369140625e-02
-5.550831928849220276e-02
-1.219428516924381256e-02
3.747213259339332581e-02
2.325709164142608643e-02
-9.600290097296237946e-03
-4.056683927774429321e-02
2.926531434059143066e-02
4.443795979022979736e-02
2.482017874717712402e-02
-4.225535690784454346e-02
4.707974940538406372e-02
-3.814339265227317810e-02
-2.098562195897102356e-02
-5.043962970376014709e-03
9.157878160476684570e-02
3.391851857304573059e-02
-6.996831297874450684e-02
2.339057624340057373e-02
3.008007816970348358e-02
-9.150391072034835815e-02
4.319247230887413025e-02
6.805382668972015381e-02
3.431949764490127563e-02
9.150571189820766449e-03
5.380988493561744690e-02
-4.388790950179100037e-02
-6.881418824195861816e-02
-2.115987800061702728e-02
1.514267921447753906e-02
4.636618774384260178e-03
2.099249511957168579e-02
1.410550065338611603e-02
-2.839564904570579529e-02
-3.775823488831520081e-02
-4.859189316630363464e-02
-5.928576365113258362e-02
7.894068025052547455e-03
-6.273774057626724243e-02
1.422342844307422638e-02
-7.374035567045211792e-02
1.075768494047224522e-03
-8.952305070124566555e-04
1.801620353944599628e-03
3.177194669842720032e-02
-4.642177000641822815e-02
-1.015412155538797379e-02
5.392068251967430115e-02
3.558722138404846191e-02
-9.426209144294261932e-03
-1.151152048259973526e-02
3.931003436446189880e-02
1.431535650044679642e-02
-3.390808403491973877e-02
1.740453019738197327e-02
3.169606626033782959e-02
2.236837893724441528e-02
5.078019574284553528e-02
7.507272064685821533e-02
8.419108390808105469e-02
1.955765299499034882e-02
-1.409500371664762497e-02
2.879508957266807556e-02
-9.270790033042430878e-03
7.581565529108047485e-02
4.230932891368865967e-02
3.599512577056884766e-02
4.383207485079765320e-02
7.944580167531967163e-03
1.858271844685077667e-02
1.313339918851852417e-02
-1.707029901444911957e-02
2.567715197801589966e-02
7.147321105003356934e-02
-1.245369315147399902e-01
-6.021378189325332642e-02
3.514653444290161133e-02
1.596326939761638641e-02
-5.187404528260231018e-02
-2.340235747396945953e-02
-3.709670156240463257e-03
-1.833395287394523621e-02
-8.961293101310729980e-02
-4.975602775812149048e-02
4.560150951147079468e-02
-3.673589974641799927e-02
-1.514141540974378586e-02
-4.172730445861816406e-02
-1.933521591126918793e-02
-1.672747731208801270e-02
3.338364884257316589e-02
-5.438898131251335144e-02
5.218658130615949631e-03
4.797767032869160175e-04
3.465104475617408752e-02
-5.121628195047378540e-02
-7.177277933806180954e-03
-1.561523601412773132e-02
-2.566115558147430420e-02
-3.469363227486610413e-02
4.105629771947860718e-02
8.004947449080646038e-04
-7.322806864976882935e-02
6.696510314941406250e-02
3.504228591918945312e-02
-5.097676813602447510e-02
4.168587736785411835e-03
-7.401573471724987030e-03
8.040327578783035278e-02
2.201411686837673187e-02
3.150167688727378845e-02
-1.814454607665538788e-02
-3.244308754801750183e-02
-2.879626303911209106e-02
-7.725429534912109375e-02
-2.090720273554325104e-02
6.172193586826324463e-02
-3.815007954835891724e-02
9.124623984098434448e-02
-1.151103619486093521e-02
-8.369678980670869350e-04
-4.899470508098602295e-02
-1.455910950899124146e-01
-3.085551038384437561e-02
4.126730188727378845e-02
2.801084704697132111e-02
-1.040881052613258362e-01
-2.156804315745830536e-03
2.100906893610954285e-02
1.617558998987078667e-03
5.193647742271423340e-02
6.103118136525154114e-02
-1.350402459502220154e-02
-2.925547026097774506e-02
-2.004338428378105164e-03
-4.924881737679243088e-03
4.601786285638809204e-02
3.201711177825927734e-02
-6.431671977043151855e-02
-5.056948214769363403e-02
-4.944807291030883789e-02
1.162289232015609741e-01
1.297296676784753799e-02
-3.157589957118034363e-02
4.863651096820831299e-02
-1.825568266212940216e-02
-5.312411114573478699e-02
2.051669731736183167e-02
-2.038750797510147095e-02
-2.211266662925481796e-03
4.223259165883064270e-02
2.587307803332805634e-02
1.583092659711837769e-02
5.864322185516357422e-02
5.318607389926910400e-02
-3.547804057598114014e-02
-2.580149285495281219e-02
2.679399587213993073e-02
-9.802446514368057251e-02
-8.189545013010501862e-03
4.552483558654785156e-02
-4.347445070743560791e-02
4.516204819083213806e-03
-9.563419967889785767e-02
-1.709445728920400143e-03
-3.237488865852355957e-02
-1.087593566626310349e-02
6.477842479944229126e-02
-3.741462528705596924e-02
-6.322833895683288574e-02
-5.480956658720970154e-02
-3.225366398692131042e-02
8.514279499650001526e-03
4.193624481558799744e-02
2.358160912990570068e-03
-1.890568761155009270e-03
2.108957618474960327e-02
3.921015188097953796e-03
-3.095718566328287125e-03
4.349254013504832983e-04
2.736524492502212524e-02
7.004512939602136612e-03
-2.324197813868522644e-02
-3.452757373452186584e-02
5.821284279227256775e-02
9.054957889020442963e-03
-3.662527352571487427e-02
3.849502280354499817e-02
-1.582805998623371124e-02
