-1.405058428645133972e-02
1.296113338321447372e-02
-6.078539881855249405e-03
1.394678652286529541e-02
1.769828610122203827e-02
-4.590032156556844711e-03
3.345761075615882874e-02
2.417784743010997772e-02
9.882232546806335449e-02
-1.260195672512054443e-02
-6.216885987669229507e-03
-1.499175745993852615e-02
-2.944951504468917847e-02
2.282832935452461243e-02
6.183193530887365341e-03
1.441324222832918167e-02
-1.597889326512813568e-02
1.911754603497684002e-03
5.504789203405380249e-02
9.260375984013080597e-03
2.408136846497654915e-03
-3.191189095377922058e-02
5.459926556795835495e-03
1.318821683526039124e-03
3.540886938571929932e-02
5.279588513076305389e-03
-3.906287997961044312e-02
-1.280951406806707382e-02
-1.180818956345319748e-02
-8.495991351082921028e-04
6.034876033663749695e-02
2.739150077104568481e-03
1.650376431643962860e-02
-7.880999706685543060e-03
2.724803239107131958e-02
1.683411188423633575e-02
-3.266496583819389343e-02
-1.932607591152191162e-02
6.171888671815395355e-03
-3.090935386717319489e-02
3.732023388147354126e-02
8.656626567244529724e-03
-4.130267351865768433e-02
-2.085812948644161224e-02
-2.479169983416795731e-03
8.774455636739730835e-03
1.834527589380741119e-02
-2.963677234947681427e-02
-1.187139074318110943e-03
-1.254375372081995010e-02
2.138399332761764526e-02
1.209118962287902832e-02
-8.657071739435195923e-03
2.519099973142147064e-03
1.892527192831039429e-02
2.050227019935846329e-03
2.178654447197914124e-02
9.004726074635982513e-03
1.809461414813995361e-01
1.687646284699440002e-02
-9.156634332612156868e-04
1.123664062470197678e-02
-3.315611928701400757e-02
5.182196199893951416e-02
3.329456225037574768e-02
-5.983146652579307556e-02
2.113976702094078064e-02
-2.403929131105542183e-03
7.824422419071197510e-02
-4.368501156568527222e-02
-1.440567662939429283e-03
1.809043996036052704e-02
5.077802389860153198e-02
-1.491086557507514954e-02
-4.357397556304931641e-03
-1.854880899190902710e-02
3.444965928792953491e-02
3.326900675892829895e-02
-4.210796672850847244e-03
1.259977072477340698e-01
1.053539197891950607e-02
1.333348639309406281e-02
2.358066849410533905e-02
-3.670704318210482597e-03
-1.838422007858753204e-02
-2.684829011559486389e-02
-4.642185289412736893e-03
6.125481799244880676e-03
-2.500830916687846184e-03
6.373357959091663361e-03
-2.747393399477005005e-02
-2.354596182703971863e-02
6.715671624988317490e-03
-3.344509378075599670e-02
7.530326955020427704e-03
2.923665568232536316e-02
-1.278016902506351471e-02
-2.547784708440303802e-02
-2.764598093926906586e-02
1.924766041338443756e-02
3.034068830311298370e-02
-1.751427724957466125e-02
7.918836548924446106e-03
-2.265392802655696869e-02
4.361390601843595505e-03
3.533924173098057508e-04
-2.325230091810226440e-02
1.661117561161518097e-02
1.725845970213413239e-02
-1.128492597490549088e-02
1.663528196513652802e-02
6.098889280110597610e-03
-2.860417589545249939e-02
1.481437589973211288e-02
-2.016768977046012878e-02
1.137741934508085251e-02
2.787453122437000275e-02
9.769866243004798889e-03
-1.447465270757675171e-03
1.258141710422933102e-03
-8.212226442992687225e-03
8.103774860501289368e-03
-4.201918467879295349e-02
-2.081923000514507294e-02
-7.357183843851089478e-02
-1.469788886606693268e-02
2.358216419816017151e-02
1.751482486724853516e-03
4.432359244674444199e-03
-9.052494913339614868e-02
-7.018463313579559326e-02
5.733286496251821518e-03
3.232783079147338867e-02
8.498955867253243923e-04
1.180834323167800903e-02
-2.423237450420856476e-02
-4.232068359851837158e-02
-7.577944197691977024e-04
9.070512652397155762e-02
4.502765368670225143e-03
-6.259701400995254517e-02
1.465184241533279419e-02
1.450235024094581604e-02
1.607105322182178497e-02
4.939166456460952759e-02
1.031848937273025513e-01
1.848037913441658020e-02
1.763004995882511139e-02
-4.154352936893701553e-04
-9.426312521100044250e-03
-2.222688496112823486e-02
3.204603865742683411e-02
-6.289676763117313385e-03
-3.577749058604240417e-02
-1.108871423639357090e-03
2.002632990479469299e-02
-1.759963855147361755e-02
-1.232348848134279251e-02
-4.234021529555320740e-02
-5.183664336800575256e-02
3.712276369333267212e-02
-7.869268208742141724e-02
6.564112752676010132e-02
-1.893797330558300018e-02
8.158589713275432587e-03
-3.728963807225227356e-02
3.391165286302566528e-02
-3.068136982619762421e-03
-1.453867740929126740e-02
-3.416384756565093994e-02
-4.759707022458314896e-03
3.492877585813403130e-03
-4.685484338551759720e-03
3.181398613378405571e-03
1.940599828958511353e-02
7.619541604071855545e-03
-1.845576986670494080e-02
4.128753673285245895e-03
1.237700730562210083e-01
-8.327635936439037323e-03
1.023107767105102539e-02
1.672450080513954163e-02
-2.575208246707916260e-02
-3.886193037033081055e-03
-4.668385162949562073e-02
2.342839092016220093e-01
-2.859208583831787109e-01
4.128377139568328857e-02
1.695124246180057526e-02
-5.016874149441719055e-02
2.643349952995777130e-02
-1.183830574154853821e-02
-8.471982553601264954e-03
2.774842781946063042e-03
2.049015648663043976e-02
-1.239754259586334229e-02
-1.154076308012008667e-01
5.535452160984277725e-03
-6.206312775611877441e-02
-6.153567228466272354e-03
4.055352509021759033e-02
1.681666821241378784e-02
-1.948411762714385986e-01
-1.738749444484710693e-02
4.518355708569288254e-03
-5.313029512763023376e-03
1.574102044105529785e-02
-2.448875922709703445e-03
-1.569170691072940826e-02
-2.113321237266063690e-02
-1.404865831136703491e-02
-1.325489580631256104e-02
1.366208121180534363e-02
5.186144262552261353e-03
7.519904524087905884e-03
-1.306314487010240555e-03
2.911184448748826981e-03
8.832598105072975159e-04
1.727185770869255066e-02
9.709565900266170502e-03
-3.310063108801841736e-02
-7.356218099594116211e-01
-1.074797357432544231e-03
-6.633715820498764515e-04
6.464264588430523872e-04
9.820763953030109406e-03
-2.959578484296798706e-02
2.196029946208000183e-02
-2.013472467660903931e-02
6.501971278339624405e-03
-4.435275681316852570e-03
5.950371921062469482e-02
-7.628766447305679321e-02
-1.422044634819030762e-02
2.766626328229904175e-02
1.331035420298576355e-02
-6.388232577592134476e-03
2.343250997364521027e-02
-4.934219177812337875e-04
4.052942153066396713e-03
-1.935827359557151794e-02
-1.611838117241859436e-02
-1.340583860874176025e-01
-3.944317996501922607e-02
1.565584167838096619e-02
-8.639859966933727264e-03
-2.090274356305599213e-02
4.754446074366569519e-02
1.263784989714622498e-02
2.486777864396572113e-02
-1.012456021271646023e-03
2.797203138470649719e-02
-6.327280309051275253e-03
-9.639765135943889618e-03
-8.124790154397487640e-03
2.736186049878597260e-02
7.158672902733087540e-03
5.600311979651451111e-02
1.472483854740858078e-02
-5.049636960029602051e-02
5.391582101583480835e-02
6.483905017375946045e-02
6.963326595723628998e-03
-4.502501711249351501e-02
3.630736470222473145e-02
2.430768124759197235e-02
-5.188158899545669556e-02
2.938456088304519653e-02
-5.464913323521614075e-02
-8.879391103982925415e-02
4.398732632398605347e-02
1.452674157917499542e-02
-1.602263003587722778e-02
-4.433644353412091732e-04
4.237057268619537354e-02
-4.182670637965202332e-02
-1.536420825868844986e-02
-5.460107699036598206e-02
6.126098707318305969e-02
5.435657221823930740e-03
-6.282337009906768799e-02
1.127227023243904114e-01
5.261151120066642761e-02
-3.790540248155593872e-02
6.351555883884429932e-02
1.053703129291534424e-01
2.922562882304191589e-02
3.326625004410743713e-02
9.573453664779663086e-02
-1.365425139665603638e-01
8.981769904494285583e-03
-1.530141830444335938e-01
2.642284147441387177e-02
2.916478365659713745e-02
3.490260243415832520e-02
-7.007976993918418884e-03
-7.307135313749313354e-02
-5.044747143983840942e-02
2.387551125138998032e-03
1.024649664759635925e-01
1.561571937054395676e-02
-3.838123381137847900e-02
8.936645984649658203e-01
1.859611272811889648e-02
-1.669859327375888824e-02
-7.949148863554000854e-02
-1.074570883065462112e-02
1.363961100578308105e-01
2.803777717053890228e-02
6.612457334995269775e-02
4.659149795770645142e-02
-1.728218235075473785e-02
8.545101433992385864e-02
-2.018500678241252899e-02
-4.758359864354133606e-03
5.041365511715412140e-03
5.163386464118957520e-02
-2.476385980844497681e-02
1.997190341353416443e-02
5.718915257602930069e-03
-4.983454011380672455e-03
-8.560303598642349243e-03
-4.845294356346130371e-02
-2.076170034706592560e-02
1.157509046606719494e-03
-8.931302465498447418e-03
4.847499355673789978e-02
-3.934704232960939407e-03
1.057879254221916199e-02
4.845491051673889160e-02
-1.891362294554710388e-02
-2.075247839093208313e-02
-1.266235578805208206e-02
-8.495267480611801147e-03
2.798698609694838524e-03
3.920971229672431946e-02
7.871297746896743774e-02
9.820522740483283997e-03
-3.302675858139991760e-02
-1.683562807738780975e-02
8.013366907835006714e-02
-9.858373552560806274e-03
4.545341804623603821e-02
-2.657870016992092133e-02
1.604870427399873734e-03
-5.766491591930389404e-02
1.114512141793966293e-02
6.238878890872001648e-02
5.649866163730621338e-02
2.852787077426910400e-02
-2.222688123583793640e-02
-1.628708653151988983e-02
4.162114858627319336e-02
-4.277093335986137390e-02
3.563635423779487610e-02
-2.471269480884075165e-02
1.999272406101226807e-02
-1.365097239613533020e-03
6.264351308345794678e-02
8.843290619552135468e-03
1.349926367402076721e-02
7.449287176132202148e-02
5.073826760053634644e-02
2.028078539296984673e-03
-4.725450277328491211e-02
1.270145084708929062e-02
1.802513748407363892e-02
-4.229943826794624329e-02
1.754254801198840141e-03
-3.335684165358543396e-02
5.830155685544013977e-02
-5.305790901184082031e-02
-4.914516955614089966e-02
1.915123686194419861e-02
6.127949804067611694e-03
4.109895229339599609e-02
2.373820025241002440e-04
-5.223172483965754509e-04
2.013069577515125275e-02
-9.871404618024826050e-03
-1.263426616787910461e-02
-2.607950754463672638e-02
3.810345008969306946e-02
1.923580653965473175e-02
-4.688557982444763184e-02
2.203948330134153366e-03
-3.058985108509659767e-03
7.365807425230741501e-03
-4.880984127521514893e-02
1.638680812902748585e-03
1.440838095732033253e-03
4.506615549325942993e-02
-2.157470211386680603e-02
-2.934550633653998375e-03
-4.793273285031318665e-02
1.152331242337822914e-03
-7.977281510829925537e-02
-6.369022279977798462e-02
5.650960281491279602e-02
-3.450156375765800476e-02
-9.494544006884098053e-03
-1.299673225730657578e-02
-5.967425182461738586e-02
-5.561279598623514175e-03
-3.267271211370825768e-03
6.535673048347234726e-03
1.712532155215740204e-02
-2.390619367361068726e-02
9.514536708593368530e-03
-1.856233924627304077e-02
7.364297658205032349e-02
-2.402716549113392830e-03
-2.572687529027462006e-02
3.682679682970046997e-02
3.492322564125061035e-02
-2.187988534569740295e-02
-4.214560240507125854e-02
-3.494092449545860291e-02
3.716019913554191589e-02
-1.315060444176197052e-02
4.108203947544097900e-02
-4.535064473748207092e-02
1.047822088003158569e-01
-2.076229080557823181e-02
-2.431447803974151611e-02
3.542654216289520264e-02
3.436582162976264954e-02
-3.094163537025451660e-02
-1.414749678224325180e-02
-1.787848956882953644e-02
3.298920765519142151e-02
-1.123516354709863663e-02
-5.677222460508346558e-02
1.151486206799745560e-02
-3.015321120619773865e-02
8.728287182748317719e-03
-1.745072193443775177e-02
-3.391693159937858582e-02
-2.672876231372356415e-03
4.687628895044326782e-02
3.418949246406555176e-02
-1.609521359205245972e-02
-1.534633990377187729e-02
-2.146397531032562256e-02
-1.721453294157981873e-02
1.070703752338886261e-02
1.692782272584736347e-03
2.872917056083679199e-01
7.778699509799480438e-04
-3.837040066719055176e-02
-6.958420574665069580e-02
-3.041586093604564667e-02
6.801998615264892578e-02
8.517951704561710358e-03
3.433783724904060364e-02
-3.415695205330848694e-02
-1.862428523600101471e-02
4.754516296088695526e-03
-1.092528909794054925e-04
-1.658806949853897095e-02
-8.470758795738220215e-02
6.701913196593523026e-03
4.927005153149366379e-03
-3.302963078022003174e-02
2.819396031554788351e-04
2.068387158215045929e-02
-2.166184224188327789e-02
-5.260463804006576538e-02
-1.162458304315805435e-02
-2.117210067808628082e-02
9.799555875360965729e-03
4.808447323739528656e-03
9.099867194890975952e-03
3.430392965674400330e-02
7.362942397594451904e-02
-3.291410207748413086e-02
2.444485016167163849e-02
2.075912430882453918e-03
-5.293514113873243332e-03
-1.407351810485124588e-02
3.040594421327114105e-02
-1.894953101873397827e-02
4.668044392019510269e-03
4.188492894172668457e-02
-1.909643411636352539e-02
-7.637511193752288818e-02
1.903017237782478333e-02
8.816868998110294342e-03
-4.746608901768922806e-03
1.391511992551386356e-03
3.403516113758087158e-02
-9.650473482906818390e-03
4.110550880432128906e-02
-2.393959276378154755e-02
1.775402575731277466e-02
-1.713455840945243835e-02
-3.952100500464439392e-02
2.444298239424824715e-03
1.776747032999992371e-02
1.242828834801912308e-02
5.142785981297492981e-02
-5.369643867015838623e-02
1.306335628032684326e-02
5.669710785150527954e-02
1.405385974794626236e-02
4.097847267985343933e-02
-1.156436279416084290e-02
3.696105210110545158e-03
3.803276270627975464e-02
3.189304098486900330e-02
-5.989899858832359314e-03
4.013419896364212036e-02
8.551899343729019165e-03
-9.254914522171020508e-02
-2.006764523684978485e-02
2.081115916371345520e-02
-1.727071125060319901e-03
-5.771368741989135742e-02
6.256063282489776611e-02
1.273145526647567749e-02
-8.247019350528717041e-02
-4.466496035456657410e-02
6.788086891174316406e-02
-2.348723262548446655e-02
-4.135297611355781555e-03
9.208581596612930298e-02
-3.711820393800735474e-02
-3.307925909757614136e-02
3.535677865147590637e-02
-9.620447643101215363e-03
7.984665781259536743e-02
7.071965932846069336e-02
-7.102724909782409668e-02
-4.476026818156242371e-02
-1.938697323203086853e-02
-1.138630672357976437e-03
-3.302805125713348389e-02
-8.038042485713958740e-02
2.683655591681599617e-03
-2.791659347712993622e-02
-1.168841496109962463e-02
-4.228194802999496460e-02
-5.954821780323982239e-02
9.598447382450103760e-02
-2.479010447859764099e-02
2.679479867219924927e-02
4.023596644401550293e-03
7.261684536933898926e-02
-6.627517193555831909e-02
-3.673863410949707031e-02
6.451284978538751602e-03
5.233391374349594116e-02
2.081473544239997864e-02
5.433095619082450867e-02
-1.400013081729412079e-02
2.300113067030906677e-02
-3.645681962370872498e-02
2.773961424827575684e-02
-4.339935630559921265e-02
-2.352603152394294739e-02
2.158177085220813751e-02
9.641037322580814362e-03
3.262865822762250900e-03
4.303484410047531128e-02
4.211488366127014160e-02
-1.008826307952404022e-02
-1.982391066849231720e-02
1.092248037457466125e-02
5.107322335243225098e-02
-9.789069183170795441e-03
1.875248923897743225e-02
-1.698662899434566498e-02
-4.453795775771141052e-02
-1.844236627221107483e-03
-9.565500542521476746e-03
4.697248339653015137e-02
4.757105559110641479e-02
-1.305152382701635361e-02
-6.227100268006324768e-02
3.712190315127372742e-02
-3.385622054338455200e-02
-1.806543208658695221e-02
-3.243846073746681213e-02
6.082801893353462219e-02
5.620342120528221130e-02
5.022370256483554840e-03
-2.001132629811763763e-02
1.969956979155540466e-02
3.406518325209617615e-02
-2.311070263385772705e-02
2.210424095392227173e-02
2.527655288577079773e-02
1.131372153759002686e-01
7.786729373037815094e-03
8.479313552379608154e-02
2.298934198915958405e-02
-1.367499679327011108e-02
-1.989769563078880310e-02
1.186648290604352951e-02
3.063935786485671997e-02
1.264429371803998947e-02
-7.897438853979110718e-02
-1.933009363710880280e-02
1.434564962983131409e-02
7.583199068903923035e-03
8.240005373954772949e-02
5.939915310591459274e-03
-2.810012921690940857e-02
-7.952845841646194458e-02
-4.403633624315261841e-02
-1.260922756046056747e-02
-8.173550665378570557e-02
-9.847091510891914368e-03
-2.333758398890495300e-02
2.543679177761077881e-01
1.373786199837923050e-02
3.244745358824729919e-02
1.607796922326087952e-02
5.964766442775726318e-02
-5.451430380344390869e-02
-1.683937758207321167e-02
4.147664085030555725e-02
-2.135049179196357727e-02
-2.553253620862960815e-02
1.817319355905056000e-02
-6.694079935550689697e-02
-1.180762331932783127e-02
-2.295695245265960693e-03
7.659709453582763672e-02
5.215247720479965210e-02
5.844297632575035095e-02
1.946437172591686249e-03
1.417825184762477875e-02
4.239545762538909912e-02
-5.907746031880378723e-03
-2.303308993577957153e-02
4.330714419484138489e-02
-1.605886034667491913e-02
2.306020259857177734e-02
-2.404862828552722931e-02
6.768123805522918701e-02
-8.795289322733879089e-03
-1.879644021391868591e-02
-1.933324709534645081e-02
5.135001987218856812e-02
1.726412773132324219e-02
-4.581736773252487183e-02
-1.381101179867982864e-02
-1.970328018069267273e-02
5.917028058320283890e-03
-1.213498041033744812e-02
4.548973962664604187e-02
2.371133677661418915e-02
-1.386273186653852463e-02
2.631611377000808716e-02
-1.565798930823802948e-02
-3.477741032838821411e-02
-6.790863815695047379e-03
-2.520232647657394409e-02
-5.493827164173126221e-02
9.870185516774654388e-03
4.299762099981307983e-02
5.312216654419898987e-02
-7.687184214591979980e-02
1.358105987310409546e-02
2.212327346205711365e-02
-2.304384857416152954e-02
7.365167140960693359e-02
-4.316529259085655212e-03
-5.014095921069383621e-03
-2.914390712976455688e-02
4.046914633363485336e-03
-7.937171496450901031e-03
-4.948756843805313110e-02
-1.222607046365737915e-01
6.945601105690002441e-02
4.646815359592437744e-02
-1.982506550848484039e-02
1.407145243138074875e-02
8.425342291593551636e-02
-1.844397932291030884e-02
-3.273512795567512512e-02
-7.259957958012819290e-03
-4.084702208638191223e-02
1.979853957891464233e-02
-3.759190440177917480e-02
-1.081439573317766190e-02
4.180279001593589783e-02
2.315904758870601654e-02
2.031805366277694702e-02
-3.721090778708457947e-02
3.316915407776832581e-02
5.876081809401512146e-02
-2.703212434425950050e-03
9.677717089653015137e-02
2.345027960836887360e-02
-1.467034406960010529e-02
6.740815937519073486e-02
-5.815983563661575317e-02
-3.886363282799720764e-02
-4.080249369144439697e-02
1.587774045765399933e-02
5.100650340318679810e-02
6.519942730665206909e-02
5.794584378600120544e-02
-1.042818278074264526e-02
-1.893721753731369972e-03
1.041148900985717773e-01
7.306394167244434357e-03
7.129283994436264038e-02
-7.713723927736282349e-02
1.055354624986648560e-02
3.977364674210548401e-02
-3.329667821526527405e-02
4.179882525932043791e-04
5.142183974385261536e-02
-7.449349015951156616e-02
5.578748881816864014e-03
-1.284780073910951614e-02
-4.369723424315452576e-02
-2.216379716992378235e-02
-9.473076462745666504e-02
2.869163453578948975e-02
-4.149672761559486389e-02
-5.652762949466705322e-02
2.077060937881469727e-02
5.666105821728706360e-02
3.093380655627697706e-05
-8.145962655544281006e-02
4.143704473972320557e-02
-2.798695676028728485e-02
9.514010511338710785e-03
-2.363336458802223206e-02
-3.128783777356147766e-02
-2.731500193476676941e-02
4.586564004421234131e-02
-6.630553980357944965e-04
-5.309466272592544556e-03
5.084178596735000610e-02
-2.358906902372837067e-02
-1.710860058665275574e-02
3.566513583064079285e-02
2.042148634791374207e-02
1.003491785377264023e-02
1.181336771696805954e-02
6.742485612630844116e-02
3.328751400113105774e-02
1.105309743434190750e-02
4.192326590418815613e-02
1.537710241973400116e-02
-4.547855351120233536e-03
6.781792733818292618e-03
5.109492316842079163e-02
-3.564569866284728050e-03
-4.280477017164230347e-02
-2.109899744391441345e-02
7.334392517805099487e-02
6.579314172267913818e-02
4.556802660226821899e-02
-7.104685157537460327e-02
4.225184395909309387e-02
-3.974112123250961304e-02
1.157027482986450195e-02
7.601307332515716553e-02
4.708785191178321838e-02
1.881581544876098633e-02
8.253954350948333740e-02
3.303049504756927490e-02
-1.720711588859558105e-02
9.230683743953704834e-02
-3.254281729459762573e-02
5.003999546170234680e-02
7.646888494491577148e-02
4.131429828703403473e-03
1.779112266376614571e-03
1.707860082387924194e-02
-2.670363755896687508e-04
1.526791881769895554e-02
-8.315186016261577606e-03
1.485213986597955227e-03
-8.937268517911434174e-03
9.689931571483612061e-02
4.288407973945140839e-03
3.751698136329650879e-02
-1.021174713969230652e-02
-2.167882025241851807e-02
-3.141137212514877319e-02
1.252144854515790939e-02
-1.907709240913391113e-02
5.886785686016082764e-02
3.125574067234992981e-02
-2.133850008249282837e-02
-1.511071063578128815e-02
1.067358721047639847e-02
-8.318827487528324127e-03
-1.915393024682998657e-02
-1.900256262160837650e-03
-3.999717533588409424e-02
-5.828275159001350403e-02
5.900416523218154907e-02
-1.288901735097169876e-02
-2.629633620381355286e-02
2.874150685966014862e-02
-1.182595789432525635e-01
3.580848127603530884e-02
-1.332855899818241596e-03
4.487284645438194275e-02
-1.226276275701820850e-03
3.975784406065940857e-02
-5.779090151190757751e-02
-3.372593969106674194e-02
5.242371466010808945e-03
5.012792721390724182e-02
-3.501897677779197693e-03
5.515856295824050903e-02
1.715927757322788239e-02
3.010327368974685669e-02
-3.915362432599067688e-02
4.939135164022445679e-02
-7.171811070293188095e-03
8.309452235698699951e-02
5.243689566850662231e-02
-4.292095080018043518e-02
-2.364463210105895996e-01
8.853213861584663391e-03
-3.997487947344779968e-03
-7.991790771484375000e-02
7.647261023521423340e-02
3.327117860317230225e-02
2.261088695377111435e-03
7.008524984121322632e-02
4.231895727571099997e-04
