-0.0742776691913605
-0.1487537473440170
0.0741928666830063
-0.0611954927444458
0.0226602200418711
-0.1059784963726997
-0.0603420473635197
0.1104130744934082
-0.0142272934317589
-0.0439730398356915
-0.1101262569427490
0.0698191747069359
-0.0413929931819439
0.0187121648341417
0.0197843052446842
0.0623803064227104
-0.0781906023621559
-0.1149032339453697
-0.0741979181766510
-0.0463461279869080
-0.0101953865960240
0.0885605365037918
0.1065711602568626
0.0139934066683054
0.0407844930887222
-0.0749435350298882
-0.0245592016726732
-0.0154298273846507
-0.0069553987123072
0.0699726119637489
0.0879456102848053
-0.0849437415599823
0.0874383598566055
0.0918859392404556
-0.0490849278867245
-0.0474591925740242
0.1100614890456200
0.0043511013500392
-0.0829940438270569
0.0250436663627625
0.0587967745959759
-0.0875252932310104
-0.0345945656299591
0.0537646710872650
-0.0335960201919079
-0.0161257050931454
0.0377044863998890
-0.1009764447808266
-0.0045556807890534
0.1565223932266235
-0.1092897504568100
-0.1102750003337860
-0.1138521730899811
0.0238310229033232
-0.0581518933176994
0.0218707416206598
0.0099108973518014
-0.0329794883728027
-0.0219776537269354
0.0352056138217449
-0.0306963995099068
0.0870315954089165
0.0548579916357994
-0.0575311109423637
-0.0793258994817734
0.0121867861598730
0.0031476316507906
-0.0387463830411434
0.0852882415056229
0.0282127298414707
0.0895793884992599
0.1071656942367554
0.0731003507971764
0.0262582339346409
-0.0660400241613388
0.0833994895219803
-0.0432148799300194
0.0874954089522362
-0.0520567372441292
-0.0239014495164156
0.0178187731653452
-0.1048424765467644
-0.0246680453419685
0.0707885846495628
0.1191823482513428
-0.0203145258128643
0.1049489378929138
-0.0365325696766376
-0.0852526128292084
0.1260969489812851
-0.0552347563207150
0.1003530323505402
-0.0782075151801109
0.0498934872448444
0.0768312960863113
0.0843297392129898
0.0259774941951036
0.0141614843159914
0.0181963685899973
-0.0627628341317177
-0.1051968857645988
-0.0222188960760832
0.0949968695640564
0.0306795760989189
0.0380180403590202
-0.0276434086263180
0.0392382591962814
-0.0361681208014488
0.0025569647550583
-0.0045023998245597
-0.0812275931239128
-0.0105574820190668
0.0644111260771751
-0.0482065789401531
-0.0019892961718142
0.0140915475785732
0.0442933551967144
-0.0267115402966738
0.0141947856172919
-0.0224287416785955
-0.0756450593471527
0.0275766067206860
0.0219917073845863
0.0751994624733925
0.1023498475551605
-0.0183079149574041
0.0499933734536171
0.0138740856200457
-0.0168455652892590
0.0255339592695236
0.0343606583774090
0.0283043328672647
0.1001104339957237
0.0367174483835697
-0.0776465311646461
0.0300057996064425
0.0385096296668053
0.0190772227942944
-0.0293274763971567
-0.0152837010100484
0.0424088090658188
-0.0078104087151587
0.0143694207072258
-0.0425772480666637
-0.0245613977313042
0.0418118275702000
-0.0420663803815842
-0.0685967355966568
-0.0418735444545746
-0.0896837338805199
0.0948707982897758
-0.0256965141743422
0.0103035466745496
0.0270813759416342
-0.0239648818969727
0.0144736962392926
0.0201560910791159
-0.0208481922745705
0.0540080927312374
-0.0098897591233253
0.0475047565996647
-0.0103497719392180
0.0267645977437496
0.0376250185072422
-0.0723919793963432
0.0726149529218674
-0.0640160068869591
-0.0516570806503296
-0.1034088283777237
0.0816872343420982
0.0800389796495438
-0.1334254443645477
-0.0868254527449608
-0.0744322836399078
-0.0839756876230240
0.0726769492030144
0.0136890169233084
-0.0781700685620308
-0.0147759495303035
-0.0582209937274456
0.0585354939103127
-0.0653235092759132
0.0199978929013014
-0.0364224314689636
-0.1015086546540260
-0.0451132617890835
0.0168204866349697
0.0510688908398151
0.0025316076353192
-0.0168088674545288
-0.0525950975716114
-0.0923064649105072
-0.0564888119697571
0.0448066145181656
-0.0090705389156938
0.0328921750187874
-0.0489197596907616
0.0326594188809395
0.0345950238406658
-0.0205352678894997
0.0632114931941032
-0.0535657480359077
-0.1114676967263222
-0.0495127141475677
-0.0492204762995243
0.0772538483142853
0.0809176936745644
0.0658820867538452
0.0092380130663514
-0.0331818312406540
-0.0663917511701584
0.0216479953378439
0.0106827337294817
0.0835299715399742
-0.0697900131344795
-0.0892593786120415
-0.0046585374511778
0.0530543774366379
-0.1055760383605957
0.0212805680930614
-0.1214306280016899
-0.0864689126610756
-0.0613439604640007
0.0764761939644814
-0.0503696128726006
-0.0496467761695385
0.0786797851324081
-0.0020666904747486
-0.0303817037492990
0.0208625551313162
-0.1111337915062904
-0.0458701476454735
-0.0401119068264961
-0.1415796577930450
0.0452071167528629
-0.0177959240972996
-0.0775464996695518
0.0587691441178322
0.0723069384694099
0.0808808282017708
-0.0918540135025978
0.0115867834538221
0.0360205247998238
-0.0142673589289188
-0.0076253283768892
-0.0843399390578270
-0.0872027501463890
-0.0740926563739777
-0.0145861953496933
-0.0811960324645042
-0.0255647636950016
-0.0413169637322426
0.0338629148900509
0.0175090581178665
-0.0739156901836395
-0.0308981873095036
-0.0321524068713188
-0.0346516482532024
-0.1356818675994873
0.0251612532883883
0.0568001642823219
-0.1591716557741165
0.0030488658230752
0.1655037850141525
-0.0205769296735525
-0.0480672754347324
-0.1193977594375610
-0.0247149448841810
0.1138588860630989
0.0995272323489189
-0.1644232571125031
0.0569013915956020
-0.3277828395366669
0.0996526256203651
0.1706559360027313
-0.1921550780534744
-0.0235375855118036
0.0532911717891693
-0.0083730844780803
-0.1657008677721024
-0.1435029804706573
0.0222555343061686
-0.1494652032852173
-0.2455143779516220
-0.0515290684998035
-0.0478803254663944
-0.0268652569502592
0.0325094349682331
-0.0415652729570866
-0.0669016316533089
-0.1979289203882217
0.0478776134550571
0.0759955570101738
-0.0704449713230133
-0.0781052559614182
-0.0908375382423401
0.0484176874160767
0.1009524688124657
-0.0694998353719711
0.0380770675837994
0.0375585034489632
-0.0819494202733040
0.0665850788354874
-0.3410353958606720
-0.1623970270156860
0.0288662724196911
-0.0693977326154709
0.0433262623846531
-0.0180662069469690
-0.0570728778839111
-0.0425458326935768
-0.2319363504648209
0.0887120291590691
0.0093005690723658
-0.1495667099952698
0.1051943823695183
0.1390292644500732
0.3585722744464874
0.0977578088641167
-0.1219154000282288
0.0065494515001774
0.0019737861584872
-0.0299285296350718
0.0519025772809982
0.0023983840364963
0.0018371797632426
0.0206029973924160
-0.0425381399691105
0.0147405471652746
0.0632031410932541
-0.0811795443296432
-0.0639601498842239
-0.0597052723169327
-0.0254534073174000
0.0160079523921013
-0.0798743441700935
0.0062272311188281
-0.0852002501487732
0.0657614246010780
-0.0270445533096790
-0.0270157009363174
0.0196079090237617
-0.0369159057736397
0.0435263887047768
0.0352229513227940
-0.0240655336529016
-0.0014432249590755
-0.0073524005711079
-0.0320931002497673
-0.0545859895646572
0.0244353022426367
0.0323977842926979
0.0227377749979496
-0.0299412980675697
-0.0253760032355785
-0.0687698945403099
0.0301561579108238
0.0118724461644888
-0.0319825969636440
0.0422576256096363
0.0012010566424578
-0.0394315943121910
0.0303494594991207
0.0419762358069420
-0.0623308457434177
-0.0455154962837696
0.0190576706081629
-0.0393580347299576
0.0628554970026016
-0.0626644045114517
-0.0197400264441967
0.0308959186077118
0.0306880138814449
0.0193057022988796
-0.0487097240984440
-0.0064612287096679
0.0411436818540096
0.0387860164046288
0.0041116690263152
0.0624523572623730
0.0408196672797203
-0.0532965473830700
0.0176915992051363
0.0311042107641697
-0.0552497096359730
-0.0498858056962490
0.0363683886826038
-0.0189581345766783
0.0429256185889244
0.0202378630638123
0.0493993125855923
0.0260958764702082
-0.0070535638369620
-0.0254030711948872
0.0627674311399460
0.0654005259275436
0.0116618666797876
0.0051759066991508
0.0554029867053032
-0.0752467438578606
0.0019052868010476
-0.0488557443022728
-0.0884221196174622
0.1039806678891182
-0.0718694850802422
-0.0299039557576180
0.0307279247790575
-0.0188554525375366
0.0068923374637961
-0.0686183348298073
-0.0387642942368984
-0.0147514780983329
-0.0584786273539066
0.0891464501619339
-0.0008019859087653
0.0525052510201931
-0.0049134348519146
0.0400524921715260
-0.0384830459952354
0.0672192871570587
0.0136221339926124
0.0457890443503857
-0.0097753033041954
-0.0021489867940545
-0.0541347675025463
0.1239015534520149
-0.0222561489790678
0.0241914149373770
-0.0517316572368145
0.0499617084860802
-0.0749762207269669
-0.0431501865386963
-0.0153345558792353
-0.0443412214517593
-0.0359024591743946
0.0061650536954403
0.0523953661322594
0.0070617599412799
-0.0258741918951273
0.0722167715430260
0.0352754853665829
-0.0141260502859950
0.0390901677310467
-0.0372456274926662
-0.0276418123394251
-0.0250557325780392
-0.0393869802355766
0.0472960099577904
0.0333292298018932
0.0683092325925827
0.0177703145891428
-0.0089860111474991
0.0476485267281532
-0.0171372443437576
-0.0049402695149183
0.0150531744584441
0.0535896271467209
-0.0150897139683366
-0.0418068952858448
0.0168288517743349
0.0451460070908070
0.0298507399857044
0.0904747992753983
0.0179510600864887
0.0254971850663424
-0.0048772254958749
0.0015822472050786
-0.0362632386386395
0.0406490601599216
-0.0279126800596714
-0.0054396521300077
0.0030290756840259
-0.0490147136151791
-0.0183704253286123
-0.0702660754323006
0.0307005401700735
-0.0745900347828865
0.0622982755303383
0.0102376583963633
0.0011283403728157
0.0770844966173172
-0.0686795413494110
0.0794776082038879
0.0488488748669624
-0.0749056786298752
0.0448682643473148
0.0877217277884483
0.0810605511069298
-0.0275917779654264
-0.0123924994841218
0.0519469678401947
0.0530983172357082
0.0235526598989964
0.0251107830554247
0.0195708889514208
-0.0105005502700806
0.0923562496900558
-0.0173771847039461
0.0630344673991203
0.0144667373970151
-0.0016596992500126
-0.0352417305111885
0.0121328327804804
-0.0106688113883138
0.0136772627010942
0.0192762184888124
-0.0251081325113773
-0.0682737976312637
0.0181620381772518
-0.0094666937366128
0.0072421100921929
0.0272667370736599
-0.0081789242103696
-0.0051402626559138
-0.0530684217810631
-0.0047241579741240
-0.0028537129983306
-0.0528232567012310
-0.0656093433499336
0.0423271209001541
0.0474883690476418
-0.0546960197389126
0.0466238819062710
-0.0930674225091934
-0.0275565907359123
-0.0270755290985107
0.0118490252643824
0.0458880104124546
-0.0259619336575270
-0.0575615391135216
0.0239038970321417
0.0390933156013489
0.0003666952543426
-0.0361682772636414
0.1285189092159271
0.0706011876463890
-0.0513606481254101
-0.0201172251254320
-0.0043680663220584
0.0407496057450771
0.0392926856875420
-0.0809389278292656
-0.0336292497813702
0.0547457970678806
0.0300753824412823
-0.0112441331148148
-0.0684094876050949
-0.0244513992220163
-0.0338640548288822
-0.1062614917755127
0.0442126765847206
0.0468508005142212
0.0636510550975800
-0.0394163616001606
-0.0327350609004498
0.0669630393385887
0.0560734122991562
0.0181752014905214
-0.0038452239241451
0.0240691881626844
0.0340991467237473
0.0420338250696659
0.0297875460237265
-0.0534523651003838
0.0033381686080247
0.0025946183595806
0.0566447004675865
0.0605010427534580
-0.0346201248466969
-0.0017935464857146
-0.0731869712471962
-0.0629850253462791
-0.0155023932456970
0.0034143852535635
-0.0184086002409458
-0.0416313484311104
-0.0476348921656609
0.0114706149324775
-0.0501942038536072
0.0093402117490768
0.0892960280179977
-0.0262276791036129
-0.0382296778261662
-0.0398294255137444
0.0324710719287395
0.0156496744602919
0.0299410056322813
-0.0156747195869684
0.0334206260740757
-0.0348396860063076
0.0116478791460395
-0.0474280081689358
0.0318142659962177
-0.0687188431620598
0.0422626920044422
0.0921596661210060
0.0140512129291892
0.0773790031671524
0.0329552702605724
-0.0494048558175564
0.0703623443841934
-0.0141187636181712
0.0882312357425690
-0.0291388109326363
0.0159455463290215
0.0016996357589960
-0.0519197657704353
-0.0152103994041681
0.0255128610879183
0.1151856184005737
0.0176169518381357
-0.0501735731959343
-0.0638768374919891
0.0452191866934299
-0.0400210395455360
0.0014895265921950
0.0334149301052094
-0.0411290638148785
0.0542486496269703
-0.0140721872448921
-0.0197673048824072
0.0118523547425866
-0.0795071348547935
0.0497763454914093
0.0284544602036476
0.0364579260349274
-0.0533467158675194
-0.0622183792293072
0.0057252943515778
0.0372346863150597
-0.0464014671742916
-0.0878710895776749
-0.0378937385976315
0.0017659844597802
0.0080012315884233
0.0404500477015972
0.0049706627614796
-0.0478930398821831
0.0876435264945030
-0.0433453246951103
0.0448155477643013
-0.0029386582318693
-0.0362478457391262
0.0517596714198589
0.0372853800654411
0.0235681273043156
0.0806468129158020
-0.0265455339103937
-0.0225294623523951
-0.0197714641690254
-0.0410473644733429
0.0288223009556532
0.0585167631506920
-0.0244862809777260
0.0364130213856697
-0.0356327705085278
0.0375252962112427
-0.0568289272487164
-0.0829664096236229
0.0582440085709095
0.0149403382092714
-0.0289842579513788
0.0222187433391809
0.0143898818641901
-0.0265024453401566
0.0725576654076576
-0.0052781286649406
0.0127565031871200
0.0076833618804812
0.0248466171324253
-0.0199932493269444
-0.0408608578145504
-0.0790614262223244
0.0204151831567287
0.0236164461821318
-0.1087093278765678
-0.0081079164519906
-0.0232759416103363
-0.0139453159645200
0.0544507876038551
-0.0307046417146921
0.0182163286954165
0.0530115477740765
-0.0090563930571079
0.0875410139560699
-0.0231562368571758
-0.0587560422718525
-0.0446909964084625
-0.0599878579378128
-0.0013341748854145
-0.0482400879263878
0.0247014537453651
0.0737433880567551
0.0277154631912708
-0.0745760574936867
0.0257743559777737
0.0130651462823153
0.0377961695194244
0.0547156445682049
0.0029121746774763
-0.0227681025862694
0.0318917445838451
0.0152356121689081
0.0172756053507328
0.0322960726916790
0.0204629413783550
-0.0106739886105061
-0.0596064478158951
-0.0921627432107925
-0.0290659181773663
0.0432266183197498
-0.0126643618568778
0.0610616430640221
-0.0396805405616760
0.0391517989337444
-0.0032124191056937
-0.0206382647156715
0.0320010297000408
-0.0271010156720877
-0.0093446699902415
-0.0880866497755051
-0.0450194701552391
-0.0152204530313611
0.0399956032633781
-0.0233066678047180
-0.0406260862946510
-0.0223888177424669
0.0198006201535463
-0.0354765132069588
0.0405492447316647
-0.0278388522565365
-0.0097645241767168
-0.0357281565666199
-0.0331261716783047
0.0153157683089375
0.0018031967338175
-0.0009489560034126
-0.0605879575014114
-0.0290179587900639
-0.0084811616688967
-0.0067575476132333
0.0865081101655960
-0.0608710311353207
0.0000004200420847
0.0238135587424040
-0.0078259091824293
0.0497839339077473
-0.0497974865138531
-0.0572304278612137
-0.0592311955988407
0.0315608233213425
-0.0571794919669628
0.0247223861515522
-0.0327772945165634
-0.0510752908885479
-0.0746600404381752
-0.0553410388529301
0.0043240706436336
0.0638978704810143
-0.0302203223109245
0.0022700792178512
-0.0183675196021795
-0.0093555981293321
-0.0199922379106283
-0.0309199094772339
-0.0218035746365786
-0.0086182160302997
-0.0808068513870239
0.0148912705481052
0.0815391466021538
0.0451500713825226
-0.0561498180031776
0.0765113607048988
0.0011531757190824
-0.0065410877577960
-0.0312342606484890
0.0315076783299446
-0.0678696781396866
-0.0733244493603706
0.0432879962027073
-0.0320186354219913
-0.0403506904840469
-0.0468132197856903
0.0661945566534996
-0.0291436500847340
-0.0646982491016388
0.0339519158005714
-0.0240131262689829
0.0527052655816078
-0.0246615409851074
-0.0775325968861580
-0.0346367433667183
0.0409668758511543
0.0587916970252991
-0.0285671260207891
-0.0013697353424504
-0.0105273779481649
0.0498350635170937
-0.0286122933030128
-0.0321790836751461
0.0913627520203590
-0.0593073964118958
-0.0590018890798092
0.0233661346137524
-0.0437221080064774
0.0581167973577976
-0.0162465851753950
-0.0147877503186464
0.0516741760075092
-0.0336401723325253
0.0176589414477348
0.0171748455613852
-0.0118964994326234
-0.0251336786895990
0.0449511669576168
-0.0019321331055835
0.0186071489006281
-0.0342063009738922
-0.0134427500888705
0.0211279857903719
0.0677353590726852
0.0434542298316956
-0.0762487426400185
0.0408349633216858
0.0415091477334499
-0.0502445064485073
0.0028337119147182
0.0539003200829029
-0.0298989936709404
-0.0146840903908014
-0.0371475517749786
0.0573903620243073
