-0.0628134533762932
-0.1424079686403275
0.0700458288192749
-0.0979309678077698
0.0158624276518822
-0.1234283447265625
-0.0118230599910021
0.1224241107702255
0.0431888252496719
-0.0383608825504780
-0.0895555242896080
0.0342173837125301
-0.0415653027594090
-0.0002662791230250
-0.0046819699928164
0.0204550847411156
-0.1073976829648018
-0.1498375833034515
-0.0616673603653908
-0.0518971085548401
-0.0168468356132507
0.0761741176247597
0.0587149076163769
0.0654378086328506
0.0290588475763798
-0.0453877374529839
-0.0044329613447189
0.0126544153317809
0.0394768230617046
0.0169908571988344
0.0768233910202980
-0.0453673824667931
0.0687436163425446
0.0801142230629921
-0.0569598078727722
-0.0427982844412327
0.0867804512381554
-0.0293610133230686
-0.0933655351400375
0.0931750833988190
0.0244054961949587
-0.0535316877067089
-0.0066113313660026
0.0809629261493683
0.0032198207918555
0.0274270549416542
0.0303560812026262
-0.1067522317171097
-0.0081168767064810
0.1392870396375656
-0.0767323598265648
-0.0789750963449478
-0.0777451097965240
0.0394910722970963
-0.0583033785223961
-0.0189319178462029
0.0309442393481731
-0.0536810643970966
-0.0192393716424704
0.0450600981712341
-0.0051921419799328
0.1030590459704399
0.0711563155055046
-0.0067686717957258
-0.1272221058607101
0.0326266624033451
-0.0010553548345342
-0.0403621755540371
0.0745712816715240
0.0610710158944130
0.0851332396268845
0.1041470468044281
0.0602174587547779
-0.0048442701809108
-0.0409014336764812
0.0943884402513504
-0.0022039299365133
0.0604592487215996
-0.0772994160652161
-0.0390219278633595
0.0007228592876345
-0.0666798353195190
-0.0665470287203789
0.0775248333811760
0.0839059203863144
-0.0592082664370537
0.0781070515513420
-0.0379748865962029
-0.1216197535395622
0.1184016540646553
-0.0555811189115047
0.1018983721733093
-0.0502174198627472
0.0655400082468987
0.0549695305526257
0.0818916037678719
0.0077396561391652
-0.0347929783165455
-0.0116390399634838
-0.0449802130460739
-0.0998053625226021
-0.0612050704658031
0.0907786637544632
0.0888411030173302
0.0504896454513073
-0.0270323827862740
0.0529491677880287
-0.0106366220861673
-0.0127934450283647
-0.0039088656194508
-0.0291845109313726
-0.0717484354972839
0.0522299371659756
-0.0582553930580616
0.0350930020213127
0.0324265845119953
0.0276256185024977
0.0018950203666463
-0.0352168306708336
-0.0119389221072197
-0.1414670497179031
0.0435059778392315
-0.0247128400951624
0.0617363564670086
0.1230394914746284
0.0037950479891151
0.0229087453335524
0.0491471700370312
0.0377092361450195
0.0877227857708931
0.0138702942058444
0.0061173075810075
0.1182874962687492
0.0373684652149677
-0.1079463511705399
-0.0051340204663575
0.0479609109461308
0.0232023354619741
-0.0447208881378174
0.0350723080337048
0.0351564250886440
-0.0385988987982273
0.0833010524511337
-0.0312346257269382
0.0052475780248642
-0.0007148389122449
-0.0440154932439327
-0.0569798760116100
-0.0381377637386322
-0.0639532282948494
0.0525754392147064
-0.0106029538437724
0.0243941191583872
-0.0297184307128191
-0.0221054367721081
0.0674293413758278
0.0212714131921530
0.0050804214552045
0.0646194219589233
-0.0346207134425640
0.0200834162533283
0.0236693024635315
0.0280073378235102
0.0346250124275684
-0.0484513677656651
0.0451274737715721
-0.0635687857866287
-0.0274752732366323
-0.1017910689115524
0.0432189740240574
0.0487293638288975
-0.1006971672177315
-0.0927692800760269
-0.0629266127943993
-0.0337279289960861
0.0690689608454704
0.0455038361251354
-0.0534185804426670
-0.0351007431745529
-0.0420408397912979
0.0609025470912457
-0.0808805599808693
-0.0257698185741901
0.0389823056757450
-0.0901225209236145
-0.1035034880042076
0.0751507207751274
0.0509472340345383
0.0182062257081270
0.0021723851095885
-0.1062361747026443
-0.0928949341177940
-0.0646791607141495
-0.0023040580563247
-0.0002126903709723
-0.0245784632861614
-0.0553403049707413
0.0666573941707611
0.0266268569976091
-0.0204007383435965
0.0549100972712040
-0.0716213360428810
-0.0980078801512718
-0.0702614113688469
-0.1173229217529297
0.0724429637193680
0.0591674782335758
0.0534820705652237
0.0123351467773318
0.0171311795711517
-0.0348715223371983
-0.0097534842789173
0.0416169203817844
0.0715096220374107
-0.0627602189779282
-0.0741251856088638
0.0446864701807499
0.0519458577036858
-0.0937007069587708
0.0556453317403793
-0.1087293773889542
-0.0577330477535725
-0.0395439676940441
0.0162059552967548
-0.0421463958919048
-0.0071525219827890
0.0885864570736885
0.0345744825899601
-0.0212196540087461
-0.0229180976748466
-0.1157996729016304
0.0035060876980424
-0.0438054241240025
-0.1471837311983109
0.0253167245537043
0.0417896211147308
-0.1118359342217445
0.0221696719527245
0.0369162224233150
0.0622641183435917
-0.0582097284495831
0.0383005887269974
0.0045305895619094
0.0234536305069923
-0.0279033482074738
-0.0718447044491768
-0.1186100617051125
-0.1163043156266212
-0.0345060229301453
-0.0778769478201866
-0.0386210680007935
-0.0574280247092247
0.0084470435976982
0.0034274796489626
-0.1321407407522202
-0.0366752929985523
0.1073889881372452
0.0989452823996544
-0.0930580869317055
-0.0749261528253555
0.1274313926696777
-0.1739380210638046
0.0344920270144939
0.1656025350093842
-0.0040981792844832
0.1001921892166138
-0.1403410732746124
0.0665207877755165
0.1552862673997879
0.0314775928854942
-0.1465927362442017
-0.1406543701887131
-0.2948591411113739
0.0029199172277004
0.1392186582088470
-0.1722764074802399
-0.1770893633365631
-0.0238474663347006
0.0143492510542274
-0.0065577081404626
0.0059225680306554
-0.1245500296354294
-0.1331089287996292
-0.1159976199269295
-0.1795122921466827
-0.0093981493264437
0.0366557873785496
-0.0003258686047047
-0.1929054558277130
-0.1851328611373901
-0.2602335214614868
0.0781969055533409
0.1324037015438080
0.0448185913264751
-0.0164367742836475
-0.0120929917320609
0.0941833555698395
0.0484930314123631
0.0020253604743630
-0.0724266469478607
-0.0512089058756828
-0.0398207344114780
0.0766461864113808
-0.2999767065048218
-0.1646000444889069
0.0948608666658401
0.0062789171934128
0.0367258526384830
-0.1040848568081856
-0.0158358532935381
-0.1066375970840454
-0.1231029629707336
0.1673995256423950
0.0616808757185936
-0.0581363812088966
0.0615529045462608
0.0235416982322931
0.3612313270568848
0.0214874465018511
-0.1129861101508141
-0.0268934052437544
-0.0139091126620770
-0.0757389292120934
0.0618910007178783
0.0208059363067150
-0.0388489328324795
0.0611510500311852
-0.0563588142395020
-0.0367416143417358
0.0569087862968445
-0.0453546829521656
-0.0388630330562592
-0.0318615548312664
-0.0415650792419910
0.0237236078828573
-0.0676733851432800
-0.0333403274416924
-0.0857229009270668
0.0521254539489746
-0.0319467782974243
-0.0084938267245889
-0.0165704991668463
-0.0587122403085232
0.0511325746774673
0.0411300212144852
-0.0391010493040085
-0.0215356275439262
-0.0358374416828156
-0.0350903570652008
-0.0576140247285366
0.0686851963400841
0.0794370248913765
0.0205450411885977
-0.0329959914088249
-0.0514186061918736
-0.0631601437926292
0.0543999820947647
-0.0465513877570629
-0.0150827327743173
0.0093222865834832
-0.0280735697597265
-0.0547070950269699
0.0389567278325558
0.0178057793527842
-0.0350840799510479
-0.0097659686580300
0.0095478259027004
0.0039656925946474
0.0440613217651844
-0.0507051721215248
0.0344324856996536
0.0162308644503355
-0.0123283676803112
0.0068441638723016
-0.0385430902242661
-0.0370304547250271
0.0409255549311638
0.0266008749604225
-0.0083414874970913
0.1066258028149605
-0.0037897934671491
-0.0494121164083481
0.0088052554056048
0.0691319108009338
-0.0642256811261177
-0.0618100054562092
0.0328899361193180
-0.0075597451068461
0.0748842805624008
0.0159725137054920
0.0789061114192009
0.0087405983358622
-0.0261825192719698
0.0054051978513598
0.0557495765388012
0.0610689595341682
-0.0032034020405263
-0.0396995544433594
0.0289238225668669
-0.0499615035951138
0.0254281200468540
-0.0927612259984016
-0.0553355403244495
0.0560838542878628
-0.0692417621612549
-0.0171685032546520
0.0075289448723197
-0.0527146048843861
0.0022017136216164
-0.0629783496260643
-0.0339711569249630
-0.0492752715945244
-0.0599930398166180
0.0720373615622520
-0.0323728285729885
-0.0002462202974129
0.0026003262028098
0.0380093976855278
-0.0532556474208832
0.0646836385130882
0.0556647740304470
0.0497795715928078
-0.0034253199119121
-0.0032128510065377
-0.0366273187100887
0.0696175321936607
0.0000889528309926
0.0469103902578354
-0.0659505650401115
0.0761568173766136
-0.0418847054243088
-0.0431110113859177
-0.0002620020532049
0.0374561734497547
-0.0015727763529867
0.0524906963109970
-0.0041415225714445
-0.0277125071734190
0.0559460222721100
0.0432584173977375
0.0073905806057155
-0.0523207597434521
0.0330190807580948
-0.0252324566245079
0.0151567328721285
-0.0534357726573944
-0.0569354295730591
0.0646400973200798
0.0455547198653221
0.0417205803096294
0.0079274512827396
-0.0391183421015739
0.0351806357502937
0.0675729960203171
0.0012500031152740
-0.0239865332841873
0.0283992141485214
-0.0312931239604950
0.0013229175237939
0.0306451302021742
0.0238306540995836
0.0658504292368889
0.0713336989283562
0.0672930553555489
0.0390639416873455
-0.0038632117211819
0.0108513487502933
-0.0323033221065998
0.0329729840159416
-0.0327724218368530
0.0210234634578228
-0.0248898267745972
-0.0496486276388168
-0.0441353656351566
-0.0128599721938372
0.0468571148812771
-0.0606853105127811
0.0412418246269226
-0.0013266046298668
-0.0392693132162094
0.0175309628248215
-0.0819292291998863
0.0854602903127670
0.0445838607847691
-0.0436278097331524
0.0127741508185863
0.0607544295489788
0.0543589256703854
-0.0173792336136103
-0.0041194078512490
0.0621928796172142
0.0652209892868996
-0.0337151028215885
0.0089651951566339
0.0390543192625046
-0.0499627515673637
0.0488448813557625
-0.0025573994498700
0.0593064539134502
0.0170450154691935
-0.0168790072202682
-0.0383012257516384
0.0698421597480774
-0.0620780773460865
0.0703836753964424
0.0601614303886890
-0.0597970187664032
-0.0711009651422501
0.0161272529512644
-0.0012127648806199
-0.0166737493127584
0.0606372989714146
0.0085374498739839
0.0037975583691150
-0.0138028524816036
0.0240549333393574
0.0138745186850429
-0.0594519451260567
-0.0839728862047195
0.0341356955468655
0.0827161744236946
-0.0499104335904121
0.0395453833043575
-0.0801454633474350
0.0218451637774706
-0.0423053354024887
0.0091722067445517
0.0179384779185057
-0.0245299786329269
-0.0989296808838844
0.0093469405546784
0.0192298498004675
0.0152505012229085
-0.0167892836034298
0.0905288606882095
0.0517780259251595
-0.0080655133351684
-0.0167621206492186
0.0046382667496800
0.0473805554211140
-0.0051034688949585
-0.0523148663341999
-0.0485114157199860
0.0496193766593933
0.0310130957514048
-0.0128335403278470
-0.0231840796768665
-0.0517331138253212
-0.0257916580885649
-0.0470839403569698
-0.0095757441595197
0.0684713125228882
0.0638500154018402
-0.0394390225410461
-0.0250318795442581
0.0758034661412239
0.0554317757487297
0.0248088911175728
-0.0114154536277056
0.0143417296931148
0.0223849620670080
0.0513802319765091
-0.0073317661881447
-0.0372275598347187
-0.0245687123388052
-0.0155102713033557
0.0728310570120811
0.0569125115871429
-0.0047859949991107
-0.0570473484694958
-0.0041519389487803
-0.0635796189308167
-0.0055512851104140
0.0140372300520539
0.0408498160541058
-0.0072713163681328
-0.0362699963152409
0.0647555887699127
-0.0732276141643524
0.0412475429475307
0.0971250087022781
-0.0288206599652767
-0.0839776024222374
-0.0292337201535702
0.0390468984842300
0.0074665630236268
0.0132197542116046
-0.0301994923502207
0.0358248241245747
-0.0489814169704914
-0.0214845594018698
-0.0531619340181351
0.0547675266861916
-0.0446890518069267
0.0482280664145947
0.0470184050500393
0.0057813106104732
0.0583326108753681
0.0243684705346823
-0.0549949109554291
0.1032448858022690
-0.0345524139702320
0.0467066466808319
0.0010054184822366
0.0350652523338795
-0.0018197675235569
-0.0456652268767357
0.0195588879287243
-0.0103271733969450
0.0804131850600243
0.0188601724803448
-0.0372550748288631
-0.0151831414550543
0.0650762543082237
-0.0237321760505438
0.0004629557079170
0.0400535985827446
-0.0095556257292628
0.0280275829136372
-0.0082947211340070
-0.0062432838603854
0.0443358048796654
-0.0643517524003983
0.0665575489401817
0.0176459662616253
0.0609601140022278
-0.0311804320663214
-0.0568890608847141
0.0209627822041512
0.0059108585119247
-0.0717482566833496
-0.0582362562417984
-0.0780428051948547
0.0503707602620125
-0.0446662753820419
-0.0011653159745038
-0.0091478386893868
-0.0638811290264130
0.0586556605994701
-0.0189899262040854
0.0345907732844353
0.0240587424486876
0.0322329029440880
0.0641864538192749
0.0556796081364155
0.0151086514815688
0.0666649714112282
-0.0234490185976028
-0.0149515084922314
0.0184595901519060
-0.0451625883579254
0.0359105020761490
0.0226976275444031
-0.0188292507082224
0.0243248250335455
-0.0116537483409047
0.0455107092857361
-0.0701507478952408
-0.0390675105154514
0.0117543851956725
-0.0204284526407719
-0.0325099527835846
0.0434518903493881
-0.0032599102705717
-0.0261313803493977
0.0706860721111298
-0.0345834195613861
0.0105670057237148
0.0191575456410646
0.0092336330562830
-0.0376737751066685
-0.0251902025192976
-0.0548666566610336
0.0659773275256157
0.0089433221146464
-0.0766848474740982
-0.0172111652791500
0.0424122251570225
0.0002641146711539
0.0406116098165512
-0.0776037797331810
0.0087184254080057
0.0452086925506592
0.0251205340027809
0.0814779400825500
-0.0004627968592104
0.0042948429472744
-0.0421154797077179
-0.0582953542470932
0.0115658696740866
-0.0370048023760319
0.0226145517081022
0.0574400424957275
0.0533536821603775
-0.0539368428289890
-0.0422785133123398
0.0182504877448082
0.0388314500451088
0.0448704697191715
-0.0135339638218284
-0.0390817560255527
-0.0078997919335961
-0.0161905735731125
0.0543113276362419
0.0320952385663986
0.0248723458498716
-0.0072796745225787
-0.0333808660507202
-0.0704809501767159
-0.0709498450160027
0.0793470814824104
-0.0572306253015995
0.0566384606063366
-0.0285813864320517
0.0343293733894825
-0.0042540547437966
-0.0254200324416161
0.0661088153719902
-0.0578748919069767
0.0324019528925419
-0.0844848901033401
-0.0390531495213509
-0.0293570887297392
0.0578713975846767
-0.0000535863619007
-0.0263139531016350
-0.0105933770537376
0.0586922988295555
0.0278224069625139
0.0726530030369759
-0.0243369713425636
-0.0002257424057461
-0.0678328126668930
-0.0521938428282738
0.0287559349089861
-0.0352137684822083
-0.0091910613700747
-0.0627213716506958
0.0295353401452303
-0.0094010718166828
-0.0026586139574647
0.0679188296198845
-0.0347645767033100
-0.0111238202080131
0.0083884419873357
-0.0368195250630379
0.0224707629531622
-0.0171348899602890
-0.0150797804817557
-0.0604329183697701
0.0191691294312477
-0.0455381236970425
0.0144778741523623
-0.0245540346950293
-0.0041946023702621
-0.1005433201789856
-0.0242284703999758
-0.0517865940928459
0.0541277155280113
-0.0171125959604979
0.0242654699832201
-0.0237798746675253
-0.0106357438489795
-0.0599073134362698
-0.0665330141782761
-0.0474689565598965
0.0342532731592655
-0.0612291432917118
0.0300499927252531
0.0479056239128113
0.0377213358879089
-0.0459266789257526
0.0675176903605461
-0.0248685758560896
-0.0203624274581671
-0.0349110625684261
0.0297628883272409
-0.0497253425419331
-0.0449262484908104
0.0490194372832775
-0.0561243444681168
-0.0643992573022842
0.0307752322405577
0.0340387336909771
-0.0231721475720406
-0.0380263477563858
-0.0180054660886526
-0.0177315156906843
0.0537821762263775
-0.0096840085461736
-0.0428891852498055
-0.0824182555079460
0.0196143630892038
0.0629225075244904
0.0110032660886645
0.0110107529908419
0.0488300919532776
0.0165542401373386
-0.0269775260239840
-0.0713863298296928
0.1025028377771378
-0.0749863758683205
-0.0299056768417358
0.0347372964024544
-0.0895642787218094
0.0396104976534843
-0.0320648476481438
-0.0142086660489440
0.0254086609929800
-0.0226434040814638
0.0541760027408600
-0.0502164736390114
0.0637542754411697
-0.0859015882015228
0.0318737477064133
-0.0231668893247843
0.0147199947386980
-0.0377478040754795
0.0143681000918150
0.0117473201826215
0.0560947731137276
0.0323010459542274
-0.0676214694976807
0.0434663407504559
0.0171718224883080
-0.0546071752905846
0.0429185442626476
0.0671982094645500
-0.0397929772734642
-0.0152631485834718
-0.0409852750599384
0.0484319552779198
