-0.0733690634369850
-0.1141841113567352
0.0703154355287552
-0.0695643201470375
0.0130654452368617
-0.1377880126237869
-0.0151453688740730
0.1089507788419724
-0.0191607940942049
-0.0675917491316795
-0.0714926719665527
0.0294432900846004
-0.0040855132974684
0.0099304802715778
0.0220997370779514
0.0675159469246864
-0.0912856385111809
-0.1116700544953346
-0.0638902261853218
0.0066576506942511
-0.0139318797737360
0.0553143285214901
0.0796900391578674
0.0379207320511341
0.0339691154658794
-0.0580810457468033
-0.0073562976904213
0.0159901306033134
0.0086225075647235
0.0327845774590969
0.0723001658916473
-0.0580354221165180
0.0420333668589592
0.1083058491349220
-0.0008790699066594
-0.0719167068600655
0.1210482493042946
-0.0089901471510530
-0.0588891059160233
0.0416819974780083
0.0523920394480228
-0.0698858648538589
-0.0412147343158722
0.0159706827253103
-0.0401534847915173
-0.0128981806337833
0.0490383692085743
-0.1556534320116043
-0.0080406256020069
0.1330754458904266
-0.0930110737681389
-0.1254024058580399
-0.0952066630125046
0.0615669898688793
-0.0542781129479408
0.0162189491093159
-0.0166559088975191
-0.0264874976128340
-0.0068416735157371
0.0055791307240725
-0.0460379645228386
0.0674955844879150
0.0377831049263477
-0.0220686346292496
-0.1056261956691742
0.0016622184775770
0.0356520600616932
-0.0585902146995068
0.0523865371942520
0.0603695586323738
0.0765791982412338
0.1106467097997665
0.0744900554418564
0.0262657441198826
-0.0475344210863113
0.0868963226675987
-0.0388385392725468
0.1188874766230583
-0.0834649428725243
-0.0210579335689545
0.0144842909649014
-0.0615410618484020
-0.0187196899205446
0.0346856750547886
0.1285175681114197
-0.0235133450478315
0.1022994145750999
-0.0179316271096468
-0.0776372924447060
0.0925409868359566
-0.0372633561491966
0.0667589977383614
-0.0610434971749783
0.0456132590770721
0.0899752601981163
0.0798065215349197
0.0600394867360592
-0.0171797182410955
0.0406402535736561
-0.0957603976130486
-0.1292286962270737
0.0249447114765644
0.0836790800094604
0.0048169633373618
0.1185088902711868
-0.0503215454518795
0.0204117894172668
0.0298300329595804
-0.0471641048789024
-0.0007408599485643
-0.0004098888020962
-0.0392756201326847
0.0115296812728047
-0.0364791117608547
0.0423147343099117
-0.0127679798752069
0.0195597056299448
0.0059348102658987
0.0481092184782028
-0.0980808362364769
-0.1307637393474579
0.0405866093933582
0.0295859631150961
0.0843675434589386
0.0848500803112984
0.0268076397478580
0.0540948100388050
0.0421469062566757
0.0173387546092272
0.0181834753602743
0.0606107749044895
0.0287473164498806
0.0857544317841530
0.0981318652629852
-0.0657171458005905
0.0279231183230877
0.0103181004524231
0.0196509044617414
-0.0903164520859718
0.0304755084216595
0.0081203430891037
0.0029363201465458
0.0298854913562536
-0.0640756636857986
-0.0233543887734413
-0.0078059863299131
-0.0325641967356205
-0.1087730452418327
-0.0353044979274273
-0.0835940763354301
0.0302848387509584
-0.0252583622932434
-0.0114287566393614
-0.0323429442942142
-0.0296444725245237
0.0043498231098056
0.0173845365643501
0.0302935149520636
0.0619781650602818
-0.0356758981943130
-0.0141936196014285
-0.0290166418999434
0.0190092809498310
0.0599675662815571
-0.0236469525843859
0.0807889848947525
-0.0792059823870659
0.0039207548834383
-0.1374207884073257
0.0641930773854256
0.1177740618586540
-0.1148160248994827
-0.0959893614053726
-0.0849488154053688
-0.0749933496117592
0.0834668800234795
0.0429323241114616
-0.1019810289144516
-0.0409907773137093
-0.0255507491528988
0.0247609168291092
-0.0723057910799980
0.0071750660426915
-0.0249089468270540
-0.0695541948080063
-0.0677471980452538
0.0530715584754944
0.0557279065251350
0.0338133424520493
-0.0265056584030390
-0.1295168250799179
-0.0875343605875969
-0.0759219601750374
0.0784857124090195
-0.0275299381464720
0.0341707617044449
-0.0108601963147521
0.0481427609920502
0.0988950654864311
-0.0312014110386372
0.0296436473727226
-0.0510211624205112
-0.0968458130955696
-0.0118461409583688
-0.0998953729867935
0.0731030181050301
0.0358032844960690
0.0442590899765491
-0.0189245883375406
-0.0227736141532660
-0.0348953157663345
0.0070150312967598
-0.0059371637180448
0.0488824248313904
-0.0433322973549366
-0.0605709478259087
-0.0291319750249386
0.0615857206285000
-0.0551501438021660
-0.0280600171536207
-0.1082208901643753
-0.0906065031886101
-0.0337070077657700
0.0335501618683338
-0.0416900552809238
-0.0218983758240938
0.0753892734646797
0.0008469300810248
-0.0511066764593124
-0.0249980110675097
-0.1343172341585159
-0.0794899687170982
0.0101020094007254
-0.1259694248437881
0.0887488648295403
0.0169641580432653
-0.0741169378161430
0.0443547368049622
0.0544575080275536
0.0479559935629368
-0.0850865840911865
0.0024007605388761
0.0509570501744747
-0.0074637490324676
0.0116574866697192
-0.0772003307938576
-0.0916724130511284
-0.0936641097068787
-0.0401555672287941
-0.1089647710323334
-0.0492000579833984
-0.0149363353848457
0.0292344354093075
0.0197373088449240
-0.0568287819623947
-0.0278489347547293
0.0401159785687923
0.0047832173295319
-0.0822346359491348
-0.0869836434721947
0.0712095499038696
-0.1679872572422028
0.0444636493921280
0.0854783505201340
-0.0119557455182076
0.1225357353687286
-0.1195704191923141
0.1609717160463333
0.0572949647903442
0.0629721209406853
-0.0033260313794017
-0.0761337280273438
-0.2674582600593567
-0.0772512406110764
0.0950127169489861
-0.2505788803100586
-0.1538700312376022
-0.0710883215069771
0.0993715152144432
-0.0002957491378766
0.0549824088811874
-0.1139619424939156
-0.1881839632987976
-0.1401717364788055
-0.0163871925324202
-0.0520167313516140
-0.0121624972671270
-0.0902576521039009
-0.0849355608224869
-0.1239084154367447
-0.2192487418651581
-0.0507812798023224
0.1379857361316681
0.0710985064506531
-0.0781603753566742
-0.1617332696914673
-0.0761689171195030
-0.0239551384001970
-0.0034952652640641
-0.1602094769477844
-0.1130398511886597
0.1271589249372482
0.2191836535930634
-0.2576672434806824
-0.0784039050340652
0.1427993029356003
0.0105621796101332
0.0886210799217224
0.0315911397337914
-0.1318444907665253
-0.0391984209418297
-0.1549402326345444
0.1577536463737488
0.1019413992762566
-0.0790698677301407
0.0964353308081627
0.0368429310619831
0.3645442128181458
0.0054546939209104
-0.1850062012672424
-0.0222833491861820
-0.0254922341555357
-0.0165846664458513
0.0187821276485920
0.0213002767413855
-0.0190018676221371
0.0502097010612488
-0.0733055397868156
-0.0267611816525459
0.0982457697391510
-0.0931582823395729
-0.0822135433554649
-0.0427403785288334
-0.0245572999119759
0.0285701286047697
-0.0384430736303329
0.0216306708753109
-0.0993363484740257
0.0560945123434067
-0.0247536823153496
-0.0063932933844626
0.0176310986280441
-0.0205139312893152
0.0521999336779118
0.0692062452435493
-0.0324736498296261
0.0213283821940422
-0.0494579188525677
-0.0314395464956760
-0.0406386218965054
0.0464501269161701
0.0433651804924011
0.0462833903729916
0.0143321435898542
-0.0164623968303204
-0.0715726688504219
0.0378128737211227
-0.0409350767731667
-0.0405857376754284
0.0054191821254790
0.0125747360289097
-0.0347450114786625
0.0549244359135628
0.0155480597168207
-0.0471587441861629
-0.0039582294411957
0.0397216901183128
0.0161065235733986
0.0869056656956673
-0.0936064943671227
-0.0114020518958569
0.0595606118440628
0.0100722843781114
0.0409774184226990
-0.0305836834013462
0.0137929609045386
0.0719598829746246
0.0126399137079716
-0.0175691992044449
0.0570559315383434
0.0219841245561838
-0.0400984100997448
0.0027133384719491
0.0830245539546013
-0.0395621433854103
-0.0478529520332813
0.0241319946944714
-0.0267703793942928
0.0544611699879169
0.0034587380941957
0.0544102601706982
0.0153820021077991
-0.0049645751714706
0.0285244565457106
0.0337466932833195
0.0442397408187389
-0.0208460725843906
0.0080688148736954
0.0478510111570358
-0.0535222254693508
0.0314068086445332
-0.1047888621687889
-0.0987408906221390
0.0428597666323185
-0.0755114182829857
-0.0070658694021404
0.0414181612432003
-0.0308949984610081
-0.0186371039599180
-0.0389018245041370
-0.0430551059544086
-0.0199490450322628
-0.0651654079556465
0.0603332445025444
-0.0286858435720205
-0.0241380278021097
0.0556445419788361
0.0458061918616295
-0.0151515500620008
0.0554566755890846
0.0671278685331345
0.0357667505741119
-0.0499930158257484
-0.0109604746103287
-0.0365631654858589
0.0663140267133713
-0.0033571489620954
-0.0040783728472888
-0.0652712956070900
0.0435715503990650
-0.0647846981883049
-0.0895082652568817
0.0127406688407063
-0.0187064204365015
-0.0031358206178993
-0.0016199722886086
0.0254644397646189
0.0389383472502232
-0.0364920422434807
0.0658656880259514
0.0338164232671261
-0.0747566074132919
0.0350983068346977
-0.0290754809975624
0.0205250475555658
-0.0649990364909172
-0.0440577231347561
0.0201327838003635
0.0649180859327316
0.0611097142100334
0.0087235514074564
-0.0661622062325478
0.0247595198452473
-0.0076671503484249
0.0068491483107209
-0.0111709581688046
0.0697192922234535
-0.0317037701606750
-0.0338715761899948
-0.0071091721765697
0.0336964055895805
0.0276128090918064
0.0640194490551949
0.0550751127302647
0.0543116442859173
0.0310907810926437
0.0586612969636917
-0.0531308390200138
0.0381664894521236
0.0003533951530699
-0.0197046119719744
-0.0157146379351616
-0.0710434541106224
-0.0361822694540024
-0.0248817130923271
0.0214011520147324
-0.0446236990392208
0.0353453941643238
-0.0258359480649233
0.0039953468367457
0.0316778719425201
-0.0205232258886099
0.0788383185863495
0.0409832112491131
-0.0450960472226143
0.0175865478813648
0.0939013808965683
0.0917942225933075
-0.0177749823778868
-0.0476774983108044
0.0725330114364624
0.0601894743740559
0.0462001301348209
0.0369241870939732
0.0595118515193462
-0.0479060038924217
0.0934809744358063
-0.0235436074435711
0.0619260519742966
0.0136318458244205
-0.0064655253663659
-0.0206356812268496
0.0296248830854893
-0.0529417581856251
0.0550201982259750
0.0375109650194645
-0.0065013533458114
-0.0534600093960762
0.0024866019375622
-0.0349841825664043
-0.0242147594690323
0.0479534529149532
0.0005705356015824
0.0296542700380087
-0.0442926101386547
0.0136822806671262
0.0116412984207273
-0.0319303683936596
-0.0642300844192505
0.0458858907222748
0.0424088239669800
-0.0565008334815502
0.0493967682123184
-0.1129855588078499
-0.0268758926540613
-0.0753015354275703
0.0334991179406643
0.0256225187331438
0.0020729382522404
-0.0444878377020359
0.0527590326964855
0.0351405814290047
0.0363055765628815
0.0158888027071953
0.1011129543185234
0.0861174985766411
-0.0602917559444904
-0.0430643223226070
-0.0225113779306412
0.0590635985136032
0.0628249719738960
-0.0856659337878227
-0.0354352742433548
0.0510574914515018
0.0326697006821632
-0.0268005914986134
-0.0721792057156563
-0.0170911327004433
-0.0367112718522549
-0.0883015543222427
0.0039710034616292
0.0443633385002613
0.0477963760495186
-0.0492100305855274
-0.0251208674162626
0.0417168661952019
0.0402242802083492
0.0281232092529535
-0.0266045629978180
0.0007665810990147
0.0623764954507351
0.0756583139300346
-0.0027780574746430
-0.0668940544128418
-0.0294731501489878
-0.0016184108098969
0.0663222968578339
0.0290681440383196
-0.0078042745590210
0.0072375996969640
-0.0341247245669365
-0.0656826645135880
-0.0554675050079823
0.0041271708905697
0.0179593525826931
-0.0478714555501938
-0.0066455537453294
0.0203131139278412
-0.0679293498396873
0.0232562702149153
0.0482971183955669
-0.0441296137869358
-0.0717188045382500
0.0197838991880417
0.0143331578001380
-0.0002411122550257
0.0244709216058254
-0.0122589170932770
0.0159640721976757
-0.0320485346019268
0.0032826673705131
-0.0467733442783356
-0.0112192146480083
-0.0300582926720381
0.0129353776574135
0.0467887222766876
0.0397484786808491
0.0846683979034424
0.0158848408609629
-0.0624221824109554
0.0842163264751434
-0.0143822869285941
0.0938175544142723
-0.0315420068800449
0.0297191385179758
-0.0183575209230185
-0.0421753674745560
-0.0297808051109314
-0.0047864341177046
0.0996399894356728
0.0096081886440516
-0.0611371397972107
-0.0528877303004265
0.0427147075533867
-0.0331882908940315
-0.0026170592755079
0.0133548341691494
-0.0352471992373466
0.0016377838328481
-0.0320889316499233
0.0156463254243135
0.0296251960098743
-0.0450064167380333
0.0463422611355782
-0.0124087035655975
0.0526566058397293
-0.0747085362672806
-0.0975376069545746
-0.0381567627191544
0.0294497460126877
-0.0410616509616375
-0.0788291245698929
-0.0234355386346579
0.0118312053382397
-0.0244224946945906
0.0289810318499804
0.0118675557896495
-0.0446800589561462
0.0627301335334778
-0.0300873983651400
0.0392519496381283
-0.0402664504945278
-0.0271087829023600
0.1072358265519142
0.0418688952922821
-0.0145911863073707
0.0587127767503262
-0.0503285787999630
-0.0208604950457811
0.0133770359680057
-0.0503548756241798
0.0884055495262146
0.0432360172271729
-0.0140480007976294
0.0332499891519547
0.0199275761842728
0.0021945051848888
-0.0274460129439831
-0.0480138398706913
0.0467045754194260
0.0024777068756521
-0.0123484637588263
0.0296912845224142
-0.0151908621191978
-0.0184027086943388
0.0571535676717758
-0.0315659679472446
-0.0081396531313658
0.0088040363043547
0.0199368279427290
-0.0465714894235134
-0.0520820021629333
-0.0533751212060452
0.0308312606066465
0.0075028990395367
-0.1156707331538200
0.0181405767798424
0.0249068457633257
-0.0011974670924246
0.0349301844835281
-0.0268134288489819
-0.0025306539610028
0.0566309615969658
-0.0190750304609537
0.0787685289978981
0.0005808920250274
-0.0225230231881142
-0.1001254245638847
-0.0464488454163074
0.0297700930386782
-0.0672554224729538
0.0493192300200462
0.0573574714362621
0.0451210662722588
-0.0094746453687549
-0.0018272665329278
0.0200969837605953
0.0239874906837940
0.0591852664947510
0.0083434842526913
-0.0026402992662042
0.0380192883312702
0.0383859127759933
0.0633350685238838
0.0254052635282278
0.0079586971551180
0.0105311051011086
-0.0726145654916763
-0.0594721585512161
-0.0386320427060127
0.0400844365358353
-0.0253843367099762
0.0473674796521664
-0.0411645025014877
0.0483908131718636
-0.0207619108259678
-0.0014908008743078
0.0239351689815521
-0.0343802273273468
0.0182217974215746
-0.0699925199151039
-0.0614953748881817
-0.0362945646047592
0.0693033263087273
-0.0414163209497929
-0.0332017391920090
-0.0310329720377922
0.0305328220129013
-0.0073307645507157
0.0549094006419182
-0.0349099934101105
-0.0182380173355341
-0.0464210957288742
-0.0030924587044865
-0.0013071548892185
-0.0114726722240448
-0.0079021425917745
-0.0350548848509789
0.0028609153814614
-0.0453361496329308
-0.0205371566116810
0.0760270431637764
-0.0678815841674805
-0.0193246956914663
-0.0180695503950119
-0.0035871712025255
0.0138002205640078
-0.0239538718014956
-0.0456499867141247
-0.0626777485013008
-0.0020035721827298
-0.0429876223206520
0.0271454341709614
-0.0247751418501139
-0.0465981364250183
-0.0456632077693939
-0.0153564605861902
0.0175406187772751
0.0645232945680618
-0.0305516477674246
0.0264600049704313
-0.0643505826592445
-0.0380143411457539
-0.0078315744176507
-0.0417302846908569
-0.0491646304726601
-0.0243410021066666
-0.0474742315709591
-0.0024255414027721
0.0569851845502853
0.0633192434906960
-0.0232257880270481
0.0421375967562199
-0.0318933278322220
-0.0320137515664101
-0.0219613239169121
0.0003263510880060
-0.0036290241405368
-0.0782736465334892
0.0379078797996044
-0.0367284789681435
-0.0484193973243237
-0.0005343177472241
0.0269398931413889
-0.0401365123689175
-0.0355501510202885
0.0181074813008308
-0.0005189829389565
0.0727507993578911
-0.0604609586298466
-0.0576143153011799
-0.0238314568996429
0.0140893561765552
0.0469134524464607
-0.0288825649768114
-0.0204205568879843
0.0371333360671997
0.0312939509749413
-0.0186775363981724
-0.0350083559751511
0.0938966721296310
-0.0006388018373400
-0.0694618746638298
0.0199721958488226
-0.0627549588680267
0.0474878810346127
-0.0080789318308234
-0.0024709436111152
0.0088443160057068
0.0265449173748493
0.0747795328497887
0.0168878920376301
0.0194998197257519
-0.0679133608937263
0.0660778954625130
-0.0403084084391594
-0.0195471215993166
-0.0424598604440689
0.0060169063508511
-0.0408919565379620
0.0570716559886932
0.0425558537244797
-0.0663846880197525
0.0539513789117336
0.0417058765888214
-0.0479064919054508
0.0311551503837109
0.0435008667409420
-0.0203322749584913
0.0163662862032652
-0.0378868617117405
0.0306953079998493
