1.108201686292886734e-02
-2.199555747210979462e-02
-1.211745478212833405e-02
4.650918021798133850e-02
1.132638659328222275e-02
-2.082646451890468597e-02
7.403005845844745636e-03
-3.665862232446670532e-02
2.390004880726337433e-02
2.557150833308696747e-02
-1.014469936490058899e-02
1.949447393417358398e-02
-3.537312615662813187e-03
4.683445766568183899e-02
2.631683275103569031e-02
7.016979157924652100e-03
-9.637707989895716310e-05
9.213211946189403534e-03
1.668294668197631836e-01
3.798006335273385048e-03
-9.113962762057781219e-03
-1.374951004981994629e-02
6.289357319474220276e-03
-1.597433537244796753e-02
-8.407659828662872314e-03
1.566573791205883026e-02
-4.197357967495918274e-02
-2.924178726971149445e-02
-2.044750843197107315e-03
-1.310087367892265320e-02
1.481757164001464844e-01
-3.899824339896440506e-03
1.972531434148550034e-03
-5.219819489866495132e-03
2.934512682259082794e-02
-2.751323918346315622e-04
-1.928056473843753338e-03
-1.828951644711196423e-03
8.567586541175842285e-03
-8.751926943659782410e-03
-3.744602436199784279e-03
1.232108380645513535e-02
-7.579516619443893433e-02
-1.776250265538692474e-02
-1.327337976545095444e-02
-2.607430703938007355e-02
-2.065614983439445496e-02
4.694394883699715137e-04
-1.782746799290180206e-02
-9.302341379225254059e-03
6.393202114850282669e-03
1.456799544394016266e-02
4.588200524449348450e-02
-4.653057456016540527e-02
-2.398026548326015472e-02
-2.423571050167083740e-02
2.986533800140023232e-03
-8.245015516877174377e-03
1.981311589479446411e-01
4.806206375360488892e-02
2.151177963241934776e-03
-1.333833858370780945e-02
3.857884323224425316e-03
2.587166614830493927e-02
2.099834196269512177e-02
-8.320467546582221985e-03
3.487606346607208252e-02
-1.763461716473102570e-02
6.556020677089691162e-02
-1.086284685879945755e-02
1.398137491196393967e-02
2.714440599083900452e-02
6.007072702050209045e-02
-3.611359745264053345e-02
1.062837429344654083e-02
2.496112324297428131e-02
2.686574868857860565e-02
4.341464955359697342e-03
1.367791928350925446e-02
1.629840731620788574e-01
6.750390399247407913e-03
-1.042273361235857010e-02
-1.704732514917850494e-02
4.107491299510002136e-02
8.211934007704257965e-03
-1.394031569361686707e-02
4.540354013442993164e-03
2.049452159553766251e-03
-2.021562773734331131e-03
3.045473713427782059e-03
-2.882553264498710632e-02
-2.201183233410120010e-03
1.807102188467979431e-02
6.608323194086551666e-03
-3.109785029664635658e-05
8.593875914812088013e-03
-4.246526397764682770e-03
-3.318919334560632706e-03
5.727950949221849442e-03
1.023224741220474243e-02
-1.531423069536685944e-02
-6.797430105507373810e-03
-6.214821245521306992e-03
-5.453788209706544876e-03
7.591031957417726517e-03
-2.920286357402801514e-02
1.732678618282079697e-03
-7.495043333619832993e-03
1.969441585242748260e-02
-2.329227514564990997e-02
1.810400187969207764e-02
5.351736210286617279e-03
-1.476482860743999481e-02
1.708425581455230713e-02
-8.468898944556713104e-03
-1.307058893144130707e-02
2.025808393955230713e-02
-1.232533529400825500e-02
-3.122495254501700401e-03
-4.225004930049180984e-03
1.056624460034072399e-03
-9.584170766174793243e-03
-1.145332399755716324e-02
1.684377552010118961e-03
-6.199790164828300476e-02
1.199406757950782776e-02
-1.090092770755290985e-02
2.736096968874335289e-03
8.423240855336189270e-03
-8.719473332166671753e-02
-6.034896150231361389e-02
-5.882175173610448837e-03
2.485775155946612358e-03
3.610457992181181908e-03
-4.729920625686645508e-02
2.897555194795131683e-02
-7.621316239237785339e-03
1.102538034319877625e-02
7.508199661970138550e-02
4.959260113537311554e-03
-7.254014909267425537e-02
5.674335174262523651e-03
-4.698766861110925674e-03
-9.861622937023639679e-03
1.598320528864860535e-02
1.690514087677001953e-01
-1.219914387911558151e-02
1.124173053540289402e-03
3.068835940212011337e-04
-1.140092127025127411e-02
1.315735466778278351e-02
3.039322979748249054e-02
1.441355515271425247e-02
1.070371456444263458e-02
-2.562121371738612652e-04
-7.746804971247911453e-03
3.581731393933296204e-02
-2.886156085878610611e-03
-4.701052606105804443e-02
-6.504845619201660156e-02
4.267664253711700439e-02
-7.714082300662994385e-02
3.847617655992507935e-02
1.782802306115627289e-02
1.969509944319725037e-02
4.468538332730531693e-03
3.506043180823326111e-02
9.376269765198230743e-03
-7.552368566393852234e-03
-2.111630141735076904e-02
2.537718228995800018e-02
-9.728354401886463165e-03
-7.383972872048616409e-03
1.439796201884746552e-02
2.275948412716388702e-02
7.774578989483416080e-05
-2.721561491489410400e-02
2.028473466634750366e-02
9.271787106990814209e-02
-1.899084821343421936e-02
3.408585116267204285e-02
-2.153577981516718864e-03
-3.216007724404335022e-02
-5.490557290613651276e-03
-4.348848387598991394e-02
2.696309983730316162e-01
-2.369736284017562866e-01
1.070303656160831451e-02
1.743231713771820068e-02
-5.422569438815116882e-02
3.682447597384452820e-02
1.316965650767087936e-02
-9.959171526134014130e-03
-1.974062062799930573e-02
1.258038729429244995e-02
2.184899523854255676e-02
-9.244636446237564087e-02
1.506005972623825073e-02
4.485065117478370667e-02
-3.115321742370724678e-03
-9.762429632246494293e-03
1.220553740859031677e-02
-1.749465614557266235e-01
-2.047586254775524139e-02
5.096139758825302124e-02
-6.169700995087623596e-03
-5.119177047163248062e-03
2.433695644140243530e-02
2.061347331618890166e-04
-8.719178289175033569e-02
1.880829222500324249e-02
-1.845918409526348114e-02
1.207086164504289627e-02
-1.665362156927585602e-03
-3.652479499578475952e-03
-4.252828285098075867e-02
2.077343873679637909e-03
1.563132554292678833e-02
-2.984553109854459763e-03
-4.701051488518714905e-02
-1.810182444751262665e-02
-7.035078406333923340e-01
-1.550870016217231750e-02
-3.816463425755500793e-02
1.052044425159692764e-02
-2.115660754498094320e-04
5.509363487362861633e-03
2.187418565154075623e-02
-5.794229451566934586e-03
2.455452084541320801e-02
1.089959777891635895e-02
3.565152361989021301e-02
-6.436286866664886475e-02
1.078397594392299652e-02
1.525807101279497147e-02
1.620734296739101410e-02
-9.625731036067008972e-03
1.938773319125175476e-02
1.568320579826831818e-02
1.407645177096128464e-02
-8.349578827619552612e-03
-5.898500327020883560e-03
-1.862325221300125122e-01
-2.849645097739994526e-04
9.056639391928911209e-04
8.977407589554786682e-03
-1.893068663775920868e-02
3.040738403797149658e-02
-2.443336998112499714e-04
6.316074170172214508e-03
-1.751505210995674133e-02
-5.088953766971826553e-03
-6.629611365497112274e-03
-1.375032681971788406e-02
-2.024352550506591797e-02
1.051079016178846359e-02
9.718369692564010620e-02
3.643392771482467651e-02
-2.770211547613143921e-02
2.032601833343505859e-02
5.120550096035003662e-02
-5.121766123920679092e-03
-4.651153087615966797e-02
-8.237307518720626831e-02
8.699204027652740479e-02
2.426848746836185455e-02
-3.423762694001197815e-02
1.484719663858413696e-01
1.422175578773021698e-02
7.078995462507009506e-03
-4.501625895500183105e-02
-4.922962188720703125e-02
-1.752265356481075287e-02
5.116840451955795288e-02
6.780055165290832520e-02
-5.512807518243789673e-02
6.948923319578170776e-02
1.529002841562032700e-02
-4.648509621620178223e-02
1.669322997331619263e-01
6.293648481369018555e-02
3.278301656246185303e-02
-2.693185582756996155e-02
-7.063633529469370842e-04
-4.940795153379440308e-02
-2.077526785433292389e-02
4.220901429653167725e-02
1.889773760922253132e-03
-8.275275677442550659e-02
-3.161879256367683411e-02
-5.927689373493194580e-02
-9.681346267461776733e-02
8.760717511177062988e-02
2.594581060111522675e-02
-6.573342531919479370e-02
-5.683691799640655518e-02
-1.556346844881772995e-02
7.077208906412124634e-02
-3.800366446375846863e-02
3.364311158657073975e-02
-6.028641015291213989e-02
1.145317871123552322e-02
8.858779668807983398e-01
-4.064546432346105576e-03
4.252585768699645996e-02
-1.765041425824165344e-02
-3.567574918270111084e-02
7.858929038047790527e-02
7.784873247146606445e-02
2.955758012831211090e-02
2.492055296897888184e-02
-1.391894817352294922e-01
-3.808224201202392578e-02
3.409825265407562256e-02
6.629613693803548813e-03
6.609657406806945801e-02
3.741288930177688599e-02
1.665041595697402954e-02
3.839122503995895386e-02
6.787879019975662231e-02
-4.585362970829010010e-03
-9.605588391423225403e-03
-3.163930028676986694e-02
-3.930394724011421204e-02
2.463854290544986725e-02
7.682927418500185013e-03
5.806644260883331299e-02
-1.288756914436817169e-02
2.389377728104591370e-02
6.653745472431182861e-02
-1.555647049099206924e-02
1.054137665778398514e-02
1.482571475207805634e-02
-9.349550120532512665e-03
5.456263199448585510e-03
2.750985324382781982e-02
5.688354745507240295e-02
1.273050997406244278e-02
-4.923059046268463135e-02
-1.751907542347908020e-02
7.119375467300415039e-02
2.488773129880428314e-02
3.079271689057350159e-02
-2.478806301951408386e-02
2.955912239849567413e-02
-8.080614358186721802e-02
1.406939886510372162e-02
6.309754401445388794e-02
4.879942163825035095e-02
4.389658570289611816e-02
-1.648721471428871155e-02
-3.300364688038825989e-02
1.884207874536514282e-02
-3.838243335485458374e-02
5.902833491563796997e-02
-5.344053264707326889e-03
2.174655161798000336e-02
-2.140465378761291504e-02
5.532535910606384277e-02
2.435768954455852509e-02
3.463446162641048431e-03
6.105461344122886658e-02
6.595363467931747437e-02
2.904261928051710129e-04
-3.797414153814315796e-02
-9.763722307980060577e-03
1.916192844510078430e-02
-6.183999031782150269e-02
1.845246367156505585e-02
-6.139656528830528259e-02
5.932623893022537231e-02
-1.762978360056877136e-02
-6.037542596459388733e-02
2.668515592813491821e-02
4.234319552779197693e-02
2.542073838412761688e-02
-4.689368978142738342e-02
8.068351075053215027e-03
4.076586104929447174e-03
-2.972136437892913818e-02
-3.363127261400222778e-02
-1.331716589629650116e-02
1.588968560099601746e-02
3.230436146259307861e-02
-2.070515975356101990e-02
1.556495204567909241e-02
2.323722466826438904e-02
3.193544689565896988e-03
-3.260312601923942566e-02
7.217864040285348892e-03
7.454458158463239670e-03
2.023051865398883820e-02
-1.009077392518520355e-02
8.088704198598861694e-03
-3.607106953859329224e-02
2.516781352460384369e-02
-3.755279257893562317e-02
-3.361995890736579895e-02
1.391311455518007278e-02
-5.021672323346138000e-02
-1.531601510941982269e-02
-1.712802052497863770e-02
-9.427848458290100098e-02
1.084362994879484177e-02
4.981472622603178024e-03
1.121156942099332809e-02
3.013274632394313812e-02
-2.818402275443077087e-02
1.524910889565944672e-02
-6.095520686358213425e-03
7.402397692203521729e-02
2.304184623062610626e-02
-2.032315544784069061e-02
4.546698927879333496e-02
3.984920680522918701e-02
-1.643292047083377838e-02
-5.264388024806976318e-02
-3.381506353616714478e-02
7.209988776594400406e-03
-1.807889901101589203e-02
5.345506221055984497e-02
-3.108896315097808838e-02
1.244748905301094055e-01
-3.184249624609947205e-02
1.130741555243730545e-02
1.491806749254465103e-02
6.680812686681747437e-03
-1.841996680013835430e-03
2.032468840479850769e-02
-2.491596899926662445e-02
5.145123973488807678e-02
-9.928206913173198700e-03
-7.496194541454315186e-02
-3.224117448553442955e-03
-1.546158734709024429e-02
-9.516339749097824097e-03
-3.186912834644317627e-02
-3.371049836277961731e-02
1.459799241274595261e-02
4.501270502805709839e-02
5.962269008159637451e-02
-1.219068653881549835e-02
-3.253823891282081604e-02
7.922380231320858002e-03
-7.929585408419370651e-04
6.164925172924995422e-03
-1.633456721901893616e-02
2.302383482456207275e-01
1.517415512353181839e-02
-4.128929227590560913e-02
-3.625044599175453186e-02
-3.020802140235900879e-02
1.024875715374946594e-01
-1.503596641123294830e-02
9.713022969663143158e-03
-2.934385463595390320e-02
-3.995722904801368713e-02
1.749892602674663067e-03
1.494792755693197250e-03
3.708254313096404076e-03
-4.286669194698333740e-02
-2.829582197591662407e-03
-6.595746614038944244e-03
-5.839035287499427795e-02
2.591956034302711487e-02
2.190341241657733917e-02
-1.818640273995697498e-03
-5.765598639845848083e-02
-1.470880862325429916e-02
-1.092571765184402466e-02
-1.540136616677045822e-02
9.952039457857608795e-03
6.359404418617486954e-03
2.031977660953998566e-02
7.715488970279693604e-02
-3.733667358756065369e-02
1.213458366692066193e-02
-2.671331167221069336e-02
2.210536971688270569e-02
-2.254046685993671417e-02
2.482228167355060577e-02
-4.847994423471391201e-04
6.616059690713882446e-03
5.763394385576248169e-02
-3.901714086532592773e-02
-6.462386995553970337e-02
7.152739446610212326e-03
1.550353504717350006e-02
-4.738898482173681259e-03
9.628618136048316956e-03
5.574113130569458008e-02
-1.452659722417593002e-02
4.500298202037811279e-02
-1.114556565880775452e-02
3.717978671193122864e-02
-1.032772473990917206e-03
-4.214056581258773804e-02
-1.424052659422159195e-02
-5.114809144288301468e-03
1.727982610464096069e-02
7.457146048545837402e-02
-7.129981368780136108e-02
-6.323388079181313515e-04
5.226342752575874329e-02
4.206497222185134888e-02
3.541790693998336792e-02
-4.240864887833595276e-02
-2.854898571968078613e-02
4.516261816024780273e-02
6.204481050372123718e-02
-1.336692553013563156e-02
1.881884969770908356e-02
-1.020929682999849319e-02
-1.079428866505622864e-01
-3.444463759660720825e-02
-1.562472991645336151e-02
3.537423210218548775e-03
-7.889593392610549927e-02
7.741834223270416260e-02
-3.002534387633204460e-03
-8.722446858882904053e-02
-1.343647483736276627e-02
6.522022932767868042e-02
1.015458907932043076e-02
-2.562023326754570007e-02
9.843537956476211548e-02
-4.717290401458740234e-02
-1.682637073099613190e-02
-8.811260922811925411e-04
-1.359987910836935043e-02
5.873818695545196533e-02
6.601896136999130249e-02
-7.648618519306182861e-02
-4.019637033343315125e-02
-6.207555159926414490e-02
-8.240614086389541626e-03
-2.711351402103900909e-02
-4.805494844913482666e-02
-1.769141107797622681e-02
-1.989224180579185486e-02
-2.708530053496360779e-02
-6.346118450164794922e-02
-5.654691904783248901e-02
9.463632106781005859e-02
-3.821091353893280029e-02
6.584443151950836182e-02
2.061870135366916656e-02
6.493739038705825806e-02
-7.072578370571136475e-02
-3.384323418140411377e-02
-6.087877787649631500e-03
2.816287986934185028e-02
1.857410557568073273e-02
3.879170492291450500e-02
-2.465461753308773041e-02
4.925942793488502502e-02
-3.386164456605911255e-02
1.688216812908649445e-02
-2.182834595441818237e-02
-4.210499301552772522e-02
-5.189621821045875549e-03
-3.303703293204307556e-02
1.075193099677562714e-02
5.707815289497375488e-02
2.988011576235294342e-02
-1.782271824777126312e-02
-4.549027606844902039e-02
1.922973431646823883e-02
6.688101589679718018e-02
6.562597118318080902e-04
-4.520203918218612671e-03
-3.978502377867698669e-02
-2.462643384933471680e-02
-2.576590282842516899e-03
-8.811187581159174442e-04
4.883667454123497009e-02
2.858575992286205292e-02
-5.255759693682193756e-03
-2.207265608012676239e-02
4.425555840134620667e-02
-2.933811396360397339e-02
1.307974755764007568e-02
-3.282276913523674011e-02
4.580314084887504578e-02
2.696783654391765594e-02
-2.604180388152599335e-02
-3.831790015101432800e-02
6.484135519713163376e-03
4.983401671051979065e-02
-2.561282552778720856e-02
3.656210750341415405e-02
4.184768721461296082e-02
1.238411366939544678e-01
1.630082167685031891e-02
7.618135958909988403e-02
3.710557892918586731e-02
-1.400470547378063202e-02
-2.706729434430599213e-02
-2.217840868979692459e-03
4.551289230585098267e-02
-4.998393356800079346e-03
-6.991724669933319092e-02
-2.547578327357769012e-02
3.453798219561576843e-02
-6.336855702102184296e-03
6.489343941211700439e-02
9.569532237946987152e-03
-3.339436277747154236e-02
-7.015354186296463013e-02
-2.214092388749122620e-02
-1.166632585227489471e-02
-8.759956806898117065e-02
-3.421891108155250549e-02
-3.090786188840866089e-02
1.790506690740585327e-01
4.001191351562738419e-03
2.290357463061809540e-02
4.137559793889522552e-03
6.628519296646118164e-02
-4.918384179472923279e-02
-2.873253077268600464e-02
4.270091652870178223e-02
-3.562815859913825989e-02
-2.565529383718967438e-02
2.856387943029403687e-02
-2.418820932507514954e-02
7.361185736954212189e-03
9.741131216287612915e-03
8.219767361879348755e-02
7.106892764568328857e-02
4.681696742773056030e-02
-1.649332977831363678e-02
-6.387703120708465576e-03
3.622290119528770447e-02
-8.437117561697959900e-03
-7.399742957204580307e-03
7.946187257766723633e-02
-8.308156393468379974e-03
7.704385370016098022e-02
-1.052691321820020676e-02
7.321936637163162231e-02
-1.411228533834218979e-02
-2.959705889225006104e-02
-4.235732927918434143e-02
2.180574461817741394e-02
1.773320697247982025e-02
-4.615354165434837341e-02
-6.463969126343727112e-03
-4.377531260251998901e-02
4.389913287013769150e-03
-3.369399160146713257e-02
5.921079963445663452e-02
4.892271757125854492e-02
-3.364103904459625483e-04
1.654424704611301422e-02
-1.279339566826820374e-02
-5.958196520805358887e-02
1.304605626501142979e-03
-1.554990932345390320e-02
-5.219026282429695129e-02
5.609798245131969452e-03
4.161992669105529785e-02
4.953111335635185242e-02
-9.057535231113433838e-02
1.826601102948188782e-02
2.040273137390613556e-02
3.883547848090529442e-03
9.679544717073440552e-02
3.653703629970550537e-02
-1.804670691490173340e-02
-3.635523840785026550e-02
3.140065819025039673e-02
1.304113026708364487e-02
-3.467026725411415100e-02
-1.128502115607261658e-01
7.761254161596298218e-02
4.572977870702743530e-02
-2.636379003524780273e-02
2.469480223953723907e-02
6.287027895450592041e-02
-4.918783437460660934e-03
-5.933417379856109619e-02
-7.326969876885414124e-03
-5.439534783363342285e-02
1.946835964918136597e-02
-5.000600591301918030e-02
-2.086600661277770996e-02
2.727845497429370880e-02
1.258749049156904221e-02
3.108529001474380493e-02
-2.066713385283946991e-02
3.859081864356994629e-02
4.824257269501686096e-02
1.155577227473258972e-02
1.005076989531517029e-01
5.854720994830131531e-02
-3.221557661890983582e-02
7.103689014911651611e-02
-7.726021111011505127e-02
-3.481367230415344238e-02
-2.930739708244800568e-02
1.132271625101566315e-02
7.679852098226547241e-02
6.757383793592453003e-02
1.972260698676109314e-02
-1.046182122081518173e-03
-1.014144346117973328e-02
1.128075569868087769e-01
1.001617638394236565e-03
8.539105951786041260e-02
-8.537840098142623901e-02
-1.225284859538078308e-02
8.254303783178329468e-02
-4.952393472194671631e-03
-1.063729170709848404e-02
3.747224807739257812e-02
-7.121261209249496460e-02
3.892786055803298950e-02
-4.448044300079345703e-02
-2.338739857077598572e-02
1.717397570610046387e-02
-7.035326957702636719e-02
4.278109967708587646e-02
-3.972503170371055603e-02
-4.333140701055526733e-02
1.943367347121238708e-02
4.784705117344856262e-02
3.848190978169441223e-02
-8.436192572116851807e-02
5.364461615681648254e-02
-2.943659946322441101e-02
1.429206691682338715e-02
-4.574214667081832886e-02
-7.866363041102886200e-03
-3.199450299143791199e-02
6.485416740179061890e-02
-1.589018851518630981e-02
1.688947156071662903e-02
8.758142590522766113e-02
-1.450751535594463348e-02
7.170700468122959137e-03
-2.639171900227665901e-03
1.414677407592535019e-02
3.762077912688255310e-02
2.412230521440505981e-02
6.907224655151367188e-02
2.317282184958457947e-02
1.782757416367530823e-02
2.963719330728054047e-02
2.400494180619716644e-02
2.514113113284111023e-02
1.615857891738414764e-02
2.943260222673416138e-02
-6.695627234876155853e-03
-3.846718370914459229e-02
-1.396536268293857574e-02
7.023613154888153076e-02
7.390435785055160522e-02
6.218762323260307312e-02
-8.929682523012161255e-02
4.589892923831939697e-02
-5.790539830923080444e-02
5.269141867756843567e-03
6.622372567653656006e-02
5.485554039478302002e-02
5.324186291545629501e-03
7.340910285711288452e-02
4.394072294235229492e-02
-1.770088635385036469e-02
7.433843612670898438e-02
-2.509005740284919739e-02
4.047587141394615173e-02
7.920869439840316772e-02
8.201686665415763855e-03
-3.095011971890926361e-02
1.206448359880596399e-04
8.310299366712570190e-03
1.205742266029119492e-02
-2.309729158878326416e-02
-5.742009729146957397e-03
-2.570923417806625366e-02
1.024404019117355347e-01
-3.620600700378417969e-02
3.493821248412132263e-02
-2.030267380177974701e-02
-2.471912093460559845e-02
-2.521573565900325775e-02
-2.635188959538936615e-02
-3.223476558923721313e-02
2.917598374187946320e-02
4.366818442940711975e-02
-2.776125073432922363e-02
-2.229877747595310211e-02
2.463340573012828827e-02
-1.676903851330280304e-02
1.494314172305166721e-03
-8.939956314861774445e-03
-2.170362323522567749e-02
-7.126987725496292114e-02
4.607292637228965759e-02
-3.793459013104438782e-02
-2.250784635543823242e-02
4.452677443623542786e-02
-9.574001282453536987e-02
2.991145849227905273e-02
-8.144548162817955017e-03
1.224419753998517990e-02
3.637026250362396240e-02
2.344971336424350739e-02
-3.496206551790237427e-02
-3.734989836812019348e-02
-2.580892178229987621e-04
4.356687888503074646e-02
-1.016903482377529144e-02
1.974953711032867432e-02
2.698155492544174194e-02
3.616299852728843689e-02
-9.942887350916862488e-03
6.375669687986373901e-02
-1.098018977791070938e-02
7.759190350770950317e-02
6.410027295351028442e-02
5.426230374723672867e-03
-1.916345357894897461e-01
4.336425289511680603e-02
-3.316986188292503357e-02
-8.978139609098434448e-02
9.262796491384506226e-02
2.180541306734085083e-02
5.584672093391418457e-03
4.970926046371459961e-02
4.637828469276428223e-02
