0.0813137814402580
0.0292691085487604
0.0610082186758518
0.0605373904109001
-0.0814622640609741
-0.0403086915612221
-0.0244523771107197
0.0141573688015342
0.1098817437887192
0.0747262910008430
-0.0607291013002396
0.0978668481111526
0.0531283766031265
0.0318990796804428
-0.0585411526262760
-0.0704541131854057
-0.0634281188249588
-0.0215308796614408
0.0071735791862011
-0.0934904217720032
0.0525662899017334
0.0508937612175941
0.0530463419854641
0.0113370995968580
-0.1081713065505028
-0.0256646890193224
0.0250294003635645
0.0598480924963951
-0.0644759759306908
0.0861358046531677
0.0034478704910725
0.0188230015337467
0.1231699660420418
0.0596080943942070
0.0416523851454258
0.1042861267924309
0.1481287777423859
-0.0040954477153718
0.0263027511537075
-0.0265146400779486
-0.0587743408977985
-0.0425842665135860
0.1070997342467308
-0.0246825069189072
0.1064137816429138
0.0297889374196529
-0.0279309581965208
0.0586537718772888
0.0453718081116676
0.0318659096956253
-0.1023104190826416
0.0650430247187614
0.0588316954672337
-0.0534439869225025
-0.0200439710170031
-0.0601914115250111
-0.0518455542623997
0.0299626886844635
0.0709037110209465
0.0123572591692209
0.0515539236366749
-0.0516676157712936
-0.0068264068104327
-0.0875964015722275
0.0066492911428213
-0.0216666925698519
-0.0117338197305799
0.0095563493669033
0.1370431631803513
0.0076295477338135
0.0465874187648296
-0.0061503131873906
0.0529222339391708
0.0434513278305531
-0.0105114532634616
-0.0363591015338898
-0.0931812822818756
0.0187985002994537
0.0421211943030357
-0.0084633482620120
-0.0972181260585785
0.0313529185950756
0.0715042576193810
-0.0613931566476822
0.1172951310873032
-0.0326571948826313
0.0669117718935013
0.0646078214049339
-0.0184292998164892
0.0545358285307884
0.0370137430727482
-0.0461011976003647
-0.1127694547176361
-0.0192385260015726
0.0470752418041229
-0.0151499146595597
0.0807149708271027
0.0003253321337979
-0.0667039602994919
0.0456391572952271
-0.0324078872799873
-0.0505258142948151
0.0181093923747540
-0.0071784285828471
-0.1088180914521217
-0.0624465309083462
-0.0499336086213589
-0.0675631090998650
0.0857330337166786
0.0801873132586479
0.0158414784818888
0.0913388282060623
0.0839407145977020
0.0444657392799854
-0.0697032511234283
0.0650431066751480
0.0490026101469994
-0.0815417468547821
-0.0976120606064796
0.1101027801632881
0.0011876446660608
0.0714410915970802
0.0686003938317299
-0.0360613800585270
-0.0418089479207993
-0.0730186849832535
0.0500395782291889
-0.1014301553368568
-0.0080328993499279
0.1272996366024017
0.0738137811422348
0.1039062589406967
0.0389948077499866
0.0207594353705645
0.0557483881711960
-0.1125137880444527
-0.0313329659402370
0.0127405589446425
-0.0382144786417484
0.0917351394891739
0.0756120458245277
0.0511670522391796
-0.0509815923869610
0.0744381770491600
-0.0266328193247318
-0.0966271087527275
0.0281652174890041
0.0418057627975941
0.0249886810779572
0.0638113617897034
0.0981627330183983
-0.0682800933718681
-0.0815763399004936
0.0502745658159256
0.0755239576101303
0.0990123823285103
-0.0224824454635382
0.0256839077919722
-0.0982658267021179
-0.0040257382206619
0.0872153863310814
-0.0282283108681440
0.0544205904006958
-0.0861542448401451
0.0129747390747070
-0.0019286299357191
0.0482560582458973
0.0823901370167732
-0.0432852469384670
0.0624287426471710
-0.1054086536169052
-0.1297242343425751
0.0249521117657423
0.0587099306285381
-0.0858500599861145
-0.0311872027814388
-0.0336710512638092
0.0399644263088703
-0.0107263075187802
-0.1040350645780563
-0.0302395913749933
0.1040281951427460
0.0685414075851440
0.0947092920541763
-0.0058777988888323
0.0845124199986458
-0.0542208068072796
-0.0013831258984283
0.0612532570958138
0.0396703369915485
0.0289040263742208
-0.0663789361715317
0.0038844144437462
-0.0737832188606262
-0.0229269675910473
-0.0800428465008736
0.1029570326209068
0.0786337554454803
-0.0484048612415791
-0.0340344011783600
0.0487096384167671
0.0832094252109528
0.0134610645473003
-0.1043649241328239
0.0546940341591835
-0.0411025248467922
0.1039624065160751
-0.0173065979033709
-0.0447328537702560
0.0276529733091593
0.0480483323335648
0.0764319822192192
-0.0386557728052139
0.0498040467500687
-0.0486713051795959
-0.0332098342478275
-0.0225981865078211
0.0487040840089321
-0.0263335630297661
0.1350961923599243
-0.0903953835368156
-0.0839043185114861
-0.0170645397156477
-0.0130156129598618
0.0400961302220821
0.0041397730819881
-0.0118280090391636
0.0264237336814404
-0.0385768190026283
0.0236216597259045
0.0661100447177887
0.0849626213312149
0.0377495698630810
0.0029447628185153
-0.0913863629102707
-0.0071888756938279
0.0318228639662266
-0.0924015268683434
-0.0679476186633110
-0.0532250478863716
-0.0122126620262861
-0.0443209894001484
0.0775909498333931
0.0889042764902115
0.0552418902516365
0.0300605390220881
-0.0411551594734192
-0.0873907804489136
-0.0700397342443466
0.0292947757989168
-0.0897491276264191
0.0047985040582716
-0.0122793270274997
-0.0749680250883102
0.0015900802100077
-0.0561861209571362
-0.0999175980687141
-0.0246671512722969
-0.1602413654327393
-0.1087044179439545
-0.0227860752493143
-0.1736005693674088
0.0761968791484833
0.1501902788877487
-0.0477462559938431
0.0080709606409073
-0.1500600427389145
0.0553914345800877
0.0990372598171234
0.1465596407651901
-0.1109341308474541
0.0473366118967533
-0.3600737154483795
0.0012854535598308
0.1315706223249435
-0.1985034048557281
0.0267610624432564
0.0020257818978280
-0.0444984771311283
-0.1407523751258850
-0.0588752143085003
0.0428652763366699
-0.1410972923040390
-0.1736714988946915
0.0247861966490746
-0.1336499154567719
-0.0902326181530952
-0.0721786990761757
-0.0655977204442024
-0.1681349426507950
-0.2273988723754883
0.0070489933714271
0.1003751978278160
-0.0808370709419250
-0.0986698567867279
-0.0561599209904671
0.0300424154847860
-0.0536858886480331
0.0554280243813992
0.0248505938798189
-0.0471946522593498
-0.0499587580561638
0.1401426494121552
-0.2522385418415070
-0.1814615875482559
-0.0424035117030144
-0.0421556755900383
0.0336592756211758
0.0748666152358055
-0.0949991270899773
0.0797571539878845
-0.2895804345607758
0.1349880248308182
0.0113711040467024
-0.1930393427610397
0.1373986303806305
0.0814401358366013
0.2986821830272675
-0.0258604083210230
-0.0161619801074266
-0.0487934127449989
0.0152528872713447
0.0343033187091351
-0.0318346209824085
-0.0856396555900574
-0.0165581963956356
0.0180131606757641
0.0096322186291218
0.0286706332117319
-0.0571524836122990
0.0484050139784813
0.0322873331606388
0.0646696984767914
0.0948892980813980
-0.0355179198086262
-0.0004146140126977
0.0186168644577265
-0.0441108569502831
0.0135781327262521
-0.0862376838922501
0.0164680015295744
0.0153031321242452
-0.0168779417872429
0.0157275404781103
0.0070960647426546
0.1066562086343765
0.0256825890392065
-0.0560457296669483
0.0257443822920322
-0.0243822671473026
0.0511497706174850
-0.0813324153423309
0.0009233215241693
-0.0299477260559797
-0.0032251360826194
0.0469781458377838
0.0119337178766727
0.0535443760454655
-0.0469906516373158
0.0300916079431772
0.0000475398192066
0.0633412152528763
0.0189822837710381
0.0130594531074166
-0.0067998585291207
-0.0456432141363621
0.0167547762393951
-0.0573691241443157
-0.0023036131169647
-0.0869011953473091
0.0122322887182236
0.0091933654621243
-0.0365857742726803
0.0708819404244423
0.0187697876244783
0.0859905853867531
-0.0064581814222038
0.0680179074406624
0.0380265563726425
0.0380708165466785
-0.0254824645817280
-0.0522761084139347
-0.0090643540024757
-0.0294267293065786
0.0116718672215939
0.0344393774867058
0.0419106371700764
-0.0077222078107297
-0.0596839152276516
-0.0514583252370358
-0.0276922080665827
0.0389380268752575
0.0555812269449234
-0.0669402331113815
0.0936752483248711
-0.0040266085416079
0.0750645026564598
-0.0099765965715051
0.0216252487152815
-0.0507419258356094
-0.0926384031772614
0.0043647908605635
0.0235256385058165
0.0079149371013045
-0.0361048579216003
-0.0791697055101395
-0.0192010551691055
-0.0619780234992504
0.0844023898243904
0.0587514974176884
0.0142318541184068
0.0027026371099055
0.0381175652146339
0.0158582031726837
0.0068296086974442
0.0585723184049129
-0.0823429226875305
0.0069198734126985
0.0538525767624378
-0.0070095993578434
-0.0422805547714233
0.0724292472004890
-0.0397236645221710
0.0223038271069527
-0.0625871643424034
0.0069627142511308
-0.0350690633058548
-0.0220486000180244
0.0923422351479530
-0.0024142754264176
0.0389450341463089
-0.0350312553346157
-0.0297785867005587
0.0312026944011450
0.0256433002650738
0.0090669337660074
-0.0518344081938267
0.0005497296224348
0.0438792109489441
-0.0085491510108113
0.0010618466185406
-0.0607569627463818
-0.0434620194137096
-0.0301635097712278
0.0399691313505173
0.0238487664610147
-0.0158029180020094
-0.0301405098289251
0.0208673756569624
-0.0060408716090024
-0.0240501947700977
0.0856399983167648
-0.0558066628873348
-0.0388172119855881
0.0206247977912426
0.0628357902169228
-0.0441921316087246
-0.0266600791364908
0.0426339879631996
-0.0020659265574068
0.0270110834389925
-0.0210069380700588
0.0022283156868070
-0.0555739216506481
-0.0780389010906219
0.0590925849974155
0.0106423441320658
0.0592655874788761
-0.0343986675143242
0.0395550727844238
-0.0450824610888958
-0.0302713047713041
0.0746592283248901
0.0576454475522041
0.0184822864830494
0.0779472962021828
-0.0601885840296745
-0.0326565578579903
-0.0024210163392127
0.0360005386173725
0.0314900800585747
-0.0555583350360394
0.0147944251075387
0.0075241094455123
-0.0563837550580502
-0.0180025044828653
0.0296610128134489
-0.0471150800585747
-0.0682343617081642
-0.0196923762559891
-0.0108118373900652
-0.0390887632966042
0.0679537728428841
-0.0316643416881561
-0.0619630180299282
-0.0003046001947951
0.0765675827860832
-0.0011146489996463
0.0706456005573273
-0.0591234117746353
-0.0388495735824108
0.1029674634337425
0.0620426014065742
0.0154390791431069
-0.0543310791254044
-0.0866834148764610
0.0228674132376909
0.0618263185024261
0.0728709697723389
0.0252205077558756
0.0416589044034481
0.0011134056840092
-0.0609719492495060
0.0556215010583401
-0.0106673594564199
-0.0069894990883768
-0.0151262013241649
0.0582376979291439
0.0363340750336647
0.0756980106234550
-0.0154891023412347
0.0160131677985191
0.0261300578713417
0.0596671365201473
-0.0976855456829071
-0.0387689508497715
0.0822836458683014
-0.0039857621304691
-0.0840443372726440
-0.0431766062974930
-0.0735667496919632
-0.0329296141862869
-0.0574864000082016
-0.0761741623282433
-0.0030906863976270
0.0407016873359680
-0.0312708206474781
0.0489151701331139
0.0083392616361380
-0.0008679170859978
-0.0536254644393921
-0.0044269678182900
0.0032500452362001
-0.0797187611460686
0.0705408230423927
0.0053079999051988
0.0362306907773018
0.0585014671087265
0.0270495098084211
-0.0531319864094257
0.0348497815430164
0.0093972096219659
-0.0011776912724599
0.0213472340255976
-0.0275914538651705
0.0431180559098721
-0.0041152811609209
0.0173513107001781
0.0282242614775896
-0.0241816621273756
0.0179290082305670
-0.0386884734034538
0.0085635771974921
-0.0166620109230280
0.0433569662272930
-0.0140846045687795
0.0160596314817667
-0.0032886888366193
0.0146575206890702
-0.0585775226354599
-0.0351670309901237
0.0380718410015106
0.0469617545604706
-0.0530655458569527
0.0800773873925209
-0.0608654692769051
-0.0397838950157166
0.0516243949532509
-0.0385316535830498
-0.0324644483625889
-0.0579918064177036
0.0547723248600960
-0.0019638794474304
0.0318672247231007
0.0152799114584923
-0.0631838217377663
0.0121450098231435
0.0261890739202499
-0.0507327206432819
-0.0471979714930058
-0.0114611256867647
-0.0125080570578575
-0.0039481278508902
-0.0259952135384083
-0.0379233136773109
-0.0888138785958290
-0.0547905750572681
-0.0111086620017886
0.0077557843178511
0.0388176254928112
0.0304287374019623
0.0624312199652195
-0.0121093196794391
0.0213758070021868
-0.0542157292366028
-0.0649613067507744
-0.0268931873142719
-0.0234535485506058
0.0312602743506432
-0.0375099293887615
-0.0126672675833106
-0.0412876680493355
0.0451165139675140
0.0721148699522018
0.0317238233983517
-0.0789750814437866
-0.0645739957690239
-0.0566673204302788
-0.0081981196999550
0.0709343478083611
0.0020742006599903
0.0333023555576801
-0.0504847206175327
0.0885983705520630
0.0158216487616301
-0.0850175470113754
-0.0489640496671200
0.0268696006387472
0.0074080931954086
-0.0528815165162086
0.0305788256227970
0.0112577257677913
-0.0391611531376839
0.0357424691319466
0.0681228786706924
0.0025165297556669
-0.0389279313385487
0.0877690464258194
0.0404960997402668
0.0692962780594826
-0.0130756283178926
0.0620007142424583
-0.0055364142172039
-0.0346623100340366
-0.0029787849634886
0.0276483446359634
0.0372236222028732
0.0122357606887817
0.0563445240259171
-0.0730349496006966
0.0532715916633606
0.0397645197808743
-0.0355466231703758
-0.0183480959385633
-0.0334961377084255
-0.0484773740172386
0.0510772094130516
-0.0655390769243240
0.0504670292139053
-0.0409674458205700
-0.0102801360189915
0.0043873791582882
-0.0535467639565468
-0.0476334318518639
0.0115626258775592
0.0300546362996101
0.0086405063048005
-0.0423612929880619
-0.0186170209199190
0.0271848123520613
-0.0358637683093548
0.0403715111315250
0.0333890095353127
0.0191338248550892
-0.0014603403396904
-0.0344289653003216
-0.0408191010355949
-0.0351257026195526
-0.0295347496867180
0.0613264665007591
0.0004060610081069
0.0176490787416697
-0.0661412999033928
0.0311511717736721
0.0181934721767902
-0.0248061139136553
0.0360574945807457
0.0099289147183299
0.0671275109052658
0.0780930444598198
-0.0213236697018147
-0.0229362063109875
-0.0341406837105751
0.0120760602876544
-0.0168644171208143
0.0048178699798882
-0.0293725281953812
0.0215566400438547
-0.0574627444148064
0.0475683659315109
-0.0434943139553070
0.0263726375997066
0.0011492780176923
-0.0160267166793346
-0.0161458067595959
-0.0350902676582336
0.0838728174567223
0.0506149418652058
-0.1203699484467506
0.1025931984186172
-0.0395670458674431
0.0440116636455059
-0.0258261114358902
0.0182870998978615
-0.0411576218903065
-0.0494200251996517
0.0719568058848381
-0.0480895154178143
0.0116635840386152
-0.0493455417454243
-0.0189760532230139
-0.0603580623865128
0.0534306429326534
0.0191445592790842
0.0442370437085629
-0.0234605967998505
-0.0084851607680321
-0.0551546029746532
-0.0477804131805897
0.0502912700176239
0.0305376313626766
0.0212759859859943
0.0153076648712158
0.0220365449786186
-0.0616190023720264
-0.0142580093815923
-0.0699941739439964
0.0125707834959030
-0.0428001359105110
0.0356241539120674
-0.0288468524813652
-0.0148368338122964
0.0204107649624348
-0.0423304028809071
0.0439722612500191
0.0169666390866041
0.0282208062708378
-0.0151718575507402
-0.0455854944884777
-0.0355002284049988
0.0613997280597687
0.0386473648250103
-0.0103579349815845
0.0095693673938513
-0.0184792485088110
-0.0346323773264885
0.0082387495785952
-0.0141298444941640
-0.0411523766815662
0.0280835367739201
-0.0585225299000740
-0.0072213253006339
-0.0250595789402723
0.0272624380886555
0.0876321718096733
-0.0398824885487556
0.0406699180603027
-0.0071153878234327
0.0738933235406876
-0.0303028840571642
-0.0267792120575905
0.0565668269991875
0.0193768553435802
0.0454622060060501
0.0918452367186546
-0.0068010636605322
-0.0194348562508821
-0.0380150265991688
-0.0108858682215214
0.0175374709069729
-0.0391114987432957
-0.0202356465160847
0.0507916063070297
0.0867797061800957
-0.0280723012983799
-0.0528989359736443
0.0550047568976879
-0.0019684578292072
-0.0303848888725042
-0.0076530869118869
-0.0729883462190628
0.0348878949880600
0.0572853982448578
-0.0931294038891792
0.0607391297817230
-0.0298319719731808
0.0533187873661518
0.0100284703075886
0.0699211731553078
0.0387848876416683
0.0052092750556767
-0.0542698428034782
0.0005431868485175
0.0058629233390093
-0.0406158193945885
-0.0121099902316928
0.0310662463307381
-0.0232186764478683
-0.0463713556528091
-0.0410794802010059
-0.0345895700156689
0.0015245421091095
-0.0756529942154884
-0.0130274165421724
-0.0182357728481293
0.0084931887686253
-0.0471988655626774
0.0085657266899943
0.0179755948483944
0.0196997504681349
0.1116350591182709
-0.0339418351650238
0.0334719531238079
0.0556098669767380
-0.0088720191270113
0.0428505986928940
-0.0555371381342411
0.0216735303401947
0.0480524972081184
0.0481888614594936
0.0723912119865417
-0.0540492944419384
