0.0973064452409744
0.0379339046776295
0.0467892438173294
0.0371196009218693
-0.0771636292338371
-0.0402006283402443
-0.0356583595275879
-0.0010860936017707
0.1020465642213821
0.1007896959781647
-0.0068819820880890
0.0701220706105232
0.0924250707030296
0.0773693621158600
-0.0853611901402473
-0.1034296900033951
-0.0884061977267265
-0.0754819959402084
0.0396230146288872
-0.1050388216972351
-0.0246152915060520
0.0320599861443043
-0.0179218966513872
-0.0200999565422535
-0.0698726847767830
-0.0155796231701970
0.0126283708959818
0.0670732483267784
-0.0715479403734207
0.0476649478077888
-0.0821944847702980
0.0387426614761353
0.1200584769248962
-0.0343784466385841
0.0356589183211327
0.0943419560790062
0.0723787397146225
-0.0259053763002157
0.0768332704901695
0.0041718585416675
-0.0782775953412056
0.0056660855188966
0.1130855083465576
-0.0112830661237240
0.1104643419384956
0.0883218422532082
0.0108116567134857
0.0400984473526478
0.0128784459084272
-0.0378572046756744
-0.0832470953464508
0.0869179293513298
0.0892887338995934
-0.0037608847487718
-0.1104774922132492
-0.0817173868417740
-0.0830023959279060
-0.0074940435588360
0.0503772534430027
0.0338686741888523
0.0435347631573677
-0.0618794783949852
0.0175041332840919
-0.0561389215290546
-0.0350126661360264
-0.0273202564567327
-0.0298622343689203
0.0445038489997387
0.1216762140393257
0.0091654416173697
0.0605402998626232
-0.0741355493664742
0.0477149523794651
-0.0172130130231380
-0.0725936219096184
-0.0228007975965738
-0.0001446360693080
-0.0253619085997343
0.0903372317552567
0.0394563600420952
-0.1057800799608231
0.0927331224083900
0.0690193399786949
-0.0915708914399147
0.0981371551752090
0.0267953481525183
0.0410198271274567
0.0700274482369423
-0.0519140362739563
-0.0023708704393357
0.0410702601075172
-0.0430034026503563
-0.1064204350113869
-0.0182542745023966
0.0280455797910690
-0.0504333004355431
-0.0085959257557988
-0.0422881953418255
0.0171167273074389
0.0868208855390549
0.0621824488043785
-0.0314400754868984
-0.0495850071310997
-0.0613408386707306
-0.0889583304524422
0.0030119467992336
-0.0729364603757858
0.0033734147436917
0.0525411367416382
0.0615747720003128
0.0815629661083221
0.0577982291579247
0.0996308624744415
0.0048838290385902
-0.0609223954379559
0.0519452132284641
0.0526757240295410
-0.0835314542055130
-0.1071945279836655
0.1076084971427917
-0.0779888555407524
0.0876880213618279
0.0559978261590004
-0.0436012260615826
-0.0168027747422457
-0.0328705012798309
0.0942062065005302
-0.0571528077125549
0.0585455484688282
0.0832429528236389
0.0194471608847380
0.1080114170908928
0.0372609756886959
0.0265518724918365
0.0791677683591843
-0.1007161065936089
0.0273295380175114
-0.0469410046935081
0.0242702923715115
0.0946255698800087
0.0798778086900711
0.0591401085257530
0.0180663447827101
0.0868989080190659
-0.0136356186121702
-0.0180528089404106
0.0000613021256868
0.1203716620802879
-0.0052313636988401
0.0663806796073914
0.0214641951024532
0.0090101007372141
-0.0364121757447720
0.0250807907432318
0.1147290244698524
0.1089587882161140
0.0138481948524714
-0.0193205960094929
-0.0944107025861740
0.0035291283857077
0.0613391622900963
0.0272745471447706
0.0236953534185886
-0.0252367202192545
0.0085917171090841
-0.1007242575287819
0.0349611453711987
0.1224886998534203
0.0503718033432961
0.0445646829903126
-0.1286591738462448
-0.0619885213673115
0.0262091830372810
0.0740237981081009
-0.0242083109915257
-0.0163589529693127
-0.0585463270545006
0.0768256932497025
0.0547758303582668
-0.0766432061791420
-0.0086896456778049
0.0731285512447357
0.0193748790770769
0.1471575200557709
0.0647998675704002
0.0039660749025643
-0.0475174300372601
-0.0327401012182236
0.0065268534235656
0.1187294051051140
-0.0179870892316103
-0.0995676964521408
-0.0333566628396511
-0.0767735019326210
-0.0469256639480591
-0.1286485642194748
0.0430199503898621
0.0958073958754539
-0.0546697042882442
-0.0640480592846870
-0.0059412918053567
0.0964580103754997
0.0312284324318171
-0.0833232328295708
0.0413184724748135
0.0093929981812835
0.0945010855793953
-0.0521112866699696
-0.0249657891690731
0.0456897243857384
0.0840714201331139
0.0400020256638527
-0.0583308786153793
0.0005325559759513
-0.0554398186504841
-0.0297716781497002
0.0007512560696341
-0.0238637104630470
0.0099127395078540
0.0983293056488037
-0.0428575314581394
-0.0788850858807564
0.0414667613804340
-0.0614943951368332
-0.0263024494051933
-0.0093801356852055
-0.0485834777355194
0.0560568384826183
-0.0136472256854177
-0.0887690186500549
0.0182820595800877
0.1193140298128128
0.0179933961480856
0.0314331911504269
-0.0629241243004799
-0.0097181750461459
0.0490469932556152
-0.0862673744559288
-0.0819607973098755
-0.0613002888858318
0.0601557530462742
0.0135666411370039
0.0002610996307340
0.0830923914909363
0.0576550588011742
0.0066017443314195
-0.0089824199676514
-0.0281621608883142
-0.0212945602834225
0.0803835093975067
-0.0171134173870087
-0.0194647479802370
-0.0293881930410862
-0.0467792637646198
-0.0717087164521217
-0.0306946597993374
-0.1261589080095291
-0.0787328258156776
-0.1265356391668320
-0.0892485380172729
-0.0481213741004467
-0.1416471451520920
0.0655201226472855
0.1152783110737801
-0.0383199118077755
0.0213661510497332
-0.1303685158491135
0.0918246954679489
0.0378655232489109
0.1487941443920135
-0.0544941425323486
0.0581318624317646
-0.3487986624240875
-0.0332531146705151
0.0848778337240219
-0.2391140908002853
0.0452364720404148
-0.0358797162771225
-0.0011684143682942
-0.1088383719325066
-0.0173495523631573
0.0282628778368235
-0.1556807160377502
-0.1791286170482635
0.0841062292456627
-0.1273139119148254
-0.1176531612873077
-0.0860358178615570
-0.0099778380244970
-0.1393441557884216
-0.2158544212579727
-0.0578387454152107
0.0847871303558350
-0.0361000038683414
-0.1061895266175270
-0.1130790561437607
-0.0202633570879698
-0.0872587412595749
0.0737263634800911
-0.0263622235506773
-0.0664570257067680
0.0240991227328777
0.1916140913963318
-0.2328749895095825
-0.1212719231843948
-0.0090962946414948
-0.0312852263450623
0.0520900525152683
0.1200044453144073
-0.1683330386877060
0.0916199237108231
-0.2884209752082825
0.1180743202567101
0.0404748655855656
-0.2189722359180450
0.1787883639335632
0.0648469775915146
0.2915842831134796
-0.0320238135755062
-0.0417082197964191
-0.0919919237494469
0.0321605391800404
0.0231945943087339
-0.0194879099726677
-0.0870562717318535
0.0208098832517862
-0.0352789163589478
0.0424534976482391
0.0389573797583580
-0.0576208718121052
0.0760541632771492
-0.0278117787092924
0.0238172709941864
0.0179510768502951
-0.0758551955223083
0.0228970255702734
0.0091373510658741
-0.0605216883122921
0.0293778870254755
-0.0431241206824780
-0.0611423663794994
-0.0128564778715372
0.0230315402150154
-0.0482741072773933
-0.0107349520549178
0.0154951969161630
0.0445975214242935
-0.0124189546331763
0.0559380315244198
-0.0373596884310246
0.0393253155052662
-0.0470185317099094
0.0089801950380206
-0.0208311509341002
-0.0904484987258911
-0.0298209693282843
0.0654447674751282
0.0820366665720940
-0.0383991673588753
0.0486797615885735
0.0272297952324152
-0.0282186698168516
-0.0679476931691170
-0.0298679415136576
0.0168402362614870
0.0204696487635374
0.0078682024031878
-0.0608090013265610
0.0149187995120883
-0.0658545047044754
0.0279521849006414
-0.0693230926990509
-0.0086806733161211
0.0402488745748997
0.0487893149256706
-0.0393654033541679
-0.0040077934972942
-0.0327247306704521
0.0799046233296394
-0.0216624010354280
-0.0657504275441170
-0.0555027313530445
0.0378086976706982
-0.0760085135698318
0.0156110227108002
0.0121438577771187
0.0538751892745495
-0.0146368006244302
-0.0226749759167433
-0.0357987321913242
-0.0050876019522548
-0.0213012751191854
0.0240910686552525
-0.0466313064098358
0.0350328460335732
-0.0147680183872581
0.0004207173769828
0.0218044202774763
0.0440041795372963
-0.0395710580050945
-0.0479808636009693
0.0036661156918854
0.0654173493385315
0.0329404696822166
-0.0016799133736640
-0.0656877681612968
-0.0460821948945522
-0.0422085374593735
0.0115164481103420
0.0323236696422100
-0.0292803794145584
0.0162701755762100
0.0170938968658447
-0.0186154097318649
0.0027530272491276
0.0162805933505297
-0.0102677065879107
-0.0044042556546628
-0.0246245153248310
0.0799600854516029
-0.0324458330869675
0.0576949715614319
-0.0250494219362736
0.1088495776057243
-0.0815278142690659
-0.0255908221006393
-0.0416717417538166
-0.0884502977132797
0.0950363874435425
-0.0278688464313745
0.0659235641360283
0.0226255040615797
-0.0023269350640476
0.0389033220708370
-0.0542595274746418
-0.0475133843719959
-0.0174683444201946
-0.0029256746638566
0.0106073170900345
-0.0252251885831356
-0.0490828454494476
-0.0666740760207176
-0.0471899621188641
0.0079342043027282
0.0114186080172658
0.0411845110356808
0.0197288803756237
-0.0686750560998917
-0.0486602857708931
-0.0325678735971451
-0.0131064560264349
0.0102805513888597
0.0456963554024696
-0.0274054463952780
0.0593046583235264
0.0149492416530848
0.0048535168170929
-0.0547403357923031
0.0219192989170551
-0.0636849701404572
-0.0017815040191635
-0.0151397036388516
-0.0081580169498920
-0.0249001476913691
-0.0044478103518486
-0.0166604481637478
0.0126047516241670
0.0966376364231110
-0.0668488144874573
0.0586482137441635
0.0039939437992871
0.0475614927709103
0.0400247424840927
0.0528536252677441
0.0553111024200916
0.0573807433247566
-0.0398321077227592
-0.0645069256424904
-0.0014384586829692
-0.0162791628390551
-0.0198731925338507
-0.0879688411951065
-0.0369689017534256
0.0169001426547766
0.0098815122619271
0.0147013803943992
0.0177644379436970
-0.0206616166979074
-0.0269361194223166
-0.0161060448735952
-0.0438005812466145
-0.0074053569696844
0.0004612315678969
0.0334694832563400
-0.0354461483657360
-0.0264649763703346
0.0566178224980831
-0.0364059023559093
-0.0254583675414324
-0.0109846591949463
-0.0348001308739185
0.0593655407428741
0.0603495389223099
-0.0458169505000114
-0.0475243441760540
-0.0751501843333244
-0.0047568120062351
0.0279026497155428
0.0142136951908469
0.0036715243477374
-0.0208461806178093
0.0488815866410732
-0.0306234639137983
0.0279458630830050
-0.0231388956308365
0.0170587152242661
-0.0277244858443737
0.0844938233494759
0.0498194284737110
-0.0307315383106470
0.0177996754646301
0.0072063500992954
0.0126080075278878
0.0243086125701666
-0.0236446838825941
-0.0024758439976722
0.0370904952287674
0.0057708844542503
-0.0834082290530205
0.0764727666974068
-0.0732810348272324
-0.0118640884757042
-0.0312566757202148
-0.0007785838679411
-0.0257780756801367
0.0183076709508896
0.0057585812173784
0.0502173565328121
-0.0002620393934194
0.0263035167008638
-0.0863816663622856
0.0642079859972000
-0.0391839519143105
-0.0846853330731392
-0.0069086300209165
0.0101670138537884
0.0908886715769768
0.0639930739998817
0.0902949944138527
-0.0229988582432270
0.0078739272430539
0.0023681472521275
-0.0116526484489441
0.0683204978704453
-0.0314417295157909
0.0445526838302612
0.0110940728336573
0.0490817800164223
-0.0167935919016600
-0.0086137177422643
-0.0107675464823842
0.0298687126487494
0.0228258669376373
0.0577926933765411
0.0381134450435638
0.0577710755169392
-0.0469008870422840
0.0314900912344456
0.0498957484960556
-0.0252285841852427
0.0045309890992939
0.0421597212553024
0.0144435558468103
-0.0412787608802319
0.0524658150970936
0.0114438356831670
0.0201989635825157
-0.0142761198803782
-0.0298807043582201
-0.0077754328958690
-0.0886938497424126
0.0653742253780365
0.0657908394932747
0.0346728451550007
-0.0526761710643768
-0.0337860584259033
0.0293083470314741
-0.0250182971358299
-0.0076546990312636
0.0133007839322090
-0.0014507988234982
-0.0394849404692650
0.0197207424789667
0.0315582640469074
-0.0770382508635521
-0.0511122979223728
-0.0868071317672729
-0.0819060802459717
0.0380003377795219
0.0180044751614332
-0.0145157640799880
0.0602483302354813
0.0050885044038296
0.0284613315016031
-0.0288442205637693
-0.0106552382931113
0.0160297434777021
-0.0710269734263420
0.0340557210147381
-0.0790782049298286
-0.0229304600507021
-0.0030092706438154
0.0179185047745705
0.0469615124166012
0.1049139425158501
-0.0226538553833961
-0.0687363445758820
-0.0931547507643700
-0.0112682376056910
0.0452634580433369
-0.0279440172016621
-0.0009935891721398
0.0216508153825998
0.0303959045559168
-0.0414348617196083
-0.0037900947500020
-0.0703733563423157
0.0544212870299816
-0.0207097623497248
-0.0316424556076527
-0.0494411326944828
0.0277187582105398
0.0076979529112577
-0.0251972526311874
0.0838194638490677
-0.0359596237540245
-0.0573067553341389
-0.0105356695130467
-0.0374373942613602
0.1031492352485657
-0.0542779900133610
0.0629234313964844
0.0085807768628001
-0.0183797851204872
-0.0167865604162216
0.0179500598460436
0.0450573824346066
0.0034078180324286
0.0582282803952694
-0.0357394553720951
0.0945294648408890
-0.0343854166567326
-0.0475957989692688
0.0432070530951023
0.0040390333160758
-0.0532933361828327
0.0408071503043175
-0.0246934872120619
0.1009414866566658
-0.0783393830060959
-0.0532330162823200
0.0031916040461510
-0.0744456052780151
-0.0740865767002106
0.0261779148131609
0.0756214037537575
0.0527772679924965
0.0299451854079962
0.0318499840795994
0.0880085453391075
-0.0063468678854406
0.0443165972828865
0.0546555779874325
0.0223128180950880
0.0181209687143564
-0.0331942960619926
0.0130603909492493
-0.0530634075403214
0.0343614928424358
0.0294049158692360
0.0823585167527199
-0.0077786673791707
-0.0083747403696179
0.0087197497487068
-0.0460500828921795
-0.0638299435377121
0.0354404039680958
0.0002335287572350
0.0735889896750450
0.0319316275417805
0.0140804667025805
-0.0464795865118504
-0.0206689760088921
0.0244222786277533
-0.0629294291138649
-0.0216040853410959
0.0085966447368264
-0.0034075321163982
-0.0401975288987160
0.0232375040650368
-0.0157146751880646
0.0081827044487000
-0.0333296023309231
0.0211943071335554
0.0071776257827878
-0.0517419390380383
0.0868260711431503
0.0709329620003700
-0.0212097596377134
0.0908933877944946
-0.0308486483991146
-0.0352786667644978
-0.0157284811139107
-0.0317148417234421
-0.0197794791311026
-0.0658000856637955
0.0765485092997551
-0.0305875465273857
0.0314734280109406
-0.0646968260407448
0.0355280563235283
-0.0290649328380823
0.0420173928141594
-0.0204269848763943
0.0823205336928368
0.0293871313333511
0.0212617143988609
-0.0878818556666374
0.0064023029990494
0.0272442083805799
0.0108339125290513
0.0430496968328953
0.0653198435902596
-0.0267910510301590
-0.0119440453127027
-0.0735455825924873
-0.0815037488937378
0.0281348992139101
0.0017135293455794
0.0543043762445450
-0.0592451281845570
-0.0357356555759907
0.0497267544269562
-0.0073284534737468
-0.0127154961228371
0.0088421478867531
-0.0167407505214214
0.0423624552786350
-0.0659346878528595
-0.0344774127006531
0.0413592122495174
-0.0054272147826850
-0.0075501007959247
0.0442848056554794
0.0076221683993936
0.0040396279655397
0.0006554194842465
-0.0206304322928190
0.0325075276196003
-0.0209535602480173
-0.0629255995154381
0.0388470403850079
0.0331156626343727
0.0340888239443302
0.0512423701584339
0.0020665978081524
0.0032689147628844
0.0597430095076561
0.0142112700268626
-0.0271719861775637
-0.0264419019222260
0.1117428392171860
-0.0034853322431445
0.0375319048762321
0.0416227839887142
0.0548384636640549
0.0189711228013039
0.0419528484344482
0.0242041163146496
-0.0279769673943520
-0.0957069322466850
-0.0011949625331908
0.0249143317341805
0.0373877361416817
-0.0141944903880358
-0.0161377377808094
0.0367486476898193
-0.0131496544927359
-0.0621550902724266
0.0249413587152958
-0.0428350791335106
0.0660751909017563
-0.0083715179935098
-0.0676431432366371
0.0339385233819485
-0.0383108817040920
0.0277095418423414
-0.0468874350190163
0.1167965233325958
0.0561115890741348
0.0025082209613174
-0.0355436988174915
0.0356116406619549
-0.0428305864334106
0.0614861063659191
-0.0255997013300657
0.0237229727208614
-0.0308632142841816
-0.0147700747475028
-0.0795159265398979
0.0222829859703779
0.0418789833784103
-0.0659276470541954
0.0398258045315742
-0.0479585267603397
0.0542647317051888
0.0244951788336039
0.0177370365709066
0.0087712816894054
0.0622901618480682
0.0937518998980522
-0.0055347811430693
0.0085194036364555
-0.0299027319997549
-0.0509477891027927
0.0191146060824394
-0.0346277430653572
0.0537398830056190
0.0508756823837757
-0.0389076508581638
0.0860504359006882
-0.0590571723878384
