0.0708098635077477
0.0294829029589891
0.0206488724797964
0.0861509963870049
-0.0905582532286644
-0.0565303117036819
-0.0206186398863792
0.0166308935731649
0.1180310994386673
0.1076391115784645
-0.0679611042141914
0.0496482774615288
0.0938279181718826
0.0637350380420685
-0.1118950769305229
-0.0587683916091919
-0.0520090796053410
-0.0687948167324066
0.0505949743092060
-0.0913263782858849
0.0454138927161694
0.0326949842274189
0.0774501338601112
0.0212284345179796
-0.1175344735383987
-0.0368245057761669
0.0271393712610006
0.0394646935164928
-0.0533679686486721
0.0741579756140709
-0.0466923899948597
0.0089688189327717
0.0994666591286659
0.0361806042492390
0.0332517512142658
0.0617552846670151
0.1276898384094238
-0.0516618788242340
0.0781126171350479
-0.0112324664369226
-0.0712575018405914
0.0108645558357239
0.1120895072817802
-0.0121437637135386
0.1170910298824310
0.0326566472649574
-0.0625688061118126
0.0191913861781359
0.0409398786723614
0.0349203422665596
-0.0838666185736656
0.0419532619416714
0.0810776725411415
-0.0961514264345169
-0.0153717622160912
-0.0561616681516171
-0.1195827126502991
0.0020172218792140
0.0836164876818657
-0.0108848437666893
0.0394045673310757
-0.0255860816687346
0.0242817811667919
-0.0203866101801395
0.0320036970078945
-0.0666884556412697
0.0025822960305959
0.0192474871873856
0.1286987662315369
0.0085545768961310
0.0584113597869873
-0.0361442342400551
0.0080906124785542
0.0278134774416685
-0.0665708035230637
-0.0348992720246315
-0.0307123549282551
-0.0278322957456112
0.0829329416155815
-0.0058468212373555
-0.0918888002634048
0.0349240377545357
0.0385064855217934
-0.0308866165578365
0.0909931659698486
-0.0181405600160360
0.0346968024969101
0.0265565570443869
-0.0085496772080660
-0.0442991405725479
0.0492650195956230
-0.0640608295798302
-0.0884479656815529
-0.0602242536842823
0.0784332081675529
-0.0460110902786255
0.0218363553285599
0.0189560800790787
-0.0869776532053947
0.0820555090904236
-0.0145121598616242
-0.0360304638743401
-0.0117905959486961
-0.0328762307763100
-0.1136757582426071
-0.0429682955145836
-0.0882430002093315
-0.0854476615786552
0.0438494570553303
0.0833288878202438
0.0316212363541126
0.0801073238253593
0.0900781080126762
0.0642021149396896
-0.0384402535855770
0.0642123073339462
0.0446760132908821
-0.1043306440114975
-0.0604308396577835
0.0833569318056107
-0.0151437139138579
0.0390479527413845
0.0628657266497612
-0.0040751295164227
-0.0619885772466660
0.0016202429542318
0.0623696111142635
-0.0693484321236610
-0.0211777985095978
0.1141838505864143
0.0693686306476593
0.0704678148031235
0.0724428519606590
0.0148920398205519
0.0634378418326378
-0.1044676974415779
0.0056228572502732
0.0005837672506459
-0.0337439849972725
0.0901302993297577
0.0566267035901546
0.0203371942043304
-0.0896177291870117
0.0837958529591560
-0.0635091736912727
-0.0999793484807014
-0.0102986963465810
0.1094119101762772
-0.0165737066417933
0.0379220172762871
0.0852594226598740
-0.0570277236402035
-0.0630339011549950
0.0117565086111426
0.0748331844806671
0.1333058029413223
-0.0033598465379328
0.0269816610962152
-0.0849580317735672
-0.0380115136504173
0.0780448094010353
-0.0008069333853200
0.0805004164576530
-0.1094729155302048
0.0136310029774904
-0.0875639766454697
0.0559976287186146
0.0915469452738762
-0.0265798158943653
0.0442926213145256
-0.0951093658804893
-0.0960690155625343
0.0351289473474026
0.0316085405647755
-0.0288354903459549
-0.0165169592946768
-0.0800978466868401
0.0675612539052963
0.0083004320040345
-0.1161538437008858
-0.0537376850843430
0.0575844347476959
0.0207450427114964
0.0839823782444000
0.0428479276597500
0.1067245900630951
-0.0771058201789856
-0.0173813905566931
0.0625869110226631
0.0825504437088966
0.0570255741477013
-0.0682624503970146
0.0380537882447243
-0.0944928228855133
-0.0767541527748108
-0.0571172758936882
0.1091035827994347
0.0779743120074272
-0.0865885093808174
-0.0515512377023697
0.0314210765063763
0.0706149712204933
0.0272773653268814
-0.0924830436706543
0.0617110952734947
-0.0272432137280703
0.0867547169327736
-0.0072275511920452
-0.0495162606239319
0.0769228339195251
0.0610049329698086
0.0565487407147884
-0.0575108155608177
0.0227930657565594
-0.0478941984474659
-0.0011600645957515
-0.0097889294847846
0.0130300642922521
0.0177673604339361
0.1161490231752396
-0.1125315725803375
-0.0203734319657087
-0.0000516056570632
-0.0203465837985277
0.0463806651532650
0.0034294938668609
0.0260054767131805
0.0161819625645876
-0.0429563373327255
-0.0103167779743671
0.0710223764181137
0.1175664812326431
0.0044277077540755
0.0335677713155746
-0.0894332677125931
0.0167360324412584
0.0793065279722214
-0.0705089494585991
-0.0351652987301350
-0.0547590591013432
-0.0016132439486682
-0.0290840137749910
0.0938895195722580
0.0501285530626774
0.0142446244135499
0.0576764345169067
-0.0326174087822437
-0.0671679228544235
-0.0081401634961367
0.0431199334561825
-0.0388873815536499
0.0367752909660339
-0.0572861209511757
-0.0933580026030540
-0.0256328750401735
-0.0555264130234718
-0.0231979452073574
-0.0704521536827087
0.0293983109295368
-0.0822146832942963
0.0556048415601254
-0.1808136701583862
0.0878197476267815
0.1287548691034317
-0.0287021398544312
0.0099187800660729
-0.0699307397007942
0.1025310456752777
0.0908489897847176
0.0110027762129903
0.0721188336610794
-0.0097153633832932
-0.1783821880817413
-0.1037546023726463
0.1361663192510605
-0.2377164959907532
-0.1795680522918701
-0.0821471735835075
-0.0218790788203478
-0.0961436629295349
-0.0232457034289837
-0.1076756492257118
-0.2399883419275284
-0.2077076733112335
-0.0098015796393156
0.0296451710164547
0.0472286641597748
-0.0627602785825729
-0.0010162923717871
-0.1012179851531982
-0.1621407568454742
-0.0565449707210064
0.1088526099920273
0.0420982502400875
-0.0514758042991161
-0.1929932087659836
-0.1828907877206802
0.0259151309728622
-0.0542749464511871
-0.1999009996652603
-0.1989159435033798
0.1045279428362846
0.2257994711399078
-0.2041947990655899
-0.0135658448562026
0.1921841949224472
-0.0637461170554161
0.1585952192544937
0.0031230598688126
-0.1835719347000122
0.0073893927037716
-0.1896691024303436
0.1573789566755295
0.0751194208860397
-0.0347970724105835
0.0465400926768780
0.0996086820960045
0.2885102629661560
0.0594416111707687
-0.1744490712881088
-0.0263356398791075
0.0535979531705379
0.0182981695979834
-0.0368622727692127
-0.0509676337242126
0.0346230752766132
-0.0010636153165251
0.0196035541594028
0.0432053841650486
-0.0675620585680008
0.0677388906478882
0.0297328010201454
0.0411236882209778
0.0529278181493282
-0.0447279550135136
0.0066167353652418
0.0429357737302780
-0.0515737496316433
0.0626300647854805
-0.1061431989073753
-0.0172901879996061
-0.0318729206919670
0.0638741254806519
-0.0354994907975197
0.0085366694256663
0.0406706854701042
0.0057696029543877
-0.0039172745309770
0.0549151711165905
-0.0473853945732117
0.0389220975339413
-0.0877357944846153
-0.0289760213345289
-0.0530642047524452
-0.0393376052379608
0.0140956565737724
0.0619430430233479
0.0894089117646217
-0.0322552621364594
0.0833358243107796
0.0023155470844358
0.0489101558923721
-0.0069139804691076
-0.0086220419034362
-0.0001250032510143
-0.0106110656633973
0.0205714888870716
-0.0769949853420258
0.0124246170744300
-0.0622350201010704
0.0242205057293177
-0.0391843058168888
-0.0000748761085561
0.0162726789712906
0.0069066085852683
0.0206683650612831
0.0139256985858083
0.0589269325137138
0.0650397390127182
-0.0075899828225374
-0.0410458669066429
-0.0657201260328293
0.0398067161440849
-0.0443120822310448
0.0118416622281075
0.0234421323984861
0.0226122494786978
0.0016488410765305
-0.0578818805515766
-0.0611635148525238
-0.0090370327234268
0.0491421930491924
0.0772827640175819
-0.0465784482657909
0.0744124278426170
-0.0247899498790503
0.0470892526209354
-0.0094861015677452
0.0151063725352287
-0.0016468395479023
-0.0496784336864948
0.0212510600686073
0.0198388509452343
0.0014322467613965
-0.0355452969670296
-0.0495125353336334
-0.0201736837625504
-0.0717100054025650
0.0334746763110161
0.0524510592222214
-0.0085027255117893
0.0108424071222544
0.0348000600934029
0.0521428026258945
0.0321275405585766
0.0448298081755638
-0.0884776189923286
-0.0277681108564138
0.0079390006139874
0.0317203253507614
-0.0547961778938770
0.0205978043377399
0.0000827424664749
0.0462728776037693
-0.0465320907533169
-0.0419319234788418
0.0074079274199903
-0.0056803920306265
0.0723313242197037
0.0185192748904228
0.0825574174523354
0.0276150479912758
-0.0266275778412819
0.0058282446116209
0.0035462558735162
-0.0327138043940067
-0.0240331739187241
-0.0429050624370575
0.0548126958310604
-0.0495644696056843
0.0046802568249404
-0.0461059585213661
-0.0567958094179630
-0.0287934988737106
-0.0236214138567448
0.0624667219817638
0.0032486044801772
-0.0642462745308876
-0.0375780239701271
-0.0414143614470959
-0.0574259012937546
0.0576669014990330
0.0131696583703160
-0.0297381225973368
0.0805789083242416
0.0357833690941334
0.0051889731548727
-0.0254841949790716
0.0287025738507509
0.0121091511100531
-0.0030158564914018
-0.0354126691818237
-0.0229482352733612
-0.0548723116517067
-0.0334694944322109
0.0489829927682877
0.0178065784275532
0.0839617475867271
-0.0826199203729630
0.0594675280153751
0.0023030706215650
-0.0127097787335515
0.0675579160451889
0.0655912458896637
0.0194256491959095
0.0790817663073540
-0.0027567658107728
-0.0457789227366447
-0.0071374215185642
0.0240428075194359
0.0348317623138428
-0.0835800990462303
0.0262217484414577
0.0132601726800203
0.0404480770230293
-0.0075350464321673
-0.0227637812495232
-0.0243766903877258
-0.0331973321735859
-0.0426049232482910
-0.0419627986848354
-0.0283849015831947
0.0255763884633780
0.0298353191465139
-0.0567205995321274
0.0091261034831405
0.0701217278838158
-0.0117996772751212
0.0065813027322292
-0.0153072178363800
-0.0885945260524750
0.0914325490593910
0.0552784241735935
-0.0179486256092787
-0.0586985945701599
-0.0559191890060902
0.0402587465941906
0.0708221644163132
0.0772701203823090
0.0006705509731546
0.0308971516788006
0.0563353113830090
-0.0636666715145111
0.0296053532510996
-0.0165524780750275
-0.0221501290798187
0.0025928150862455
0.0879916846752167
0.0729886665940285
0.0151899503543973
0.0224265884608030
-0.0431110225617886
0.0263632182031870
0.0491931959986687
-0.0593152754008770
0.0068970052525401
0.0330876596271992
-0.0218648426234722
-0.0621993020176888
0.0175010096281767
-0.0863559171557426
-0.0613483935594559
-0.0546116605401039
-0.0163924824446440
0.0017904628766701
0.0328400209546089
-0.0033628430683166
0.0162267740815878
-0.0009785145521164
0.0205199588090181
-0.1099110543727875
0.0224479120224714
-0.0301311202347279
-0.0511273555457592
-0.0131107056513429
0.0075227147899568
0.0560553446412086
0.0776629075407982
0.0734680518507957
-0.0384130366146564
0.0189568866044283
-0.0371458642184734
-0.0372942388057709
0.0434050746262074
-0.0637639388442039
0.0441614054143429
0.0114196846261621
0.0447249785065651
0.0249038729816675
0.0311689339578152
0.0064605032093823
-0.0000982119963737
0.0252209994941950
0.0172632336616516
0.0031823124736547
0.0232716072350740
0.0088149253278971
0.0368397161364555
0.0260092392563820
-0.0406183116137981
-0.0469541288912296
0.0444890521466732
0.0323069170117378
-0.0393622629344463
0.0278415977954865
-0.0360689014196396
-0.0295526962727308
0.0249660573899746
0.0052057732827961
-0.0540727190673351
-0.0565670914947987
0.0625295788049698
0.0312853604555130
0.0484499447047710
0.0558686852455139
-0.0518139339983463
-0.0178063046187162
0.0388753823935986
0.0263798646628857
-0.0252021849155426
0.0078635066747665
0.0200681593269110
0.0190653745085001
0.0200164038687944
-0.0688258334994316
-0.0771945416927338
-0.0354843139648438
-0.0560746379196644
-0.0241644550114870
-0.0175474323332310
0.0056460085324943
0.0227000657469034
0.0171889308840036
0.0243974905461073
-0.0118595324456692
-0.0209612306207418
-0.0479357577860355
-0.0470105037093163
-0.0193496532738209
-0.0453606061637402
-0.0800032541155815
-0.0144531009718776
0.0394122302532196
0.1063860207796097
0.1024028211832047
-0.0595869235694408
-0.0259202215820551
-0.0750888511538506
-0.0121938781812787
0.0740306824445724
-0.0104141691699624
0.0258882753551006
-0.0154899265617132
0.0592200122773647
-0.0371372923254967
-0.0500339232385159
-0.0512036979198456
0.0501946546137333
-0.0276946332305670
-0.0631151124835014
-0.0220994390547276
0.0206443611532450
0.0178468767553568
-0.0385709032416344
0.0569527409970760
-0.0236186664551497
-0.0401482060551643
0.0314723812043667
-0.0061119259335101
0.0685494840145111
-0.0429232977330685
0.0969769060611725
-0.0178991910070181
-0.0433509722352028
-0.0313457697629929
0.0799114853143692
0.0464148819446564
0.0307433418929577
0.0557816363871098
-0.0446711778640747
0.0782469362020493
0.0055718524381518
-0.0675971210002899
0.0290588382631540
-0.0087283523753285
-0.0416723601520061
0.0628978759050369
-0.0472439043223858
0.0781725943088531
-0.0421765483915806
-0.0194810479879379
-0.0822309702634811
-0.0526184514164925
-0.0523813366889954
0.0165889021009207
0.0519457124173641
0.0274949446320534
0.0199422519654036
0.0340026393532753
0.0700012072920799
-0.0597570724785328
0.0363646559417248
0.0278847347944975
-0.0124246738851070
0.0140991043299437
-0.0427242182195187
0.0192486904561520
0.0138817634433508
-0.0276842489838600
0.0769313573837280
-0.0049629984423518
-0.0032506899442524
-0.0395259074866772
0.0463175140321255
-0.0194153878837824
-0.0293844006955624
0.0412854701280594
0.0271241478621960
0.0563681013882160
0.0327779799699783
0.0292886588722467
-0.0287328921258450
0.0049383668228984
0.0434443876147270
-0.0530439279973507
-0.0109810819849372
-0.0294510293751955
-0.0456768944859505
-0.0273071881383657
0.0128629794344306
-0.0425117798149586
0.0367859378457069
-0.0371674671769142
0.0493946634232998
-0.0096701569855213
-0.0409513115882874
0.0707923546433449
0.0779073238372803
-0.0990881770849228
0.0621107891201973
0.0219532698392868
-0.0021834452636540
-0.0041365982033312
-0.0091395797207952
-0.0397795438766479
-0.0031899041496217
0.0655060037970543
-0.0193623378872871
0.0250477660447359
-0.0573604740202427
-0.0206518881022930
-0.0600292757153511
0.0093558421358466
0.0095204962417483
0.0836036950349808
-0.0108446413651109
0.0337109714746475
-0.0646769851446152
-0.0518814511597157
0.0635954439640045
0.0350412726402283
0.0272965878248215
0.0297916959971189
-0.0091840196400881
-0.0203599426895380
-0.0849985331296921
-0.0661677196621895
0.0228465013206005
-0.0339639969170094
0.0038904293905944
-0.0229343120008707
0.0166372302919626
0.0473963096737862
-0.0149167254567146
0.0424181073904037
0.0029780988115817
-0.0337420813739300
0.0468680113554001
-0.0082221692427993
-0.0235230959951878
0.0910999625921249
0.0112383570522070
-0.0226118080317974
0.0119090108200908
-0.0316076949238777
-0.0669564902782440
-0.0453561395406723
-0.0113988947123289
0.0443004444241524
-0.0003014062531292
-0.0799086540937424
-0.0094256494194269
0.0219098944216967
0.0374400317668915
0.0854039043188095
-0.0360602922737598
0.0076171001419425
0.0393178425729275
0.0722021907567978
-0.0309913735836744
-0.0679593533277512
0.0899929851293564
-0.0153152067214251
0.0247976873070002
0.0858912691473961
0.0148033024743199
-0.0085149072110653
0.0318536087870598
0.0121782962232828
-0.0365110747516155
-0.0793801173567772
-0.0079486398026347
0.0236454699188471
0.0588065832853317
-0.0112629886716604
-0.0337576195597649
0.0492530763149261
0.0215741265565157
-0.0680407136678696
0.0682013183832169
-0.0601729638874531
0.0619765147566795
0.0313091799616814
-0.0687186345458031
0.0420239642262459
-0.0479695387184620
0.0249236784875393
-0.0240554418414831
0.0413102097809315
0.0114475041627884
-0.0181554090231657
-0.0643692091107368
-0.0022214665077627
0.0008728927350603
-0.0271181501448154
-0.0311298407614231
-0.0193019788712263
-0.0691483691334724
-0.0323578082025051
-0.0713797435164452
-0.0079843448475003
0.0541836395859718
-0.0661972165107727
0.0480388812720776
-0.0519516877830029
0.0304808728396893
0.0006183777586557
0.0308600738644600
-0.0088456254452467
0.0617882534861565
0.0887527838349342
-0.0232566297054291
0.0370086021721363
-0.0172756817191839
-0.0165469571948051
0.0470827035605907
-0.0413464009761810
0.0435363203287125
0.0912674516439438
-0.0561502613127232
0.0499561391770840
-0.0428482778370380
