0.02505701
-0.02012525
-0.08252728
0.08406249
-0.02771491
0.03647166
0.01820220
-0.02194328
0.03306371
0.04637249
-0.03142081
-0.01223093
0.03611967
-0.01053999
-0.01676167
0.01784595
-0.02137743
0.03788522
-0.04712681
0.00396323
-0.00149514
-0.06265715
0.11373041
-0.02503550
-0.03464769
-0.00582524
-0.05492419
-0.02010257
-0.00562408
-0.00277970
-0.02388557
-0.03109123
0.00089370
-0.00630896
-0.01743060
-0.01078015
0.01714934
0.01436636
-0.01816892
0.02138272
-0.03102252
0.00057943
-0.03489247
-0.02309866
-0.01719883
-0.02723680
-0.00071312
-0.02231106
0.01570265
0.01422338
0.00726015
0.15383697
-0.08604410
-0.00079368
-0.01548168
-0.01193719
-0.05991562
-0.00882961
0.29212883
0.09019180
0.01442624
-0.03848600
-0.04447345
0.05552023
0.03193755
-0.08578213
0.01830008
-0.01722853
0.03783528
-0.05839587
0.05340109
0.01366071
-0.00570741
-0.00827957
-0.03254808
0.01206453
0.03386698
-0.02084491
-0.00392736
-0.08980217
0.00754008
0.00129597
-0.00605759
-0.02713092
-0.12734824
0.00104035
-0.02010657
-0.00509274
0.01005506
-0.02421411
0.01265382
-0.13762812
0.19455869
-0.00173170
-0.03380674
-0.02494784
0.00208532
0.00726827
0.03113108
-0.00775541
-0.01951683
-0.00165976
-0.03851325
0.02774346
0.00564553
-0.02915246
0.00100480
-0.02389314
0.01284369
-0.01777334
-0.01366347
0.00188321
-0.01359556
-0.01094133
0.00966712
-0.02567687
0.04123035
-0.01122081
-0.02029988
0.00127495
0.02849040
-0.00180306
-0.01024922
0.03629212
-0.03268532
0.02857332
0.03381737
-0.01213318
-0.00986835
-0.07868873
-0.04620623
-0.00932587
-0.02327719
0.00404201
-0.04360468
-0.01960822
-0.01809703
-0.07242745
-0.05552054
-0.00755409
0.13996744
0.00999499
0.01889230
-0.03560633
0.01592439
-0.14478910
0.00334519
-0.01874902
-0.00734960
-0.01782757
0.05594671
-0.00881952
0.03837863
0.00129728
0.00002468
-0.01330062
-0.04331461
-0.00080063
0.03117510
-0.02126052
-0.00914902
0.17752326
0.03846907
-0.01087818
-0.01165533
-0.08295510
0.11287466
-0.05403446
0.00134194
-0.00786318
0.01571569
-0.04192621
0.03047306
0.03101330
0.03514750
0.02636655
-0.00405303
0.02192393
0.09922776
-0.00562319
0.07967322
0.01044907
0.00866628
-0.01053543
0.02724386
-0.11198211
0.10421311
0.00535934
-0.01792266
-0.01214961
-0.06715243
0.01606769
-0.01303997
-0.01339415
0.01929952
-0.03422301
-0.14025773
0.00423029
-0.00983465
-0.00558553
0.07158584
0.00725660
-0.06862937
-0.02949654
0.00123966
-0.04122080
0.01431620
0.02592638
-0.00073258
0.11439362
0.00982624
0.00936899
0.00803881
-0.03023911
-0.04326214
-0.02491756
0.00851201
0.01894797
-0.00539910
-0.01235770
-0.02151288
-0.63830966
-0.02874878
-0.02798075
-0.00475521
-0.00978788
-0.04735737
0.02650818
-0.00361154
-0.00015674
0.00109134
0.08732027
-0.03381439
0.02101714
-0.06606828
0.03193799
-0.01645089
0.01449920
-0.01570707
0.03854505
0.06355542
0.01125083
-0.01106048
-0.10208204
-0.03394702
-0.01324110
0.01703932
-0.01168389
0.02335077
0.03963079
-0.05116022
0.02640730
0.04681266
0.01708987
-0.01283922
0.02751561
0.02688049
0.07997277
-0.03466978
0.04837615
0.00181201
-0.14866325
0.00423230
0.00301904
0.03832529
-0.04949951
-0.04370643
-0.00834472
-0.05917345
-0.02977369
-0.03757270
0.03242533
-0.05109747
0.08418415
0.05327557
0.00962427
0.05655027
0.01508047
-0.05176320
-0.01620030
0.07714053
-0.00253719
0.08746756
-0.12185889
-0.00301210
-0.01040162
0.03249273
0.07961690
0.07382564
0.02363111
0.01268152
0.02436225
-0.01521782
-0.05630039
0.00400882
-0.01073291
-0.02325601
0.01120672
0.03277327
-0.01471956
0.00379094
0.00215227
0.90578198
0.02908643
0.01808295
0.05956510
-0.03276950
0.14848779
-0.00915596
0.03061832
-0.10286137
-0.05851573
0.02765829
-0.01526306
-0.05082920
0.04344932
-0.06767678
0.03122528
-0.11223207
-0.01704936
-0.02716257
0.00115687
-0.02959751
0.05327959
0.02747536
0.02631688
-0.02025620
-0.00869168
0.01412472
0.03689015
-0.04267587
-0.02502651
-0.00427441
-0.03831364
-0.03674636
-0.03678696
0.05848003
-0.00754841
-0.04896127
0.00341362
0.01245533
-0.04867982
0.05194239
0.07148686
0.00031970
-0.13616130
0.00359423
0.00014692
-0.07578553
0.03077643
-0.03038404
-0.00879283
-0.02335471
0.03546182
-0.07069219
0.03857087
0.01465710
0.04151069
0.06737282
-0.01086863
0.03558602
-0.04533032
0.01054555
0.02414182
-0.02454366
0.04271383
-0.01803385
0.00217206
0.09272198
0.03624773
-0.03306741
0.05065897
0.00143564
0.01631096
-0.02248575
-0.02315287
-0.01667069
-0.02332216
0.03068626
-0.00607360
-0.05055276
-0.05411474
0.04735150
-0.00328156
0.03611895
-0.02922908
-0.05242216
-0.00633292
-0.04077367
0.04408197
0.03368317
0.07435334
0.05618116
0.01170561
-0.02334301
0.05060783
0.02455564
0.07139032
-0.04501440
0.01458179
-0.04630716
-0.06189246
-0.13845143
-0.00735999
0.13226004
-0.01397701
-0.01427595
0.02401950
0.09766427
-0.02842167
-0.04640344
0.07062026
0.01477666
0.02000686
0.02950023
0.02616354
0.03908716
-0.02282755
-0.04527221
-0.02003550
0.03594607
-0.00422551
0.12239889
0.00057625
0.00668168
0.02648343
0.02901303
-0.02164774
0.09597442
0.07181494
-0.06579749
0.00659414
-0.00155003
0.03168684
0.06060629
-0.02140658
0.02185692
0.09460117
0.06421423
-0.05567110
0.00984849
0.03542751
-0.00778779
0.00729722
-0.00110836
0.05729493
-0.03463013
-0.12620726
0.00137051
0.01658613
0.04193385
-0.04245797
-0.01568588
-0.02006665
0.00586738
0.04940315
0.02759114
-0.03125114
0.01797256
-0.04862748
0.00677972
-0.00953790
0.00479068
-0.01641934
0.05813922
0.02428546
0.01903071
0.00102549
-0.06497723
-0.07423495
-0.01733730
0.07239915
0.00760111
0.02116597
-0.00911096
-0.06914541
-0.00793182
0.02973305
0.07373680
0.03363121
-0.04428409
0.08076355
-0.03988131
-0.00103796
-0.00801413
0.00248863
0.02013036
-0.03922442
0.05429920
0.03190576
0.01290487
-0.03213074
0.06977414
0.04953992
-0.00225690
0.00576574
-0.02897994
0.04030421
0.00422788
0.00767600
0.05695153
-0.04111484
-0.04882675
-0.00034270
0.02085512
-0.02287275
-0.01074511
-0.00226042
0.05308743
-0.02113010
-0.04126802
-0.02742141
0.00145576
-0.00972784
-0.07017330
-0.00589003
-0.09795318
0.04417155
0.10287052
0.01411099
-0.05825688
-0.04062771
0.05004168
0.05943302
-0.03250196
0.02774446
-0.00571946
-0.07826810
-0.08422257
-0.02793413
-0.04063941
0.01242635
-0.01650944
0.03632825
-0.05102407
0.05679431
-0.03815779
0.04759068
0.02337069
-0.00455390
-0.04570443
0.01098183
-0.00986864
0.03431127
0.01362750
0.00514382
0.10363483
-0.04102163
-0.03863490
0.01473116
-0.00468890
0.04023108
0.04485763
-0.01993455
0.04153475
-0.04279986
0.02071740
-0.01572087
0.04088226
-0.04551594
-0.00424181
0.02288929
-0.06527147
0.02523001
-0.02286986
-0.05319593
0.00489959
0.02199299
0.04581149
-0.01014943
-0.00508962
-0.07756107
-0.06117871
0.01220016
0.07369574
-0.02301049
-0.03893054
0.03956268
0.03007732
0.01705888
0.02008335
0.00541695
-0.00030507
0.00719056
0.01833328
0.01231609
-0.00788762
0.03845521
0.03350713
-0.05643472
-0.01982220
-0.01267731
0.01835667
0.00992086
-0.03038980
0.07360429
-0.00139659
-0.03349825
-0.04545394
-0.01059128
-0.07464740
-0.04386156
0.03800691
0.02744748
-0.01990607
-0.03176120
0.00269651
0.05050372
0.05878150
-0.02103980
-0.04955930
0.03158481
-0.02812733
-0.06708796
-0.12937364
0.01818924
0.03209851
-0.01999371
-0.01395919
0.05199479
0.03358855
0.03725965
0.00940598
-0.06354105
0.09996695
0.04287877
-0.04452638
0.01778810
0.07431607
0.02658702
0.04104033
-0.02502641
0.00439367
-0.00710340
-0.01249988
-0.01567726
0.04157132
0.07482125
0.04403727
0.01908401
0.02044450
-0.01358048
-0.05475409
-0.00015787
-0.01452529
0.02856324
-0.08554029
-0.00381170
-0.00249454
-0.04655989
-0.00138533
0.02969702
0.02862308
-0.01970490
-0.03372505
0.04165042
-0.02180095
0.07210378
0.07018234
0.06589009
-0.01723222
-0.02668736
-0.02545927
0.02177848
-0.01166744
-0.09058920
0.00759862
0.05578095
-0.00427766
0.06246741
0.00790473
0.05245614
0.07123602
0.02323639
0.01208168
0.02870860
0.01114092
-0.01639881
0.09083420
0.02019410
-0.01499705
0.00225558
0.04192599
0.12124095
-0.00816665
-0.06499054
-0.00949145
-0.07170006
-0.00125176
0.02220160
-0.05042769
0.00575361
0.05806044
-0.02035444
0.00028975
-0.03363772
0.03089855
0.03276895
-0.05573268
-0.05594913
-0.06604680
-0.03754279
0.04531159
-0.01648619
-0.04406079
-0.05330187
0.00681663
-0.02329470
-0.12399334
0.03732971
0.04837466
0.04824205
0.00436822
0.02842830
0.07260933
0.03718147
-0.02987652
0.10465359
-0.01894852
-0.03840458
0.07518661
0.04638393
-0.01878839
0.01006033
0.05562820
-0.05469590
-0.01317594
0.01477642
0.02041785
0.02348826
-0.00198345
-0.03427507
0.07925853
0.04333673
-0.05507156
-0.01590627
0.02629450
-0.06635834
0.13901342
-0.00390220
-0.01114709
0.04577786
-0.02273963
0.05548336
-0.01842432
0.03701061
0.00832260
0.07693838
0.02949414
0.02488220
-0.01654114
-0.01497966
-0.03111768
-0.08090138
0.01630363
-0.03733519
0.02619719
0.04514700
0.03047357
-0.05604339
0.05129469
-0.10910608
0.01777032
0.02387783
-0.03097963
0.04220026
-0.05430580
-0.01002391
-0.05237276
0.03178607
0.02186918
-0.02932597
-0.09223682
0.01015824
-0.04795522
-0.02676984
-0.03026749
0.04779892
-0.03951990
-0.03048315
-0.05057673
0.07974958
-0.08085594
-0.03075659
-0.10820781
0.02417860
-0.04207119
-0.02910141
-0.05076995
-0.01955790
-0.01523892
-0.01024252
0.00118387
-0.03927210
-0.02127829
0.01474013
-0.02039197
0.01080258
-0.01149656
0.04126091
-0.00423676
0.06093135
-0.00692497
-0.03859508
0.09148230
-0.02185989
-0.04218282
0.00413770
-0.05691456
0.01718397
-0.02064616
0.01670817
0.02115898
0.06450916
0.01581643
-0.03387593
0.00147412
-0.01207461
0.00111297
-0.01289754
-0.08431752
-0.00252892
0.08516172
0.12062979
-0.04327346
-0.00014946
-0.03939938
0.02288078
-0.03080663
-0.02540877
-0.01658149
-0.04894570
