0.02149280
-0.00845837
-0.07024912
0.04775511
-0.02159051
0.04226354
0.01792273
-0.00932172
0.02120908
0.02428172
-0.03371093
-0.02204114
0.02704510
-0.01601515
-0.01002438
0.01040426
-0.02281088
0.02139271
-0.08068187
0.00862376
0.00438190
-0.03303150
0.06530868
-0.03825956
-0.01638867
0.01839405
-0.02085921
-0.02233173
0.00043199
-0.00295725
-0.09912096
-0.02238007
0.00979018
0.00048400
-0.00963886
0.01346578
0.01563686
0.00551760
-0.03004544
-0.01151142
-0.02513480
-0.00890969
-0.01600122
-0.02673694
-0.01038843
-0.00325782
0.00384941
-0.01958137
0.01831852
0.01276814
0.01563334
0.09676469
-0.09812252
0.00718746
0.00239884
-0.01694827
-0.03170731
-0.00637058
0.38144439
0.05778761
0.01129722
-0.03908790
-0.02468110
0.02636300
0.02943323
-0.05065815
-0.00429277
-0.00132551
0.01066857
-0.04049406
0.02501237
0.01225863
-0.03034037
0.00751121
-0.02423893
-0.02003982
0.01134465
-0.00041283
-0.00044446
-0.10638691
0.00590940
0.00217036
0.01259584
-0.03836621
-0.07749027
-0.00165572
-0.03052677
-0.01364070
0.01297551
-0.01935316
0.00303561
-0.10848450
0.15099402
-0.00325119
-0.03050705
-0.01972693
-0.00542251
0.00000034
0.00601975
-0.00082956
-0.00223588
0.00612199
-0.04084730
0.01961092
0.00383987
-0.03619929
-0.01047758
-0.00510490
0.01386371
-0.02186597
-0.01897042
-0.01532399
-0.01887218
-0.02072788
0.00870721
-0.01693263
0.03872622
-0.01247908
-0.03346150
0.01165364
0.02751203
0.00806503
-0.01291893
0.02393784
-0.01736189
0.01066854
0.03508074
-0.01972792
0.00196570
-0.00892060
-0.03402336
-0.00519230
-0.00025774
0.00287593
-0.00746406
-0.03070102
-0.04656807
-0.04521516
-0.10000887
-0.00234001
0.09819858
0.02400431
0.01125684
-0.03436713
0.01229666
-0.15239866
-0.00518419
-0.02094982
-0.00454316
-0.00593354
0.04594075
-0.00232820
0.01829391
-0.02641137
0.00470093
-0.01368192
-0.03650815
-0.00396433
0.01871512
-0.00708706
-0.01031954
0.14264259
0.03325041
-0.02376497
-0.01002514
-0.06244833
0.08571456
-0.03170181
-0.00145849
0.01516254
-0.00361261
-0.03034056
0.01586538
0.01629146
0.02839282
0.03077411
-0.00253089
0.02384338
0.03545222
-0.00303150
0.04631243
0.01841457
0.02227264
-0.00496658
0.03382157
-0.17560743
0.10328963
0.02288903
-0.01875779
0.03279976
-0.02499925
0.00767585
-0.02072934
-0.00945007
0.03038151
-0.03498910
-0.08855172
-0.00443613
-0.05164234
-0.01889710
0.08367661
-0.00311386
0.00635948
-0.03768304
-0.01424754
-0.04004768
0.01401672
0.01928982
-0.00287583
0.09820295
-0.00615460
-0.00066840
0.02800165
-0.02050950
-0.03897404
-0.00160984
-0.01109132
0.02851601
-0.00603574
-0.00631230
-0.03174412
-0.69831383
-0.02382976
-0.01318858
0.00145437
-0.01583222
-0.04441938
0.00309556
0.00107098
-0.00669176
-0.01467260
0.05335583
-0.01481605
0.02221116
-0.06146844
0.01807558
-0.03322127
0.01478437
-0.02001581
0.02998842
0.03342761
0.02728301
0.03264436
-0.09655924
-0.02036178
-0.00205311
0.02393831
0.00719307
0.03123742
0.02928931
-0.03565582
0.03121333
0.03882209
0.01823998
0.00264597
0.03423555
-0.07637126
0.03725214
-0.04534158
0.05508055
-0.04152995
-0.11718745
0.04911389
0.10583699
0.05736595
-0.04983772
-0.00936798
-0.02051578
-0.03209868
0.03427522
-0.00378306
0.08408389
-0.03219975
0.09009001
0.02401454
0.02407391
-0.02059386
-0.00299898
-0.03521035
-0.03371729
0.10345148
0.04462510
0.10756091
-0.13355288
0.00998766
0.01465907
0.05053290
0.08241312
0.10321368
0.02461690
0.04623245
0.02050713
-0.05033844
-0.05699841
0.03315126
0.04228985
0.00022519
0.01621727
0.07222661
-0.09099670
0.04032693
0.01100397
0.87485284
0.03127554
-0.00750085
0.09946473
-0.02293834
0.11091917
-0.03727104
0.05608733
-0.13733329
-0.02451946
0.05710069
-0.03110019
-0.02050526
-0.01547924
-0.10110626
0.02120636
-0.09956553
-0.03972969
-0.04878179
0.01399053
0.00749387
0.06615523
0.00900416
0.04969702
-0.02589478
-0.03384362
0.04784569
0.02867085
-0.03552152
-0.02405786
0.01322822
-0.04695742
-0.04858811
-0.00726919
0.06176717
-0.00600851
-0.06393103
0.00198972
0.01576320
-0.04339880
0.04214692
0.06917778
-0.00386351
-0.12425518
0.06205537
0.02332154
-0.06869226
0.02343307
-0.03402182
-0.01202383
-0.02932627
0.00923474
-0.05402406
-0.01985022
0.02716801
0.05450061
-0.00812797
-0.04883237
0.05111581
-0.06491635
0.01705759
0.03357756
-0.02326749
0.03956983
-0.00656673
-0.00519565
0.09472609
0.05117275
-0.03025736
0.06261927
-0.00170513
-0.00912599
-0.00482164
0.00562957
-0.08251719
-0.02824330
0.01877095
0.03051935
-0.05350173
-0.06102324
0.02984246
-0.02828447
0.00819975
-0.03426114
-0.07016679
-0.02392341
0.00396887
0.03199834
0.05705165
0.04510728
0.00357640
-0.02080360
-0.03390269
0.05763715
0.03316943
0.08328222
-0.04483338
-0.01888278
-0.05190398
-0.02490569
-0.12931456
-0.01430442
0.10511752
-0.00116120
-0.01004315
0.00851844
0.03355818
-0.00129839
-0.05025000
0.07191698
0.01499711
0.00562148
0.00464526
0.03650919
0.04336308
-0.03469804
-0.03708795
-0.04519670
0.02273445
0.00129497
0.13425460
0.03712226
0.01457451
0.01573784
0.02885771
-0.00583760
0.11063431
0.09332775
-0.06919152
-0.00008796
0.03871877
0.04123401
0.04692699
-0.02900679
0.03866794
0.07662997
0.03493634
-0.07091782
0.01899914
0.04239848
-0.01109650
-0.00447714
0.00670711
0.04642294
-0.05065633
-0.08349308
-0.01239587
0.01920627
0.03693523
-0.02775515
-0.05243165
0.01079208
0.01911027
0.00783824
0.03668543
-0.02145556
0.02995744
-0.05939243
0.01332020
0.01449005
0.00691223
-0.01583964
0.03127751
0.02338048
0.01994098
-0.01508658
-0.01209220
-0.07043266
-0.01820027
0.06706406
-0.01454811
0.02705742
-0.05120808
-0.04182437
-0.02376097
0.00975737
0.06986036
0.03452078
-0.06953491
0.08768532
0.01859210
0.03348417
-0.03100156
0.01427550
-0.02388681
0.02009951
0.05748431
0.01608763
-0.01813882
-0.01045907
0.07799997
0.02423875
-0.00652978
0.01978602
-0.00726599
0.03620847
-0.01025229
0.00022028
0.08525511
-0.05537437
-0.07250100
0.01037687
0.01218617
-0.02618499
0.00120352
0.02916272
0.05056692
0.00975440
-0.01334849
-0.02838386
0.04031566
-0.02075114
-0.07617611
-0.00542660
-0.10289123
0.04072755
0.10986944
0.00799869
-0.06874476
-0.02398285
0.05821888
0.04491177
-0.01140430
0.06737274
0.00116379
-0.07862519
-0.03781606
-0.02994148
-0.06319519
0.01556677
0.04257358
0.02831187
-0.08066384
0.06334979
-0.03087168
0.02853320
0.02338699
-0.00317493
-0.05102051
0.00978016
0.01026087
0.03893669
0.03945238
0.01853721
0.04622872
-0.03728961
-0.02355655
0.04017682
-0.00988373
0.02013507
0.01014306
-0.06808724
0.07446240
-0.04022445
-0.01479288
-0.01787215
0.04326006
-0.03422364
-0.00465178
0.03904550
-0.07446110
0.05827768
-0.01158133
-0.07197774
-0.01956660
-0.02158797
0.03148112
-0.01626569
-0.02729764
-0.08365359
-0.06916966
0.00459983
0.04619147
-0.03195706
-0.01421722
0.02178930
0.06796890
0.01501431
0.01848078
0.01533409
-0.03166612
-0.00884418
-0.00751412
0.01661552
-0.02507508
0.03358417
0.05857673
-0.03929080
-0.01809846
-0.00877127
-0.00169040
0.02943294
0.00289011
0.06637070
-0.00576616
-0.04155083
-0.05997106
-0.00192850
-0.08161027
-0.02296477
0.02997491
0.01685014
-0.02644894
-0.02501039
0.01078895
0.04484928
0.07112715
-0.00553502
-0.04439291
0.02439802
-0.02560800
-0.06158984
-0.10435434
0.02143334
-0.01968018
-0.04596009
-0.01615357
0.08515707
0.05674761
0.01126957
-0.01419052
-0.06745917
0.10139471
0.04562754
-0.03201058
0.03151778
0.07599051
0.00823001
0.03809661
-0.03986097
0.01543705
-0.02491671
0.01634461
-0.05371046
0.04726896
0.06480306
0.04505722
0.03486271
-0.00229209
-0.00664566
-0.04806760
0.01076419
-0.02894265
0.01220940
-0.07399102
0.02946840
-0.02197468
-0.01955685
0.00006836
-0.02693391
-0.00323482
-0.02235169
-0.05807603
0.03847418
0.00735137
0.09072001
0.07366185
0.05085194
-0.02754178
-0.00073142
-0.04086285
0.01056681
-0.00815230
-0.08543026
-0.01692401
0.00773211
-0.01118877
0.07492697
0.01051676
0.05796600
0.11193438
0.04709793
-0.00584950
0.02665448
0.01250157
0.01326304
0.07444042
0.03421095
-0.01523279
0.00977599
0.00004040
0.08862870
-0.03336194
-0.06192919
-0.01839469
-0.05609082
0.02939438
0.03238706
-0.02003885
-0.00063563
0.02135739
-0.02660793
-0.01442939
-0.03822438
0.06405134
-0.00930590
-0.06051914
-0.04671121
-0.07301041
-0.04272660
0.07990851
-0.00018659
-0.02600158
-0.02715353
0.02668328
-0.00547119
-0.07499614
0.03984332
0.04820477
0.03875945
-0.00977817
0.04189250
0.07371633
0.04573466
-0.04306275
0.10159893
-0.05543047
-0.01526394
0.04824037
0.06541774
-0.00603441
0.00949078
0.04465633
-0.04178849
-0.03758393
0.03072295
0.04501811
0.00880245
-0.00302865
-0.02224174
0.07346965
0.03897035
-0.03386609
0.02830865
0.01423771
-0.06719346
0.11684940
-0.00001182
0.00341829
0.04485695
-0.02435318
0.04780569
-0.01378025
0.00309337
0.02058259
0.07471234
0.03826268
-0.01173605
-0.00730746
0.02334688
-0.01380896
-0.09808321
0.01757549
-0.08652637
0.02579371
0.03318458
0.03568679
-0.08305468
0.04771244
-0.10360767
0.02158681
-0.00029706
0.03152712
0.03758616
-0.02319128
0.00005240
-0.02706276
0.02619392
0.01385600
-0.02727350
-0.10552031
-0.02588192
-0.07490575
-0.02514820
0.00190587
0.05089772
-0.01678036
-0.06474805
-0.05186987
0.08756419
-0.07927353
-0.02652471
-0.08511192
0.02779990
-0.02884211
-0.02216892
-0.04346029
-0.02953655
-0.00125997
-0.00466039
-0.00900587
-0.03070868
0.01392981
0.04252927
-0.00925081
-0.00181542
-0.00329172
0.05116493
0.00618147
0.04303721
-0.02758547
-0.01889427
0.07179493
-0.03116053
-0.06648514
-0.00864778
-0.04628427
0.05084867
-0.03691732
0.02829084
0.00740520
0.03011284
0.01528888
-0.04214798
-0.02963812
-0.00598312
-0.01190271
0.01113738
-0.06305050
-0.00177945
0.09426475
0.11340291
-0.05537262
-0.00497076
-0.01544015
-0.01464172
-0.01164952
-0.05823680
-0.05267494
-0.05031963
