-0.01919406
-0.01196893
-0.04814909
0.03228842
0.00092123
0.01038819
-0.01575922
-0.03703820
-0.01197200
0.00925398
0.01241916
0.00512882
-0.00565221
-0.03846885
-0.02665044
0.01439740
-0.02130606
0.00955918
0.01671928
-0.00486071
0.00311019
-0.02055970
0.06531033
0.02676643
0.00699274
-0.03193646
-0.03393488
-0.00329093
-0.00433829
0.01213780
0.00904482
0.00168876
0.01538028
-0.02402076
-0.01707318
-0.00178535
0.05882902
-0.00465936
0.01890036
0.05238857
0.02193366
0.02059292
0.04967946
0.00135076
-0.00660260
-0.00244173
-0.04552561
-0.03112840
-0.00081825
0.02035849
0.03405019
0.07611164
0.03362335
-0.00667238
0.01609555
0.00801267
0.02452177
0.00675994
0.44418931
0.06221056
-0.01398437
0.00899578
-0.01317212
0.00172004
0.01251975
0.01913843
0.01492652
0.00286699
-0.03905080
0.00344325
0.01559316
0.00593281
-0.02482974
-0.00424364
-0.04452331
0.00799449
0.00147740
-0.06145164
0.01070523
-0.16560562
0.01644722
-0.00790079
0.00067638
0.00507355
-0.02815312
-0.00876067
-0.03699529
-0.03704792
0.01152257
-0.01515260
-0.01688335
-0.03520247
0.06250743
0.00754319
-0.01747299
0.02296634
0.00326444
-0.04754035
0.03261930
0.04802299
-0.01166936
-0.01226772
-0.05109017
-0.00160245
-0.00451400
0.02608438
0.04346275
0.01722895
-0.00188877
-0.01881852
0.03281152
0.02095408
0.02837084
0.00600462
-0.01267833
-0.00408215
0.05256851
0.00344370
-0.01815283
0.01241353
0.03057391
0.02288578
0.01474325
0.01087409
0.00483277
-0.00237445
-0.00605700
-0.00357716
-0.00325233
-0.00273798
0.04019897
0.00116222
0.01955460
0.01355970
-0.05539678
0.00297378
0.06984048
-0.00906846
-0.02420167
0.01805796
0.05336178
0.01253648
0.00080963
0.02778133
0.02130343
-0.10497808
0.00406969
0.00540590
-0.01301825
-0.00494782
0.09176309
0.01269352
0.01109019
0.04274600
-0.00757975
-0.01268880
-0.00564477
-0.02425469
0.03661889
0.01388047
-0.01277586
0.08070409
-0.03371423
-0.02155847
-0.01147130
0.02727074
0.04565174
-0.02857770
0.01444964
0.00018186
0.00540724
-0.03867738
0.01795621
0.01743303
0.02685406
0.01803817
-0.00784313
0.03059699
0.01175863
0.01688350
0.03037090
0.01104489
0.00968071
-0.01620966
0.07705373
-0.16357133
0.22794652
0.03987190
-0.00792678
0.01092572
-0.07709266
-0.01717473
-0.02109927
0.02798514
-0.04406022
0.00575752
0.03209040
0.02750920
0.06570823
-0.01198940
-0.03991512
-0.00484017
0.09467801
0.03654273
0.02970074
-0.02867570
0.01685712
-0.00370346
-0.04380494
0.05221669
0.02213184
-0.01079278
-0.00777698
0.00381400
-0.01792131
-0.03323733
-0.00641486
0.02863785
0.00854019
0.02108468
0.00318619
-0.68363601
0.00422771
0.00027266
0.01594110
0.00484005
0.08192351
0.00822007
0.03761938
0.02699871
-0.01447967
0.05601012
0.01901313
-0.00554158
-0.07319354
0.02088214
0.04707267
-0.00465532
0.00680557
0.00540191
0.02487546
-0.02390687
0.03462185
-0.02068430
-0.02363225
-0.04974009
0.03117392
-0.04025919
0.04329450
0.05320679
-0.03351943
0.03022732
0.04784302
0.04073687
-0.01311897
0.03339126
0.20185547
0.02068934
0.04941924
-0.05665051
0.06462621
-0.06404582
0.06554429
0.06550517
-0.05714083
0.15158568
0.16055682
0.06072495
-0.03012642
0.07661042
-0.06595851
0.21795380
0.09389732
0.03844466
0.03631689
0.04047511
-0.13441776
-0.01043529
0.00780489
0.11684795
0.04198504
-0.04541767
0.10555743
-0.11551212
0.05926792
0.05951064
0.19535597
0.16740777
0.02434340
-0.07069226
0.14472598
-0.02824085
0.08053343
0.03998709
0.09597855
0.07367114
-0.12354702
0.00226877
-0.14892045
-0.11971840
0.08244365
-0.02272497
0.63822967
-0.10151646
-0.07384926
-0.11885364
0.02604676
0.05742697
-0.22332728
0.04868408
0.04797151
-0.09522360
0.02819502
0.03792217
-0.16045141
-0.11758892
-0.01691986
-0.08222625
0.10820156
0.02737216
0.00212521
0.00769231
-0.01472187
0.04901485
0.06138308
0.00771644
0.01719400
-0.03390243
0.00807696
0.01537506
-0.02817158
0.02041792
0.05060997
0.04584819
0.03488902
-0.05793998
0.04110681
-0.01057778
-0.00694249
0.04310065
0.03947594
-0.06930604
0.07240745
0.05276541
-0.02175217
-0.11345820
0.03505244
-0.03890690
0.02448782
0.06392080
-0.02938003
-0.01272274
-0.04878636
-0.00974742
-0.03808836
0.05342800
0.02692488
0.09533399
0.02010992
-0.03805954
-0.02742320
-0.00315507
0.01196596
0.02119576
0.00576583
0.03830047
-0.00474963
-0.00393285
0.02812333
-0.01269340
0.05964439
0.10187406
-0.04288010
0.02857202
-0.03265710
-0.05657714
-0.03714235
-0.00129891
-0.03467428
0.00070282
-0.04776195
-0.06064973
0.01029007
0.02794936
0.00279539
0.02723843
-0.00834587
0.01628271
-0.02343928
0.03789618
0.03264850
-0.02453209
-0.05056722
-0.00573036
-0.00240536
-0.03245966
0.09772599
0.04435537
-0.05209426
-0.04531556
-0.08070759
-0.03689222
-0.05943222
-0.01614666
0.12861867
-0.00697253
-0.01109569
0.00109930
0.04777884
-0.03047712
-0.07069350
0.01014625
0.05007563
-0.01671693
0.03056423
0.02326188
0.02830832
-0.04108235
-0.12144241
-0.06241977
-0.03645843
0.04396643
0.03661883
-0.01046635
0.07319137
-0.02368954
0.00325566
0.02682908
-0.01178026
0.10950250
-0.02506015
0.05231149
0.01497604
0.02302403
0.01131108
-0.05491826
-0.00174243
0.01170366
0.03770324
-0.01151988
0.03955886
-0.03580849
-0.02807523
0.00490406
-0.08582473
-0.00679647
-0.00749540
-0.07728408
0.02763124
0.00882331
0.02869807
0.01901737
0.03174592
0.00990534
0.00979167
0.02351698
0.01595153
-0.01388480
0.09101482
-0.04219326
0.03653177
0.01727665
-0.00551917
-0.05684236
0.02306289
0.02491370
0.01731568
-0.02647899
-0.02532499
-0.06989151
0.01062415
0.07472047
-0.05504552
0.03676964
0.03059459
-0.03495635
0.01884972
-0.04515764
0.05771272
0.08639407
-0.01577058
0.06949608
0.01794285
0.00418013
-0.02907136
-0.00610424
0.03598810
0.05720855
-0.02132287
0.04882107
0.01426274
-0.06237633
0.05704771
0.07559912
-0.04218195
0.02860399
-0.03904701
-0.00517197
0.05915854
-0.00035423
0.11162709
-0.01108177
-0.09573732
-0.00895587
0.00187280
-0.04833352
0.00786098
-0.09754796
-0.00502292
-0.03922389
-0.00931450
-0.06155518
-0.05405723
-0.02793788
-0.06688934
-0.00472238
-0.02780272
-0.00052957
0.09205136
0.03061039
-0.01374145
-0.00572105
0.08075108
-0.03380260
-0.02897136
0.00477129
-0.03282959
0.02796278
-0.07141969
-0.02725522
-0.05503991
0.04127068
-0.05518759
0.02011891
-0.05702398
0.04813730
-0.01223694
0.02369578
0.01885130
0.02525435
-0.05511075
-0.04152798
-0.01967798
0.03641386
-0.02200833
0.07397758
0.07655711
-0.01890811
-0.02805851
0.01179103
0.00702790
-0.03492920
-0.00508917
-0.00575055
0.05869894
0.02049181
0.06731426
-0.00589928
0.00860831
-0.01113188
-0.02621071
-0.01674865
-0.10511019
0.02461887
-0.01881189
-0.11674570
0.03009907
-0.04073059
0.05155047
0.01302043
-0.02874576
0.01627394
-0.10174921
0.03690515
-0.01136103
-0.03578236
-0.00353630
0.00197003
0.01073478
0.01303120
0.00656241
0.02641379
0.00779102
0.00888769
-0.02012004
0.08322871
0.03069642
0.06485997
0.04478063
-0.05510025
0.03288953
-0.02706674
0.00454213
0.02488790
0.06671214
0.02392069
0.01158888
-0.03888065
-0.05143116
0.01321793
-0.08949169
-0.00986601
0.00117611
0.02279838
-0.03268710
0.00463788
0.04379962
0.02810325
0.06521975
-0.00290101
-0.07858685
-0.02954945
0.06573566
-0.05514171
-0.04711827
-0.02368556
0.03430048
-0.05895801
0.00235506
-0.00910154
-0.02285454
0.01241017
0.01258455
0.01694406
0.09444625
0.03890208
-0.00264912
-0.00172409
-0.01005098
0.07050060
0.03726107
-0.07405161
-0.02129102
0.01640454
-0.02626503
0.05075470
-0.03855676
0.03181076
0.10403329
-0.03504774
-0.06734540
-0.00010968
0.00239379
-0.00189410
-0.03948701
0.01205425
-0.04401540
0.00379196
-0.03264036
-0.06262147
0.02050499
0.10768396
-0.02326685
-0.01263635
-0.01942552
0.00076200
-0.11013751
-0.02847926
0.07949375
0.03440079
-0.04952184
-0.00685925
-0.05022279
-0.03869139
0.04816183
-0.05420313
-0.01503290
0.05961943
-0.00056050
-0.02472625
-0.00322223
-0.01637389
0.10360125
0.00077210
-0.05515729
0.08211949
0.02126689
0.01700266
0.06776939
0.04159283
-0.01756519
-0.02784622
0.01018382
0.08084486
0.06234311
-0.03859292
-0.00730260
-0.06044538
-0.00452016
0.00715134
-0.01189823
-0.03272788
-0.04311725
-0.02153004
0.02364033
-0.02965911
-0.00901804
0.05533192
-0.05013043
-0.08520408
-0.02739223
-0.03856716
0.11212405
0.00548675
-0.09938186
0.00797370
-0.02391973
0.05983227
-0.10102695
0.02262079
-0.07186972
0.04997155
-0.00165653
-0.01426860
0.00367182
0.02867859
0.00326789
-0.05973007
-0.05419096
-0.00499392
0.10368105
-0.07739726
-0.03286811
0.07523414
-0.01443582
-0.09999873
0.02288763
0.01038621
0.03294712
0.04011737
0.01270438
-0.01225861
-0.04699968
-0.00705814
-0.05860231
0.07583600
-0.01197528
-0.09942069
0.02767854
-0.02093931
-0.02074752
0.05759775
0.00611484
-0.01545916
-0.02905265
0.06059431
0.00264493
0.07870858
-0.07176688
0.03233342
0.03934294
-0.03073528
-0.01226407
-0.02550079
-0.01368074
-0.07350819
0.02656357
-0.02148917
0.03659791
-0.04451137
0.00592445
-0.02082242
0.00763896
0.03117830
0.01889923
-0.04459741
-0.00892209
-0.00985792
-0.05480793
-0.02742565
0.04461562
0.00494692
-0.00536769
0.02457791
0.00372807
0.02879734
0.00808031
0.05353819
-0.04999866
-0.01044413
0.04273155
0.06352188
-0.00843351
-0.06510624
0.01866519
0.00366447
-0.06197456
0.00410193
0.00056007
0.00685860
-0.03543212
-0.02739581
-0.02191699
-0.01501650
0.03052407
-0.04708463
-0.00689518
0.01967028
-0.05559676
0.07459266
0.02292687
-0.10096822
0.00255173
-0.03843875
0.03194714
0.03486459
-0.02944360
0.02034130
-0.08928292
0.05588733
-0.06894803
0.04562372
-0.03124231
0.03749188
0.04000996
0.00486533
-0.01745842
-0.00532718
0.02777460
0.01985227
0.03612728
0.02620245
0.08792175
0.07061922
0.00007985
-0.04662031
-0.05320888
0.06204072
0.02029889
-0.02336844
-0.00725813
-0.06780307
