-0.01989189
-0.01168895
-0.06951392
0.08562364
-0.04389651
0.00627423
0.00538861
-0.03129752
0.06537628
0.04518984
-0.01102658
-0.01356289
0.04090821
-0.00010086
-0.00082078
0.03172156
-0.00956848
0.03404404
0.05363092
0.00364898
-0.02497818
-0.05115921
0.11938616
0.01744660
-0.02634450
-0.02887586
-0.06063066
-0.02799855
0.02956043
-0.01799642
0.02886096
-0.02105559
0.01765534
-0.00706294
0.01034447
0.00522643
0.03654591
0.02204723
0.00308064
0.02250751
0.00204986
0.03165723
0.04574177
0.00235550
0.00238173
-0.00317751
-0.04873412
-0.02091040
0.01729957
0.02087376
0.02585213
0.16655639
-0.00329021
0.00134261
-0.00376365
0.02311973
-0.01464237
0.00105841
0.31693691
0.11797048
0.02457473
0.00431753
-0.05044743
0.03490560
0.03226802
-0.04441039
0.05517961
-0.02016954
0.02035471
-0.03024230
0.04428823
0.00845526
-0.01414170
-0.02268776
-0.02077999
0.02772345
0.03793039
-0.03181397
0.00840593
-0.16138817
-0.00644628
-0.01241424
-0.02502115
-0.02570563
-0.05721961
0.01275108
-0.00402623
0.01551841
0.01180734
-0.04461777
0.01828367
-0.09431206
0.12029476
0.01583127
-0.01830824
-0.01854879
-0.01907005
0.01452969
0.06574699
0.03134235
-0.05273366
-0.01469328
-0.04750839
-0.00313141
-0.01829763
0.00880025
0.02449693
-0.00016925
0.00816627
-0.00106598
-0.00153575
0.00800474
0.00245107
-0.03914940
0.01608131
0.00870936
0.07987932
0.02464603
-0.03382272
-0.01946866
0.03146145
-0.01914762
0.02965417
0.02408311
-0.03510137
0.02057541
-0.02114298
0.00392165
0.01209489
-0.05920259
-0.02984604
-0.02958561
-0.00751230
0.00577686
-0.05336105
0.02126761
0.02520043
-0.06463394
0.00469248
-0.01261898
0.02292237
0.01068817
0.00936667
-0.06057965
0.03529222
-0.10888448
0.02273519
-0.00797124
0.00250862
-0.00320165
0.09403982
-0.05388894
0.03995628
0.03277716
-0.00479684
0.01760403
-0.03412361
-0.01067733
0.04362572
-0.01435320
-0.02659688
0.10928774
0.00885825
-0.02849396
0.00338925
0.00185755
0.13872783
-0.07484502
0.02701366
-0.01493145
0.01507877
-0.04878423
0.02822475
0.03118583
0.03722171
0.03821391
-0.03266612
0.02437322
0.10099801
0.00511465
0.05953297
-0.00238873
0.01012676
-0.00265684
0.04968499
-0.08091077
0.14968956
0.01186296
-0.03482728
-0.04233903
-0.06478853
-0.00622243
0.02679401
0.01248901
-0.03369196
-0.02126473
-0.08664700
0.01516795
0.00374598
0.03460455
0.00861283
-0.02120927
0.00511566
0.00285306
0.02403921
-0.04843168
0.02130787
0.00420159
-0.02743191
0.10580722
-0.01534200
-0.02690588
-0.01189270
0.00340419
-0.00789429
-0.06785280
0.02300140
0.01854285
0.00929650
0.00950730
-0.00531305
-0.68322814
-0.00096949
-0.01606296
0.04202968
0.03509384
0.01451918
0.02696809
0.03166103
0.00180704
-0.01625211
0.10027232
0.01912998
-0.02153458
-0.04889165
0.00549764
0.00163242
0.00256196
-0.00523396
0.01058380
0.03423215
-0.01525836
-0.03972958
-0.07508647
-0.02542617
-0.02948816
0.00971226
-0.02415254
0.04297784
0.03127110
-0.01822140
0.01636746
0.03046048
0.02907885
-0.01741354
0.01280795
0.16557254
-0.06903261
-0.03147499
0.05389601
0.01445095
0.04960859
0.03735662
-0.01298987
-0.04561865
-0.09765735
0.27514344
0.11510552
0.02578660
-0.11215828
-0.03782378
0.05318568
0.09939072
0.03320030
-0.00264056
0.06799600
-0.03555236
-0.00302790
-0.03339951
0.08540790
0.00163721
-0.08639590
0.08051941
-0.05637177
-0.03788653
-0.01209814
0.15921408
0.00027672
0.00122440
-0.00946917
0.06588529
-0.02198666
0.04174217
0.16391674
-0.08117965
-0.02050804
-0.13028362
0.02779920
-0.05917070
-0.05071850
0.04714883
-0.00816507
0.76804203
-0.07906773
-0.02432168
-0.14321923
0.12384783
0.07888356
0.03116917
0.00648854
-0.04239093
-0.04979976
0.14062047
-0.03286593
-0.09971598
-0.11560856
-0.06277611
-0.09725296
-0.04141488
-0.04736007
-0.03637772
0.03645547
0.02627551
0.04775123
0.03877179
0.04623811
-0.03629103
0.00900953
-0.00247956
0.03707812
-0.03169948
-0.00905373
0.00239329
-0.07185075
-0.01690613
-0.03149669
0.04412819
-0.01527919
-0.04396569
-0.00825309
-0.01233723
-0.03294874
0.01821773
0.03871869
0.03335898
-0.10651425
0.02528031
-0.02933773
-0.06651895
0.04315832
-0.05389577
0.03482923
-0.02577596
0.04598747
-0.08782487
0.04990631
0.00643631
0.03428666
0.04496252
-0.03819542
0.05955818
-0.08858820
-0.00186789
0.03301252
-0.02315215
0.03427302
-0.01330405
-0.02018749
0.04355689
0.01726492
-0.05640882
0.06602566
0.01512011
-0.00336264
0.00096245
-0.04074863
-0.07695103
-0.03773217
-0.00127637
0.01400409
-0.01843481
-0.04293644
0.00547864
0.01099996
0.05919460
-0.05128717
-0.05775607
0.01075221
0.00934600
0.02851467
0.06391861
0.07078819
0.10095947
0.00494383
-0.01361189
0.02783872
0.05093702
0.03140461
-0.04658508
-0.01090712
-0.05212625
-0.04801896
-0.09389602
0.00169921
0.11877327
0.03050579
-0.00838635
-0.00184894
0.11696825
0.03384973
-0.05713940
0.06639151
0.00236433
-0.01797032
0.02189957
0.00282570
0.02345971
-0.03158976
-0.04940287
-0.01314667
0.02380509
0.03146777
0.12593091
0.03256785
0.01995865
-0.00808985
0.02041180
-0.01618248
0.07587390
0.07170313
-0.03811716
-0.01655579
0.02989013
0.00362782
0.03999454
-0.03385508
-0.00756934
0.07940311
0.06757869
-0.04115538
-0.00439799
0.04061479
-0.00152239
-0.02972599
0.00986303
0.02660236
-0.02954779
-0.09239447
0.03579358
0.03615176
0.02825546
-0.01669348
-0.00979195
-0.03246525
0.01996811
0.03074137
0.04806893
-0.02546164
0.03004230
-0.04609236
0.01771756
0.01747477
-0.03960449
0.00655938
0.06777985
0.03075616
0.04188451
0.01638970
-0.04686823
-0.06786373
-0.02124871
0.08018231
0.02872365
0.00918877
-0.03484752
-0.05271968
-0.01523798
-0.00651902
0.10327064
0.02571503
-0.07273763
0.04450205
-0.05403950
0.01429323
-0.01087626
0.02929941
0.00734866
-0.04080754
0.06707097
0.02889323
0.03378079
-0.04061801
0.05634548
0.07614446
-0.03371866
-0.00760372
-0.03665642
0.05038366
-0.03803500
0.02978932
0.04450108
-0.03516233
-0.03375655
0.03762766
0.01603564
-0.00426574
-0.00594222
-0.01914480
0.01957412
-0.00828080
-0.02098543
-0.02924527
-0.00954489
-0.03716831
-0.04736629
-0.01303011
-0.09581978
0.04128634
0.09072144
0.01944643
-0.05291919
-0.02136944
0.04106895
0.06153317
-0.05472045
0.05097785
0.03341202
-0.07587747
-0.13077430
-0.04718646
-0.05270870
0.00296985
0.00567658
0.07138681
-0.06566427
0.06501029
-0.03723285
0.01964990
0.00006824
-0.03050919
-0.03292222
0.00168925
-0.01144790
0.03216119
0.00371737
0.00720051
0.12120164
-0.03933069
-0.00143423
0.02483540
-0.01738260
0.02602674
0.03799896
-0.05025787
0.05545194
-0.03359811
-0.00010821
-0.04021068
0.04673424
-0.01142714
-0.02470939
0.00972550
-0.07549095
0.05928699
-0.01366943
-0.05432757
-0.01134354
0.03168663
0.03274121
0.01919713
-0.02892892
-0.06663674
-0.03305964
0.01159084
0.05857831
-0.05167699
-0.08416948
0.03260294
0.05028974
0.02617360
0.01956916
0.03863470
-0.00775484
0.01276175
-0.00283833
-0.01614738
-0.01624557
0.05307312
0.03638683
-0.06495975
-0.01461411
0.00882933
0.01823456
0.01894338
-0.07266524
0.06766438
0.02263596
-0.04506519
-0.03626324
0.02467403
-0.04738452
-0.04906170
0.00098823
0.03104432
-0.04362489
-0.03217234
0.00273502
0.05569503
0.02831108
-0.01461194
-0.02439773
0.01574029
-0.02946415
-0.02767750
-0.07367785
0.02826825
0.03651479
0.00976767
-0.00168891
0.04373689
0.05567033
0.01506202
-0.00531233
-0.06207466
0.08720439
0.06656931
-0.00639183
0.00604499
0.06006998
-0.00573121
0.01644488
-0.01161121
-0.01006218
-0.01873643
0.01508017
-0.03726817
0.06555346
0.05550803
0.03076747
0.04994194
0.02462169
0.00164819
-0.04590591
-0.01457197
-0.04328030
0.02970431
-0.05933113
0.01604694
-0.02854293
-0.01286396
-0.00187160
0.01215396
-0.00561042
-0.01660478
-0.04054037
0.01993523
-0.01000523
0.08148587
0.03641407
0.02810061
-0.01196779
-0.01289173
-0.05533198
0.03032701
-0.00639611
-0.10844928
0.03596129
0.01451651
0.02042700
0.06383553
0.02474361
0.04028414
0.08310701
0.05976126
0.02643320
0.01483459
-0.02693442
-0.01639594
0.08092247
0.00081096
0.01978086
0.02322786
0.03729983
0.12270970
-0.01942392
-0.05964479
-0.00561595
-0.08110736
0.00580803
0.02688875
-0.03694059
0.02985769
0.07577140
-0.00171074
-0.04409764
-0.03519882
0.04881890
-0.01064716
-0.00331115
-0.05436085
-0.04338046
-0.04705557
0.02295628
-0.05046794
-0.04478199
-0.03095433
0.02521189
0.04770059
-0.08715621
0.03047243
0.06544769
0.04975819
-0.02462629
0.05546517
0.07638946
0.01886967
-0.04700093
0.06659392
-0.03075360
-0.03340825
0.06150221
0.04682994
-0.03247363
0.01443991
0.04351730
-0.08594603
-0.03306026
0.03979095
0.04389168
0.01261073
0.03415572
-0.05553769
0.07772540
0.08173704
-0.06229518
-0.02587151
0.01038624
-0.03110972
0.10588591
-0.03427276
0.00982310
0.02457959
-0.01491211
0.06278329
-0.02871045
0.00184623
0.00650553
0.03541325
0.03342451
0.00530496
-0.00796887
-0.00234135
-0.04272384
-0.07007664
0.03940772
-0.02220536
0.03064625
0.03850890
0.04097171
-0.04525501
0.02732782
-0.07635307
0.04140039
0.00652939
-0.00318685
0.07421006
-0.05227090
-0.01491218
-0.03349093
-0.02971983
0.02368351
0.02585658
-0.11473250
-0.02006158
-0.08942925
-0.03030760
-0.03044916
0.03486513
-0.03420963
-0.05554705
-0.04204738
0.10392277
-0.06934685
-0.00547426
-0.09332114
0.02518922
-0.00070563
-0.04966458
-0.07103608
-0.01557564
-0.02020438
0.02293572
-0.00518991
-0.01897680
0.01413587
0.04911654
-0.01397203
0.02596311
-0.01337754
0.02060898
-0.00831593
0.06103242
-0.00573192
0.01373444
0.06724486
-0.02052671
-0.06750977
-0.01632816
-0.06805335
0.04166820
-0.02320313
0.01626707
0.00370897
0.08559766
-0.00797300
-0.04922542
-0.01888920
-0.00440234
-0.01793769
0.02091748
-0.12218704
0.01713929
0.08061943
0.11812650
-0.01466823
-0.02381373
-0.02458027
0.00305826
-0.03628320
-0.04350821
-0.02425223
-0.04512639
