-0.01015144
-0.01598154
-0.08267104
0.07783960
-0.03852401
0.03160750
0.00675090
-0.02370186
0.04248752
0.03885881
-0.01843875
-0.00863888
0.03531615
-0.01133781
-0.01171988
0.02779276
-0.01792648
0.04560021
0.00323487
0.00081702
-0.01431820
-0.06297103
0.12623179
0.01517578
-0.01685433
-0.03311291
-0.06087514
-0.02010820
0.01710513
0.00421242
0.00241692
-0.01540184
0.01816630
-0.01366230
-0.00537823
-0.00300730
0.04029743
0.01927527
0.00432860
0.04044636
-0.00431783
0.01977943
0.02113998
-0.00476426
-0.00006154
-0.00738708
-0.03413871
-0.03073046
0.00969258
0.02058683
0.03288041
0.14495566
-0.02485755
0.00153540
0.00276638
0.01966113
-0.01302722
-0.00050659
0.35138050
0.11009407
0.01543873
-0.00411797
-0.05004672
0.04124977
0.03451945
-0.04400705
0.03189902
-0.01477920
0.00206773
-0.04206879
0.03986591
0.01774570
-0.02566780
-0.00504688
-0.04996455
0.01619608
0.03471223
-0.04498440
-0.00194279
-0.16504189
0.00061395
-0.00078056
-0.00845254
-0.02251574
-0.07513034
-0.00047011
-0.01681204
-0.01738263
0.01680832
-0.03395951
0.00334292
-0.10809918
0.14238685
-0.00327900
-0.02086756
-0.00877148
-0.01375304
-0.00376590
0.05516659
0.02655232
-0.03336349
-0.01112875
-0.04265379
0.00657234
-0.00130604
0.00596939
0.02939131
0.00264328
0.01032800
-0.00488114
0.00110931
0.01140227
0.02309549
-0.01467138
0.00982866
0.00081449
0.07685143
0.00939916
-0.02607488
-0.01180456
0.03395689
0.00221622
0.01310270
0.03162685
-0.03350218
0.01206454
-0.00495654
-0.00231215
0.01211669
-0.05272153
-0.01141693
-0.01461528
-0.00311377
-0.00408052
-0.05204485
-0.00761165
0.03367228
-0.06835075
-0.04466236
-0.00156487
0.08438297
0.01189454
0.01491294
-0.03262749
0.03123127
-0.13296792
0.01272491
-0.00483455
-0.00817268
-0.00125261
0.09256548
-0.03004318
0.04532463
0.02461311
-0.00264568
-0.01296131
-0.02983082
-0.01680104
0.04207243
0.00140321
-0.02510553
0.15171152
0.00228949
-0.02712286
-0.00503416
-0.02672722
0.11348606
-0.06161929
0.00878057
-0.00654699
0.01574022
-0.04684589
0.02743403
0.03761413
0.04176304
0.04148151
-0.00805024
0.01666846
0.07498123
0.00017505
0.06815210
-0.00196107
0.01140049
-0.00937455
0.06522831
-0.14570849
0.20455885
0.01775304
-0.02581457
-0.01567265
-0.08870964
-0.00970628
-0.00018690
0.00923596
-0.02187766
-0.02928931
-0.08063281
0.01315570
0.01114763
0.02067217
0.01734611
-0.00872956
0.02902287
0.00923259
0.01512146
-0.04243902
0.02031719
0.01496343
-0.02536211
0.11775436
-0.00312515
-0.00696430
-0.00556392
-0.01011764
-0.01813451
-0.05098822
0.00594803
0.02830991
0.00258114
0.00719533
-0.01194750
-0.63839734
-0.00893441
-0.00958762
0.02828461
0.01607132
0.01698931
0.03123069
0.02727841
0.00575407
-0.00768240
0.09509753
0.00408216
-0.00096522
-0.07787957
0.02284758
0.01130788
0.00298928
-0.00245246
0.01391194
0.03646934
-0.02198930
0.00580028
-0.07925719
-0.03390565
-0.03040724
0.02531969
-0.03622188
0.04876438
0.06177670
-0.02459284
0.02169364
0.04782387
0.03377643
-0.00973498
0.02294563
0.01560350
-0.01712358
-0.05738080
0.05365228
0.00416186
-0.07266463
0.09127664
-0.03238993
0.03597902
0.13857687
0.05273714
-0.02110426
0.05031956
0.13469663
-0.03110820
0.10068027
-0.00594547
0.07337927
-0.03137077
-0.08051286
-0.12066595
0.03562025
-0.07262967
0.16577257
0.06779785
0.03070388
0.00980473
-0.02779633
-0.12162406
0.01135647
0.16482393
0.07299147
-0.10290191
-0.09423279
0.13039748
-0.03235893
-0.03461250
-0.06163552
0.07800052
0.16441385
-0.06843731
0.07682911
-0.01231184
-0.14380895
0.12787257
0.00015079
0.75603825
-0.12218081
-0.04506129
-0.08560638
-0.03956436
-0.02330728
-0.07079305
0.19745769
0.01506708
-0.09429026
0.06519291
0.08007826
-0.06002240
-0.02954324
-0.07759476
0.00876064
0.07731022
0.07804693
-0.04235560
0.01878858
0.02552766
0.06555656
0.02766769
0.04409429
-0.03706957
0.00082653
0.01044558
0.03087312
-0.03644166
-0.02840686
-0.01153639
-0.04383339
-0.02008763
-0.01804015
0.03066550
-0.00369377
-0.04057378
-0.00083541
0.02368524
-0.03660160
0.03113221
0.06005331
0.00567415
-0.12235392
0.03103432
-0.00745164
-0.07311232
0.02664206
-0.03517127
0.03306852
-0.02503249
-0.00147634
-0.07669333
0.04755358
0.01715263
0.05551903
0.02603604
-0.02227054
0.03536638
-0.06477883
0.00494352
0.02938627
-0.00009723
0.03763032
-0.01624957
-0.02922673
0.05846103
0.02787907
-0.03792755
0.08179645
0.01769232
0.01909695
-0.01723129
-0.03019525
-0.06148602
-0.00762686
0.01286690
0.02562917
-0.05344136
-0.03695451
0.06003882
-0.01140464
0.05047814
-0.04714220
-0.03836489
-0.01508261
0.00128873
0.06094722
0.04393494
0.06973032
0.04787567
0.00188854
-0.01344927
0.02423548
0.03266494
0.04314178
-0.06096175
0.00438970
-0.06145229
-0.06639236
-0.12460105
-0.01506493
0.10183468
-0.00149819
-0.00624391
-0.00956626
0.09056436
0.03637892
-0.08332205
0.06642054
0.01965883
-0.02155298
0.01288663
0.03219992
0.03484901
-0.03197194
-0.03215053
-0.02084321
0.01519735
0.00798922
0.14727831
0.02857081
0.01922924
0.02649399
0.04291733
0.00878817
0.10365587
0.06210679
-0.08659186
0.01898945
0.03524068
0.04185355
0.06356680
-0.01295693
0.02834173
0.08107825
0.06362952
-0.05950243
0.01099398
0.04928534
0.00099045
-0.03540640
-0.00406707
0.02536401
-0.05009772
-0.06648540
0.00254045
0.00122471
0.04869551
0.00175668
-0.04530668
-0.01693935
0.02778756
0.03118955
0.02885197
-0.02527872
0.03258946
-0.04077899
0.01759638
0.04787059
-0.01380424
-0.00495313
0.04963562
0.03738397
0.01759923
-0.01493819
-0.04969173
-0.04307742
-0.03995609
0.06324504
0.02570007
0.03692424
-0.05724106
-0.04916659
-0.02527152
0.01432220
0.08927368
0.01181633
-0.06727375
0.05047347
-0.02971854
0.02666936
-0.02610153
0.01482846
0.00690398
0.01309187
0.06940059
0.01395493
0.00208917
-0.04170648
0.06138973
0.05679045
-0.02468047
-0.00287690
-0.02109670
0.02904134
-0.00968504
0.01577025
0.03222943
-0.00966518
-0.04975012
0.02855575
0.00260686
-0.01531231
-0.00878826
-0.01836408
0.05681956
-0.02098102
-0.03494570
-0.04259432
0.02249394
0.02108235
-0.05665540
-0.01101712
-0.12341326
0.06638389
0.08946157
0.02294034
-0.06531286
-0.01013649
0.07037583
0.05381573
-0.02307581
0.05699307
0.02398778
-0.06960822
-0.06376305
-0.02938677
-0.02986201
0.01878605
0.03900659
0.04044268
-0.07069522
0.06399269
-0.03289411
0.01460368
0.03055672
-0.01021507
-0.05078001
0.00597577
0.00014752
0.03455770
0.03706128
0.02905349
0.08191866
-0.04038262
-0.01572074
0.02771572
-0.00234880
-0.00166285
0.03775406
-0.05037871
0.04129533
-0.05945205
-0.00862771
-0.02337495
0.03662806
-0.01983266
-0.01289204
0.03110261
-0.07289476
0.04370189
-0.04019758
-0.05501606
0.00572292
0.00486314
0.02034520
-0.01969203
-0.01582211
-0.08899484
-0.05985831
0.00418858
0.07570201
-0.06867303
-0.04032348
0.03449545
0.06082953
0.02987972
0.00183368
0.00640930
-0.03437673
-0.00435354
0.00101700
-0.00750445
-0.01553410
0.03240303
0.03784712
-0.04801644
-0.02109437
0.02765593
0.04109371
0.01912634
-0.04765972
0.08864935
-0.00343126
-0.04013176
-0.04284875
0.00675049
-0.04612178
-0.05883253
0.04502693
0.04116179
-0.01974465
-0.03185448
-0.00314680
0.05693113
0.05338113
-0.01599617
-0.02821487
0.02427514
-0.03214149
-0.04821141
-0.08880307
0.03745671
0.03429105
-0.01758382
0.00306769
0.07967261
0.04627476
0.00021187
0.01815274
-0.07538744
0.08641387
0.03256088
-0.00693578
0.02793218
0.07276915
0.01270133
0.02324547
-0.02599984
0.01424886
-0.00565179
-0.02062265
-0.02444985
0.05748762
0.08963580
0.03884815
0.02430685
-0.03191330
0.01701964
-0.07488487
-0.00541374
-0.01548286
0.01801481
-0.06643007
0.02222558
-0.01000437
-0.02462621
-0.01133586
0.00337130
0.00466346
-0.03140080
-0.03062119
0.02717256
0.00203228
0.09309912
0.08975589
0.04141851
-0.01743098
-0.00587965
-0.07412945
0.00956341
0.00739886
-0.09471049
0.00604950
0.02101040
0.00349885
0.07864906
0.00301055
0.05744602
0.09634399
0.04409774
-0.01129605
0.04071677
0.01414165
-0.01327938
0.07877228
0.03631676
-0.02131486
0.00152620
0.01065998
0.14050874
-0.03687263
-0.04892607
-0.03505757
-0.03962425
0.01705634
0.01512121
-0.02709658
0.03796446
0.03883997
0.00858566
-0.02289349
-0.02174771
0.04977013
-0.01537732
-0.00724945
-0.05792954
-0.04562897
-0.03480773
0.05710090
-0.02386268
-0.04760367
-0.00864224
-0.00199515
0.01651459
-0.12993182
0.02716887
0.06050735
0.05191821
-0.00770298
0.04545737
0.08324087
0.04416372
-0.04829120
0.07848780
-0.00836798
-0.02140684
0.06180657
0.03133252
0.00147193
0.02127574
0.05060752
-0.05940985
-0.04924998
0.04312626
0.05138949
-0.00924408
0.00647365
-0.01835469
0.06901967
0.05827476
-0.04549306
0.00796501
0.00498227
-0.03730002
0.14032318
-0.01498951
0.00532920
0.02030378
-0.04347989
0.06180567
-0.04203859
0.00205029
0.03740953
0.08713648
0.03532242
0.00601126
-0.00670450
0.01077489
-0.04653643
-0.11897387
0.00912911
-0.07022196
0.01032592
0.06021197
0.02675900
-0.06816269
0.03068927
-0.09321509
0.02323310
-0.01594967
-0.00317699
0.03973589
-0.03534154
0.01319677
-0.04789982
0.03684402
0.03062488
-0.01398112
-0.10759292
0.00521185
-0.06533586
-0.02942766
-0.01607363
0.01916563
-0.00206788
-0.03092073
-0.03921242
0.09242031
-0.09903554
-0.02430278
-0.07387938
0.05479915
-0.04385808
-0.03015730
-0.05120243
-0.01740065
0.01523489
-0.02251024
-0.01432442
-0.02913939
0.01292956
0.04387505
0.01222560
0.00689944
-0.01133849
0.04162853
-0.00318603
0.03277185
-0.02897443
-0.01427556
0.07919477
-0.01727015
-0.07225718
-0.00709661
-0.04234698
0.01437053
-0.03404906
0.02005166
0.02433386
0.04423136
-0.02672956
-0.06085740
-0.03238409
-0.00271999
-0.00163615
0.01667954
-0.08042163
-0.00441805
0.06926751
0.08789388
-0.03820452
0.00088930
0.00929157
0.00887960
-0.00056371
-0.07209342
-0.04315140
-0.02177247
