-2.470341324806213379e-02
-1.474489551037549973e-02
-7.132218778133392334e-02
6.958564370870590210e-02
-2.056173793971538544e-02
9.049169602803885937e-04
2.081054029986262321e-03
-3.604196012020111084e-02
5.340853706002235413e-02
3.482802584767341614e-02
1.124841859564185143e-03
-5.218161270022392273e-03
2.550843916833400726e-02
-2.519769594073295593e-02
-1.312345918267965317e-02
2.849758043885231018e-02
-2.412237226963043213e-02
2.640855684876441956e-02
6.942629069089889526e-02
6.945035420358181000e-04
-2.637388184666633606e-02
-4.705089703202247620e-02
1.076120734214782715e-01
2.185391075909137726e-02
-5.171124823391437531e-03
-3.541086986660957336e-02
-5.339637026190757751e-02
-2.138038538396358490e-02
1.461702212691307068e-02
-9.598305448889732361e-03
5.547012016177177429e-02
-2.158272266387939453e-02
1.473281532526016235e-02
-1.569249108433723450e-02
-3.230752423405647278e-03
-1.526923151686787605e-03
4.656141623854637146e-02
8.260904811322689056e-03
8.628575596958398819e-04
4.526519775390625000e-02
1.990609988570213318e-02
2.966249734163284302e-02
3.051973134279251099e-02
-1.233440707437694073e-05
-4.488101694732904434e-03
-1.057523535564541817e-03
-4.228295758366584778e-02
-2.937406860291957855e-02
1.386812049895524979e-02
2.284678071737289429e-02
2.419102936983108521e-02
1.242305114865303040e-01
1.873642764985561371e-02
1.535395067185163498e-02
3.768592374399304390e-03
3.143743053078651428e-02
1.383572234772145748e-03
1.518719829618930817e-02
3.607155084609985352e-01
1.091055721044540405e-01
9.799097664654254913e-03
1.434846874326467514e-02
-4.658112674951553345e-02
3.021545894443988800e-02
3.137877956032752991e-02
-3.117509372532367706e-02
4.630755633115768433e-02
-1.917873509228229523e-02
1.753263920545578003e-02
-2.758697792887687683e-02
3.608652204275131226e-02
4.725956358015537262e-03
-2.485137432813644409e-02
-2.111073210835456848e-02
-2.604405023157596588e-02
1.224129181355237961e-02
2.838506363332271576e-02
-4.739400744438171387e-02
2.167324721813201904e-02
-1.191992536187171936e-01
5.198963917791843414e-03
-2.515333937481045723e-03
-1.010866253636777401e-03
-9.945537894964218140e-03
-5.359759181737899780e-02
1.271865563467144966e-03
-3.328125178813934326e-02
7.689756806939840317e-03
1.152359042316675186e-02
-2.868072688579559326e-02
4.418522585183382034e-03
-8.071656525135040283e-02
9.707586467266082764e-02
8.968637324869632721e-03
-1.238630432635545731e-02
-1.566511695273220539e-03
-1.950600882992148399e-03
-2.436127699911594391e-02
6.081412360072135925e-02
4.928422719240188599e-02
-3.924399986863136292e-02
-1.277151703834533691e-02
-5.208046361804008484e-02
-7.298285141587257385e-03
-9.757868945598602295e-03
1.701012812554836273e-02
4.010845348238945007e-02
7.004279177635908127e-03
1.019414234906435013e-02
-1.132805738598108292e-02
1.030668895691633224e-02
9.351695887744426727e-03
2.249124459922313690e-03
-2.694413065910339355e-02
7.138889282941818237e-03
-3.784003900364041328e-03
7.039160281419754028e-02
1.050436962395906448e-02
-2.695510163903236389e-02
-1.254236674867570400e-03
3.432842716574668884e-02
-3.387850942090153694e-03
1.620908267796039581e-02
2.108736522495746613e-02
-2.848560176789760590e-02
1.059409603476524353e-02
5.695113912224769592e-03
4.918936174362897873e-03
-4.249863792210817337e-03
-5.268840864300727844e-02
-2.091556414961814880e-02
-2.498757839202880859e-02
3.850830253213644028e-03
6.574380677193403244e-03
-5.644882470369338989e-02
7.348303683102130890e-03
3.910469636321067810e-02
-5.918869748711585999e-02
-8.267044089734554291e-03
-3.462469903752207756e-03
1.637944579124450684e-02
9.489605203270912170e-03
1.489599933847784996e-03
-1.929765567183494568e-02
3.174697235226631165e-02
-6.627819687128067017e-02
2.330868318676948547e-02
-2.082587452605366707e-03
-1.398248784244060516e-02
-1.160671585239470005e-03
9.907812625169754028e-02
-1.991669088602066040e-02
3.393068164587020874e-02
3.230154886841773987e-02
-8.853966370224952698e-03
2.486725710332393646e-02
-4.588769748806953430e-02
-1.950464956462383270e-02
3.666108474135398865e-02
-1.108718849718570709e-02
-2.756448090076446533e-02
8.048012852668762207e-02
1.097413245588541031e-02
-3.174711391329765320e-02
-8.365475572645664215e-03
1.322579383850097656e-02
1.172566860914230347e-01
-5.854423716664314270e-02
3.073884919285774231e-02
-1.972705498337745667e-02
1.987428963184356689e-02
-5.043758451938629150e-02
2.017291076481342316e-02
2.827147021889686584e-02
2.980090864002704620e-02
3.152099996805191040e-02
-2.690282091498374939e-02
3.148404508829116821e-02
7.556660473346710205e-02
7.266734261065721512e-03
5.263000354170799255e-02
1.161931920796632767e-02
5.464537534862756729e-03
-6.521279923617839813e-03
6.538442522287368774e-02
-5.795275792479515076e-02
1.508129686117172241e-01
3.352625295519828796e-02
-2.350730821490287781e-02
-2.678644470870494843e-02
-8.235523849725723267e-02
-1.337115094065666199e-02
7.768819108605384827e-03
1.801110804080963135e-02
-3.660708665847778320e-02
-1.888001896440982819e-02
-5.625581368803977966e-02
2.456623315811157227e-02
2.385047823190689087e-02
2.591263689100742340e-02
5.601992830634117126e-03
-5.527082365006208420e-03
2.908139489591121674e-02
1.037127152085304260e-02
1.493672188371419907e-02
-3.391233459115028381e-02
2.404020540416240692e-02
-8.097776211798191071e-03
-4.330473020672798157e-02
8.284857124090194702e-02
-3.219871548935770988e-03
-2.631001733243465424e-02
-1.116111408919095993e-02
4.597323480993509293e-03
-1.647741161286830902e-02
-5.308824777603149414e-02
2.111089602112770081e-02
1.472775451838970184e-02
1.622704602777957916e-02
2.736247889697551727e-02
-5.831733345985412598e-03
-7.213116884231567383e-01
-1.105684228241443634e-02
-9.719983674585819244e-03
3.720797598361968994e-02
2.131239324808120728e-02
3.213448077440261841e-02
2.350156567990779877e-02
3.169382363557815552e-02
2.535518957301974297e-03
-1.848832704126834869e-02
1.048725917935371399e-01
2.128914557397365570e-02
-1.722003892064094543e-02
-5.567340552806854248e-02
1.009577885270118713e-02
1.805095002055168152e-02
4.924915265291929245e-03
6.485475692898035049e-03
1.748345792293548584e-02
3.306178748607635498e-02
-2.324004098773002625e-02
-3.400972113013267517e-02
-6.748277693986892700e-02
-2.489467523992061615e-02
-4.293577745556831360e-02
1.397075597196817398e-02
-2.802782692015171051e-02
4.908460751175880432e-02
4.054350033402442932e-02
-3.427893668413162231e-02
3.736370056867599487e-02
4.783600941300392151e-02
3.517504781484603882e-02
-1.704242825508117676e-02
3.007776103913784027e-02
-1.277738064527511597e-02
-6.649081408977508545e-02
-8.953798562288284302e-02
1.589363440871238708e-02
-1.880097575485706329e-02
-1.714789681136608124e-02
4.818574711680412292e-02
-5.450266227126121521e-02
-1.533961296081542969e-02
9.353896975517272949e-02
1.059073433279991150e-01
-6.889669597148895264e-02
3.919165953993797302e-02
1.707146503031253815e-02
6.393491639755666256e-04
9.757423400878906250e-02
5.578201264142990112e-02
5.755322426557540894e-02
-3.642084077000617981e-02
-8.970841765403747559e-03
-1.654142141342163086e-01
-7.776693254709243774e-02
2.112437412142753601e-02
8.130876719951629639e-02
3.111527767032384872e-03
5.143574997782707214e-02
3.041300689801573753e-03
-1.832432858645915985e-02
-1.391587704420089722e-01
-3.556192293763160706e-02
2.122642248868942261e-01
5.136761814355850220e-02
-1.311643421649932861e-01
-7.849211990833282471e-02
2.051633298397064209e-01
-4.609747603535652161e-02
-3.918336704373359680e-02
-7.294991053640842438e-03
5.570955201983451843e-02
6.106221303343772888e-02
-1.187728121876716614e-01
6.534852087497711182e-02
3.235107660293579102e-02
-8.694017678499221802e-02
1.975995600223541260e-01
1.107604708522558212e-03
7.412621378898620605e-01
-1.178502216935157776e-01
-8.508586138486862183e-02
-1.055955886840820312e-01
-5.232556909322738647e-02
9.209322743117809296e-03
-6.637584418058395386e-02
1.961967051029205322e-01
5.080886557698249817e-02
-7.934069260954856873e-03
1.589166522026062012e-01
5.008868500590324402e-02
-1.294373627752065659e-02
-8.051808178424835205e-02
3.340182825922966003e-02
-8.561551570892333984e-02
7.397092878818511963e-02
6.934550404548645020e-02
2.092353440821170807e-02
2.746219001710414886e-02
3.114471212029457092e-02
4.347992688417434692e-02
7.134060561656951904e-02
3.607118874788284302e-02
-1.961305178701877594e-02
-1.526544801890850067e-02
1.425965782254934311e-02
5.836330354213714600e-03
-3.581545129418373108e-02
1.139448117464780807e-02
-1.015196461230516434e-02
-1.462140772491693497e-02
6.551787257194519043e-03
-3.942744806408882141e-02
2.234847657382488251e-02
-1.334282197058200836e-02
1.187955494970083237e-02
1.506739575415849686e-02
-6.273555103689432144e-03
-5.011193826794624329e-02
2.955424040555953979e-02
7.594943791627883911e-02
-1.859664358198642731e-02
-7.292011380195617676e-02
2.388246171176433563e-02
-3.782365843653678894e-02
-8.103332668542861938e-02
3.459287434816360474e-02
-6.533198058605194092e-02
6.433108448982238770e-02
-5.819203704595565796e-02
3.830315545201301575e-02
-6.805335730314254761e-02
3.834635764360427856e-02
2.111869119107723236e-02
2.520002424716949463e-02
3.970979899168014526e-02
-3.669956326484680176e-02
1.230952888727188110e-02
-5.784147232770919800e-02
-6.196132861077785492e-03
4.875399544835090637e-02
-1.164606492966413498e-02
2.765696682035923004e-02
-2.727446332573890686e-02
-3.848801553249359131e-02
3.229572623968124390e-02
-1.228072587400674820e-02
-2.374191954731941223e-02
6.322897970676422119e-02
-7.940581999719142914e-03
4.463807120919227600e-02
1.302845659665763378e-03
-4.984591901302337646e-02
-7.703860849142074585e-02
-2.263770624995231628e-02
-5.770611390471458435e-02
-1.135095860809087753e-02
-7.692990824580192566e-03
-5.227047950029373169e-02
-2.978837117552757263e-02
7.027207873761653900e-03
4.625948145985603333e-02
2.694459864869713783e-03
-4.064139351248741150e-02
3.329645842313766479e-02
1.461136713624000549e-02
5.220646783709526062e-02
4.892499372363090515e-02
2.515975199639797211e-02
1.090349406003952026e-01
1.620239205658435822e-02
-2.029195055365562439e-02
-4.743095953017473221e-03
6.954611837863922119e-02
3.866488859057426453e-02
-7.358688116073608398e-02
-2.992414124310016632e-02
-4.072044044733047485e-02
-3.971850126981735229e-02
-5.460005998611450195e-02
-1.966725336387753487e-03
1.389033347368240356e-01
2.692393586039543152e-02
1.581787131726741791e-02
2.485203370451927185e-02
8.262581378221511841e-02
2.955017425119876862e-02
-5.502439290285110474e-02
5.142049491405487061e-02
3.689380362629890442e-02
6.339442916214466095e-03
4.058843851089477539e-02
3.857130557298660278e-02
1.456566900014877319e-02
-1.712389849126338959e-02
-1.074737012386322021e-01
-2.232133969664573669e-02
6.759498501196503639e-04
5.408136546611785889e-02
5.534434318542480469e-02
2.954039908945560455e-02
1.835768483579158783e-02
-2.302070893347263336e-02
1.083345711231231689e-02
-7.124564144760370255e-03
1.855820976197719574e-02
8.716042339801788330e-02
-2.175491303205490112e-02
-4.707853496074676514e-02
4.041048884391784668e-02
4.714876879006624222e-03
1.827736571431159973e-02
-5.645271390676498413e-02
2.997704409062862396e-02
5.546586215496063232e-02
3.791040554642677307e-02
-6.667859852313995361e-02
-2.756097121164202690e-03
1.456119306385517120e-02
5.075507331639528275e-03
-1.234901044517755508e-02
3.829078003764152527e-02
1.820955425500869751e-02
-2.279757289215922356e-03
-1.242493018507957458e-01
2.850333694368600845e-03
3.969878330826759338e-02
4.828114435076713562e-02
-2.106603048741817474e-02
-4.211928695440292358e-02
-2.565637603402137756e-02
5.394583567976951599e-03
4.456128180027008057e-02
3.515826910734176636e-02
-4.656745865941047668e-02
6.890840828418731689e-02
-6.041740626096725464e-02
9.285181760787963867e-02
-1.868220046162605286e-02
-2.086993493139743805e-02
-8.000041358172893524e-03
5.312361940741539001e-02
3.845554217696189880e-02
6.405133754014968872e-02
3.019689582288265228e-02
-4.037522524595260620e-02
-6.226691603660583496e-02
-7.950091734528541565e-03
5.336509644985198975e-02
4.762183129787445068e-02
-6.123428698629140854e-03
-6.249473616480827332e-02
-3.071635402739048004e-02
-2.258833032101392746e-03
-4.321479052305221558e-02
9.640144556760787964e-02
6.773616373538970947e-02
-5.846147984266281128e-02
6.570557504892349243e-02
-3.478286042809486389e-02
2.566480636596679688e-02
-2.559578791260719299e-02
5.728099867701530457e-02
2.548267133533954620e-02
-1.805873215198516846e-02
4.266125708818435669e-02
2.231343649327754974e-02
1.565556786954402924e-02
-2.286531776189804077e-02
4.682991281151771545e-02
8.101099729537963867e-02
-6.107560917735099792e-02
6.509516853839159012e-03
-5.695848166942596436e-02
4.781626164913177490e-02
-7.685147970914840698e-02
-1.276519964449107647e-03
7.160123437643051147e-02
-9.254002943634986877e-03
-6.064457446336746216e-02
2.682519331574440002e-02
3.014112357050180435e-03
-1.142341457307338715e-02
-9.768908843398094177e-03
-6.268686056137084961e-02
-1.189107191748917103e-03
-7.889510132372379303e-03
-2.518924325704574585e-02
-3.259639441967010498e-02
-5.028577521443367004e-02
-8.699235506355762482e-03
-6.736826896667480469e-02
-4.109355062246322632e-02
-6.745637208223342896e-02
2.227435633540153503e-02
9.199493378400802612e-02
2.463955804705619812e-02
-1.189608965069055557e-02
-2.482222579419612885e-02
7.486908137798309326e-02
3.253860771656036377e-02
-7.050483673810958862e-02
-4.777268972247838974e-03
9.189909324049949646e-03
-2.373046614229679108e-02
-1.207312867045402527e-01
-6.285279244184494019e-02
-9.199038147926330566e-02
-5.095162615180015564e-02
-2.134550735354423523e-02
6.754097342491149902e-02
-7.284648716449737549e-02
7.320536673069000244e-02
-9.220927022397518158e-03
4.710162431001663208e-02
1.329721696674823761e-02
-2.363977022469043732e-02
-3.440916910767555237e-02
1.900873892009258270e-02
-1.858022250235080719e-02
3.149334108456969261e-03
-3.124414384365081787e-02
-2.733696438372135162e-02
1.159028708934783936e-01
-7.810343056917190552e-02
1.390193682163953781e-02
5.235639959573745728e-02
-1.603812724351882935e-02
2.896186336874961853e-02
-7.473073434084653854e-03
-3.988853842020034790e-02
5.565235391259193420e-02
-9.656876325607299805e-03
6.124639511108398438e-02
-3.378701210021972656e-02
3.725957497954368591e-02
-1.260336209088563919e-02
-4.932635929435491562e-03
-9.048624895513057709e-03
-6.490106135606765747e-02
7.066103070974349976e-02
-1.859574927948415279e-03
-7.538932561874389648e-02
-5.113697052001953125e-02
2.629016526043415070e-02
2.789993584156036377e-02
2.223872393369674683e-02
-7.445415109395980835e-02
-1.557138282805681229e-02
-3.990231826901435852e-02
2.003412880003452301e-02
-1.658033020794391632e-02
-8.257219195365905762e-02
-7.725738734006881714e-02
5.085790902376174927e-02
3.503249585628509521e-02
1.766579225659370422e-02
1.385547779500484467e-02
5.874227732419967651e-02
2.104668878018856049e-02
1.151172909885644913e-02
2.134511247277259827e-02
-8.432824164628982544e-03
-1.690497435629367828e-02
6.455488502979278564e-02
2.941878698766231537e-02
-4.496363922953605652e-02
-6.781946867704391479e-03
-3.474017977714538574e-02
-1.465011853724718094e-02
-1.664644293487071991e-02
-2.953054942190647125e-02
7.043222337961196899e-02
4.996949806809425354e-02
-6.450650095939636230e-02
-4.829850047826766968e-02
2.346463128924369812e-02
-6.429911404848098755e-02
-4.043295606970787048e-02
-8.169948123395442963e-03
3.114877827465534210e-02
-2.374891936779022217e-02
-1.493369508534669876e-02
3.148186206817626953e-02
5.772961303591728210e-02
5.402964353561401367e-02
-6.793289445340633392e-03
-2.785716764628887177e-02
2.799268439412117004e-02
-2.514658123254776001e-02
-3.495860844850540161e-02
-7.209096848964691162e-02
4.265049844980239868e-02
1.087043993175029755e-02
-1.799418777227401733e-02
-3.454167628660798073e-03
6.154730170965194702e-02
3.207692876458168030e-02
1.209239289164543152e-02
-1.235399744473397732e-03
-7.850118912756443024e-03
9.808846563100814819e-02
5.635194107890129089e-02
-3.157985955476760864e-02
1.345476508140563965e-02
-2.049428224563598633e-02
1.437867991626262665e-02
1.392489764839410782e-02
-9.034882299602031708e-03
2.469150582328438759e-03
1.432662084698677063e-02
3.524500131607055664e-02
-6.298334803432226181e-03
2.761762216687202454e-02
1.799926161766052246e-02
3.036785125732421875e-02
5.239104107022285461e-02
-3.774116560816764832e-02
1.918606460094451904e-02
-4.048432689160108566e-03
-4.994777496904134750e-03
-5.421504750847816467e-02
4.425847902894020081e-03
-4.896960780024528503e-02
2.607458084821701050e-02
-1.599115133285522461e-02
-6.652054190635681152e-02
-7.244065403938293457e-03
1.707698963582515717e-02
1.672604121267795563e-02
-1.040843315422534943e-02
-3.200749307870864868e-02
-1.656049134908244014e-04
-8.130280673503875732e-02
4.707571864128112793e-02
2.049906924366950989e-02
3.376553580164909363e-02
-5.439754575490951538e-02
-8.992923423647880554e-03
-7.246851921081542969e-02
4.278030246496200562e-03
3.567925654351711273e-03
-1.103628799319267273e-01
4.684185236692428589e-02
1.681133871898055077e-03
1.893699867650866508e-03
4.656615853309631348e-02
4.835470765829086304e-02
2.327906154096126556e-02
9.429623186588287354e-02
3.449507802724838257e-02
4.310234263539314270e-02
3.594407439231872559e-02
-1.341377757489681244e-02
-1.470348518341779709e-02
7.005045562982559204e-02
-3.557347506284713745e-02
9.803982451558113098e-03
2.440721914172172546e-02
3.373207524418830872e-02
1.304406523704528809e-01
1.960226893424987793e-02
-6.602031737565994263e-02
3.659634664654731750e-02
-9.994178265333175659e-02
4.639874969143420458e-04
5.818683654069900513e-02
-6.166519597172737122e-03
-4.831549711525440216e-03
8.793551474809646606e-03
-9.076070855371654034e-04
-4.519722238183021545e-02
-2.326720394194126129e-02
8.195390552282333374e-02
2.503289468586444855e-02
-7.622549310326576233e-03
-5.643462389707565308e-02
-3.477934747934341431e-02
-2.495908364653587341e-02
8.400809019804000854e-03
-6.132673844695091248e-02
-8.182049542665481567e-02
-4.778637550771236420e-03
2.724519744515419006e-02
5.633313953876495361e-02
-6.309478729963302612e-02
1.922251470386981964e-02
3.634254261851310730e-02
5.697991326451301575e-02
-2.869032882153987885e-02
6.858154386281967163e-02
4.202450066804885864e-02
-1.590046100318431854e-02
-2.390111796557903290e-02
-1.297815702855587006e-02
-6.917709112167358398e-02
-3.473978862166404724e-02
1.108999401330947876e-01
-7.253097835928201675e-03
-4.552838951349258423e-02
5.014624074101448059e-02
3.914172947406768799e-02
-6.471578031778335571e-02
-8.783102035522460938e-03
6.669300049543380737e-02
4.577629268169403076e-02
-1.259133219718933105e-03
3.110504895448684692e-02
-8.179298043251037598e-02
1.597745530307292938e-02
6.677331775426864624e-02
-5.016994476318359375e-02
-2.137278951704502106e-02
2.655349485576152802e-02
-4.435174539685249329e-02
4.060264676809310913e-02
6.587479729205369949e-04
-2.427659695968031883e-03
7.375110685825347900e-02
6.199441850185394287e-03
2.299036458134651184e-02
-4.526126384735107422e-02
9.860705584287643433e-03
1.548261940479278564e-02
1.523241586983203888e-02
-1.651013642549514771e-02
4.288630187511444092e-02
-2.125058323144912720e-02
-6.107994914054870605e-02
-3.286517783999443054e-02
-5.013064295053482056e-02
4.604885727167129517e-02
-4.454887675819918513e-05
1.885197497904300690e-02
-8.641345426440238953e-03
3.181015700101852417e-02
-2.304738201200962067e-02
-1.633301563560962677e-02
-1.992982067167758942e-02
6.083533912897109985e-02
1.249255798757076263e-02
-2.455648407340049744e-02
3.463529422879219055e-02
-8.765637129545211792e-02
-1.772521995007991791e-02
-4.587364941835403442e-02
-5.942251905798912048e-02
-9.295927360653877258e-03
1.006864942610263824e-02
-9.649839997291564941e-02
-4.085353761911392212e-02
-7.141514122486114502e-02
1.190650369971990585e-02
-1.857763156294822693e-02
4.115764796733856201e-02
-4.802001267671585083e-02
-3.228539600968360901e-02
-1.974810287356376648e-02
9.385299682617187500e-02
-2.211598120629787445e-02
1.418616250157356262e-02
-3.217489644885063171e-02
3.632213175296783447e-02
-4.319310188293457031e-02
-2.775682508945465088e-02
-2.527743764221668243e-02
-6.747268140316009521e-03
-1.106754597276449203e-02
-9.892852045595645905e-03
-2.980879507958889008e-02
1.924817077815532684e-02
3.513269498944282532e-02
1.524091418832540512e-02
-3.035460039973258972e-02
3.391210734844207764e-02
-3.031170053873211145e-04
2.263782732188701630e-02
-2.604324836283922195e-03
1.393067929893732071e-02
-2.954581566154956818e-02
1.671782135963439941e-02
4.344541952013969421e-02
-1.708474010229110718e-02
-5.109914764761924744e-02
-2.453858591616153717e-02
-8.033990859985351562e-02
8.393616229295730591e-02
-5.363334342837333679e-02
1.262618787586688995e-02
-2.275551669299602509e-02
3.900402411818504333e-02
2.156030014157295227e-02
-9.056412614881992340e-03
-2.555505931377410889e-02
-1.080550253391265869e-02
-4.978763405233621597e-03
2.894960343837738037e-02
-1.154529452323913574e-01
3.016520105302333832e-02
1.136155873537063599e-01
1.291411370038986206e-01
-2.683921530842781067e-02
-6.051433086395263672e-02
-5.581437051296234131e-02
-2.868998795747756958e-02
-3.962660953402519226e-02
-3.171774372458457947e-02
1.198364421725273132e-02
-4.587695747613906860e-02
