-0.0411099977791309
0.0550040304660797
0.0028741990681738
0.0795317292213440
0.0136002581566572
-0.0384821891784668
0.0749668106436729
0.0078429337590933
0.0128421727567911
0.0682819783687592
0.0774501413106918
-0.0582816861569881
-0.0278792213648558
-0.0657299831509590
-0.0398495160043240
-0.0839053913950920
0.0548878498375416
0.1122941225767136
0.0842693597078323
0.0923058837652206
0.0602897405624390
-0.0463074408471584
-0.0573355108499527
-0.0113328220322728
-0.0466957688331604
-0.0845308676362038
-0.0514381751418114
-0.0695819109678268
-0.0329259485006332
-0.0673319995403290
0.0570251122117043
0.0584016889333725
-0.0613170862197876
0.0729998573660851
0.0274770595133305
-0.0410310961306095
-0.0494014434516430
0.0175887290388346
0.1285331696271896
-0.0438187234103680
0.0799803957343102
-0.0447631254792213
-0.0759178474545479
-0.0633429139852524
0.0711368620395660
0.0894112288951874
-0.0501018725335598
-0.0113710779696703
0.0295637063682079
-0.0539745204150677
0.0435979440808296
-0.0475157722830772
-0.0692547336220741
-0.0431437529623508
0.0529875233769417
-0.0453036911785603
-0.1061537116765976
0.0421779975295067
-0.1243096217513084
-0.0697861537337303
-0.0833458825945854
-0.0190189722925425
0.0732827931642532
0.0364982709288597
0.0556591637432575
-0.0411120392382145
-0.0465680435299873
-0.0563692823052406
-0.1297260522842407
0.0864148363471031
-0.0543612726032734
-0.0045054885558784
-0.0610710568726063
-0.0148856462910771
0.0438877604901791
-0.0845211744308472
0.0312229152768850
0.0776638761162758
-0.0878989323973656
0.0816218927502632
0.1129342764616013
0.0386499874293804
0.0728505328297615
-0.0503899715840816
-0.0775980949401855
0.0115101691335440
-0.0106540583074093
-0.0091196186840534
0.0781254097819328
-0.0758112147450447
0.0930534526705742
-0.0530861206352711
0.0563069023191929
-0.0750830695033073
0.0879657268524170
0.0330772548913956
0.0464738085865974
-0.0417300648987293
-0.0524433031678200
-0.0931599363684654
-0.0223686192184687
0.0350390784442425
-0.1285045593976974
-0.0089912889525294
0.0819578170776367
-0.0909905135631561
-0.0738027244806290
0.0199631042778492
-0.0533079579472542
-0.0077962870709598
-0.0705269351601601
0.0561295151710510
-0.0680407434701920
0.0178044680505991
-0.0060195582918823
-0.0866026356816292
0.0297893248498440
0.0227034427225590
0.0874711051583290
-0.0241826754063368
0.1312978118658066
-0.0097618261352181
0.0141602056100965
-0.0156792365014553
-0.0327474437654018
0.0436288863420486
0.0238434188067913
0.0138781554996967
-0.1008869409561157
-0.0102816736325622
-0.0384025163948536
-0.0470737963914871
-0.1306625604629517
0.1065203845500946
-0.0075726979412138
0.0888440385460854
-0.0462931841611862
-0.0111073814332485
-0.0082530723884702
-0.0726669207215309
-0.0208407789468765
0.0818004831671715
-0.0003172711294610
0.1053650826215744
-0.1065811514854431
-0.0426451414823532
0.0979539602994919
-0.0097504202276468
0.0449112616479397
0.1154818460345268
-0.0622966662049294
-0.1019605770707130
-0.0741795822978020
-0.0912280306220055
-0.0891680717468262
0.0046694288030267
-0.0636072903871536
0.0739249214529991
0.0349247455596924
0.0617735311388969
-0.0421162024140358
0.0212694611400366
0.0658462420105934
-0.0967576727271080
-0.0061912951059639
0.0260361097753048
0.0948556065559387
-0.0280032195150852
0.0805978551506996
-0.0652284547686577
0.0587745457887650
0.1183661669492722
0.1259005218744278
-0.0111991008743644
0.0528892129659653
-0.0810521841049194
0.0717098563909531
0.0596123300492764
0.0122478613629937
0.0853463113307953
-0.0668965056538582
-0.0580089837312698
-0.0333585143089294
0.0051696794107556
0.0474479459226131
0.0446278043091297
-0.0211483910679817
0.0286159124225378
0.0229362752288580
-0.0395767092704773
0.0368480868637562
0.1048617064952850
0.0705673992633820
0.0565665140748024
0.0117483790963888
-0.0270950272679329
0.0769758671522141
-0.0451631732285023
0.0225765835493803
0.0176193416118622
0.0654495358467102
-0.0305913276970387
0.0443364530801773
0.0499096140265465
0.0932349413633347
-0.0337257757782936
-0.0450609363615513
0.0538427233695984
0.0285834986716509
0.0619836747646332
-0.0303789563477039
-0.0834042653441429
-0.0001012816355797
0.0229912139475346
0.0462085492908955
0.0532032102346420
-0.0351201519370079
-0.0072763520292938
0.0228122379630804
-0.0873816907405853
0.0880101248621941
0.0286029446870089
-0.1286638826131821
-0.0906685888767242
0.0602939650416374
0.0425755046308041
-0.0472987182438374
-0.0066351066343486
-0.0400905199348927
0.0553893111646175
0.0824579596519470
-0.0384963303804398
0.0144554479047656
0.1282836198806763
0.0406535640358925
-0.0252566263079643
0.0705484226346016
0.0425937846302986
-0.0725504085421562
0.0481376312673092
0.0628185048699379
-0.0678615048527718
0.0330947116017342
-0.0782100111246109
-0.0297874882817268
-0.0454086810350418
0.1148056611418724
0.0049691158346832
-0.0552942343056202
-0.0418047271668911
-0.0038606266025454
0.0517114140093327
0.0567135177552700
-0.0138283902779222
0.1000855937600136
0.0167326945811510
-0.1273824274539948
-0.0723129883408546
-0.0845509096980095
-0.0279663819819689
-0.0268583074212074
-0.0813379138708115
-0.0270292256027460
0.0076466561295092
0.0264754351228476
0.1129719838500023
-0.0717267841100693
0.1415335685014725
-0.0435827411711216
0.0982905402779579
0.0669993907213211
0.0308807250112295
-0.2790283560752869
-0.0581500157713890
0.0093391146510839
-0.2779325842857361
-0.0822243839502335
-0.0503659918904305
0.1141932755708694
0.0034398732241243
0.0646661669015884
-0.1033904999494553
-0.2160884290933609
-0.1669046133756638
0.1048167794942856
-0.1148961558938026
-0.1215625479817390
-0.0799515321850777
0.0479109250009060
-0.0814271196722984
-0.1399209946393967
-0.1334261894226074
0.1216241419315338
0.0296914093196392
-0.0504539646208286
-0.2153864800930023
-0.1533019542694092
-0.0874498784542084
0.0178995765745640
-0.1171000450849533
-0.1175847873091698
0.1575781553983688
0.2633252739906311
-0.1916292905807495
0.0391385480761528
0.1238669008016586
-0.0481387563049793
0.0691550821065903
0.0585537850856781
-0.2319870889186859
0.0129209142178297
-0.2381661683320999
0.0835765302181244
0.0895733907818794
-0.1698993146419525
0.1549556851387024
0.0115045774728060
0.2486046105623245
-0.0034153903834522
-0.1495983600616455
-0.0361529067158699
0.0456137955188751
-0.0166021157056093
0.0391137935221195
0.0495229065418243
-0.0531216077506542
-0.0452117584645748
-0.0040108468383551
-0.0662895813584328
-0.0410550907254219
-0.0620500370860100
-0.0137605490162969
-0.0460912808775902
-0.0478179715573788
0.0375868342816830
-0.0688492134213448
0.0823557004332542
-0.0451169200241566
0.0016872335691005
0.0316035300493240
-0.0838096067309380
0.0323504507541656
-0.0179627500474453
0.0143867190927267
-0.0088120223954320
0.0039788736030459
0.0653333291411400
0.0724397301673889
0.0521551780402660
0.0288485009223223
-0.0544401630759239
-0.0161481834948063
-0.0189580861479044
-0.0164414383471012
0.0940931141376495
-0.0406221151351929
0.0944733098149300
-0.0596290715038776
0.0135395433753729
-0.0367022566497326
0.0179715380072594
-0.0081042256206274
-0.0972169712185860
0.0294745098799467
0.0764068812131882
0.0375664457678795
0.0182140208780766
0.0176052358001471
-0.0545056015253067
0.0466095469892025
-0.0294815618544817
0.0214362759143114
0.0653778016567230
0.0262129474431276
-0.0775931477546692
-0.0571243613958359
0.0654469951987267
-0.0563328228890896
0.0075609739869833
-0.0538816936314106
-0.0299405325204134
0.0191464237868786
-0.0373446419835091
-0.0612236410379410
0.0540429018437862
-0.0252266824245453
-0.0847141817212105
-0.0292288865894079
-0.0450893081724644
-0.0090588619932532
-0.0117768282070756
-0.0427909493446350
-0.0217807721346617
-0.0400518923997879
-0.0278604496270418
0.0229532793164253
-0.0072234133258462
0.0176834911108017
0.0568808652460575
-0.0461587235331535
-0.0546849966049194
-0.0299979280680418
-0.0132903270423412
0.0537066049873829
0.0264621712267399
0.0117281647399068
-0.0141098620370030
0.0009338656091131
-0.0639434009790421
-0.0565377697348595
-0.0162501875311136
-0.0182626005262136
-0.0113655906170607
0.0571791641414165
0.0017306306399405
0.0750282481312752
0.0804437398910522
-0.0520507395267487
-0.0283702034503222
0.0894382596015930
0.0160448756068945
0.0218386966735125
-0.0099014295265079
0.0541522912681103
0.0332131944596767
-0.0457872711122036
-0.0407420173287392
-0.0589537918567657
-0.0397909358143806
0.0266465935856104
-0.0259127616882324
0.0542351156473160
0.0263138320297003
-0.0602931156754494
-0.0909369066357613
-0.0820885747671127
0.0615658648312092
-0.0083766598254442
-0.0272973906248808
-0.0018001137068495
0.0049556246958673
0.0177481807768345
-0.0899566933512688
-0.0281223859637976
-0.0574228763580322
0.0430568158626556
0.0568248257040977
0.0317753925919533
-0.0058100842870772
0.0903988182544708
0.0038495983462781
-0.0442351326346397
0.0404762625694275
-0.0451061353087425
0.0070534371770918
0.0166449677199125
0.0427034385502338
0.0316148698329926
-0.0132534261792898
0.0012797161471099
-0.0087624806910753
0.0586348138749599
-0.0077538941986859
0.0120557444170117
0.0874261930584908
-0.0552592426538467
-0.0300483293831348
-0.0548041015863419
0.0148215917870402
0.0267920363694429
-0.0384304262697697
0.0558284968137741
0.0676970332860947
0.0112773943692446
-0.0682627409696579
-0.0125961247831583
-0.0132590495049953
0.0240439642220736
0.0117512559518218
-0.0105381170287728
-0.0180684458464384
0.0334328748285770
-0.0100713940337300
0.0141363972797990
0.0087560536339879
0.0251699909567833
0.0158473458141088
0.0202651191502810
0.0281715877354145
-0.0676597133278847
0.0520796701312065
0.0599286891520023
-0.0019389074295759
0.0722130462527275
-0.0011734769213945
-0.0663664042949677
0.0409199409186840
-0.0030027721077204
-0.0720245316624641
-0.0092568378895521
0.0612956322729588
-0.0482753030955791
-0.0283305495977402
0.0588737390935421
-0.0410990454256535
0.0227361805737019
-0.0629605129361153
-0.0617433078587055
-0.0499113798141479
-0.0241387132555246
-0.0386712551116943
0.0179974846541882
0.0440794192254543
-0.0463486425578594
-0.0076531330123544
0.0337063036859035
0.0096242269501090
-0.0111748762428761
0.0355570986866951
-0.0064623695798218
0.0378553979098797
0.0267412494868040
-0.0468833409249783
-0.0356090217828751
-0.0547649972140789
0.0667311325669289
0.0260354951024055
0.1197400018572807
0.0676796808838844
0.0638327300548553
0.0406873747706413
0.0118591645732522
0.0165791288018227
0.0377882309257984
0.1246920526027679
0.0018185821827501
0.0187034606933594
0.0306614134460688
0.0270907022058964
0.0425348132848740
0.0149054015055299
0.0322543121874332
0.0496844053268433
0.0566675812005997
-0.0621016807854176
-0.0358048453927040
-0.0641065463423729
-0.0224400628358126
0.0184223223477602
0.0257362052798271
-0.0196627229452133
-0.0517983734607697
0.0510578192770481
0.0104828495532274
0.0127915767952800
-0.0242050755769014
-0.0196607410907745
0.0167125184088945
-0.0533971488475800
-0.0333329811692238
0.0009467157651670
-0.0083808200433850
-0.0021082530729473
0.0130539853125811
0.0628893971443176
-0.0095602981746197
0.0179737303406000
-0.0502430088818073
0.0274751633405685
0.0320993065834045
0.0703105852007866
0.0334044508635998
-0.0146101564168930
0.0361230298876762
-0.0457889810204506
-0.0076889940537512
0.0595352426171303
-0.0056935879401863
0.0140870818868279
0.0354295819997787
0.0605586953461170
-0.0024507977068424
-0.0666705593466759
0.0291644334793091
-0.0879059582948685
-0.0515660718083382
0.0449310019612312
0.0019476928282529
0.0244859214872122
-0.0183215271681547
0.0132526233792305
-0.0661928132176399
-0.0008945080917329
0.0349538922309875
-0.0373261310160160
0.0473413132131100
0.0713288635015488
0.0028547404799610
0.0807968378067017
0.0177903715521097
-0.0163060147315264
0.0152207883074880
0.0292770750820637
-0.0108167733997107
0.0163167752325535
0.0732982680201530
-0.0112769575789571
-0.0180485881865025
0.0240774229168892
0.0786830261349678
0.0138365346938372
-0.0228211209177971
-0.0075614536181092
-0.0907337218523026
0.0341082848608494
0.1039610952138901
0.0017404762329534
0.0623607560992241
0.0178715195506811
-0.0668324232101440
0.0725712478160858
-0.0370822623372078
-0.0021296069025993
0.0325368829071522
-0.0267580486834049
-0.0512720942497253
0.0740648061037064
0.0463170744478703
0.0358510278165340
0.0645025223493576
-0.0316402651369572
-0.0488454252481461
0.0477523766458035
-0.0182505734264851
0.0018466030014679
0.0789521932601929
0.0546383634209633
-0.0748911872506142
-0.0228230804204941
0.0621148310601711
0.0055391150526702
-0.0425591468811035
-0.0108225643634796
-0.0472888462245464
-0.0067765591666102
-0.0315251611173153
0.0352452509105206
0.0275948625057936
-0.0489422008395195
-0.0171103458851576
-0.0867522358894348
0.0089343460276723
0.0006623430526815
-0.0457897298038006
-0.0359390266239643
-0.0827315449714661
0.0462618432939053
0.0825753808021545
-0.0384991765022278
0.0072490791790187
0.0640196949243546
0.0577289387583733
-0.0276275631040335
-0.0614063218235970
0.0074008684605360
0.0731137916445732
0.0436635538935661
0.0369088500738144
-0.0319763869047165
-0.0350977554917336
0.0678936317563057
-0.0488192960619926
0.0324351675808430
0.0836663469672203
0.0396151542663574
-0.0047579254023731
-0.0017686230130494
-0.0574482381343842
0.0101553807035089
-0.0217000078409910
0.0616550892591476
0.0021432223729789
-0.0236519202589989
-0.0437396094202995
0.0345462821424007
0.0006221972289495
-0.0516221225261688
0.0491936914622784
-0.0162999574095011
0.0175845716148615
-0.0326639749109745
-0.0222462788224220
0.0484312362968922
-0.0606159903109074
-0.0411847792565823
-0.0176785979419947
0.0224664267152548
-0.0441584400832653
0.0290062129497528
0.0558168739080429
-0.0030869478359818
0.0238140393048525
-0.0464291013777256
-0.0403082445263863
0.0148412659764290
-0.0020670227240771
-0.0256947558373213
0.0474407076835632
0.0251751262694597
0.0642127767205238
0.0045977788977325
0.0064575015567243
-0.0008816315094009
0.0468292087316513
0.0114424694329500
-0.0446545630693436
0.0821066722273827
-0.0006779730902053
-0.0201962608844042
-0.0312127750366926
-0.0523384995758533
0.0369203239679337
-0.0790011808276176
-0.0719399750232697
0.0148581909015775
0.0132124433293939
-0.0175460446625948
-0.0491812340915203
0.0241351798176765
-0.0399595387279987
0.0440029464662075
-0.0465496592223644
-0.0624026842415333
-0.0608288608491421
-0.0149193285033107
0.0011277566663921
-0.0145075730979443
-0.0005146209150553
-0.0391071178019047
0.0181455258280039
-0.0365506149828434
0.0563725456595421
-0.0574131496250629
0.0821028947830200
0.0532768070697784
0.0031933661084622
0.0264073479920626
0.0267489794641733
-0.0424410738050938
0.0108699584379792
-0.0544011071324348
0.0036982977762818
-0.0309214070439339
-0.0820095017552376
-0.1018088012933731
-0.0001948692952283
-0.0410749837756157
0.0346271879971027
0.0090278312563896
-0.0519305989146233
0.0165858697146177
0.0997227877378464
0.0705999433994293
0.0574739575386047
-0.0640079826116562
-0.0322060026228428
0.0359495319426060
0.0003257794305682
-0.0905614867806435
-0.0575958304107189
0.0162660237401724
-0.0408093184232712
-0.0198166444897652
-0.0194286461919546
-0.0384922251105309
0.0104183489456773
-0.0537534356117249
-0.0135704614222050
-0.0644288733601570
0.0324924476444721
-0.0069908937439322
-0.0366929769515991
0.0193194337189198
-0.0403346829116344
0.0109457662329078
0.0519596748054028
0.0482046604156494
0.0474468469619751
-0.0637535601854324
0.0434612780809402
-0.0177808217704296
-0.0120650241151452
0.0095081757754087
0.0361624397337437
-0.0500846244394779
-0.0140421781688929
-0.0004348008951638
-0.0835754275321960
-0.0031807529740036
-0.0222586300224066
0.0561174489557743
0.0701228976249695
-0.0692966282367706
-0.0265984255820513
0.0857994705438614
0.0686256811022758
-0.0244811028242111
0.0504932887852192
0.0645953938364983
0.0107221519574523
-0.0208119526505470
0.0249204505234957
0.0235732886940241
0.0355358310043812
-0.0383627936244011
0.0625701174139977
0.0214423406869173
-0.0129186650738120
0.0394191890954971
-0.0439295172691345
-0.0554055348038673
0.0200862176716328
-0.0383715406060219
0.0165836531668901
0.0640319809317589
-0.0055467463098466
-0.0360306650400162
-0.0524504110217094
-0.0065554068423808
-0.0197851117700338
-0.0037493950221688
0.0584744773805141
