-1.972548663616180420e-02
1.542757917195558548e-02
1.625014282763004303e-02
-7.943489402532577515e-02
2.745559206232428551e-03
-1.038657054305076599e-01
1.764715765602886677e-03
1.073958817869424820e-02
-3.314022719860076904e-02
-4.979372024536132812e-02
9.889016859233379364e-03
-1.843742467463016510e-02
-3.129195794463157654e-02
-4.747898876667022705e-02
-2.745666541159152985e-02
-1.403570733964443207e-02
-1.972625777125358582e-02
-2.760914899408817291e-02
-1.932885050773620605e-01
5.683104507625102997e-03
1.635926542803645134e-03
2.077862620353698730e-03
-3.649207577109336853e-02
-4.023059736937284470e-03
2.803042903542518616e-02
1.112855505198240280e-02
7.299150526523590088e-02
5.078708752989768982e-02
9.551583789288997650e-03
4.401025176048278809e-02
-5.387692525982856750e-02
-3.899675095453858376e-03
-1.087644230574369431e-02
1.637914404273033142e-02
-8.424402214586734772e-03
-5.996317137032747269e-03
1.907208375632762909e-02
-2.447071485221385956e-02
-1.391390897333621979e-02
2.202486246824264526e-02
3.231980279088020325e-02
-7.243664003908634186e-03
-1.943270117044448853e-02
1.906393468379974365e-02
9.076246991753578186e-03
3.622808679938316345e-02
2.753021009266376495e-02
1.409562863409519196e-02
2.326607704162597656e-02
-1.991703175008296967e-03
1.528554130345582962e-02
4.678123071789741516e-02
-5.389304086565971375e-02
3.962434828281402588e-03
3.811128810048103333e-02
1.887872256338596344e-02
1.021395623683929443e-02
-1.201134361326694489e-02
6.916254758834838867e-02
-1.731729507446289062e-01
1.334029994904994965e-02
2.429934777319431305e-02
-8.339736610651016235e-03
-3.975394647568464279e-03
3.638356691226363182e-03
-9.781923145055770874e-02
-2.575200423598289490e-02
2.575987204909324646e-02
3.190432116389274597e-02
2.850371412932872772e-02
-1.686796359717845917e-02
-6.729374639689922333e-03
1.103788614273071289e-01
3.391939401626586914e-02
1.582872471772134304e-03
-5.753839761018753052e-02
-5.137336626648902893e-02
-2.565955044701695442e-03
7.873442955315113068e-03
1.510753035545349121e-01
1.374409883283078671e-03
-6.200796458870172501e-03
3.728377074003219604e-02
2.065114304423332214e-02
-1.495230495929718018e-01
-1.771936751902103424e-02
2.550251083448529243e-03
-2.366534247994422913e-02
-1.397254969924688339e-02
1.472633052617311478e-02
3.054890036582946777e-02
-9.897322393953800201e-03
8.182574994862079620e-03
-7.112053222954273224e-03
-4.179181065410375595e-03
2.202039211988449097e-02
-1.472222153097391129e-02
5.704423878341913223e-03
-1.574481092393398285e-02
7.975436747074127197e-03
3.246156498789787292e-02
-8.899298310279846191e-02
-1.185570564121007919e-02
-1.242656633257865906e-02
2.882105996832251549e-03
3.407637774944305420e-02
-4.423933103680610657e-02
3.633497282862663269e-02
-2.226729318499565125e-02
1.008266583085060120e-02
3.799295052886009216e-02
9.395482018589973450e-03
1.435140613466501236e-02
1.433088327758014202e-03
-9.559237398207187653e-03
3.175082430243492126e-02
-1.004384607076644897e-01
2.746760845184326172e-02
-9.768190793693065643e-04
6.999264471232891083e-03
-1.062790746800601482e-03
-3.648960497230291367e-03
-7.937792688608169556e-03
3.416145453229546547e-03
1.218629926443099976e-01
-1.092390157282352448e-02
3.578656166791915894e-02
3.991746052633970976e-05
8.085062727332115173e-03
-1.095680445432662964e-01
4.513795301318168640e-02
1.576827652752399445e-02
1.772865094244480133e-02
4.316244740039110184e-03
2.924920804798603058e-02
8.556098677217960358e-03
6.820161361247301102e-03
3.867007419466972351e-02
1.333507150411605835e-01
-1.017324347048997879e-02
1.674264371395111084e-01
2.397222444415092468e-02
4.305074922740459442e-03
5.003885552287101746e-02
7.593059912323951721e-03
-7.941808551549911499e-02
-5.944572854787111282e-03
1.991803012788295746e-02
2.299805730581283569e-02
2.368691144511103630e-03
-5.113397166132926941e-02
-1.155830360949039459e-02
-3.132518753409385681e-02
-3.329532593488693237e-02
1.271870918571949005e-02
1.065462827682495117e-02
5.041146650910377502e-03
4.044377710670232773e-03
2.049378305673599243e-02
3.896284475922584534e-02
-6.705792155116796494e-03
-4.450558684766292572e-03
1.780958287417888641e-02
-2.803598530590534210e-02
-1.733833178877830505e-02
-4.830414429306983948e-02
-3.542452678084373474e-02
-8.580063469707965851e-03
1.400607265532016754e-02
5.415422841906547546e-02
-3.789464756846427917e-02
3.014747239649295807e-02
-8.312772028148174286e-03
-5.432932171970605850e-03
4.335608799010515213e-03
1.181423757225275040e-02
2.258750423789024353e-02
-4.876056482316926122e-05
1.069105938076972961e-01
2.664113417267799377e-02
-4.019917920231819153e-02
9.229721501469612122e-03
1.330024469643831253e-02
2.255535451695322990e-03
-6.226149946451187134e-02
1.693420559167861938e-01
-3.849796354770660400e-01
3.997846040874719620e-03
-3.745689988136291504e-03
4.172072280198335648e-03
-1.047073863446712494e-02
-2.583489380776882172e-02
-3.810311667621135712e-03
1.556580141186714172e-02
6.048846524208784103e-03
1.430123765021562576e-02
1.363514456897974014e-02
-1.351647078990936279e-02
-1.198378042317926884e-03
-1.007406320422887802e-02
4.389904439449310303e-02
-1.342457719147205353e-02
-3.895556330680847168e-01
5.220665782690048218e-02
-1.011697482317686081e-02
-3.683451935648918152e-02
1.113721821457147598e-02
-4.307065531611442566e-02
-4.455293994396924973e-03
-1.493420917540788651e-02
1.636761240661144257e-02
1.241568196564912796e-02
-3.913695458322763443e-03
2.884928602725267410e-03
1.117723155766725540e-02
9.153994172811508179e-02
1.493688789196312428e-03
-1.335317501798272133e-03
1.329555455595254898e-02
3.404412418603897095e-02
2.137140557169914246e-02
-5.107986330986022949e-01
1.734293811023235321e-02
8.245277218520641327e-03
-5.455356091260910034e-03
1.178484060801565647e-03
-3.186239395290613174e-03
-4.646196961402893066e-02
7.434301543980836868e-03
-1.718111895024776459e-02
-5.648626945912837982e-03
-3.102507069706916809e-02
-1.838977076113224030e-02
-2.103828452527523041e-02
1.041520982980728149e-01
5.332145839929580688e-03
1.335091516375541687e-02
-7.731217425316572189e-03
8.805532008409500122e-03
-1.029766909778118134e-02
5.532667972147464752e-03
6.429606117308139801e-03
5.250398442149162292e-02
-9.260484948754310608e-03
2.037568204104900360e-02
-2.336863614618778229e-02
2.056330256164073944e-02
-1.757491752505302429e-02
3.239749372005462646e-02
1.424358109943568707e-03
1.934721507132053375e-02
3.763605840504169464e-03
1.109811384230852127e-02
1.125172432512044907e-02
-2.315278863534331322e-03
-1.871153013780713081e-03
-1.095743179321289062e-01
7.056114822626113892e-02
2.276972495019435883e-02
-1.895555667579174042e-02
5.032799206674098969e-03
1.622751168906688690e-02
6.377804279327392578e-02
4.476135224103927612e-02
5.793289467692375183e-02
6.557080149650573730e-02
-8.920156955718994141e-02
3.580240532755851746e-02
4.461500048637390137e-02
4.101144149899482727e-02
7.199426740407943726e-02
6.001507863402366638e-03
4.087878018617630005e-02
-3.681588172912597656e-02
7.588271051645278931e-02
-1.209309771656990051e-01
-2.580953016877174377e-02
7.158033549785614014e-02
-6.362227350473403931e-02
3.870688006281852722e-02
-1.582837104797363281e-02
2.345205284655094147e-02
2.179105207324028015e-02
9.869862347841262817e-03
2.964613586664199829e-02
1.028758212924003601e-01
-3.130892291665077209e-02
-4.653637111186981201e-02
1.047364845871925354e-01
-1.234909519553184509e-01
-3.821041435003280640e-03
-1.349392086267471313e-01
-5.281705874949693680e-03
-8.394426107406616211e-02
7.572305202484130859e-02
1.425607204437255859e-01
4.436266794800758362e-02
-2.179335243999958038e-02
-5.661749467253684998e-02
1.093480139970779419e-01
-5.562562495470046997e-02
-4.613671451807022095e-02
8.648808598518371582e-01
-3.351241722702980042e-02
-7.300380617380142212e-02
-1.067709363996982574e-02
-5.396960303187370300e-02
-3.089528530836105347e-03
-5.260308459401130676e-02
5.783144757151603699e-02
5.703281983733177185e-02
4.293021932244300842e-02
7.903456687927246094e-02
1.379731111228466034e-02
-9.469709545373916626e-02
-1.618118770420551300e-02
4.953990504145622253e-02
8.831189572811126709e-02
3.412218764424324036e-02
5.534312874078750610e-02
-3.072840161621570587e-02
2.640831843018531799e-02
1.941020414233207703e-02
-2.109387330710887909e-02
-8.158997632563114166e-03
7.910349406301975250e-03
-1.853501051664352417e-02
5.490440502762794495e-02
5.352119449526071548e-03
2.195080742239952087e-02
4.128293693065643311e-02
1.028383895754814148e-02
1.946291513741016388e-02
-9.264717809855937958e-03
1.251568272709846497e-02
-3.019115421921014786e-03
1.051602885127067566e-03
3.795905783772468567e-02
4.139198921620845795e-03
-1.293161138892173767e-02
3.997150063514709473e-02
6.101497262716293335e-02
2.869477495551109314e-02
-5.659709125757217407e-02
-3.867701161652803421e-03
5.889607220888137817e-02
-1.829802989959716797e-02
7.395638152956962585e-03
4.024350643157958984e-02
-4.128399491310119629e-02
-2.848480269312858582e-02
1.073703542351722717e-02
-4.436331987380981445e-02
-4.463852569460868835e-02
6.328216940164566040e-02
-3.177424892783164978e-02
-3.921526670455932617e-02
-8.501353114843368530e-02
-2.205960452556610107e-02
3.745746240019798279e-02
-7.424806058406829834e-02
-1.536157634109258652e-02
-9.922434110194444656e-04
-1.442805770784616470e-02
-3.863423690199851990e-02
2.952156821265816689e-03
1.905563287436962128e-02
2.823540009558200836e-02
1.299552991986274719e-02
2.124253846704959869e-02
-3.753118216991424561e-03
-6.600003689527511597e-02
-1.639852300286293030e-02
-2.233482711017131805e-02
1.000497303903102875e-02
3.506341576576232910e-02
1.136439517140388489e-01
2.639354206621646881e-03
4.823124781250953674e-02
-1.679133996367454529e-02
2.950693108141422272e-02
3.224216029047966003e-02
-1.846646890044212341e-02
-4.653159994632005692e-03
1.749843917787075043e-02
1.056905928999185562e-02
6.120575964450836182e-02
-5.787812918424606323e-02
-4.124303162097930908e-02
-2.019612863659858704e-02
-8.283729851245880127e-02
-4.132958129048347473e-02
-1.040293574333190918e-01
5.101970210671424866e-02
4.409888014197349548e-02
5.167748779058456421e-02
1.551886089146137238e-02
-2.892662212252616882e-02
-3.273143246769905090e-02
-1.793176308274269104e-02
2.474060049280524254e-03
4.497339576482772827e-02
1.444931626319885254e-01
2.652040496468544006e-02
-6.048648804426193237e-02
-4.033853858709335327e-02
2.639885433018207550e-02
-2.362664416432380676e-02
-3.350678086280822754e-02
-3.766399575397372246e-03
-1.858925074338912964e-02
4.637183248996734619e-02
2.294412069022655487e-02
-1.141014974564313889e-02
-7.478397805243730545e-03
1.347884163260459900e-02
2.340678358450531960e-03
2.181822620332241058e-02
1.047354377806186676e-02
6.591383367776870728e-02
-3.229460865259170532e-02
1.364324986934661865e-02
-7.066776603460311890e-02
5.164122208952903748e-02
-1.221144478768110275e-02
3.244801983237266541e-02
-2.548976102843880653e-03
4.586378484964370728e-02
-1.238208170980215073e-02
-7.746549695730209351e-02
1.427784282714128494e-02
7.870641537010669708e-03
-1.788470149040222168e-02
-7.170899305492639542e-03
-3.448730334639549255e-03
-3.331371396780014038e-02
-3.717303648591041565e-02
1.036723144352436066e-02
-6.506720185279846191e-02
2.354466542601585388e-02
1.589894294738769531e-02
-5.289168097078800201e-03
7.794818840920925140e-03
3.797588497400283813e-02
2.450268017128109932e-03
-6.906794011592864990e-02
-7.698527537286281586e-03
-1.251776814460754395e-01
9.823922999203205109e-03
-1.004878208041191101e-01
2.035189419984817505e-02
-1.352137885987758636e-02
3.574896231293678284e-02
-1.535169500857591629e-02
-3.418179601430892944e-02
1.055117417126893997e-02
-5.465036630630493164e-02
3.948319330811500549e-02
-1.523899100720882416e-02
3.166465833783149719e-02
-1.789890974760055542e-01
-2.080446295440196991e-02
-1.325022801756858826e-02
5.078914761543273926e-02
4.741468932479619980e-03
-1.940585859119892120e-02
-1.236895751208066940e-02
-1.825091429054737091e-02
3.427524119615554810e-02
1.406995579600334167e-02
4.428590182214975357e-03
-2.617512084543704987e-02
3.768459893763065338e-03
3.792541101574897766e-03
4.236172512173652649e-02
-3.429915523156523705e-03
-4.666625987738370895e-03
4.551667720079421997e-02
-6.612236052751541138e-02
-4.076238721609115601e-02
1.221585366874933243e-02
-4.675121605396270752e-02
7.742468733340501785e-03
-3.530938178300857544e-02
3.193552047014236450e-02
-1.409792713820934296e-02
3.450629999861121178e-03
-3.560357028618454933e-03
3.933715075254440308e-02
-1.566473580896854401e-02
2.588859759271144867e-02
3.751663118600845337e-02
-4.019822925329208374e-03
-4.861602559685707092e-02
-2.245091646909713745e-02
5.249857436865568161e-03
5.438905581831932068e-02
-4.928329214453697205e-02
2.039066702127456665e-02
-1.748444139957427979e-02
-5.827368050813674927e-02
-8.131463080644607544e-03
3.946215659379959106e-02
-4.934493824839591980e-02
5.851299501955509186e-03
-1.467939000576734543e-02
-3.853014111518859863e-02
6.451919674873352051e-02
1.498455088585615158e-02
-1.309592928737401962e-02
-2.007511816918849945e-02
-6.219684146344661713e-03
3.595037385821342468e-02
2.015073224902153015e-02
2.307732030749320984e-02
-4.333565011620521545e-02
2.355274278670549393e-03
2.383315376937389374e-02
-4.605176672339439392e-02
-2.973633259534835815e-02
3.301554918289184570e-02
7.421905547380447388e-02
-4.869023710489273071e-02
-5.504842102527618408e-02
5.619915947318077087e-02
-2.832676284015178680e-02
2.029301226139068604e-02
-3.505051508545875549e-02
2.158757299184799194e-01
1.552914828062057495e-02
-2.215584367513656616e-02
-1.125655137002468109e-02
3.283895924687385559e-02
-7.677282392978668213e-02
4.971570149064064026e-02
-3.464173525571823120e-02
5.254949629306793213e-02
4.100638628005981445e-02
-4.592040553689002991e-03
-2.047563716769218445e-02
5.185283720493316650e-02
4.191636294126510620e-02
1.452690921723842621e-02
-5.832592397928237915e-02
4.050380736589431763e-02
3.755529969930648804e-02
-7.846640050411224365e-02
7.159876823425292969e-02
-4.027393460273742676e-02
-8.186416700482368469e-03
-2.531646750867366791e-02
-5.077612027525901794e-02
2.239838428795337677e-02
-1.857330091297626495e-02
-1.212323084473609924e-02
5.817605182528495789e-03
-6.195928901433944702e-02
2.363085001707077026e-02
4.701925907284021378e-03
3.029837086796760559e-02
1.604182459414005280e-02
3.769802674651145935e-02
6.926389038562774658e-02
-2.517759054899215698e-02
2.007674798369407654e-02
2.570401504635810852e-02
3.202978521585464478e-02
5.129102151840925217e-03
-6.513155996799468994e-02
-2.616562880575656891e-03
2.560660801827907562e-02
-3.713353723287582397e-02
1.031952798366546631e-01
-4.559273645281791687e-02
4.078014940023422241e-02
3.116670064628124237e-02
5.417070537805557251e-02
-5.699469149112701416e-02
5.153964087367057800e-02
-8.306662552058696747e-03
-7.557594683021306992e-03
6.980054080486297607e-03
-2.632789080962538719e-03
7.304620929062366486e-03
-6.913886219263076782e-02
1.972241885960102081e-02
-1.925821602344512939e-02
-3.008907660841941833e-04
-4.947954043745994568e-02
5.930291116237640381e-02
-3.870792314410209656e-02
-2.137063071131706238e-03
-1.348931400571018457e-04
2.079110359773039818e-03
5.475527420639991760e-02
-1.306228205066872761e-05
-3.141505410894751549e-03
2.166626742109656334e-03
4.390709102153778076e-03
2.734198002144694328e-03
7.805158942937850952e-02
1.163631491363048553e-02
-4.638365656137466431e-02
-5.468638986349105835e-02
4.752070456743240356e-02
3.328701853752136230e-02
-2.995838038623332977e-02
-2.262012567371129990e-03
-2.469900436699390411e-02
8.293648064136505127e-02
4.306128621101379395e-02
-4.016923531889915466e-02
-1.816740073263645172e-02
7.505741715431213379e-02
-1.841579973697662354e-01
-3.665887191891670227e-02
-2.698963694274425507e-02
-1.104720751754939556e-03
-3.051717579364776611e-02
3.976045176386833191e-02
-1.969806849956512451e-02
2.606414258480072021e-02
5.817460361868143082e-03
3.017652779817581177e-02
-8.022163063287734985e-02
-1.099771931767463684e-01
-2.889481140300631523e-03
-1.422448083758354187e-03
9.787259623408317566e-03
-4.042035713791847229e-02
2.545614540576934814e-02
7.627028226852416992e-02
-5.084789171814918518e-02
-2.887819893658161163e-03
-4.078825563192367554e-02
6.377359386533498764e-03
-7.605068385601043701e-02
2.478226553648710251e-03
-2.706110849976539612e-02
-1.874004863202571869e-02
2.737961150705814362e-02
7.412816397845745087e-03
4.157785791903734207e-03
1.981438510119915009e-02
-2.054903656244277954e-03
-5.103458650410175323e-03
4.444286227226257324e-02
3.282399848103523254e-02
2.025352232158184052e-02
4.070297628641128540e-02
-1.873074332252144814e-03
3.973109275102615356e-02
5.617049336433410645e-02
-1.597865670919418335e-02
2.272476255893707275e-02
1.847907155752182007e-02
1.139723360538482666e-01
2.257795631885528564e-02
8.830922842025756836e-02
4.694205895066261292e-02
-2.492581121623516083e-02
3.375626727938652039e-02
8.408813178539276123e-02
-3.974230960011482239e-02
-5.535807833075523376e-02
1.355521678924560547e-01
-7.869121432304382324e-02
-3.608638048171997070e-02
5.563116446137428284e-02
-3.479366004467010498e-02
-1.792531646788120270e-02
2.467709407210350037e-02
-3.269023075699806213e-02
1.261446718126535416e-02
-5.721300467848777771e-02
-1.780048571527004242e-02
-5.039392784237861633e-02
-2.095449157059192657e-02
-3.542064875364303589e-02
8.174103684723377228e-03
-8.775302022695541382e-02
1.919198036193847656e-02
5.495974328368902206e-03
-7.511861622333526611e-02
-1.376401167362928391e-02
8.043520152568817139e-02
-6.985694169998168945e-02
2.929343283176422119e-02
2.440936304628849030e-02
-3.496313095092773438e-02
4.225945845246315002e-02
-9.168148972094058990e-03
1.963405637070536613e-03
9.031188674271106720e-03
3.867071494460105896e-02
-1.798273995518684387e-02
-1.399355195462703705e-02
-6.823790073394775391e-02
-1.926050148904323578e-02
5.059148650616407394e-03
4.000569507479667664e-02
-5.888866726309061050e-03
-7.266904227435588837e-03
4.067741706967353821e-02
9.368168562650680542e-02
-2.129744552075862885e-02
2.852511405944824219e-02
-1.631036847829818726e-01
5.389962345361709595e-02
-2.033592900261282921e-03
1.293952316045761108e-01
-4.250303283333778381e-02
3.686030209064483643e-02
-1.145907118916511536e-02
2.584229968488216400e-02
4.435080569237470627e-03
4.276697337627410889e-02
-1.825217530131340027e-02
5.293989181518554688e-02
1.666556112468242645e-02
-3.003111667931079865e-02
3.089790605008602142e-02
7.549033313989639282e-02
-3.135127574205398560e-02
2.279072068631649017e-02
-1.885129138827323914e-02
-1.819840259850025177e-02
-7.308901101350784302e-02
-3.146895393729209900e-02
-4.728387296199798584e-02
-4.043175280094146729e-02
4.596181586384773254e-02
5.787517875432968140e-02
-2.483677677810192108e-02
-9.122768417000770569e-03
-2.140316367149353027e-02
8.645764552056789398e-03
7.404820621013641357e-02
-1.002954915165901184e-01
-4.511557519435882568e-03
4.721634089946746826e-02
-7.626569271087646484e-02
-7.717491127550601959e-03
9.940054267644882202e-03
2.087657712399959564e-02
6.638454273343086243e-03
-4.738252144306898117e-03
2.393808448687195778e-03
5.831710994243621826e-02
-8.467520587146282196e-03
3.688174858689308167e-02
7.623661309480667114e-02
1.574846729636192322e-02
-1.461083721369504929e-02
-9.598332457244396210e-03
-2.950392663478851318e-02
-2.351152524352073669e-02
1.218106597661972046e-02
-1.610768027603626251e-02
-1.540852990001440048e-02
1.110288221389055252e-02
4.123985394835472107e-02
-1.368360128253698349e-02
-2.368194796144962311e-02
-1.885410211980342865e-02
-7.397428900003433228e-02
2.871110476553440094e-02
-2.120062522590160370e-02
5.025405809283256531e-02
-9.107011556625366211e-02
3.538132458925247192e-02
3.055868670344352722e-03
1.496493630111217499e-02
3.168145194649696350e-02
1.015790775418281555e-01
-1.540113613009452820e-02
6.302168220281600952e-02
8.194804191589355469e-03
5.355359986424446106e-02
4.089460708200931549e-03
-8.774213492870330811e-03
-9.418340027332305908e-02
1.070063114166259766e-01
-1.380229089409112930e-02
9.513657540082931519e-02
2.779891900718212128e-02
-4.529854748398065567e-03
1.343713607639074326e-02
-2.968549542129039764e-02
-2.725472114980220795e-02
3.535508736968040466e-02
-1.566668786108493805e-02
-8.831166662275791168e-03
-3.974584862589836121e-02
2.205029875040054321e-02
-3.763077314943075180e-03
3.056526370346546173e-02
1.541595906019210815e-02
-4.086482897400856018e-02
-3.359966725111007690e-02
-1.408139802515506744e-02
1.153862383216619492e-02
9.907144121825695038e-03
-1.412193942815065384e-02
-5.978954583406448364e-02
-3.783244267106056213e-02
3.011159040033817291e-02
2.409289591014385223e-02
8.005258440971374512e-02
1.894572563469409943e-02
-2.551339333876967430e-03
-1.497594360262155533e-02
-5.776711925864219666e-02
-2.244812995195388794e-02
-2.642805129289627075e-02
6.856241961941123009e-04
1.216147001832723618e-02
2.070512063801288605e-02
7.428549230098724365e-03
3.679096326231956482e-02
5.131518095731735229e-02
7.285041734576225281e-03
-2.198595367372035980e-02
1.086626574397087097e-01
9.712825529277324677e-03
7.798778265714645386e-02
3.600586950778961182e-02
-5.465941969305276871e-03
5.407222360372543335e-02
-7.037858664989471436e-02
-2.681437693536281586e-02
1.094296574592590332e-01
