-1.226131152361631393e-02
2.312992140650749207e-02
-6.922297761775553226e-04
-7.246248424053192139e-02
3.163115680217742920e-02
-5.102200433611869812e-02
2.891303785145282745e-02
4.724501073360443115e-02
3.937088698148727417e-02
-4.587749019265174866e-02
-2.907810360193252563e-02
-1.765135116875171661e-02
-1.198689569719135761e-03
-7.115129381418228149e-02
-3.487815707921981812e-02
-1.496425643563270569e-02
-2.603939734399318695e-02
-3.218000754714012146e-02
-2.217048108577728271e-01
1.755835860967636108e-02
1.343203708529472351e-02
-9.211973287165164948e-03
-3.900984674692153931e-02
-9.184072725474834442e-03
4.486206173896789551e-02
2.112608961760997772e-02
5.568917095661163330e-02
4.136040806770324707e-02
-2.420906908810138702e-02
6.420248001813888550e-02
-1.394477635622024536e-01
-3.887219354510307312e-02
-2.991163358092308044e-02
9.811090305447578430e-03
-1.644169539213180542e-02
7.311597932130098343e-03
-3.172029554843902588e-02
-3.089796751737594604e-02
-1.936567202210426331e-02
-3.096239455044269562e-02
3.007704764604568481e-02
-4.119956400245428085e-03
-3.619167953729629517e-03
-1.636488176882266998e-02
-1.144399959594011307e-02
3.733262419700622559e-02
4.614628478884696960e-02
-1.490397471934556961e-02
3.294132277369499207e-02
-1.280732173472642899e-02
2.598922327160835266e-02
5.767180584371089935e-03
-1.238986179232597351e-01
3.227882459759712219e-02
2.849196083843708038e-02
2.268176898360252380e-02
1.494890078902244568e-02
-2.198980562388896942e-02
1.287591755390167236e-01
-1.369102746248245239e-01
4.965046886354684830e-03
2.701690979301929474e-02
-4.485847800970077515e-02
2.300412207841873169e-02
3.017173148691654205e-02
-1.054262295365333557e-01
-1.030762214213609695e-03
-5.024982383474707603e-04
3.461610898375511169e-02
-1.657516695559024811e-02
4.716912284493446350e-03
-2.853274112567305565e-03
5.431762337684631348e-02
3.111101128160953522e-02
-8.739366196095943451e-03
-6.968566030263900757e-02
-3.640603274106979370e-02
1.727771759033203125e-02
6.493556778877973557e-03
1.141383424401283264e-01
3.913094289600849152e-03
-9.422969073057174683e-03
7.449729740619659424e-02
-2.902991883456707001e-02
-1.104031577706336975e-01
-1.930155232548713684e-02
-1.174046844244003296e-02
-1.586819626390933990e-02
1.301097590476274490e-02
2.238516882061958313e-02
1.760939322412014008e-02
-5.241528898477554321e-02
7.414801046252250671e-03
-3.076594509184360504e-02
5.674516782164573669e-03
3.884489834308624268e-02
-1.431632600724697113e-02
-1.430603675544261932e-02
-6.050289049744606018e-02
6.966997869312763214e-03
4.437621682882308960e-02
-6.275587528944015503e-02
2.585869515314698219e-03
-1.201506517827510834e-02
1.632199622690677643e-02
3.107175417244434357e-02
-5.539708957076072693e-02
2.784966491162776947e-02
-1.954892463982105255e-02
5.824763327836990356e-03
1.520430576056241989e-02
1.815062575042247772e-02
-5.131958518177270889e-03
1.070446521043777466e-02
-3.226341214030981064e-03
2.989856526255607605e-02
-5.222604051232337952e-02
1.766431331634521484e-02
2.290050266310572624e-03
4.126097634434700012e-02
-2.991928020492196083e-03
-1.254061143845319748e-02
-6.525994092226028442e-02
6.193020846694707870e-03
8.111496269702911377e-02
-1.199202705174684525e-02
7.369529455900192261e-02
-4.990144632756710052e-03
1.886933855712413788e-02
-6.153987348079681396e-02
1.666661910712718964e-02
2.343454584479331970e-02
1.597494445741176605e-02
-1.090828236192464828e-02
4.625517874956130981e-02
-2.966686151921749115e-02
-4.764111712574958801e-02
1.303985062986612320e-02
4.997104406356811523e-02
4.251874051988124847e-03
1.224659904837608337e-01
-5.175913218408823013e-03
2.647731825709342957e-02
4.036397859454154968e-02
6.135968025773763657e-03
-1.084201335906982422e-01
-6.790640298277139664e-03
4.585923627018928528e-02
3.114683553576469421e-02
-1.445463206619024277e-02
-6.830003112554550171e-02
5.605835467576980591e-03
-4.893184080719947815e-02
-6.115549802780151367e-02
7.075611036270856857e-03
1.983855850994586945e-02
-2.816166914999485016e-02
4.580281209200620651e-03
-3.653506748378276825e-03
5.116622895002365112e-02
1.680910773575305939e-02
1.017785072326660156e-02
2.391632273793220520e-02
-2.996049262583255768e-02
-3.260478004813194275e-02
-8.002308011054992676e-02
-2.038197778165340424e-02
1.720233261585235596e-02
7.490781135857105255e-03
2.744409255683422089e-02
-3.144657239317893982e-02
3.081432543694972992e-02
-9.000903926789760590e-03
6.141621619462966919e-03
4.600411280989646912e-02
1.634575426578521729e-02
4.047370702028274536e-02
-6.338234525173902512e-03
8.238757401704788208e-02
-1.707429648377001286e-03
-4.408653452992439270e-02
-6.588692194782197475e-04
-1.709226146340370178e-02
1.996361650526523590e-02
-5.156901851296424866e-02
9.649652242660522461e-02
-3.556073904037475586e-01
2.095262520015239716e-02
2.140979096293449402e-02
1.726073026657104492e-02
1.668576709926128387e-02
-1.180987525731325150e-02
-1.023487560451030731e-02
3.253680886700749397e-03
4.681887850165367126e-02
-3.154860809445381165e-02
-2.596414275467395782e-02
-1.658256538212299347e-02
-1.045983433723449707e-01
-3.925142809748649597e-02
8.327035605907440186e-02
-1.143963821232318878e-02
-2.897505760192871094e-01
1.872145570814609528e-02
-3.196726366877555847e-02
-1.215179823338985443e-02
-3.477932186797261238e-03
-2.977637015283107758e-02
8.882502093911170959e-03
2.307741669937968254e-03
-6.415231619030237198e-03
3.042630851268768311e-02
1.072623301297426224e-02
-8.370748721063137054e-03
-1.115484163165092468e-02
8.971812576055526733e-02
-1.033374806866049767e-03
2.440802566707134247e-02
3.971057385206222534e-02
7.637355476617813110e-02
-3.288143314421176910e-03
-5.752933621406555176e-01
2.110771276056766510e-02
-4.530297592282295227e-03
-4.692670330405235291e-02
-2.055948041379451752e-02
-4.558119922876358032e-02
-2.757941745221614838e-02
-1.557519100606441498e-02
-3.285850584506988525e-02
8.813505060970783234e-03
-1.730288937687873840e-02
-2.763567119836807251e-02
-2.678466960787773132e-03
8.626436442136764526e-02
1.323388889431953430e-03
2.508065197616815567e-03
2.295226417481899261e-02
1.575541216880083084e-03
-8.581656031310558319e-03
-4.438566509634256363e-03
1.056354399770498276e-02
8.637744188308715820e-02
-6.445664167404174805e-02
3.155659884214401245e-02
-3.097182139754295349e-02
1.957688294351100922e-02
3.237705677747726440e-02
2.974075451493263245e-02
9.844247251749038696e-03
9.211744181811809540e-03
3.821061179041862488e-02
2.431862987577915192e-03
-1.103931805118918419e-03
-1.578226499259471893e-02
-8.410924114286899567e-03
7.866172492504119873e-02
-3.237981582060456276e-03
8.230202645063400269e-02
-1.222501099109649658e-01
9.252589941024780273e-02
-3.481141105294227600e-02
3.386339545249938965e-02
-1.160963326692581177e-01
-3.875599056482315063e-02
1.317183021456003189e-02
4.361892119050025940e-02
-6.553111225366592407e-02
-1.110111474990844727e-01
-1.365525871515274048e-01
-3.108308836817741394e-02
3.922817111015319824e-02
4.485571384429931641e-02
-4.139751195907592773e-02
1.386541575193405151e-01
-2.822940982878208160e-02
-2.022840641438961029e-02
-9.604383260011672974e-02
4.074939712882041931e-02
8.584297262132167816e-03
-4.080832377076148987e-02
5.072083324193954468e-03
1.769848018884658813e-01
1.721244771033525467e-03
5.234811827540397644e-02
7.107561081647872925e-02
2.237520366907119751e-02
6.577274203300476074e-02
1.792351016774773598e-03
-3.674796223640441895e-02
5.106898397207260132e-02
-5.152513459324836731e-02
9.367016702890396118e-02
5.234300158917903900e-03
6.232642754912376404e-02
-8.200266212224960327e-02
-1.937981098890304565e-01
-1.807480454444885254e-01
-9.957348229363560677e-04
1.549161225557327271e-01
7.634043693542480469e-02
-8.076196536421775818e-03
8.003715276718139648e-01
8.274935185909271240e-02
-4.184403270483016968e-02
-5.691075325012207031e-02
-8.785145473666489124e-05
1.283933967351913452e-01
3.631932660937309265e-03
-1.526884548366069794e-02
4.433098435401916504e-02
7.295880466699600220e-02
1.085474640130996704e-01
-3.040857240557670593e-02
-4.573588725179433823e-03
-8.460505865514278412e-03
5.737136676907539368e-02
4.061735421419143677e-02
1.562979631125926971e-02
-7.072134315967559814e-02
-1.912538707256317139e-02
1.994792371988296509e-02
1.154095632955431938e-03
-3.000675328075885773e-02
-5.950258579105138779e-03
-2.883808454498648643e-03
4.843743983656167984e-03
2.093847468495368958e-02
2.948853373527526855e-02
1.857082173228263855e-02
7.957268506288528442e-03
-6.197119131684303284e-03
2.104627154767513275e-02
-1.537462230771780014e-02
1.269552484154701233e-02
9.452756494283676147e-03
3.374292049556970596e-03
5.874399468302726746e-02
3.457968821749091148e-03
-2.606834657490253448e-02
6.130923330783843994e-02
5.148287862539291382e-02
4.987879097461700439e-02
-5.264949426054954529e-02
-7.539257407188415527e-03
5.656456947326660156e-02
-8.577060885727405548e-03
4.500123858451843262e-02
3.453392907977104187e-02
-6.767429411411285400e-02
-4.702437296509742737e-02
3.042376972734928131e-02
-4.303367063403129578e-02
-2.911306545138359070e-02
1.043858900666236877e-01
-6.958911567926406860e-02
-4.836118966341018677e-02
-8.476866781711578369e-02
2.724711783230304718e-02
2.947578579187393188e-02
-8.745249360799789429e-02
1.216024858877062798e-03
5.401306785643100739e-03
-3.637664765119552612e-02
-3.529578819870948792e-02
-6.002442445605993271e-03
5.767820868641138077e-03
1.141280028969049454e-02
2.572065405547618866e-02
3.166374191641807556e-02
1.694817794486880302e-03
-9.222853928804397583e-02
-1.306367665529251099e-02
-1.678141299635171890e-03
1.362963858991861343e-02
4.226976633071899414e-02
1.403259485960006714e-01
-2.799624344334006310e-03
6.639453023672103882e-02
-1.300107128918170929e-02
4.117896407842636108e-02
1.535352692008018494e-02
-2.571586146950721741e-02
-1.620381884276866913e-02
3.341267257928848267e-02
-6.143723614513874054e-03
5.649849772453308105e-02
-6.874111294746398926e-02
-7.106873393058776855e-02
-3.315453650429844856e-03
-1.034639701247215271e-01
-1.716943271458148956e-02
-9.259659051895141602e-02
4.623332992196083069e-02
9.246219880878925323e-03
6.482090055942535400e-02
-4.739632830023765564e-02
-2.791614457964897156e-02
-2.874316647648811340e-02
-1.218193303793668747e-02
-1.585858128964900970e-02
2.444677986204624176e-02
1.412005722522735596e-01
2.110734023153781891e-02
-5.378544330596923828e-02
-1.697434671223163605e-02
2.224641107022762299e-02
7.974608801305294037e-03
-5.128134414553642273e-02
-1.750130765140056610e-02
-2.367891371250152588e-02
5.576766282320022583e-02
2.864364720880985260e-02
-1.850192062556743622e-02
2.237548818811774254e-03
2.013278380036354065e-02
-3.700245171785354614e-03
1.744597777724266052e-02
1.981569081544876099e-02
6.006059423089027405e-02
-2.493578009307384491e-03
3.888905281201004982e-03
-5.967648699879646301e-02
4.457398876547813416e-02
-2.319314703345298767e-02
4.198601469397544861e-02
7.295149378478527069e-03
2.574473060667514801e-02
9.307241067290306091e-03
-9.212171286344528198e-02
1.149638835340738297e-02
-1.949062198400497437e-02
-3.450288623571395874e-02
-3.674953244626522064e-03
2.920467173680663109e-03
-3.680258244276046753e-02
-3.689284995198249817e-02
1.829898357391357422e-02
-6.306898593902587891e-02
-1.669018762186169624e-03
1.150341331958770752e-02
-3.419372020289301872e-03
-2.343737287446856499e-03
2.662172168493270874e-02
2.921713981777429581e-03
-2.883967943489551544e-02
1.763336360454559326e-02
-7.599255442619323730e-02
6.955114658921957016e-03
-6.921301037073135376e-02
-1.095534302294254303e-02
-3.368727490305900574e-02
4.264309629797935486e-02
-1.128627220168709755e-03
-4.030102118849754333e-02
-2.316523902118206024e-02
-6.604284793138504028e-02
5.327961221337318420e-02
-3.876830264925956726e-02
6.491864565759897232e-03
-1.674201488494873047e-01
-4.197496548295021057e-02
-3.749047638848423958e-03
4.479905217885971069e-02
-1.761298067867755890e-02
-8.030910976231098175e-03
-2.225122787058353424e-02
-3.924031928181648254e-02
1.947013661265373230e-02
1.255316566675901413e-02
1.664602081291377544e-03
-4.726454988121986389e-02
1.743233203887939453e-02
-1.461114734411239624e-02
9.133573621511459351e-03
-9.077963419258594513e-03
-3.097279695793986320e-03
7.016523182392120361e-02
-8.687064796686172485e-02
-6.077692285180091858e-02
1.591504365205764771e-02
-2.091012708842754364e-02
1.216168422251939774e-02
-2.020727284252643585e-02
2.189166285097599030e-02
-7.235092576593160629e-03
-1.087598851881921291e-03
-7.771597243845462799e-03
4.643379896879196167e-02
-4.295566305518150330e-02
1.535971555858850479e-02
3.485984355211257935e-02
2.170598506927490234e-02
-5.367930978536605835e-02
-3.519544005393981934e-02
-1.337581593543291092e-02
4.368557035923004150e-02
-9.484168142080307007e-03
-1.045694574713706970e-02
-4.298948869109153748e-02
-3.596723079681396484e-02
-1.347586605697870255e-02
1.853838749229907990e-02
-2.478616312146186829e-02
1.855134963989257812e-02
6.514705717563629150e-03
-4.973736032843589783e-02
6.535033136606216431e-02
2.332517132163047791e-02
2.411774173378944397e-02
-3.987395018339157104e-02
3.431170061230659485e-02
2.245726995170116425e-02
4.656253755092620850e-02
2.375371940433979034e-02
-5.310416594147682190e-02
-2.767474949359893799e-02
3.251988068222999573e-02
4.395549651235342026e-03
-3.679970651865005493e-02
2.395592164248228073e-03
4.462115839123725891e-02
-6.640012562274932861e-02
-4.161094129085540771e-02
8.220569789409637451e-02
8.452110341750085354e-04
3.604947403073310852e-02
-8.280843496322631836e-02
2.211560308933258057e-01
6.588288233615458012e-04
-1.047865487635135651e-02
-1.778265088796615601e-02
1.477009989321231842e-02
-9.340028464794158936e-02
2.805838920176029205e-02
-1.297799311578273773e-02
4.556754231452941895e-02
2.423254586756229401e-02
1.076850760728120804e-02
1.038749143481254578e-02
8.165965974330902100e-02
3.614689037203788757e-02
4.718751180917024612e-03
-5.909794569015502930e-02
3.272230178117752075e-02
4.247283935546875000e-02
-7.289740443229675293e-02
5.569606646895408630e-02
-4.167490825057029724e-02
2.102332189679145813e-02
-3.049406781792640686e-02
-1.680616289377212524e-02
1.545256190001964569e-02
-1.048443932086229324e-02
-2.869244292378425598e-02
-1.572366617619991302e-02
-4.919270798563957214e-02
2.324271760880947113e-02
-2.178953774273395538e-02
-2.406319603323936462e-03
3.871361911296844482e-02
5.996947735548019409e-02
8.136667311191558838e-02
1.666301162913441658e-03
2.469476312398910522e-02
2.027210220694541931e-02
3.727317322045564651e-03
1.517375465482473373e-02
-8.143431693315505981e-02
-2.211714163422584534e-02
-4.179355688393115997e-03
-5.351185798645019531e-02
8.225172013044357300e-02
-3.010808303952217102e-02
3.422308340668678284e-02
5.524361133575439453e-02
2.707395888864994049e-02
-5.551431700587272644e-02
3.450252488255500793e-02
-2.290375158190727234e-02
-2.877723239362239838e-02
1.461007632315158844e-02
1.302500162273645401e-02
4.900888074189424515e-03
-4.532540217041969299e-02
8.071746677160263062e-03
-1.658924296498298645e-02
-1.586478203535079956e-02
-4.284849017858505249e-02
5.771904811263084412e-02
-2.883217111229896545e-02
-1.290701050311326981e-02
1.320882886648178101e-02
2.230636775493621826e-03
2.099620364606380463e-02
1.672217994928359985e-02
8.747514337301254272e-03
-2.225803397595882416e-02
3.573886351659893990e-04
-6.705259904265403748e-03
7.408602535724639893e-02
6.877739448100328445e-03
-5.111552402377128601e-02
-4.705121368169784546e-02
5.198623985052108765e-02
5.204749479889869690e-02
-5.861559510231018066e-02
1.689550932496786118e-03
-2.282281219959259033e-02
8.258258551359176636e-02
4.963071271777153015e-02
-4.078741371631622314e-02
-4.147072508931159973e-02
5.189062282443046570e-02
-1.135112792253494263e-01
-2.376757562160491943e-02
2.012045681476593018e-02
2.099198661744594574e-02
-4.197909310460090637e-02
4.291092231869697571e-02
-3.358577564358711243e-02
6.116545945405960083e-02
-1.927105337381362915e-02
8.960071019828319550e-03
-3.263638541102409363e-02
-1.260161101818084717e-01
-4.598973318934440613e-03
-1.390489283949136734e-02
3.661528229713439941e-02
-4.526852443814277649e-02
4.078259691596031189e-02
7.476288825273513794e-02
-3.061755374073982239e-02
1.110158301889896393e-02
-4.629410058259963989e-02
-1.559143327176570892e-02
-5.427714809775352478e-02
1.537539996206760406e-02
-3.684777393937110901e-02
-3.950300440192222595e-02
3.317403793334960938e-02
1.250378787517547607e-02
-9.767988696694374084e-03
3.291064128279685974e-02
-1.409396156668663025e-02
-6.384650245308876038e-03
1.756413839757442474e-03
4.553116485476493835e-02
2.568268030881881714e-02
5.420842021703720093e-02
-1.265451777726411819e-02
7.537398021668195724e-03
7.206532359123229980e-02
-3.420117869973182678e-02
-9.917590068653225899e-04
3.892168775200843811e-02
1.054087355732917786e-01
3.838776797056198120e-02
7.651902735233306885e-02
3.214696794748306274e-02
-4.410704970359802246e-02
4.794839397072792053e-02
8.096415549516677856e-02
-4.412518069148063660e-02
-7.032652944326400757e-02
8.248642086982727051e-02
-5.107281357049942017e-02
-3.920260444283485413e-02
5.649903416633605957e-02
-8.876346983015537262e-03
1.715997466817498207e-03
3.879208862781524658e-02
-3.120597638189792633e-02
-3.922871779650449753e-03
-6.364471465349197388e-02
-1.251923944801092148e-02
-4.676892235875129700e-02
-1.916069420985877514e-03
-1.687828451395034790e-02
3.079572878777980804e-02
-9.616882354021072388e-02
1.213636528700590134e-02
1.690550521016120911e-02
-2.952886000275611877e-02
-2.320631407201290131e-02
3.504093736410140991e-02
-6.556385010480880737e-02
5.078638717532157898e-02
2.095798589289188385e-02
-7.268021348863840103e-03
3.863800317049026489e-02
-3.748182579874992371e-02
4.650256037712097168e-02
-1.406546682119369507e-02
4.892294108867645264e-02
-3.846758045256137848e-03
1.211318653076887131e-03
-6.122610345482826233e-02
-6.384374946355819702e-02
-1.126036979258060455e-02
3.282644599676132202e-02
-3.574623540043830872e-02
-5.754682235419750214e-03
7.032366469502449036e-03
1.124870106577873230e-01
-1.777136698365211487e-02
3.924278542399406433e-02
-1.276424825191497803e-01
3.507008776068687439e-02
3.152353316545486450e-02
1.509060114622116089e-01
-5.902608856558799744e-02
5.266599729657173157e-02
-2.119781263172626495e-02
1.502593420445919037e-02
1.340391393750905991e-02
1.103742886334657669e-02
-4.708504676818847656e-02
8.730387687683105469e-02
1.486655883491039276e-02
-3.760289773344993591e-02
2.162584289908409119e-02
7.718956470489501953e-02
-2.886766940355300903e-02
7.681845687329769135e-03
-4.227685276418924332e-03
-3.411853685975074768e-02
-7.597479969263076782e-02
-3.831122443079948425e-02
-4.981657490134239197e-02
-5.344140157103538513e-02
2.869713678956031799e-02
5.552763119339942932e-02
-1.167766749858856201e-02
-2.478888817131519318e-02
-1.619073003530502319e-02
2.023290470242500305e-02
6.364255398511886597e-02
-1.009560152888298035e-01
1.064626872539520264e-02
2.795400097966194153e-02
-8.208941668272018433e-02
-2.099771372741088271e-04
9.354345384053885937e-04
4.437940940260887146e-02
1.227994542568922043e-02
1.775413379073143005e-02
-3.371504368260502815e-03
5.864876508712768555e-02
-2.425347268581390381e-02
1.306206826120615005e-02
8.478629589080810547e-02
5.874391645193099976e-03
-9.176173247396945953e-03
-1.057703513652086258e-02
-2.683338336646556854e-02
1.309109572321176529e-02
1.989835873246192932e-02
-2.020084112882614136e-02
-1.591129228472709656e-02
2.081430703401565552e-02
2.464624680578708649e-02
-6.107426714152097702e-03
-8.129837224259972572e-04
-2.117412723600864410e-02
-8.363077789545059204e-02
2.487461268901824951e-02
-8.053514175117015839e-03
4.021658375859260559e-02
-1.132124513387680054e-01
2.974209189414978027e-02
-5.346556659787893295e-03
5.493887234479188919e-03
-1.941826543770730495e-03
9.913993626832962036e-02
-1.117777265608310699e-02
3.833829611539840698e-02
-3.450173186138272285e-03
1.719335280358791351e-02
-2.005076268687844276e-03
-3.686189651489257812e-02
-6.974005699157714844e-02
9.943649172782897949e-02
1.945371925830841064e-02
9.760263562202453613e-02
2.735290303826332092e-02
1.027690246701240540e-02
1.219624094665050507e-02
-2.976155839860439301e-02
-2.619474753737449646e-02
4.170631617307662964e-02
-2.953415922820568085e-02
-1.323789265006780624e-02
-3.842036426067352295e-02
4.099212214350700378e-02
-7.629493484273552895e-04
2.192950621247291565e-02
4.586701281368732452e-03
-4.135363176465034485e-02
-1.936456002295017242e-02
-1.377209089696407318e-02
1.256117876619100571e-02
-9.484563954174518585e-03
-4.867710918188095093e-02
-3.901738300919532776e-02
-5.930722132325172424e-02
4.341160133481025696e-02
3.004522994160652161e-02
1.039894148707389832e-01
1.135345641523599625e-02
-1.432004501111805439e-04
-4.044213145971298218e-02
-7.556882500648498535e-02
-1.207484491169452667e-02
-1.170659624040126801e-02
1.368451025336980820e-02
4.928370937705039978e-03
2.332389354705810547e-02
3.406768664717674255e-02
2.965220250189304352e-02
4.873356595635414124e-02
-1.056561060249805450e-02
-2.960346266627311707e-02
6.836095452308654785e-02
4.311191849410533905e-03
6.843475997447967529e-02
2.375157549977302551e-02
-2.549587748944759369e-03
4.367158561944961548e-02
-9.630522131919860840e-02
-5.406261770986020565e-04
1.050533652305603027e-01
