0.0429631620645523
0.0492732711136341
-0.0188982822000980
-0.0764193311333656
-0.0216409023851156
0.0080413827672601
-0.0117744849994779
-0.0513983368873596
-0.0596207194030285
-0.0939991772174835
0.0900579243898392
0.0401736944913864
0.0237349532544613
0.0200779270380735
0.0862542316317558
0.0124930292367935
-0.0547485165297985
0.0359012596309185
-0.0223610289394855
0.0833341628313065
-0.0669767260551453
0.0390512011945248
-0.0981416180729866
-0.0489982478320599
0.0700446367263794
-0.0353493466973305
-0.0169518832117319
0.1091872155666351
-0.0367333777248859
-0.0687765106558800
0.0075962487608194
0.1004639863967896
-0.0535111054778099
-0.0194637496024370
0.1075545921921730
-0.0175050422549248
-0.0389965251088142
0.0828268229961395
-0.0236246567219496
-0.0026034929323941
-0.0397788323462009
-0.0258445125073195
0.0338450595736504
0.0505694709718227
-0.0797287225723267
-0.0199816245585680
0.0072583556175232
0.0471870005130768
0.0509874038398266
-0.0920978486537933
-0.0544564090669155
0.0560995899140835
0.0324215255677700
0.0545172169804573
0.0628003627061844
0.0783001407980919
0.0684593766927719
-0.0654335170984268
-0.0077397655695677
-0.0588778890669346
-0.0555635206401348
0.0130013972520828
-0.0528961978852749
-0.0172688756138086
-0.0621344409883022
-0.0789443850517273
-0.0784141421318054
0.0375280268490314
-0.0639674142003059
-0.0066034817136824
0.0671088919043541
0.0195898450911045
0.0372201725840569
0.0782340094447136
0.1028211340308189
0.0118432324379683
0.0042549022473395
-0.0098865050822496
-0.1120266690850258
-0.0037043928168714
0.0473055429756641
-0.0167036298662424
0.0140558518469334
-0.0842315331101418
0.0730635449290276
0.0085287438705564
-0.0098800975829363
-0.0503421388566494
0.0167053826153278
0.0067633586004376
-0.0611811988055706
-0.0505549386143684
-0.0424685552716255
0.0068825418129563
0.0308710914105177
-0.0429383926093578
-0.0183167997747660
-0.0507689006626606
0.0476846769452095
-0.0592348314821720
0.0331832505762577
0.0492566414177418
-0.0409250482916832
-0.0276005677878857
0.1509938985109329
0.0768891647458076
0.0728768184781075
0.0827412009239197
-0.0010174266062677
0.0873025581240654
-0.0761011615395546
0.0266457293182611
-0.0207402091473341
-0.0175162311643362
0.0270872246474028
-0.0460960268974304
0.0316877998411655
0.1014502719044685
-0.0229400675743818
-0.0860139355063438
-0.0195031408220530
-0.0499385409057140
-0.0865669846534729
-0.0653094053268433
0.0414786897599697
0.0580480508506298
0.0573137849569321
0.0666129440069199
0.0793906226754189
-0.0642378702759743
-0.0486455336213112
0.0208026878535748
0.0035950841847807
0.0606346316635609
-0.0563125610351562
-0.0630313977599144
0.0138535173609853
-0.0607053488492966
0.0437110252678394
0.0895873233675957
-0.0761001706123352
0.0253977421671152
0.0523280762135983
-0.0407927744090557
0.0552722848951817
0.0629432275891304
0.0403393283486366
-0.0614420548081398
-0.0357379019260406
0.0863460674881935
-0.1072853207588196
0.0176975075155497
0.1017435640096664
-0.0351643897593021
0.0287282336503267
-0.0936904773116112
-0.0864100903272629
0.0163022205233574
0.0161162167787552
-0.0181174762547016
-0.1089570298790932
-0.0348571613430977
0.0105874454602599
0.0843935012817383
0.0783860459923744
0.0256465785205364
-0.1011298075318336
-0.0880837738513947
-0.0015013347147033
-0.0758979767560959
-0.0123891411349177
0.0320041067898273
0.0053621940314770
0.0303310696035624
-0.0692331567406654
-0.0590227171778679
-0.0061478819698095
-0.1030365303158760
0.0382000431418419
0.1221274733543396
0.0648025199770927
0.0794868096709251
0.1001668199896812
-0.1148385927081108
-0.0280045568943024
-0.0564369745552540
0.1011904105544090
-0.0064105135388672
-0.0585865229368210
-0.1385674774646759
-0.1155061423778534
0.0792942941188812
-0.0572870559990406
0.0218551028519869
0.0019418844021857
0.0265924613922834
-0.0934305861592293
-0.0705193951725960
0.1697843372821808
-0.0148434080183506
-0.0600677318871021
0.0440667718648911
0.1123572364449501
-0.0447090156376362
-0.1323825716972351
-0.0499135777354240
-0.0891643986105919
-0.1111826747655869
-0.0844388306140900
-0.0747848004102707
0.1002941057085991
0.0612844973802567
-0.0980164781212807
-0.0379063300788403
-0.0036092568188906
-0.0394703634083271
-0.0697668045759201
-0.0324777252972126
0.0585435740649700
-0.0244006775319576
0.0509928427636623
-0.0757114663720131
0.0921890363097191
-0.1129836291074753
-0.0462922267615795
-0.0566976368427277
0.1001577451825142
0.0191838070750237
-0.0784778147935867
-0.0663429349660873
-0.0892308130860329
-0.0742103829979897
0.0499276742339134
0.0430774204432964
0.0746401324868202
-0.0268060993403196
-0.0691631063818932
-0.1278608292341232
0.0611536726355553
-0.0350523106753826
0.0234384201467037
0.0725970044732094
-0.0636034533381462
-0.0245361458510160
0.0907918810844421
0.0444993153214455
0.0591341592371464
-0.0147198531776667
0.0178785845637321
0.0426458753645420
0.0683493986725807
-0.0081151165068150
0.0514399372041225
0.0878208577632904
-0.0285607222467661
0.0147751793265343
0.0905838906764984
-0.0116788605228066
-0.0443653799593449
-0.0375775955617428
0.1410524547100067
-0.1679697185754776
0.0511669740080833
0.0808294788002968
0.0163511186838150
0.0760933160781860
-0.1361416578292847
0.0901185944676399
0.0729023441672325
0.0341918468475342
-0.0626047924160957
-0.0794797390699387
-0.2228020578622818
-0.0673980638384819
0.0809359699487686
-0.2297299802303314
-0.2300324440002441
-0.0680583715438843
0.0733418315649033
0.0122323120012879
0.0423428416252136
-0.1876289546489716
-0.1896736621856689
-0.1239622980356216
-0.1140143200755119
0.0253047924488783
0.0345415025949478
-0.0045905695296824
-0.1139738857746124
-0.1257617324590683
-0.2168207615613937
-0.0227431543171406
0.1356719583272934
0.1112073361873627
-0.0487195886671543
-0.1688079535961151
-0.0670782253146172
0.0174044296145439
-0.0511606372892857
-0.1681731045246124
-0.1028571054339409
0.0777132362127304
0.2019472271203995
-0.2710522711277008
-0.0349664278328419
0.1968941539525986
-0.0616833940148354
0.0949640870094299
0.0011926692677662
-0.0994448587298393
-0.1040385439991951
-0.1000979840755463
0.1398674100637436
0.0753009468317032
-0.0698348730802536
0.0377856120467186
0.0414153300225735
0.3834280073642731
0.0534395202994347
-0.1748694181442261
0.0098942257463932
-0.0826592072844505
0.0122882369905710
0.0700500160455704
0.0446902886033058
0.0523286573588848
0.0354867614805698
-0.0192449148744345
0.0653293058276176
0.0044554793275893
0.0106824003160000
-0.0151105038821697
0.0530942603945732
0.0758653283119202
-0.0022342759184539
0.0460254475474358
0.0353543870151043
-0.0313062481582165
-0.0300026647746563
-0.0797631293535233
0.0237308386713266
-0.0415447838604450
0.0210323147475719
-0.0660571902990341
0.0174559317529202
0.0638498887419701
0.0181900616735220
-0.0541033260524273
-0.0168402604758739
0.0022141325753182
-0.0377435050904751
-0.0136929964646697
-0.0998216569423676
0.0189477354288101
-0.0034056035801768
0.0188828743994236
-0.0085375010967255
-0.0587619580328465
-0.0341997407376766
-0.0343391075730324
-0.0113759143278003
0.0190375540405512
0.0091393431648612
0.0578323788940907
-0.0063879312947392
0.0527402199804783
-0.0645315125584602
-0.0349936410784721
-0.0133516248315573
0.0188478808850050
0.0058598481118679
-0.0690195411443710
0.0859654098749161
0.0089179854840040
-0.0223960820585489
0.0276592001318932
0.0327332019805908
0.0181283038109541
-0.0270893722772598
-0.0457275845110416
-0.0865689441561699
-0.0387861542403698
-0.0419814065098763
-0.0363986194133759
-0.0325537584722042
-0.0385618172585964
0.0237864274531603
-0.0849163085222244
0.0367063507437706
0.0132372360676527
0.0597610250115395
0.0177632067352533
0.0011943794088438
-0.0147577039897442
-0.0093839680776000
-0.0167110040783882
0.0383074693381786
-0.0207304172217846
0.0002046565059572
0.0151655236259103
-0.0804323628544807
0.0617545172572136
0.0382686108350754
-0.0571041144430637
-0.0204016938805580
0.0065738391131163
0.0389755293726921
-0.0352522544562817
-0.0486420355737209
-0.0315346494317055
0.0655993595719337
0.0681290328502655
0.0614757239818573
-0.0203991532325745
-0.0637380108237267
-0.0044987690635026
-0.0070221861824393
-0.0283489562571049
0.0137753468006849
-0.0257171448320150
0.0513169057667255
-0.0090600131079555
-0.0564878918230534
0.0309509281069040
-0.0095614129677415
0.0491000153124332
0.0721217542886734
0.0253098793327808
0.0485980808734894
-0.0116339512169361
-0.0126132164150476
-0.0324618406593800
0.0014582446310669
-0.0938785970211029
-0.0294090062379837
-0.0371999740600586
0.0694818273186684
0.0544735714793205
-0.0897689312696457
0.0180888492614031
-0.0138327404856682
0.0404168814420700
0.0243845283985138
0.0577080063521862
-0.0134273227304220
0.0448372587561607
-0.0242133159190416
-0.0277567822486162
-0.0190667454153299
0.0651007592678070
-0.0172019563615322
0.0394836887717247
0.0264027956873178
-0.0282196216285229
0.0701674148440361
-0.0809577777981758
0.0397657044231892
-0.0134653374552727
-0.0434797853231430
-0.0334570407867432
-0.0193958636373281
-0.0313267707824707
0.0551847927272320
0.0274629779160023
0.0123715559020638
0.0520653352141380
-0.0493875481188297
0.0254853870719671
0.0450897440314293
0.0006597989704460
-0.1015128046274185
-0.0231671277433634
0.0271820724010468
0.0429059416055679
0.0275471284985542
0.0110432077199221
-0.0571424961090088
-0.0479579009115696
-0.0593289360404015
0.0569512248039246
0.0465748347342014
0.0314934402704239
-0.1069557964801788
-0.0664524957537651
-0.0366675965487957
-0.0101673072203994
0.0839522108435631
-0.0075331740081310
0.0105404751375318
0.0499660000205040
0.0452960878610611
0.0330662429332733
0.0846498981118202
0.0089904163032770
0.0072852266021073
0.0380593873560429
0.0556241460144520
0.0012783182319254
-0.0043363994918764
-0.0150120556354523
0.0491745471954346
-0.0618558190762997
-0.0121888853609562
-0.0473293997347355
0.0076189483515918
-0.0707059800624847
0.0974191278219223
0.0753892436623573
0.0225783791393042
-0.0330640561878681
-0.0315548628568649
-0.0121329994872212
0.0317777581512928
0.0904799178242683
0.0305730495601892
0.0279004536569118
0.0380083993077278
0.0450994335114956
-0.0278414823114872
0.0138595160096884
-0.0950161293148994
-0.0287161245942116
-0.0609044320881367
0.0149492863565683
-0.0774086192250252
0.0042372723110020
-0.0503047481179237
-0.0374147035181522
-0.0150289200246334
-0.0210883263498545
0.0191855411976576
0.0316956415772438
-0.0175521560013294
0.0057384562678635
-0.0076442984864116
0.0291972160339355
0.0016862840857357
0.0186134725809097
-0.0516569614410400
-0.0363851115107536
-0.0502693653106689
-0.0502181909978390
-0.0154752675443888
-0.0020985745359212
0.0134889930486679
-0.0018570630345494
0.0199571643024683
0.0043685249984264
0.0033920353744179
0.0287642292678356
0.0163914766162634
0.0292314309626818
0.0473744496703148
0.0202015116810799
0.0095069762319326
-0.0273642092943192
0.0013800669694319
-0.1211063712835312
0.0655236095190048
-0.0996549800038338
0.0572430305182934
0.0408421382308006
0.0078948056325316
-0.0110619040206075
-0.0496937856078148
-0.0167649406939745
-0.0296695102006197
0.0124734202399850
0.0390789024531841
0.0191306676715612
0.0437095016241074
-0.0836961939930916
-0.0327957831323147
-0.0118183707818389
0.0169589798897505
0.0031896478030831
-0.0076827886514366
-0.0018021704163402
-0.0197557620704174
-0.0560351870954037
0.0085715446621180
-0.0649818927049637
-0.0209406316280365
0.0976061671972275
-0.0375242009758949
-0.0668332725763321
-0.0788865834474564
0.0367763824760914
-0.0257167350500822
0.0752508267760277
0.0233111586421728
0.0009575104340911
-0.0576845444738865
-0.0449828244745731
-0.0086361793801188
-0.0812919139862061
0.0073186033405364
-0.0349868535995483
-0.0175802540034056
-0.0454263389110565
-0.0052921227179468
0.0500598289072514
-0.0645302310585976
0.0357441417872906
-0.0457524470984936
0.0129427583888173
-0.0344424471259117
-0.0156811829656363
-0.0446699522435665
0.0335387885570526
0.0332935266196728
-0.0021235053427517
-0.0044725025072694
0.0106038209050894
-0.0093084145337343
-0.0251871552318335
-0.0425281189382076
0.0029968312010169
-0.0805417969822884
-0.0324100963771343
0.0416937023401260
-0.0607707686722279
-0.0185172948986292
-0.0948890522122383
0.0673063322901726
-0.0340309254825115
-0.0280871093273163
0.0064461492002010
0.0100138951092958
-0.0345695726573467
0.0615654289722443
-0.0723420605063438
0.1078763678669930
-0.0093364911153913
0.0824164450168610
-0.0088633894920349
-0.0907653346657753
0.0214306320995092
0.0527645349502563
-0.0156352445483208
0.0491529107093811
0.0002477985690348
0.0224293842911720
0.0132005978375673
0.0510671436786652
-0.0205792095512152
-0.0119613502174616
-0.0172137841582298
0.0516846328973770
-0.0794342830777168
-0.0058701881207526
0.0033069492783397
0.0025673902127892
-0.0460051186382771
0.0378591567277908
-0.0412068739533424
-0.0965925231575966
0.0732907578349113
0.0687534585595131
0.0068957149051130
-0.0465230494737625
0.0322023741900921
0.0265186335891485
-0.0320423766970634
0.0481945909559727
0.0102507947012782
0.0039761643856764
0.0265068989247084
-0.0437764003872871
-0.0118931876495481
0.0198144577443600
-0.0063526551239192
0.0100710140541196
-0.0512951835989952
-0.0160108152776957
-0.0245501603931189
0.0013490237761289
-0.0213856305927038
0.0262242276221514
0.0755676403641701
0.0262024663388729
0.0425051674246788
-0.0030402648262680
-0.0240103174000978
0.0016516667092219
0.0106011666357517
-0.0369054302573204
-0.0479871444404125
-0.0030342761892825
0.0364545695483685
0.0178499091416597
-0.0032423955854028
0.0128181790933013
0.0041444236412644
0.0405983626842499
0.0615099444985390
-0.0076596159487963
-0.0550087764859200
-0.0569061078131199
-0.0558627992868423
0.0369422584772110
-0.0499126799404621
0.0011496706865728
0.0015553482808173
-0.0159617625176907
0.0165631547570229
0.0302350949496031
-0.0548603348433971
-0.0253013428300619
0.0424789562821388
-0.0563646778464317
0.0410569831728935
-0.0131211895495653
0.0358795262873173
0.0613706447184086
0.0002604719775263
0.0574299730360508
-0.0311275292187929
0.0214271526783705
-0.0500920303165913
-0.0401000417768955
0.0000709466476110
-0.0570516213774681
-0.0240525137633085
0.0729174613952637
0.0644284784793854
-0.0722650736570358
0.0386320501565933
-0.0090128509327769
-0.0271965675055981
-0.0351669155061245
-0.0243803709745407
0.0404791943728924
0.0429443903267384
-0.0881502702832222
-0.0547546707093716
-0.0343752317130566
0.1080324873328209
0.0429416820406914
-0.0321657136082649
-0.0575363710522652
0.0282339677214622
0.0274181775748730
-0.0091909533366561
-0.0216422248631716
0.0979138314723969
0.0737140253186226
0.0371340066194534
0.0123530151322484
0.0518587008118629
-0.0786496773362160
0.0592433139681816
0.0620077699422836
-0.0501608140766621
-0.0525230802595615
0.0456098206341267
-0.0406222231686115
-0.0163338501006365
0.0098218321800232
0.0238792095333338
-0.0028671689797193
-0.0031696378719062
0.0636363849043846
-0.0052534001879394
0.0783911868929863
0.0328801237046719
-0.0544418059289455
0.0367394015192986
0.0607856065034866
0.0217057112604380
-0.0539728514850140
-0.0133223952725530
0.0186919700354338
0.0140699548646808
0.0828322172164917
0.0317683033645153
0.0167524982243776
0.0432040020823479
0.0516997389495373
-0.0363297089934349
-0.0534719526767731
0.0827920511364937
-0.0088150678202510
0.0091067748144269
0.0699171647429466
-0.0727322176098824
-0.0411767698824406
0.0408875569701195
0.0111250774934888
0.0047074295580387
-0.0127141904085875
0.1004070490598679
0.0043422090820968
0.0004428330576047
0.0271967481821775
-0.0094975009560585
0.0887503400444984
0.0480341687798500
0.0904900729656219
0.0269426330924034
-0.0189420022070408
0.0570060573518276
-0.0663360580801964
-0.0401495620608330
0.0656141415238380
-0.0151741066947579
-0.0621805675327778
-0.0056092003360391
0.0623816773295403
0.0703095868229866
0.0590453557670116
-0.0883321017026901
-0.0733542218804359
-0.0538498163223267
0.0322846621274948
0.0326286293566227
-0.0257288645952940
-0.0288894586265087
-0.0202858876436949
0.0139669915661216
-0.0238299556076527
0.0235486067831516
0.0233222600072622
-0.0258159805089235
0.0626853033900261
-0.0470757409930229
-0.0195297822356224
0.0533003956079483
0.0657570362091064
0.0053825560025871
-0.0153253506869078
-0.0451069362461567
