-0.00263577
-0.00966368
-0.01874586
-0.00178592
-0.00114056
0.04049281
-0.00012339
0.03013282
0.03508201
-0.00264378
-0.00353649
-0.01900455
-0.01807523
-0.00806785
-0.01369530
-0.00695829
-0.00618655
-0.00819837
-0.10941036
0.01521551
0.01520116
0.02144397
-0.01388650
-0.03034383
-0.00106375
0.02918134
0.00031431
-0.01470088
0.00023552
0.01390695
-0.19054319
0.01174960
0.03080825
0.00190696
0.00106982
0.05825410
0.00726840
-0.00291253
-0.01841468
-0.07764037
0.00403393
-0.00794856
0.03501163
-0.02944134
0.00623035
0.01797307
0.01051392
-0.01263360
0.01815945
0.01152887
0.04412204
0.00599568
-0.09090844
-0.01336613
0.01758991
-0.02056381
0.00712652
0.00184823
0.42528433
0.01067520
-0.00392143
-0.01655737
-0.01049791
-0.01308691
0.01608063
0.00460455
-0.02462935
0.02149509
-0.00672034
-0.00554491
0.00698149
0.00992115
-0.04309922
0.01902509
-0.00579704
-0.03032416
-0.01153867
0.03463641
0.00327052
-0.11802056
-0.00093079
0.01228076
0.00990402
-0.04931245
0.00692906
-0.01378122
-0.01210809
-0.01753377
0.00378243
-0.00866539
-0.00132021
-0.03907348
0.05425458
0.00565811
-0.01931036
0.00602352
-0.01093387
-0.02115977
-0.03650367
0.01274459
0.01182559
0.01837117
-0.02672530
0.01054114
-0.00839693
-0.01058522
-0.03163416
0.02617947
0.01206922
-0.01489458
0.01619418
0.00344344
-0.02096048
0.00237371
-0.01181222
-0.00585081
0.03281076
-0.01502181
-0.00534858
0.00227729
0.00869522
0.02298134
-0.00600121
-0.00695253
-0.01534613
0.00893052
0.01442380
-0.00376220
0.00110260
0.08316959
-0.02387254
0.02347271
0.01554696
0.01117415
0.05086229
-0.04622276
-0.07558209
0.01312499
-0.11643852
0.00246679
-0.00676375
0.02678306
-0.00420069
0.00426872
0.01889071
-0.14355247
-0.00416951
-0.01786038
-0.02512541
-0.00099491
0.02261835
0.02100682
-0.02337413
-0.05441273
0.00151348
-0.00233224
-0.02711800
-0.00910463
-0.00945565
0.01526124
-0.00749791
0.04372971
0.03074740
-0.01433321
0.00215558
-0.01410207
0.04176725
-0.00167742
0.00365010
0.02532722
-0.01641965
-0.01520506
0.00956746
-0.01403738
0.01280419
0.00674650
0.00381211
0.01718896
-0.03730229
0.01474123
0.01180979
0.01149606
0.02007721
0.00791415
0.03543109
-0.21098912
0.03193106
0.02366686
-0.00717041
0.07049084
0.05496654
-0.00056341
-0.02710030
0.00950820
0.01046006
-0.01678029
-0.00156400
0.00321187
-0.12049595
-0.03887057
0.07072322
-0.00267893
0.09229586
-0.01668771
-0.00415831
-0.04017760
-0.00696320
-0.00116001
-0.01245261
0.05512484
-0.03802489
-0.00985445
0.04182684
0.00415264
0.01720523
0.03274529
-0.02837226
0.03107067
-0.00996839
-0.00609348
-0.04584290
-0.71059906
-0.00426177
0.00786513
0.00979688
0.00134328
-0.03173694
-0.00782214
0.01751531
0.01021608
-0.03685004
0.00296618
0.01217590
0.00592523
-0.04244929
-0.00872891
-0.01930306
-0.00378479
-0.00543978
0.01270084
0.02987927
0.02144636
0.06875625
-0.07305903
-0.00032435
-0.00507475
0.01994717
0.04152564
0.03909077
0.00061787
-0.01666375
0.02237220
0.02945701
0.02140080
0.00900051
0.02170379
-0.09360881
-0.00159488
-0.12553307
0.02841931
0.09142886
0.09996565
-0.06163815
0.01837393
-0.10404290
0.16378906
-0.03130972
0.02738676
0.06309860
-0.08089909
0.03204317
0.07506511
0.07013581
-0.14023909
0.01882334
0.01811555
-0.11729569
-0.08056938
0.07475019
-0.11765862
-0.04759354
0.14394632
0.09640020
-0.07563192
-0.03509089
0.04021515
0.05872552
-0.04252101
0.02756197
-0.07705832
0.11232269
-0.05126565
-0.06795087
0.01146110
-0.03086317
0.05458535
-0.08715531
0.07949034
-0.06981631
-0.03974304
-0.00698621
-0.20027247
0.75836784
-0.07156082
-0.10705041
-0.08775622
-0.11594078
0.04543878
-0.11543605
0.05153184
0.13116397
0.07197779
0.08983232
0.05048154
-0.00391945
-0.05958983
0.12458368
-0.06798580
-0.04424029
0.06200945
0.02985724
-0.00613522
-0.01078186
0.02250528
0.09316456
-0.00903262
0.01427833
0.00228597
-0.02719471
0.00712260
0.03074925
0.05949885
0.01921160
0.05617407
0.07854536
-0.01433638
0.00677168
0.00542908
0.02378065
-0.03739614
-0.05676758
-0.02170773
-0.02491765
0.01667166
0.01760859
-0.05360471
-0.01522858
-0.05966796
-0.00817728
0.08975258
-0.04334876
-0.01676076
-0.04630270
-0.02489541
-0.03839820
0.09835777
-0.01670470
0.00683940
0.04439983
0.03705871
-0.02107638
-0.04177729
-0.02901577
0.00409267
-0.00228140
-0.00118960
-0.00027345
-0.02393044
-0.04944323
-0.05200363
-0.00165355
0.04286111
-0.03398332
0.01190862
-0.00348975
-0.02749406
-0.03713781
-0.01328739
-0.04116787
-0.05552551
0.01347219
-0.00797078
-0.09873859
-0.05859188
0.02267345
-0.02016754
0.06167453
0.02726585
0.01434951
0.01192586
0.02720396
-0.01535934
0.06353970
0.04370677
0.00310611
-0.04431907
0.13969946
-0.01964811
-0.04383444
-0.06581169
-0.01384166
-0.02292203
0.11510715
-0.01113561
0.03521321
-0.00464624
0.06586955
-0.00344087
0.09181021
0.02349304
0.01311055
-0.00520814
0.00872166
-0.00745731
0.03737668
-0.02033991
-0.02149109
-0.00092090
-0.13524348
-0.00296456
-0.01030852
0.04492782
-0.08574012
0.00012751
-0.00062224
-0.05191522
0.02127224
-0.00168471
-0.06791488
0.00942920
-0.00473217
0.00292083
-0.00115396
-0.04028354
-0.02557887
-0.02758260
-0.00733096
-0.02538983
0.02111814
-0.02815570
-0.02984282
-0.03860197
-0.03151259
0.02886548
0.00277607
0.04024618
0.04384888
-0.12182846
0.05837868
-0.05147719
0.05869639
0.04637902
0.06773996
-0.00166415
-0.00814348
0.00796916
0.03050642
-0.03218980
0.08862115
-0.01955864
0.00660814
-0.04806427
-0.00263867
-0.01135352
0.02797733
0.05579387
0.00858414
0.03179198
-0.01051928
-0.01910634
-0.01263497
0.00609977
0.05512251
-0.01542556
0.02289177
-0.03663015
0.05196917
-0.09044937
0.09552817
-0.03565428
-0.02253015
-0.04654783
-0.09170882
-0.01719030
0.03777790
0.02148601
0.02002638
-0.01890149
-0.01800017
0.00429467
0.06164857
-0.05670090
-0.02541696
0.05215995
-0.03307569
0.00112608
-0.04288561
-0.01821585
-0.00616516
-0.04101552
0.07832806
-0.00468541
-0.08590732
0.05514645
0.00381946
-0.00552076
0.02211708
-0.09894312
0.00415721
-0.00547698
0.00515284
0.02345054
-0.04694967
-0.03339243
-0.04994525
-0.05942560
0.04078456
-0.00709834
0.01332812
0.02909287
0.10092397
-0.00928735
-0.03209709
-0.02412629
-0.03116363
-0.05318037
0.03000504
0.00805990
-0.20799346
-0.02611542
0.01643157
-0.08170012
-0.06389181
0.02131541
0.01519483
-0.02029345
0.00242576
0.04157536
-0.00210945
0.00552108
-0.00057536
-0.00831468
0.00870697
-0.04090484
-0.04239354
0.00170178
0.10136701
0.00901959
-0.00268387
0.01684311
0.00638394
-0.03247407
-0.00449587
-0.02057395
-0.02729903
0.01416441
0.01160152
0.00389960
-0.02928372
-0.00731046
-0.02340555
-0.05596817
-0.05716715
0.04362346
0.01000973
-0.07701174
-0.01975689
0.01597633
0.09966262
0.01277787
-0.05793507
0.05176608
-0.04320378
-0.00261533
-0.02386915
-0.05882644
-0.02758086
0.00444510
-0.02233914
-0.01627107
-0.02766309
0.02385150
0.03170032
0.02510384
-0.02291512
-0.00183617
0.01657067
0.01189610
-0.02626158
-0.02432869
-0.00297513
-0.01319775
-0.05403513
-0.03701990
0.03907688
0.01123269
0.05395167
-0.02718843
0.02627528
0.01726680
-0.01590676
-0.01711184
-0.02113391
0.01414456
-0.02531165
0.04392165
0.04452679
-0.01243555
-0.02762877
0.01285391
0.03030308
-0.04916773
-0.01210990
-0.03130575
0.05835874
0.04066230
0.06299981
-0.03415512
0.00785682
-0.01362607
-0.01494205
0.03699498
0.02589655
0.02583437
0.00922718
0.11076893
0.04620218
-0.02227084
-0.10681403
0.00316329
-0.03068968
0.02788104
-0.01432182
-0.00638465
0.01813599
0.05642786
-0.09963536
-0.02719576
0.00956767
-0.00279759
-0.04091481
-0.00803457
-0.00621571
-0.00894415
-0.05055590
0.02557027
-0.03694158
0.00400276
-0.04263382
-0.01579784
0.03827063
0.04129029
0.01531475
-0.02608690
0.04991149
-0.03179586
-0.06621526
-0.05139490
0.00291952
0.04733748
0.00875865
0.01529889
-0.00536932
-0.05096838
0.01984547
-0.00856668
0.05579259
-0.03217711
0.02602945
-0.01932453
0.02440244
-0.01026904
0.01475159
-0.00979471
0.07684885
-0.01099554
0.01951252
-0.06699656
-0.04066764
-0.01861226
0.05792926
0.03875674
0.02488340
0.01968654
0.01440599
-0.01449543
0.01790577
-0.06534606
-0.02386316
0.05813126
0.01715756
0.02558029
-0.02410943
-0.01887093
0.02653935
0.04683270
-0.01848689
0.03490442
-0.01979171
-0.01302789
0.04064609
0.04783460
-0.00573108
-0.04187673
-0.06896575
0.02997624
-0.02427079
0.23424654
-0.03415575
0.02133697
0.02261279
-0.02190180
0.05517200
0.01799260
0.04644360
-0.03906439
0.04425422
-0.16922583
-0.03844209
-0.04152503
0.07159410
-0.01499528
-0.00850638
0.01309841
-0.00335090
-0.06649614
0.00800641
0.07916093
-0.02415598
0.03511733
0.03516341
-0.02330642
-0.01318294
0.01272586
-0.06861825
-0.02241456
-0.01699108
0.01464012
-0.15080856
-0.00002000
-0.01131922
-0.02225416
0.01102269
0.00486707
-0.07759893
0.01606504
0.00020495
0.00193943
-0.10603571
0.03589309
-0.01920787
-0.03538632
-0.01216456
-0.00213115
0.00884458
0.01120986
0.01585743
-0.03204949
0.04525479
0.07508311
0.00058045
0.07163121
0.00575077
0.02728787
-0.01990427
-0.04017977
0.00334372
-0.03099984
-0.01337441
-0.25089434
-0.01562595
0.03759332
-0.02277203
0.06013074
0.00391411
-0.01708587
-0.03195778
-0.02021861
-0.00641198
-0.01799822
-0.00579854
-0.02254195
0.13606881
0.02200454
0.03225205
0.00029918
-0.00495289
0.03092317
-0.05686248
-0.00511545
-0.03231419
-0.02895087
-0.05710886
0.02518666
0.02728719
-0.05248562
-0.00133792
-0.01402975
-0.03553382
-0.03680551
0.04608868
-0.04258180
0.02667526
0.08270963
0.00849850
0.05098055
-0.01305615
-0.00518490
-0.05660719
0.04767863
-0.04436372
0.00384064
-0.06719942
-0.01556777
0.00521241
-0.01188704
0.00891399
-0.02040152
0.04044889
0.01865733
-0.02422059
0.01928406
0.01859227
0.07322937
-0.00932648
-0.02376696
-0.07128657
0.01119009
-0.01493403
-0.02286148
0.03619149
-0.00084474
