-0.00967331
-0.00140362
0.00548655
-0.01618063
0.01534525
0.02594531
-0.00576533
0.01078504
-0.01086834
-0.01220303
0.00107119
0.00517650
-0.02375453
0.00578753
-0.01714412
-0.01216721
-0.00770016
0.00013006
-0.12616219
0.00944336
0.01394347
0.01487455
0.01984908
-0.00229462
0.00594552
-0.00071507
0.00167387
-0.01485332
-0.01059786
0.01749663
-0.12973875
-0.00055420
0.01216941
-0.00676005
0.00100408
0.00458550
0.01955664
-0.01065139
0.00536248
0.00089623
0.01185409
-0.00758946
0.07164053
0.00054664
0.00311279
0.00767345
0.01676109
-0.02073964
0.01152090
0.00755089
0.03394354
0.03162955
-0.03885305
-0.01517381
0.01389279
-0.01880602
0.02174507
0.00113510
0.48748133
-0.01643536
-0.00687947
-0.00649603
-0.00172380
-0.02038849
0.00531998
0.01869044
-0.02231323
0.01325472
-0.06410215
-0.00021889
-0.00321556
-0.00191184
-0.03521674
0.01115939
-0.01676122
-0.00513562
-0.00482565
-0.01752242
0.00732163
-0.14875662
-0.00109716
-0.00378839
0.00868965
-0.03647285
-0.03253465
-0.00745515
-0.01535871
-0.02210258
0.00551075
-0.00179133
-0.01345228
-0.01848589
0.03822510
0.00689903
-0.00901406
0.01989010
-0.00273412
-0.02418942
-0.03103110
0.01392366
0.01352445
0.01553760
-0.01673875
-0.00190648
-0.01680161
0.01029739
-0.00854892
0.01310167
0.00534865
0.00530918
0.01256600
0.00701431
0.00042800
0.00860161
-0.01350758
-0.00360290
0.00263356
-0.00989471
-0.01045248
0.00063268
0.00625434
0.01536615
-0.00567010
-0.00993771
0.02976756
0.00370080
-0.00047117
0.00639451
0.00448440
0.05987095
0.02438457
0.02337407
0.01513949
0.01517809
0.01285410
-0.03167370
-0.00159785
0.00863142
-0.07443971
0.00085611
0.07240222
0.02401339
-0.00457138
0.02532414
0.00709721
-0.19190843
0.01381204
-0.00194780
-0.02766051
-0.01080096
0.02209766
0.01760181
-0.01704294
-0.01418372
0.00172969
0.00098653
-0.00652106
-0.00618040
0.03881076
0.04236885
-0.00840382
0.09787547
-0.04025178
-0.00225703
0.00612459
-0.01077966
0.00921480
-0.00488173
0.01429673
0.00868385
-0.01662575
-0.02166759
-0.00367728
-0.01555264
0.00935868
0.00103279
-0.00008495
0.02335251
-0.03984675
0.01756261
0.00624097
0.00463958
0.00830357
-0.00038930
0.04127976
-0.22257377
0.11345393
0.02911720
0.00924942
0.04023763
-0.01722320
-0.01187089
-0.01663360
0.01654710
-0.01113154
-0.00668436
0.06382821
0.00987152
-0.01455401
-0.01572421
-0.01268463
-0.00553294
0.06408301
0.02533239
-0.00993169
-0.01483150
-0.00445293
-0.00632030
0.00697499
0.06418393
0.00488146
-0.00530354
0.00857274
0.00739902
0.00862064
0.01877229
-0.02430749
0.01891799
0.00056672
-0.00020680
0.00804199
-0.69863033
0.00524088
0.02220886
0.00747559
0.00650941
0.00953294
-0.00054533
0.02291426
0.01940593
-0.00961594
0.00138811
0.03613602
-0.00562751
-0.04547008
-0.00848243
0.01608735
-0.00367376
-0.00312136
0.00558943
-0.00046689
0.00110276
0.11901978
-0.01793828
-0.01361938
-0.00798759
0.00854253
-0.01207454
0.03296340
0.00800279
-0.00608949
0.01796538
0.03306358
0.02077660
-0.00539115
0.01907574
0.08799020
0.01991863
-0.04666818
0.07647532
0.08263060
0.04561178
-0.02604567
-0.00367450
-0.07345573
0.04350307
0.08421871
0.02389160
-0.04199264
-0.06269152
-0.02914335
0.10362244
0.04915350
0.02078078
-0.02468918
0.03521864
-0.04735718
-0.01397169
0.01338897
-0.02598633
-0.05221151
0.03026294
0.06603117
-0.07005481
-0.01665764
0.03762126
0.04421814
0.02310483
0.01981119
-0.03792934
0.06787304
-0.01863749
-0.03723741
0.05910709
-0.05126368
0.03384513
-0.09807008
0.04122110
-0.02472418
-0.07420577
-0.00923763
-0.07725557
0.90857607
-0.02431947
-0.04498002
-0.07903784
-0.02211161
0.08523831
-0.05365028
-0.01493992
0.00431947
-0.06494617
0.07088465
0.05492281
-0.08468917
-0.03699618
-0.01703574
-0.07984710
-0.07248338
-0.00512273
0.02529744
-0.01405122
-0.01460224
0.02462391
0.03870519
-0.03743615
-0.02998466
0.02982041
0.00109313
-0.00108466
0.00446110
0.01317270
0.01594988
0.03938695
0.04306105
0.04067138
-0.01993296
0.05774386
0.05799058
-0.02198468
-0.02269751
-0.02404023
0.00286963
0.02132115
-0.01228559
-0.02189205
-0.00260312
-0.03886539
-0.03760649
0.09567978
-0.05055125
0.00797378
-0.04995108
-0.01704619
-0.03463150
0.03139805
-0.03447335
-0.00088905
0.06557670
0.06392147
-0.00479626
-0.02445218
-0.03269635
-0.00425413
-0.01597561
-0.02413876
-0.01130501
0.02588702
-0.02630245
-0.02182572
-0.02493707
0.00234458
0.02612847
0.01026370
-0.03491081
0.01065622
0.02979424
-0.00138265
0.03991945
-0.04872877
0.04946116
0.02471675
-0.08797161
-0.06504686
0.03914242
-0.07231955
0.01459185
0.03318359
0.00922080
-0.01390429
-0.00341593
-0.00273535
0.10431453
0.02768320
0.00523739
-0.06961534
0.12237027
0.00893041
-0.07188885
-0.00987274
-0.01188640
0.00414023
0.13852276
-0.01182968
0.00532289
-0.07744973
0.04844303
0.02319832
0.10248541
0.02710548
-0.02082583
0.00214904
0.01987587
-0.04332096
-0.01636664
0.00900029
-0.00391283
-0.00321567
-0.12699915
-0.01332772
-0.02786068
-0.03494933
-0.04962851
0.03885512
0.00611627
-0.05562917
0.00387247
0.01042791
-0.07309555
-0.00074379
0.00919023
-0.03647175
0.00502960
-0.04191837
0.00256549
0.02129883
0.00727328
0.04772540
0.03756204
-0.07042762
-0.00604464
-0.04948996
0.01848588
0.03505469
0.08378889
0.03996019
0.05444225
-0.08112095
-0.00055204
-0.02700700
0.06249303
0.04351223
-0.03046827
0.00375787
0.01985939
0.01734202
0.03009594
0.02554263
0.04725515
0.00623501
0.06518581
-0.02653891
-0.01394822
0.05675717
0.05246052
0.05062642
-0.01728827
0.00427908
-0.01137842
-0.00676059
-0.00897375
0.00615301
0.07515611
0.02244430
-0.02732579
-0.00581488
0.03596709
-0.02190237
0.03400766
-0.06651082
-0.03744368
-0.03084338
-0.07751610
-0.02828110
0.01596525
0.03547801
-0.01953650
-0.02573380
-0.02530443
-0.00411725
0.02899668
-0.05540255
-0.03644323
0.05731351
-0.01348063
-0.05143149
-0.04316177
0.03730950
0.01024512
-0.04024549
0.02390840
0.03756312
-0.03149756
0.06566823
0.01504061
-0.00428622
0.01024809
-0.00299461
-0.01124471
-0.01825078
0.01438282
0.02333880
-0.00939241
0.05015258
-0.02679330
-0.02847262
0.02247469
0.05162314
0.03547046
0.00177364
0.08037805
-0.02063261
-0.01468596
-0.04201847
0.01004261
-0.02742399
0.06986986
0.00226695
-0.18928933
0.00178446
-0.02168225
-0.11063854
0.02567857
-0.01912288
0.00073662
-0.00297679
-0.04907225
0.06438588
0.02459094
0.02427434
0.03364601
0.05192508
-0.00638081
-0.05631197
-0.04440792
-0.07874236
0.07305827
-0.02888072
0.03139843
0.02549535
0.02065952
-0.00549513
0.02215435
-0.01358332
0.02790625
-0.02342689
-0.00557644
0.02566836
-0.01104005
-0.04350001
-0.05664331
-0.01248100
-0.06012344
0.00309533
-0.01072493
-0.08937361
0.00312592
0.08743314
0.06058851
-0.04446926
-0.06109104
0.04902529
0.01675214
-0.04721283
-0.00411264
-0.08863940
0.00119163
-0.00349156
-0.02289441
-0.00882796
0.00416885
0.01748230
-0.01719942
0.01167738
0.01304164
-0.00817637
0.02329058
-0.00634420
-0.01365008
-0.01666610
-0.00968457
-0.00865207
-0.04307854
-0.02349136
-0.00921674
0.05989209
0.07530450
0.00254956
0.01982999
-0.00372710
-0.01736349
-0.02264647
-0.01161399
0.01850819
-0.01236803
0.01553218
-0.00362098
-0.01382298
0.01763634
0.03415690
0.00924337
-0.02213228
0.01396111
0.01523764
0.08065153
-0.00273911
0.08380990
0.00554518
-0.00837088
0.06420635
0.00064990
0.01989356
0.02543103
0.03870068
0.01717364
0.07320239
0.03578537
-0.01236858
-0.09258449
-0.02605283
-0.00704004
0.03804449
0.02702391
-0.00761653
0.02710021
-0.02323555
-0.11205869
-0.02801965
-0.03174474
-0.02710191
-0.07110975
0.00701533
-0.03747962
-0.01708174
-0.03264030
0.02804771
-0.05184067
0.01270029
-0.03546602
0.01757716
0.02451741
-0.03423084
0.03132031
-0.03627287
-0.00161413
-0.01268827
0.00057760
-0.05343612
-0.03592335
0.07980525
0.02198465
-0.00045923
-0.00031377
-0.01556913
-0.06237431
-0.02090630
0.01595462
-0.10016499
0.00540046
0.00932285
0.03849821
-0.02513470
-0.02066339
-0.00706314
0.06049645
-0.04937337
-0.01370111
-0.02056496
-0.05174324
-0.02488846
0.00633899
0.10141180
0.01850350
0.04501499
-0.01412383
-0.02152159
-0.01820625
-0.03094021
-0.02463446
0.02705399
0.01650056
0.01826024
-0.01181673
0.02485934
0.00070522
0.03505390
0.03186544
-0.00188381
0.02351312
0.03188953
-0.00431586
-0.00249178
-0.05064955
-0.06651899
-0.00451978
0.01139456
-0.01509199
0.20308460
-0.05219312
-0.01285954
0.03885366
-0.06072907
-0.00226060
-0.01677174
0.07079314
-0.02211176
0.01409320
-0.17311496
0.06291510
-0.04492631
0.06454320
-0.02347617
-0.00832220
0.01125486
-0.01159291
-0.02447659
-0.04570382
-0.00276140
0.03488299
0.01299973
0.07830799
-0.01669604
0.01061976
-0.01080574
-0.02690312
-0.07042878
-0.04140679
0.03653641
-0.16675894
-0.02945317
-0.01546880
-0.02113280
-0.01304943
0.00301674
-0.09200194
0.00984483
-0.00887090
-0.05018389
-0.10119700
0.00474462
-0.01820014
-0.03065892
-0.03202081
0.01693165
-0.00446717
0.06869922
0.03209507
-0.03743361
-0.04387582
0.07724359
-0.04396521
0.07838157
0.00020704
0.01111477
-0.03377593
-0.01493175
-0.04550124
-0.03902515
0.00455828
-0.27152327
-0.04100900
-0.00079997
-0.02466920
0.02557830
0.05888598
-0.02339716
0.02222568
-0.04007539
0.06579138
0.00619881
-0.00856301
0.01314727
0.15291859
0.04671722
0.02637734
-0.01555727
0.03826473
0.00874947
-0.02796942
-0.03443787
-0.00701106
-0.05243810
-0.06332588
0.00616873
0.06569750
-0.03547865
0.01273584
-0.02567492
-0.03554010
-0.00945984
0.00536944
-0.05143490
-0.02212282
0.07192142
-0.00176887
0.01860791
-0.01572410
-0.01946059
-0.02415115
0.06066146
-0.01522085
0.00723916
-0.03578037
-0.05740984
-0.02187121
-0.02217871
0.03493541
-0.01410235
0.04987764
0.02626125
-0.09773941
-0.04760971
0.01644390
0.07227229
0.00666695
0.03314279
-0.00331100
-0.05839600
0.00190693
-0.04566579
0.01623545
0.00064639
