-0.03159063
-0.01771755
0.00014564
0.01551973
-0.00127295
0.01317392
-0.00711332
-0.00185782
0.00768463
0.00779874
0.01345475
0.00333049
0.00177996
-0.00417098
-0.02620730
0.00683398
-0.01666806
0.01824037
-0.03912059
-0.00781689
0.00296873
0.01372996
0.04167593
0.02861593
-0.00128715
-0.03377127
-0.01564616
-0.02074124
-0.00633014
0.00133039
-0.06590974
0.00534596
0.03284499
-0.02700717
-0.00041391
0.01928077
0.04350283
0.00770590
0.01683127
0.00913164
0.00782063
0.01232882
0.09696158
0.00578699
0.01577754
-0.00652069
-0.01812356
-0.02057297
0.00174770
0.02125818
0.03943778
0.04274342
0.01863691
-0.01232321
0.01832276
0.00143613
0.02241726
0.01749057
0.47893518
0.02088667
-0.00251009
0.01386578
-0.00968657
-0.02591362
-0.00170044
0.04186687
0.00174080
0.00211288
-0.07132521
0.00155387
0.00175141
-0.01457110
-0.04008125
-0.00959016
-0.02039862
0.02133411
0.00675809
-0.02874738
0.00849369
-0.18054555
-0.00965657
-0.00068142
-0.00557119
-0.02841694
0.00955950
0.00546248
-0.02493605
-0.01501621
0.02076247
-0.03351571
-0.01935200
-0.00620826
0.00750398
0.01192831
-0.01276767
0.01608027
0.00267978
-0.02933441
0.00078114
0.04334176
-0.01321722
0.02302758
-0.04099318
-0.00174202
-0.02289469
0.03457723
0.01742409
0.01128578
0.01116408
0.01144509
0.01120905
0.01595006
0.01634364
-0.00821649
0.00165789
-0.00174352
0.03445437
-0.01309507
-0.01423029
-0.00748635
0.01997277
0.01069247
0.01439421
-0.00375577
0.01154327
0.00649313
-0.03510091
0.01698447
0.00511516
0.05911131
0.02954311
0.01119398
0.01543476
0.02312602
-0.00163184
-0.00208866
0.03400187
-0.01657728
-0.04401782
0.01225542
0.00402384
0.01982227
-0.01398518
0.01836788
0.01727005
-0.14677913
0.02282956
-0.00732890
-0.02704750
-0.00008766
0.05481581
-0.00077300
-0.00913840
0.01782076
0.00429245
0.01093281
-0.01125429
-0.02877141
0.04217666
0.04008126
-0.03059919
0.06961969
-0.05124049
-0.00166997
-0.00016254
0.03373243
0.02947499
-0.03523462
0.02906185
0.00693460
0.00506126
-0.03476120
0.00556295
0.00296655
0.02278787
0.00993569
-0.00986289
0.02249819
-0.03227237
0.01467024
0.02751289
-0.00008943
0.00677398
0.00389019
0.05766897
-0.19720499
0.17024116
0.03057941
-0.00218288
0.02073045
-0.02988813
-0.01666191
-0.00853319
0.03321598
-0.05702347
-0.00699322
0.07984687
0.02720932
0.00737929
0.00479198
-0.05165489
-0.01601913
0.11880577
0.02552816
0.00580393
-0.01501495
0.00469763
-0.00344969
-0.01676548
0.05648308
-0.01058041
-0.02871473
-0.00459916
0.02771520
0.01072204
-0.02124556
0.00103045
0.03596281
-0.00195925
0.02146628
0.00434663
-0.68911278
0.01609386
0.02494987
0.02918205
0.02091329
0.04832604
0.00110876
0.04452572
0.03381145
-0.02469739
0.02498342
0.05651728
-0.01029912
-0.04561398
-0.01574763
0.03367879
-0.00949848
0.01755949
-0.00223566
0.01029123
-0.02748508
0.08709668
-0.00654561
-0.01521197
-0.02650895
0.00343711
-0.02508532
0.04157696
0.01037748
-0.00997651
0.02901993
0.02563872
0.03241479
-0.00032431
0.01503218
0.28322017
0.02959789
-0.11761220
0.08264826
-0.04123265
-0.05755882
-0.04956651
0.00354850
-0.04914929
-0.11192085
0.19237709
0.05491699
0.02672946
-0.07092762
-0.07709952
0.00798050
0.02588050
0.00086042
-0.03597295
0.02963968
-0.02925397
0.10994045
-0.05504245
-0.01448853
0.00370362
-0.13581415
-0.03032646
-0.07728292
-0.03930352
-0.03472123
0.08997320
0.00164383
0.03830363
-0.02108753
-0.04764562
0.07362960
-0.00009460
0.14623138
-0.13124172
-0.03178750
-0.06831501
0.08100493
-0.02870427
-0.06883936
-0.02788204
0.02203462
0.79118490
-0.08666518
0.02053509
-0.07055833
0.06937677
0.07065895
-0.00049904
-0.04768121
-0.01501002
-0.05640977
0.05656293
0.00992957
-0.09511530
-0.09799697
-0.09510650
-0.05166994
-0.11135527
0.03329007
-0.00218927
-0.03513239
0.01780057
0.04437095
0.01725345
-0.03387511
-0.01015977
0.04977319
-0.00085585
-0.00825793
0.01503064
-0.00650283
0.00484589
0.05050709
0.03723698
0.01144498
-0.04469668
0.04241989
0.05646279
-0.01839111
-0.04644428
-0.01299628
-0.05575452
0.01414492
-0.06764667
0.02504478
-0.02184025
-0.03546430
-0.03143045
0.02558242
-0.05983175
0.03280100
-0.00868270
-0.02785335
-0.02598244
-0.01316443
-0.03884546
-0.03103830
-0.00937190
0.03267193
0.00261059
-0.04910221
-0.01329488
-0.02062550
0.00621300
-0.03387794
-0.01671811
0.00573895
-0.09522164
0.01588794
-0.04722897
0.00116241
0.00638452
0.03151840
0.00601859
0.01817378
0.01224262
0.03088079
0.01513854
-0.01716112
0.00665075
0.01047897
-0.07505821
-0.05492119
0.01615961
-0.04034818
-0.00030364
0.02339858
0.03207311
0.02661161
-0.01422801
-0.03508190
0.01874966
0.03292489
0.04421733
-0.09185078
0.09628350
-0.04589077
-0.02825820
-0.03560608
-0.01795824
0.01620286
0.17204043
0.03386504
-0.02776342
-0.03891599
-0.00334976
-0.05464436
0.05794604
0.01907336
-0.02237086
-0.01350159
0.05009393
-0.04719399
0.06555274
-0.02691111
0.03002716
0.00333762
-0.11925810
-0.01089852
-0.04156297
0.00979596
-0.09339537
0.01274235
0.03048328
-0.02583443
-0.01524422
-0.04817843
-0.06987188
-0.05701446
0.02263739
0.00579110
0.01336582
-0.01771692
-0.02340316
-0.01999918
0.01236602
-0.05386669
-0.00480092
-0.03055757
0.00169287
-0.01611077
0.04081315
0.01116933
0.06540862
0.03772398
0.02777557
-0.00157534
-0.00572706
-0.05538146
0.02422148
0.02992525
-0.04709424
0.01413843
-0.02287514
-0.03383266
-0.00509368
0.02535533
0.06564347
0.01947204
0.03844731
0.00297695
-0.01724219
0.03983325
0.04066975
0.01729182
-0.08546252
0.05026186
0.03178598
0.01289229
-0.01347943
-0.01276587
0.05136118
0.03007032
0.03264064
-0.05936470
-0.00915233
-0.01427408
0.04233237
-0.09211463
-0.05844145
-0.08563542
-0.05477068
0.00529056
-0.00055085
0.06149612
0.03181454
-0.03890390
0.00106016
0.00363175
0.01738034
-0.06421824
-0.07104409
0.05749477
-0.04060233
-0.03707825
-0.05963837
0.02415170
-0.05788379
-0.04221669
0.01248743
0.05893610
-0.02330946
-0.00941252
0.02235793
0.00604968
0.03326754
0.01644347
0.00240690
0.01642310
-0.01205593
0.01079913
0.04238892
0.03014756
0.00997044
-0.04220475
0.01390961
0.07375233
-0.03048495
-0.01569480
0.06432812
0.05111334
0.02553235
-0.08766598
0.02275747
-0.05961901
0.05751795
0.00005665
-0.11751701
0.00900130
-0.00439024
-0.05589819
-0.00856019
0.00023661
-0.02180042
-0.03830358
0.00965538
0.05814425
0.02335028
0.03012485
0.07794499
0.05632864
0.01862646
-0.02079942
-0.01568758
-0.04567486
0.01376438
0.00974442
0.01673640
0.05280400
0.00647492
-0.04962980
-0.01655742
-0.04587050
0.00687990
0.02630854
-0.05237867
0.06010156
0.01396892
0.01237227
-0.02300874
0.01806645
-0.03167024
-0.01020224
-0.01229593
-0.04415371
-0.02783305
-0.00506718
0.01893725
-0.02338786
-0.05536964
0.06595038
-0.00028055
-0.03361301
-0.01233662
-0.02751010
-0.00637171
-0.03196923
-0.00759765
-0.00483980
0.02305689
0.02966128
-0.02483420
-0.01253010
-0.02401828
-0.06265696
0.03873750
-0.01668244
-0.04633661
0.04935258
-0.05017159
-0.04371057
-0.04130938
-0.01302402
0.10122318
0.01645703
0.03774386
-0.01009867
0.01793509
-0.01415484
0.00202893
-0.06637026
0.00829630
0.00915483
-0.01265665
0.02811116
-0.00339382
0.05696172
0.02242544
0.03361647
0.01931296
-0.05468341
-0.01974522
0.04534164
0.15634347
0.01235205
-0.02306863
-0.02672496
-0.05292623
0.03073904
0.00112749
0.03639070
0.01256651
0.02394598
-0.03630013
0.03155545
0.02101391
-0.03197972
-0.05282321
-0.02259361
-0.05393115
0.09339223
0.02934584
-0.00202114
0.08734404
0.01698674
-0.06959456
-0.00318683
-0.07553717
-0.00706404
-0.12067503
-0.00677569
-0.04205913
0.00854257
-0.09116639
0.01488737
-0.03465287
0.03787192
-0.01502775
0.04633638
0.06792174
-0.02438973
-0.02577462
-0.03348053
-0.02848517
0.00732347
-0.00198918
-0.01515384
-0.05837362
0.07645865
0.07085071
0.01680639
-0.00879198
-0.02022993
-0.04216342
0.01657155
-0.00173066
-0.06066444
0.04263887
-0.01300385
0.00242293
-0.00114757
-0.02010500
0.01834315
0.09826455
0.00022910
-0.07996105
-0.01063265
-0.07274202
-0.04396506
0.00211857
0.06150955
0.02180575
-0.00605630
0.00089300
0.02856012
0.05619294
-0.02414500
-0.08751084
-0.00481803
0.05866355
0.05391520
0.00415039
-0.01598777
0.01238895
-0.02245853
0.02405189
-0.03143382
0.04688343
0.00899898
0.02924844
-0.03691243
-0.02935184
-0.05045161
0.03452739
-0.00228782
0.01156042
0.19763932
0.03044336
-0.00626861
0.01985307
-0.05268957
0.04587569
-0.02106820
0.06383713
-0.03300294
0.01429771
-0.17184612
-0.03691973
-0.04603548
0.03177318
-0.05429791
-0.01347132
0.00489124
-0.04576490
-0.01226795
-0.07327595
0.02629788
0.04645311
0.01334669
0.01109297
-0.01169472
0.01964629
0.03513503
-0.04904003
-0.04406399
-0.00681999
0.04393004
-0.13989349
0.02033096
-0.04729494
-0.00932745
-0.07106937
0.01278736
-0.02556820
-0.04794056
-0.04414779
-0.02742664
-0.08519584
-0.01054728
-0.01220358
0.00186386
-0.03877315
0.08659372
0.02230370
0.01602668
-0.02339365
-0.08366022
-0.01164286
0.10826498
-0.09751765
0.11770465
-0.01978691
0.01240366
-0.02797431
-0.05882622
-0.01839515
-0.00600788
0.04738651
-0.16518849
-0.00321138
0.04104536
-0.01928074
0.04402687
0.08315821
-0.02454976
-0.02971130
0.01358193
0.08929366
0.01860480
-0.03832650
0.02730376
0.13836968
-0.00186609
0.00849566
-0.01826853
-0.02309902
-0.01273616
-0.12539044
-0.04222337
-0.03760441
-0.05462388
-0.04184726
0.01334203
0.08114411
-0.03528819
-0.01111706
-0.01443327
-0.04603557
0.00716543
-0.02646013
-0.08539849
-0.02138735
0.05538689
-0.03059020
-0.00687896
-0.04007381
0.00147855
0.00041336
0.01985518
0.01805421
-0.02802945
-0.00089001
-0.04939313
-0.02720573
0.00032180
-0.00256649
0.01201622
0.05807745
0.03777761
-0.05923186
-0.05350583
-0.02375418
0.00303811
-0.03856607
0.02723864
0.00857380
-0.04019250
0.01834066
-0.07484327
-0.00356873
0.00324603
