-0.04348952
-0.02768403
0.00052159
-0.03331533
-0.01277845
0.03494389
0.01547062
0.04546383
0.04965618
0.01299268
-0.02459894
-0.00470078
0.02224265
-0.03332292
-0.04300088
-0.00118920
-0.00507178
0.02453973
-0.01518794
-0.00916503
0.01248649
0.01485839
-0.00411256
0.04276941
-0.01731065
-0.01089643
-0.01674902
0.01186961
-0.00126457
0.01814041
-0.07481059
0.01867533
0.01472972
-0.02847505
-0.00733680
0.04665524
-0.01315405
0.03817947
0.03858597
-0.05145195
-0.02189057
-0.01018105
0.03901381
-0.00435145
0.02099226
0.03240594
-0.00388001
-0.01572478
0.04629388
-0.00569666
0.03744943
-0.04426660
-0.00550053
0.02981949
0.00523591
0.01113886
0.01117283
0.01209635
0.47211310
0.02287251
-0.00098326
0.02079138
-0.00163488
-0.02530189
-0.00604507
0.03579045
-0.00507404
-0.01540301
-0.03154847
0.01231370
0.01763386
-0.04101099
-0.02623979
-0.00058117
-0.04085648
0.00864952
-0.00351662
0.00854259
-0.01697887
-0.09059273
-0.01662504
0.03333459
0.00425804
-0.01582388
0.06152873
0.02473923
0.00496763
-0.00890078
0.01310672
-0.00961371
0.03498257
0.02721355
-0.03222179
-0.02108096
-0.00354902
-0.00197042
0.02206263
-0.00830453
0.00548790
0.00821303
-0.01913287
0.02937997
-0.00733323
0.00895701
-0.00397912
0.03981255
0.02410631
0.00518069
-0.00374142
0.01684958
-0.02306339
0.00971496
0.00777039
-0.03672840
0.00291205
-0.00574373
0.05192763
-0.02526206
-0.01454542
-0.02887535
-0.00143897
-0.00509709
-0.00485660
0.01158279
-0.03447451
0.00613624
-0.02447607
0.03252294
0.01884486
0.05917225
-0.00843550
0.01467848
-0.00447052
0.01212962
0.04039153
-0.02034414
-0.02396892
-0.01546990
-0.07121409
0.01452360
-0.05589201
-0.00534671
0.02005915
0.01469033
0.03354577
-0.03089331
0.03693975
-0.01081890
-0.02354669
-0.01681594
0.00932815
-0.00884465
-0.02240795
0.00264909
0.01567779
0.00949746
-0.03875599
-0.03657112
-0.01906039
0.02612671
-0.02771211
-0.00923295
-0.01846901
-0.00634405
0.01140233
0.03076049
0.00259693
-0.02323299
0.00595288
0.00480447
0.01008832
-0.01481968
0.00761932
0.01950683
0.02639637
-0.00632681
0.02884572
-0.00367141
-0.04451410
-0.00136024
-0.02534967
-0.03680161
0.00785393
0.02866577
0.04217711
-0.09228548
0.04539715
0.01695529
0.01221515
0.01891347
0.00590827
0.00223529
0.00102329
0.02690011
-0.03747786
-0.01004617
0.03919850
0.00715466
-0.07324295
-0.01671452
0.00398483
-0.01214383
0.11828368
0.01921348
-0.02129777
0.01473379
-0.00432698
0.01299690
-0.00022938
0.02859170
-0.06999134
-0.00421817
-0.01564471
0.02116425
-0.00216949
-0.02742090
0.01228383
0.02043203
0.01229396
0.03297446
-0.01977689
-0.77164447
0.00315966
0.01101276
0.00814984
0.02254114
0.00606433
-0.01997213
0.01835031
0.00745228
-0.01314276
-0.01152645
0.03263631
0.00676165
-0.00938644
-0.00860289
-0.00759268
0.00280201
0.02171195
-0.02568783
0.03401884
-0.00857430
0.05611854
-0.02705039
0.00339878
0.00446128
-0.00091294
0.02182633
0.03550804
0.01509398
0.01206787
0.03267528
0.00111856
0.01985194
0.00877567
-0.00293533
0.00279805
-0.04681944
-0.10551358
0.08742679
-0.02309323
0.03028019
-0.06050820
0.00642522
0.03852573
0.06615520
0.06293942
0.07165830
0.10862437
0.03424574
0.04066204
0.05483443
-0.00145651
0.09156860
-0.06198018
-0.00513893
-0.06219659
0.02789133
0.00278955
0.01163656
0.02926316
0.07808134
-0.05695511
-0.01025537
-0.08085773
-0.05311967
0.09911136
0.02496227
-0.06974541
-0.06356471
0.04518989
-0.03703663
-0.04830300
0.04315398
-0.02572929
0.05854097
0.07180500
0.14763103
-0.02918902
-0.07714730
0.06988361
-0.00815726
0.87707734
-0.07792012
-0.00052797
-0.07543904
0.02414020
-0.00077821
-0.08150487
0.12258557
0.04218380
-0.11856122
0.00322170
0.04867884
0.00182733
-0.03020110
0.01433208
-0.06855354
0.05567474
0.06635894
0.03659953
-0.01232694
0.03885280
0.05129914
0.02626721
0.00174279
-0.01196971
0.03912391
-0.03914319
-0.00511671
0.07861465
0.02046539
0.00190757
0.04133638
0.03611058
0.01104611
0.00502602
0.03200698
0.02381997
-0.01882628
-0.04682910
-0.01003662
-0.07635927
0.01819780
-0.05289703
0.03589343
-0.00915719
-0.03930730
-0.04434717
0.10304511
-0.03369481
0.01896660
-0.01883642
-0.06663551
-0.03872481
0.01569341
-0.00310019
0.00015738
-0.04478223
0.01257306
0.05229055
-0.08838539
-0.04065760
-0.00030737
0.01003026
-0.01564249
0.01964731
-0.01043004
-0.09836809
-0.00595769
-0.05413531
0.01218346
0.00870329
0.03971150
-0.04261554
0.03423498
-0.03214718
0.02462437
-0.00695634
-0.00354895
0.00476738
0.02970736
-0.04836215
-0.03746561
-0.02797125
-0.03213545
0.00661136
0.03741968
0.05556618
0.03081679
0.03094683
-0.03237762
0.06248163
0.02575714
0.06277753
-0.11735399
0.10367413
-0.10133618
-0.02306695
-0.01546607
-0.00878495
0.01769306
0.15325069
0.03890084
-0.03458251
-0.06399050
0.02495834
-0.03367247
0.05010745
0.04920020
0.04983334
-0.02611867
-0.00762865
-0.03750493
0.01625446
-0.04282402
0.02114551
0.04498994
-0.08276409
-0.00480077
-0.03036343
0.02312798
-0.06707694
0.03511127
0.05103844
-0.03086511
0.01331712
-0.00068821
-0.09338929
-0.02327420
-0.01916499
0.03152841
0.03501499
-0.00694812
-0.01517366
-0.01677907
0.02739645
-0.02374298
0.02517394
0.00258278
-0.01549724
-0.02630638
0.00067799
0.00078458
0.09853841
-0.02434332
-0.01625490
0.04717850
0.02077864
-0.06661789
0.03411034
0.06258372
-0.09089960
0.02438038
-0.01635639
-0.00418013
-0.00008645
0.00188892
0.08261513
0.02155007
0.03976870
0.02665024
-0.00313236
0.03088505
0.02403453
0.00076448
-0.06524388
0.05443488
0.02287758
-0.00853762
-0.03244122
0.04118902
0.01824201
0.04380412
-0.00703029
-0.04577465
-0.00513901
-0.04433007
0.05797229
-0.03826844
-0.07319361
-0.12539542
-0.03241561
0.01662700
-0.00420802
0.05213057
0.04021218
-0.02178955
0.00972093
0.02374393
0.00405699
-0.05692222
-0.08797147
0.04756027
-0.02073899
0.00110174
-0.04571352
-0.03984777
-0.04037876
-0.00946623
-0.01751914
0.07496192
-0.01564411
0.00413122
0.01708497
0.05345757
0.02989172
0.02025874
0.00444564
-0.00162324
0.00288168
-0.02847468
0.03584375
0.01452488
0.02552829
-0.02302291
0.05177586
0.02771183
-0.06016377
-0.00038080
0.08911762
0.04483656
0.04630499
-0.04879240
-0.02753368
-0.05300583
0.04700842
0.04817778
-0.17144914
0.03167635
0.05670534
-0.03705742
0.03127548
0.01169896
-0.03292847
-0.05087820
-0.00218425
0.00856726
0.01602939
-0.00279308
0.03336933
0.05909531
0.03214142
-0.03201554
-0.00755479
-0.08486412
0.03334669
0.03677710
0.01881687
0.00427217
0.00942131
-0.07419170
0.00171700
-0.05583182
0.02828909
0.02644096
-0.03170194
0.02072990
0.02512488
0.02217035
-0.00991773
-0.02441631
-0.07623729
-0.02670222
-0.00119559
-0.01419468
-0.01502372
-0.00005277
0.07730697
-0.00702061
-0.01228165
0.07889774
-0.01733972
-0.01582166
-0.01770918
-0.07605052
-0.01743215
-0.03589902
0.02301743
0.00575831
-0.00961744
0.01087854
-0.03536502
0.01106955
-0.02950524
-0.02251796
0.00167072
-0.01516683
-0.01122706
-0.00000171
-0.02444537
-0.00259431
-0.01281030
-0.03659110
0.02980551
0.02156533
-0.00019545
-0.02004111
0.03994999
0.01667365
0.05793094
-0.09482345
0.01941292
-0.00101969
-0.01407710
0.01804373
-0.01054299
-0.01528539
-0.02307673
0.01808779
-0.00271319
-0.03494387
-0.01205250
0.06071286
0.17085652
0.00673531
-0.02016510
-0.03583114
0.01451631
0.04018786
0.01543671
-0.02352107
0.01554862
0.01462450
-0.08302578
0.05632940
0.03412197
0.00794441
-0.10672192
-0.01085032
-0.06921788
0.10278174
0.01303156
0.01120023
0.04917542
0.02231870
-0.07114296
-0.05272548
-0.08255465
0.01362604
-0.07098921
0.04296456
-0.04485532
-0.00289152
-0.02586094
0.03791895
0.00745274
0.00286198
0.00073552
0.03710731
0.06077104
-0.00984657
-0.04223707
0.00756840
0.01580678
0.00175764
-0.03947289
-0.02788796
-0.07387531
0.06709430
0.05783983
-0.02561897
-0.03050241
-0.02424209
0.00848368
0.01880420
-0.02180045
-0.05840803
-0.00299725
-0.00356355
-0.03075232
-0.02033761
0.00111600
0.04648393
0.10714404
0.01248389
-0.02463027
-0.02345629
-0.04357610
-0.01830908
0.01763957
0.03706094
-0.01506035
0.00333766
-0.03058139
0.06731956
0.03614734
-0.04608932
-0.04366291
-0.05294535
0.04421580
0.11690982
-0.04445081
0.02102579
-0.01392015
-0.02024324
0.01129922
-0.03522715
0.09041414
0.01454005
0.03801941
-0.00886247
-0.05720747
-0.00249286
0.03132184
-0.01818301
-0.02213576
0.21653675
0.04386625
-0.03871130
0.01925164
-0.02811643
0.00796664
-0.00951861
0.11564319
-0.05262791
0.03262366
-0.11353135
-0.03166001
-0.06700315
0.04031423
-0.05439574
-0.02740057
0.01688078
-0.01654977
-0.04077251
-0.03392278
0.03206290
0.02962848
-0.00889366
0.02982844
0.00471377
0.02442351
0.03408265
-0.00234378
-0.04027416
-0.01806281
0.01266162
-0.10298059
0.00203264
-0.03520807
-0.00662704
-0.06300288
0.01600063
-0.06633446
-0.04058404
-0.01049944
-0.00659170
-0.06935643
-0.02016867
0.00412954
-0.02294162
-0.03435402
0.00384756
-0.03075785
0.03460922
-0.04111943
-0.03355481
0.01944796
0.09088366
-0.05545196
0.14343576
0.01753628
-0.00006366
-0.03399626
0.04416437
0.01809447
0.02972736
0.07294586
-0.11694313
-0.00857201
0.06343041
-0.01184335
0.05766135
0.03871634
-0.01539660
-0.00061016
-0.02918851
0.08395302
0.04812654
0.02200921
0.02531238
0.11743245
-0.03054340
0.04038854
-0.01507238
-0.03191702
-0.00985658
-0.07334571
-0.05270780
0.00377917
-0.04665071
-0.05469790
0.03528210
0.04107056
-0.03990806
0.00109030
-0.01654516
-0.02856074
-0.03817007
-0.00338168
-0.01620781
-0.02350239
0.09595352
-0.00075820
0.05722420
-0.03509663
-0.01085424
0.00410323
0.01162413
-0.01266776
0.03020296
0.02538477
-0.05865584
-0.02302142
-0.04513646
0.00829633
-0.00210828
0.03021824
0.04989635
-0.04888696
0.00243427
-0.01733051
-0.04524202
-0.02033897
0.00537915
0.01449748
-0.03229481
0.04425736
-0.04568423
-0.03472495
0.01419216
