-0.03164836
-0.01861508
0.00690146
0.00375249
-0.00413714
0.01306675
-0.01192108
0.01147482
-0.01583660
0.00960923
0.01342170
0.00890155
0.01200406
-0.01454746
-0.01988423
0.00257744
0.00524080
0.01991950
-0.00602875
-0.00548904
0.00439499
0.01812975
0.01905429
0.04150112
-0.01207495
-0.03280820
-0.00665818
0.00132265
0.00297297
0.02144288
-0.03949077
0.02531727
0.02541931
-0.02496507
-0.01228159
0.00863508
0.03086259
0.01851297
0.03426938
0.01497685
0.00165843
0.01724246
0.08339731
0.01503004
0.01302746
0.01109305
-0.02127573
-0.00245993
-0.00318620
0.01591262
0.04197904
-0.00999281
0.04605875
-0.00982286
0.00401887
0.00618528
0.02242163
0.01314461
0.49812034
0.01821016
-0.00951798
0.02507476
-0.00089012
-0.03460607
-0.00759290
0.07020076
-0.00524492
-0.00508956
-0.08385510
0.02211343
0.01295448
-0.00425680
-0.02623870
-0.00113892
-0.03807161
0.03313321
0.00363371
-0.03225254
-0.00767477
-0.15292026
-0.01246552
-0.00053467
-0.01890662
-0.00022609
0.04734438
0.00188930
-0.00431165
-0.02497409
0.01699805
-0.02741253
-0.00391173
0.02985570
-0.02806420
0.00662302
-0.00863355
0.01415919
0.00062534
-0.02944184
0.00849898
0.01993307
-0.02252614
0.02269200
-0.01310803
0.00270472
-0.01345122
0.04667923
0.03584072
0.01006098
0.00013155
0.01601450
0.01592484
0.03014475
0.04448467
0.01106390
-0.00511294
0.00153911
0.03346195
-0.01406136
0.00224480
-0.01731516
0.00929838
0.01018597
0.01750297
0.00630625
0.01038139
0.00662129
-0.05437516
0.02238986
0.00984509
0.06537662
0.05981331
0.01630446
-0.00006815
0.01095960
-0.00464336
-0.00221092
0.06206197
0.00029439
-0.04045349
0.01879812
-0.00743376
-0.00686293
0.00383943
0.01631116
0.02135574
-0.07860317
0.01423178
-0.00074411
-0.03433596
0.00069778
0.03990601
-0.00037274
-0.00780882
0.03899069
0.00266854
-0.01439250
0.00900843
-0.02714172
0.01971268
0.04482031
-0.03260921
0.03751514
-0.06873703
0.00201810
0.00217263
0.05021185
-0.01102276
-0.01857305
0.01617047
0.00882310
0.01212235
-0.02094081
0.01324640
0.00427220
0.02249831
0.00225067
0.01037441
0.00519019
-0.06060748
0.01135151
0.01249408
-0.02731242
0.00849538
0.00202809
0.05704227
-0.15441552
0.15999278
0.01010832
0.00564143
0.02557072
-0.02957851
-0.01359583
-0.00202933
0.02374516
-0.05341934
0.01222624
0.10742121
0.02199937
0.02753930
-0.00503633
-0.07843548
-0.00897299
0.13350326
0.04591465
0.02012935
0.00525208
-0.00127640
0.00800215
-0.01414232
0.01986411
-0.01002049
-0.00416393
-0.01499224
0.01510630
0.02300468
-0.02031318
0.00054130
0.02878181
-0.00250852
0.01386631
0.00227739
-0.69392753
0.02056568
0.02283856
0.02166840
0.02548731
0.06791303
0.00044526
0.03894625
0.03227499
-0.00952395
-0.01415749
0.05801667
-0.00542161
-0.03653492
-0.00689912
0.04292713
-0.01363879
0.02065077
-0.01400815
0.02114726
-0.03090196
0.08714771
0.02506889
-0.01747311
-0.02354194
0.00682061
-0.02408047
0.03466389
0.02642043
0.00257282
0.00961369
0.01716277
0.02989159
0.00281880
-0.00645270
0.06800701
-0.02548645
-0.11375605
0.09960267
-0.03702355
-0.09094793
-0.02939822
0.02808568
0.06059324
-0.04753112
0.13147762
0.01171166
0.04936593
0.02354810
-0.11427975
0.02530828
-0.03533275
0.14794314
-0.06674331
0.04646614
0.01086355
0.02662964
-0.10728735
-0.00800445
0.04126463
-0.03693551
-0.05334203
-0.05454768
-0.08893210
-0.08097872
0.14873746
0.05260620
-0.02613773
0.05304022
0.03627716
0.11971603
-0.01405174
0.03205902
-0.04564445
-0.01976826
0.02602195
0.06963084
0.02222700
-0.10421504
0.11751197
0.08446899
0.83227378
-0.02530304
0.10588511
-0.01565299
0.09689502
0.05437796
-0.02293657
0.07189165
-0.04803628
-0.12352542
0.11432576
0.01653634
-0.00645326
-0.01262281
-0.11540323
0.02384700
-0.03620272
-0.01827928
0.01984343
-0.02545098
-0.00144253
0.02803303
-0.00088979
-0.01566125
-0.03923904
0.03752327
0.00288725
-0.01502057
0.03206961
-0.01034599
0.01150168
0.05356830
0.03026572
0.03012453
-0.03261874
0.06699295
0.06767113
-0.02372376
-0.02767130
0.00476481
-0.04336504
0.02004743
-0.08311868
-0.02016604
-0.01459999
-0.03329498
-0.02578816
0.08291497
-0.03350179
0.01211006
-0.01873255
-0.01958537
-0.05503355
-0.00234395
-0.04218988
-0.02935714
-0.01594333
0.02657503
0.00240177
-0.04251958
-0.01104320
-0.02215067
0.01158662
-0.04644248
-0.03545039
0.02574956
-0.09844164
0.02218512
-0.04006949
0.01399964
0.02289783
0.05242088
-0.04245970
0.02069136
0.00652604
0.02926804
0.02953484
-0.00240939
0.01360193
0.01735415
-0.07661578
-0.06778964
0.03629166
-0.03954861
0.00706231
0.02481253
0.02760766
-0.00541152
-0.01906786
-0.05291552
0.01660039
0.04199108
0.03874233
-0.10913655
0.11830878
-0.04642849
-0.04491667
-0.01688967
-0.00807961
0.05359046
0.18398039
0.01456836
-0.01459346
-0.06308744
0.01877473
-0.01069693
0.05092262
0.01881787
-0.04174365
-0.00173158
0.02221221
-0.05827305
0.02879873
-0.02823584
0.00268623
0.01540406
-0.11174780
-0.01812085
-0.02493997
-0.02979720
-0.08153817
0.01754353
0.02114301
-0.05621749
-0.02931579
-0.03995502
-0.08344644
-0.03199803
0.01634334
-0.01790019
0.01256911
-0.02774815
-0.02361444
-0.00615946
0.01880634
-0.01611369
0.00780640
-0.04123992
-0.01699371
-0.04784404
0.04145228
0.03543698
0.08464681
0.03321163
0.01800821
-0.04743077
-0.01692068
-0.04314122
0.03164141
0.02175619
-0.04602033
0.02827938
-0.02688787
-0.01634420
0.01695389
0.01865697
0.06702060
0.01153667
0.00839306
-0.01407270
-0.01865584
0.08402395
0.02065965
0.00684976
-0.05247741
0.02548520
0.00715606
-0.01303853
-0.01633583
0.00081012
0.05282199
0.02687103
0.01440199
-0.01538505
-0.01254009
-0.01821351
0.04039740
-0.08514812
-0.06136553
-0.08552469
-0.07684211
-0.01755419
0.01029692
0.05795253
0.00489089
-0.01996489
-0.00791196
0.00696843
0.01345762
-0.04500935
-0.07919750
0.04090273
-0.02533036
-0.02075587
-0.03444675
0.01669102
-0.04365122
-0.03215569
0.00357722
0.06916523
-0.01861924
0.01488601
0.03703477
0.02374945
0.01648097
-0.01806147
-0.00177155
-0.01471834
0.00737073
0.00915184
0.05415694
0.00938264
0.00099565
-0.03312472
0.03545220
0.08730231
-0.03107970
0.00627847
0.09595356
0.03668780
0.02345046
-0.07694033
0.03083314
-0.06546274
0.06332927
0.02363620
-0.13595305
0.04342420
-0.01027361
-0.08528624
0.03466555
-0.00310180
0.00344121
-0.02886174
-0.01312333
0.05759430
0.01547596
0.04043137
0.08175483
0.06756482
0.02237108
-0.05787640
-0.02346399
-0.07865353
0.01749274
0.02325553
0.03515437
0.01566287
0.00664398
-0.02141929
-0.00380182
-0.02861904
0.01461220
0.02443725
-0.04953977
0.04782773
0.03711694
-0.00426222
-0.03513541
0.01051360
-0.05696534
-0.01711700
-0.02157266
-0.03185470
-0.01706675
0.00586240
0.02746100
-0.04875941
-0.05466817
0.07824910
0.01579365
-0.02979188
-0.01300455
-0.04680533
-0.00743607
-0.01155011
-0.00506246
-0.02488745
0.04179458
0.02153853
-0.01558639
0.01517301
0.01051519
-0.00883831
0.04492508
-0.01098438
-0.03355869
0.02508293
-0.03326403
-0.03971797
-0.03885382
-0.02771685
0.07660974
0.03432031
0.03596488
0.01562532
0.02201625
-0.01141575
0.02227869
-0.03600933
0.02899510
0.01901335
0.00456207
0.02092762
-0.01491818
0.02953553
0.01800914
0.05520583
-0.00674319
-0.03128600
0.00595629
0.04413131
0.10913991
-0.01672094
-0.01465804
-0.00024578
-0.02472280
0.06018740
-0.00374652
0.02044179
0.02773235
0.04485440
-0.04601360
0.03052983
0.01152403
-0.00557644
-0.10299625
-0.02077765
-0.05977160
0.08865658
0.03246013
0.03156151
0.08054752
0.00651054
-0.10061803
-0.02217008
-0.06912640
-0.00620879
-0.11703569
0.01128674
-0.04419555
0.00568900
-0.05672367
0.02789879
-0.03090514
0.00240885
-0.01943151
0.03286629
0.03888822
-0.01953373
0.00207960
-0.01916051
-0.01869354
0.01639008
0.00434388
-0.04466870
-0.03096957
0.05145583
0.03409620
-0.00234307
-0.00367938
-0.00570219
-0.05423427
0.02231357
0.00195606
-0.08262295
-0.00122892
-0.00264382
0.00678718
-0.02831897
-0.03548228
0.02271735
0.07935159
-0.02405749
-0.05407384
-0.00508613
-0.05320185
-0.04374308
-0.00497003
0.08720597
0.01195578
0.00210109
-0.00632899
0.03003557
0.01646269
-0.04361866
-0.05575784
-0.00450090
0.06418040
0.05167280
-0.01824280
-0.00928150
-0.02123140
-0.00085707
0.02746312
-0.05796119
0.04789669
0.03502739
0.01814089
-0.04854181
-0.04230793
-0.03263031
0.01500902
-0.01881053
-0.00277364
0.18183258
0.03433783
-0.02618243
0.04869761
-0.02672559
0.01971589
-0.01871146
0.09463850
-0.04826222
0.05512983
-0.15063743
-0.04775487
-0.03421053
0.05188491
-0.01782370
0.01366764
0.00587360
-0.02858742
-0.00782891
-0.06090586
-0.00516137
0.03426448
0.01055871
0.04252496
0.01116417
0.02065574
-0.00125503
-0.03526485
-0.03655823
-0.02822325
0.01680378
-0.16034222
-0.01432265
-0.03000611
-0.00845966
-0.06227472
-0.01816265
-0.06725910
-0.03036491
-0.04499730
-0.01245996
-0.09578457
0.00589247
-0.00911959
-0.02936448
-0.04069192
0.06137355
0.00559628
-0.01851320
-0.01563724
-0.06940277
-0.05754295
0.08288928
-0.10008814
0.12550654
-0.01336478
-0.01640158
-0.02802454
-0.04700804
-0.03059348
-0.02064365
0.03914699
-0.18183279
-0.02683871
0.05075390
-0.01734650
0.04562873
0.08059154
0.00146553
0.02194727
-0.02349368
0.10982011
0.04578933
-0.01591050
-0.01291134
0.14011343
-0.00890609
0.05832128
0.00154086
-0.00118097
-0.00265273
-0.09506364
-0.03579670
-0.02135886
-0.05831182
-0.05623326
0.03061083
0.07689311
-0.05171284
0.00287001
-0.02436893
-0.03900616
0.00273689
-0.01789616
-0.05479318
-0.02313089
0.07357204
-0.02301785
0.01212664
-0.01385517
-0.00093954
0.02620438
0.03282169
-0.01046720
0.00908409
-0.00923429
-0.04570158
-0.03548897
-0.01828503
0.01722553
0.01402316
0.04513219
0.03817450
-0.08174337
-0.05872708
0.00633535
0.04327688
-0.02096806
0.01610800
0.00900792
-0.06306919
0.01547410
-0.07357693
-0.02295581
0.01055502
