0.0193119198083878
0.0830110087990761
-0.0688650608062744
0.0600693263113499
0.0070557328872383
0.0728304982185364
0.0628422796726227
-0.1130526587367058
-0.0470380634069443
-0.0146863237023354
-0.0654431805014610
-0.0360733829438686
-0.0508995540440083
-0.0656932964920998
-0.0122693032026291
0.0356383733451366
0.0709334984421730
0.1159124299883842
0.0659302100539207
0.0471924394369125
0.0605876296758652
-0.0650399178266525
0.0641411095857620
-0.0302988458424807
-0.0477632731199265
-0.0051954127848148
0.0515338033437729
-0.1214164644479752
-0.0569287203252316
0.0609730891883373
-0.0239461064338684
-0.0572397597134113
-0.0225252658128738
-0.0862291827797890
-0.0751649662852287
-0.0256329402327538
-0.0902908295392990
-0.0014592988882214
0.0496428199112415
-0.0742474272847176
0.0349612683057785
0.0666094571352005
-0.0436141304671764
0.0021566913928837
0.0082413246855140
-0.0398282781243324
-0.0728468075394630
0.1122210174798965
0.0372850485146046
-0.0992858186364174
0.0673049688339233
0.1280380338430405
0.0701596662402153
-0.1055756658315659
0.0469502136111259
0.0938551723957062
-0.0671747028827667
0.0319208204746246
0.0476710386574268
0.0031237879302353
-0.0670875310897827
-0.0462983287870884
-0.0534342750906944
0.0497658140957355
0.1347304284572601
-0.0883202701807022
-0.0216496866196394
0.0450281128287315
-0.0817391052842140
-0.0314547419548035
0.0412628836929798
-0.0861938595771790
-0.0495365411043167
-0.0287792794406414
0.0442775748670101
-0.0216576196253300
0.0249308459460735
-0.0363312549889088
0.0527583584189415
0.0318899117410183
-0.0002130667271558
-0.0450182072818279
0.0048858453519642
0.0642975717782974
-0.0920894518494606
0.0186492223292589
-0.0653232708573341
0.0129648847505450
0.0809876769781113
-0.1183544024825096
0.0719717815518379
-0.0822562798857689
0.0661980807781219
-0.0774683803319931
0.0194657035171986
-0.0500098839402199
-0.0075731971301138
0.0656566321849823
-0.0542181059718132
0.0569242089986801
0.0925825759768486
0.0378665141761303
-0.0428218282759190
-0.0723069980740547
-0.1467593461275101
-0.0167357847094536
-0.0803693681955338
-0.0844199135899544
-0.0105200512334704
-0.0110553195700049
-0.0875762999057770
0.0485143773257732
-0.0808714628219604
0.0729857832193375
-0.1068916320800781
-0.0547376610338688
-0.0552465282380581
-0.0347808115184307
0.0621362738311291
0.0475239306688309
0.1516892760992050
0.0120976259931922
-0.0020752323325723
0.0289975963532925
-0.1074073389172554
0.0306008346378803
0.0446950048208237
0.0337877348065376
-0.0593647100031376
-0.0636414811015129
0.0116827366873622
-0.0180513653904200
-0.0021344753913581
-0.0653566047549248
0.0491981953382492
0.0649362802505493
-0.0267896391451359
0.0053235669620335
0.0422773994505405
-0.0649519339203835
-0.0139665994793177
0.0155028440058231
-0.0947334542870522
-0.0068731862120330
-0.0226004384458065
-0.0071969297714531
0.0197210628539324
0.1009559929370880
-0.0358643010258675
-0.0043881298042834
0.0315297245979309
-0.0072332699783146
-0.0055150468833745
0.0089367469772696
0.0097970040515065
-0.0926229953765869
-0.0243368521332741
0.0493140891194344
-0.0194236207753420
0.0107632670551538
-0.0330657288432121
0.0807685703039169
-0.0076846126466990
-0.0134191168472171
-0.0234759468585253
-0.1095487251877785
0.0937291458249092
-0.0629080310463905
0.0777573660016060
-0.0458002053201199
-0.0469576567411423
0.0547597482800484
0.1000263318419456
0.0895843654870987
0.0475290082395077
-0.0527475960552692
-0.0802209079265594
0.0582345724105835
0.0201098043471575
0.0001028336337185
-0.0643290504813194
0.0206742789596319
-0.0380061492323875
-0.0512416176497936
0.0829179286956787
0.0894559621810913
-0.0971478149294853
-0.1001655682921410
-0.0017252212855965
0.0150589589029551
0.1076113879680634
0.0357589647173882
0.1475312411785126
0.0089330580085516
-0.0142291774973273
0.0469727553427219
0.0495387688279152
-0.0758993327617645
-0.1010961607098579
0.0618575774133205
0.0459372848272324
-0.0129225980490446
0.1026809066534042
0.0284641869366169
0.0656494870781898
-0.0860063955187798
-0.0831167027354240
-0.0495177395641804
-0.0542197227478027
0.0394612513482571
-0.0014386496040970
-0.0339431576430798
-0.0319227576255798
0.0388199128210545
0.0512643977999687
0.0655726641416550
-0.0507305003702641
-0.0527118071913719
0.0845901966094971
-0.0471209399402142
0.0458956435322762
0.0703150704503059
-0.0075946026481688
0.0690783634781837
0.0729073509573936
-0.0130993593484163
-0.0580251179635525
-0.0510061979293823
0.0433059893548489
0.1117514148354530
0.1149984300136566
0.0223101209849119
-0.0038570805918425
0.0357412025332451
-0.0347921699285507
-0.0623544678092003
0.0893745496869087
0.0439258664846420
-0.0495881326496601
0.0430572517216206
-0.0218761656433344
0.0293319299817085
-0.0330683402717113
-0.0688326954841614
-0.0718647167086601
0.1216202974319458
0.0476293191313744
0.1413697600364685
0.0516236312687397
0.0881071314215660
0.1053450703620911
0.0904944911599159
-0.0105065274983644
-0.0177289769053459
0.0944137349724770
0.0329202562570572
-0.0965269729495049
-0.0474718324840069
-0.1371511071920395
-0.0889514684677124
0.0340488739311695
-0.0448463708162308
-0.0473603680729866
0.0974707379937172
0.0660835653543472
0.0634942948818207
-0.1160227805376053
-0.0121489055454731
0.0699200257658958
0.2132374346256256
-0.0713238790631294
-0.0271369982510805
-0.3662183582782745
0.0608912371098995
0.0166437085717916
-0.2150209099054337
-0.0429966524243355
-0.0109775699675083
0.0758375301957130
-0.0117174237966537
0.0060058222152293
-0.0638800561428070
-0.2217925041913986
-0.1107360422611237
0.0484960451722145
-0.0673251971602440
-0.1933248043060303
0.0006912596873008
-0.0764769911766052
-0.1498141437768936
-0.2385998070240021
-0.0756356194615364
0.0682980120182037
0.0403470806777477
-0.0216935221105814
-0.1638488918542862
-0.0358356498181820
-0.0877632498741150
0.0566869601607323
-0.0594646297395229
-0.0232395175844431
0.0377610661089420
0.2169291824102402
-0.2893628478050232
-0.0554351210594177
0.0145398108288646
-0.0950990319252014
-0.0235286671668291
0.0655387118458748
-0.1073381900787354
0.0224232692271471
-0.2190142422914505
0.1077883839607239
0.0552980080246925
-0.2328045815229416
0.1145462766289711
-0.0658724829554558
0.3451610505580902
-0.1013080701231956
-0.0251448079943657
0.0733753219246864
0.0210247598588467
0.0667885243892670
-0.0261629205197096
0.0537261404097080
0.0045119118876755
-0.0619878508150578
-0.0620927885174751
0.0040824422612786
0.0054537481628358
-0.0107109202072024
-0.0009307090076618
0.0593525096774101
0.0401586331427097
0.0562283135950565
0.0500361733138561
-0.0229189824312925
-0.0519609637558460
-0.0324041172862053
-0.0893806964159012
-0.0752409622073174
0.0076431068591774
0.0486826412379742
-0.0343192741274834
-0.0746243968605995
0.0054308297112584
0.0438954457640648
-0.0456746406853199
0.0569150373339653
0.0421124063432217
0.0110197039321065
0.0128584131598473
-0.0519378073513508
-0.0082586258649826
-0.0555755123496056
0.0083005800843239
0.0003786161832977
-0.0463748611509800
0.0445338785648346
0.0729863345623016
-0.0600179657340050
-0.0024922599550337
-0.0548756532371044
-0.0611840151250362
0.0038736246060580
0.0466298907995224
0.0664052069187164
0.0316569060087204
-0.0320832319557667
0.0734201297163963
0.0083290785551071
-0.0572271272540092
0.0194156020879745
0.0386418737471104
-0.0941708460450172
0.0771937370300293
0.0396204404532909
0.0526399463415146
0.0097387610003352
-0.0467220991849899
-0.0560065992176533
0.0236451644450426
-0.0583779998123646
-0.0470106825232506
-0.0369116291403770
-0.0598298981785774
-0.0207154303789139
-0.0639839842915535
-0.0798425227403641
-0.0094763534143567
-0.0338996313512325
-0.0406706742942333
0.0170587692409754
0.0234345551580191
-0.0374434031546116
-0.0760070905089378
-0.0261249616742134
0.0011894776253030
-0.0584203600883484
0.0455473326146603
-0.0470040477812290
-0.0263348948210478
-0.0186212696135044
-0.0045191990211606
0.0408161357045174
0.0291151590645313
0.0717623382806778
-0.0523602403700352
-0.0330555662512779
0.0309955850243568
-0.0039490265771747
0.0171739868819714
-0.0243360530585051
0.0965718850493431
-0.0190757419914007
-0.0797444432973862
0.0352202095091343
0.0390905067324638
0.0189499929547310
-0.0048572290688753
0.0719497501850128
0.0218904763460159
-0.0289141498506069
-0.0310827977955341
0.0486256778240204
-0.0522719174623489
0.0500967130064964
-0.0305704399943352
0.0730870589613914
-0.0103962710127234
0.0631818175315857
0.0328471139073372
0.0290445350110531
-0.0503199435770512
0.0008994885138236
-0.0739801749587059
0.0018524164333940
-0.0258471574634314
0.0015318313380703
0.0067827850580215
-0.0159589704126120
0.0354576781392097
-0.0429780744016171
-0.0329588726162910
0.0142073463648558
-0.0108269266784191
0.0222586058080196
0.0312881283462048
-0.0574354380369186
-0.0559260584414005
-0.0771232247352600
-0.0500870831310749
0.0196946188807487
-0.0772539004683495
-0.0632644966244698
-0.0124115655198693
-0.0269328784197569
-0.0390134826302528
-0.0573481693863869
0.0013487407704815
0.0036514799576253
-0.0583187974989414
0.0191080104559660
0.0294084921479225
0.0709338486194611
-0.0253722760826349
-0.0253628883510828
0.0451014041900635
-0.0555298477411270
0.0473784878849983
0.0400535576045513
0.0864894613623619
0.0633989647030830
-0.0071165659464896
-0.0486583523452282
-0.0316557548940182
0.0131733892485499
-0.0193839706480503
-0.0496864691376686
-0.0468596033751965
-0.0300276782363653
0.0471415184438229
-0.0430961959064007
-0.0303756650537252
0.0582264661788940
0.0047843568027020
-0.0333569757640362
0.0280416868627071
0.0239715147763491
0.0155594581738114
-0.0321428067982197
-0.0200532022863626
-0.0164890754967928
0.0473245307803154
-0.0009154027793556
0.0061759497039020
0.0379644297063351
-0.0031648096628487
0.0240699704736471
-0.0294257979840040
0.0132168382406235
0.0137766087427735
0.0344652384519577
-0.0304944515228271
-0.0029254613909870
0.0108922747895122
0.0703603327274323
0.0401376150548458
-0.0182953551411629
0.0205089654773474
-0.0349313542246819
-0.0255375895649195
0.0645340606570244
0.0529610514640808
0.0003911435487680
-0.0215032566338778
-0.0310274716466665
-0.0266247484833002
0.0756038948893547
0.0286521930247545
-0.0501639284193516
0.0149263991042972
-0.0372371375560760
0.0708660408854485
0.0043151024729013
0.0838673114776611
0.0731513798236847
-0.0560478940606117
0.0345205515623093
0.0082662394270301
-0.0099525712430477
-0.0470760986208916
0.0044006910175085
0.0685561150312424
0.0000579940351599
0.0692818015813828
0.0355907529592514
0.0525770485401154
-0.0404042415320873
-0.0409082025289536
-0.0164126157760620
0.0154601652175188
-0.0698032528162003
-0.0480961762368679
-0.0381730645895004
0.0184236615896225
0.0210628248751163
0.0553735978901386
0.0935836359858513
0.0179631896317005
-0.0114674009382725
0.0538710281252861
-0.0154917612671852
0.0305052101612091
-0.0089805014431477
-0.0268943440169096
0.0029697981663048
-0.0941519960761070
-0.0228375699371099
0.0371462889015675
0.0099546695128083
0.0146784046664834
0.0235421229153872
0.0968582779169083
-0.0011901452671736
-0.0465555861592293
0.0534876249730587
-0.0699771121144295
0.0537648499011993
-0.0710564628243446
0.0233180075883865
-0.0046464358456433
-0.0109809283167124
0.0306710731238127
0.0816491097211838
-0.0046335086226463
0.0687064453959465
0.0067189191468060
0.0531256832182407
0.0072090523317456
0.0129803698509932
-0.0604205578565598
-0.0230495668947697
0.0625794753432274
-0.0336637385189533
-0.0863764584064484
-0.0750051215291023
0.0774920508265495
0.0199913643300533
0.0621360614895821
-0.0206689760088921
0.0931257978081703
-0.0630180910229683
0.0592095255851746
-0.1169729754328728
-0.0925466716289520
0.0173709224909544
-0.0514356084167957
0.0312075335532427
-0.0058869058266282
-0.0200682953000069
0.0655423104763031
-0.0310045201331377
-0.0433568805456161
0.0299343653023243
0.0274638906121254
-0.0698655322194099
-0.0655769556760788
0.0494224131107330
-0.0904295518994331
-0.0238614343106747
-0.0296877771615982
-0.0035064299590886
0.0224255565553904
0.0156557615846395
-0.0255350638180971
-0.0430218428373337
-0.0176936332136393
-0.0797183513641357
0.0421903096139431
0.0682869330048561
0.0222482290118933
0.0467323474586010
0.0087613239884377
-0.0314344577491283
-0.0595614202320576
0.0674280226230621
-0.0427356585860252
-0.0099845062941313
-0.0753489732742310
0.0443449020385742
0.0750831291079521
-0.0195812191814184
-0.0595575049519539
-0.0521086715161800
0.0378685928881168
0.0150442449375987
0.0285467561334372
-0.0273073278367519
0.0552941039204597
-0.0336371548473835
0.0299876444041729
0.0375185646116734
0.0194073040038347
0.0392053350806236
-0.0104409642517567
-0.0142707666382194
0.0092833060771227
0.0296285040676594
0.0643004551529884
0.0385014377534389
0.0339603126049042
0.0316837914288044
-0.0297840330749750
0.1035977005958557
-0.0388019233942032
-0.0288160033524036
0.0802994444966316
0.0970125496387482
0.0506222359836102
-0.0713471099734306
0.0145335234701633
0.0280488766729832
-0.0427542440593243
0.0037898295558989
-0.0751971602439880
-0.0108200944960117
-0.0450177490711212
0.0335302576422691
-0.0172903798520565
-0.0156363900750875
0.0053331363014877
0.0633289664983749
0.0452857613563538
-0.0191376041620970
0.0354725942015648
0.0562969036400318
0.0268090981990099
0.0169825013726950
0.0066490550525486
-0.0076501746661961
0.0779173374176025
0.0111782345920801
-0.0700982436537743
-0.0504868216812611
0.0909900739789009
0.0532802082598209
0.0348737761378288
0.0511218681931496
0.0533393919467926
-0.0271019507199526
-0.0231594052165747
0.0392641015350819
-0.0241912491619587
0.0485154911875725
-0.0460976697504520
0.0415067374706268
0.0011128670303151
0.0490790978074074
-0.0290253646671772
-0.0449006669223309
-0.0048787556588650
-0.0341644696891308
0.0236166547983885
0.0230784323066473
0.0121926954016089
-0.0173626802861691
0.0593383125960827
-0.0137132517993450
0.0170565638691187
-0.0090663889423013
0.0419420301914215
-0.0350755564868450
-0.0172128453850746
-0.0328081697225571
-0.0184225868433714
0.0408116951584816
-0.0042723049409688
-0.0267527922987938
0.0203811023384333
0.0362753570079803
-0.0478437356650829
-0.0309915076941252
0.0110636586323380
0.0839597582817078
-0.0107441172003746
-0.0292854662984610
-0.0250435471534729
0.0044544897973537
0.0297068506479263
0.0412568524479866
-0.0179184284061193
0.0364713706076145
0.0140317659825087
-0.0407813899219036
0.0425124689936638
-0.0221571475267410
0.0248693861067295
0.0325358584523201
0.0161668807268143
0.0351403579115868
0.0014926296425983
-0.0284466464072466
0.1162165850400925
0.0455227382481098
0.0038347619120032
-0.0120295165106654
-0.0342444851994514
0.0611805506050587
-0.0148937357589602
-0.0078812027350068
0.0218286830931902
-0.0874159038066864
0.0427846089005470
-0.0850431993603706
0.0662916749715805
0.0149847455322742
0.0811085477471352
0.0388058051466942
-0.0383733622729778
0.0114935534074903
0.0031987898983061
0.0344775952398777
-0.0328950732946396
0.0938147082924843
0.0031671992037445
0.0078663937747478
0.0438598841428757
0.0228583458811045
-0.0271104350686073
-0.0584853813052177
0.0334671139717102
-0.0515319108963013
0.0250580776482821
-0.0409408435225487
-0.0580918602645397
-0.0303175821900368
0.0804655328392982
0.0265417303889990
0.0197331700474024
0.0364646241068840
0.0212009884417057
-0.0138575462624431
0.0231944844126701
0.0650927349925041
0.0633660405874252
-0.0616624355316162
0.0637517422437668
-0.0091833993792534
-0.0008006950374693
-0.0092068715021014
-0.0509349927306175
0.0180961601436138
-0.0153011307120323
0.0445337221026421
-0.0148317795246840
0.0742102861404419
-0.0013949590502307
-0.0100480485707521
0.0377372726798058
-0.0153083512559533
-0.0324686951935291
0.0606427602469921
0.0311781745404005
0.0077040810137987
-0.0071909646503627
0.0132095096632838
-0.0246586855500937
-0.0896970778703690
0.0177292730659246
-0.0221889633685350
0.0663697123527527
-0.0556289441883564
-0.0474110953509808
0.0430423691868782
-0.0148056345060468
0.0335519164800644
0.0425143837928772
0.0412453860044479
0.0049696071073413
0.0105300098657608
-0.0047091911546886
0.0272119175642729
0.0080531816929579
-0.0291289202868938
-0.0390845872461796
0.0566191896796227
0.0763378962874413
0.0439555421471596
-0.0531171970069408
-0.0361313931643963
-0.0708633810281754
