0.0054659647867084
0.0793396979570389
-0.0671136081218719
0.0744164064526558
0.0175940878689289
0.0561632364988327
0.0579441413283348
-0.1019067168235779
-0.0298821441829205
0.0047912029549479
-0.0647121146321297
-0.0562696903944016
-0.0189402364194393
-0.0570132993161678
-0.0355095788836479
0.0283900350332260
0.0806831046938896
0.0955223366618156
0.0646279528737068
0.0554216578602791
0.0445193164050579
-0.0699824392795563
0.0542905107140541
-0.0487011000514030
-0.0500640384852886
-0.0293561406433582
0.0288479197770357
-0.1130784749984741
-0.0504092015326023
0.0498717539012432
-0.0277103912085295
-0.0714511722326279
-0.0426557771861553
-0.0825433656573296
-0.0605110153555870
-0.0319841019809246
-0.0928646922111511
0.0009331693290733
0.0701171532273293
-0.0773724764585495
0.0147602614015341
0.0568741112947464
-0.0556174889206886
-0.0014608738711104
0.0167359709739685
-0.0361928865313530
-0.0698615089058876
0.0792718455195427
0.0407331474125385
-0.0804796963930130
0.0789629369974136
0.0955004766583443
0.0552738979458809
-0.0959791690111160
0.0277512222528458
0.0642347857356071
-0.0798989757895470
0.0273885019123554
0.0228329412639141
-0.0183183010667562
-0.0759170576930046
-0.0261562913656235
-0.0217415504157543
0.0722440779209137
0.1290412843227386
-0.0880456045269966
-0.0112493699416518
0.0465329512953758
-0.0889913290739059
-0.0319964811205864
0.0350632965564728
-0.0740022808313370
-0.0558941401541233
-0.0226189922541380
0.0201145838946104
-0.0314147025346756
0.0502472519874573
-0.0480479374527931
0.0600311979651451
0.0416151098906994
0.0214025769382715
-0.0380700603127480
-0.0043188640847802
0.0610436499118805
-0.1083281412720680
0.0328189060091972
-0.0731942579150200
-0.0013688367325813
0.0971045419573784
-0.1402717083692551
0.0768972113728523
-0.0843449458479881
0.0664703920483589
-0.0715481713414192
0.0331378802657127
-0.0650837123394012
-0.0345147699117661
0.0564722977578640
-0.0616581551730633
0.0583531968295574
0.0736538469791412
0.0372380316257477
-0.0626925081014633
-0.0800886899232864
-0.1337198913097382
-0.0066838758066297
-0.0799645259976387
-0.0831173732876778
-0.0256091970950365
-0.0058079268783331
-0.0818541347980499
0.0517979748547077
-0.0796403288841248
0.0654049962759018
-0.0855473205447197
-0.0564601644873619
-0.0515097081661224
-0.0403324440121651
0.0706754475831985
0.0352969728410244
0.1294650882482529
-0.0158239305019379
-0.0007653182838112
0.0256621316075325
-0.1010357216000557
0.0493102781474590
0.0533411949872971
0.0341569744050503
-0.0682330057024956
-0.0760147646069527
-0.0024743459653109
-0.0271610245108604
-0.0146794253960252
-0.0601095184683800
0.0441060662269592
0.0576470196247101
0.0019009439274669
0.0187391415238380
0.0497161634266376
-0.0598190240561962
-0.0005195837584324
-0.0043839071877301
-0.0973996967077255
-0.0012271704617888
-0.0470402911305428
-0.0056683262810111
0.0231631975620985
0.1236902922391891
-0.0489340610802174
0.0013510137796402
0.0274758562445641
-0.0202216263860464
-0.0084559423848987
-0.0094368103891611
0.0181007515639067
-0.0775907635688782
-0.0371129624545574
0.0285678319633007
-0.0190108492970467
-0.0168388299643993
-0.0312137231230736
0.0769714191555977
-0.0091776037588716
-0.0100140655413270
-0.0240693315863609
-0.1326431781053543
0.0977391749620438
-0.0554327294230461
0.0876864790916443
-0.0481108762323856
-0.0320073515176773
0.0749814659357071
0.1241243854165077
0.0754212439060211
0.0663253217935562
-0.0405600965023041
-0.0904172956943512
0.0715169757604599
0.0158628690987825
0.0136292446404696
-0.0602106750011444
-0.0168683230876923
-0.0625347122550011
-0.0508499927818775
0.0966344848275185
0.0858872085809708
-0.1019245758652687
-0.0830563530325890
-0.0125734917819500
0.0324875451624393
0.0967913419008255
0.0447804257273674
0.1462578475475311
-0.0006961678154767
-0.0382285863161087
0.0490639321506023
0.0522069968283176
-0.0774303302168846
-0.0960551723837852
0.0497099533677101
0.0356302559375763
-0.0198623538017273
0.1121956408023834
0.0379984937608242
0.0818997621536255
-0.0616193823516369
-0.0751062929630280
-0.0240610539913177
-0.0436660759150982
0.0477462559938431
-0.0002631065144669
-0.0446635149419308
-0.0289703197777271
0.0203160177916288
0.0544655509293079
0.0660328045487404
-0.0560825504362583
-0.0808382704854012
0.0746945887804031
-0.0659917443990707
0.0262542609125376
0.0857978239655495
-0.0162116307765245
0.0465793348848820
0.0585959255695343
-0.0168486963957548
-0.0435375943779945
-0.0412833318114281
0.0282089300453663
0.0754017829895020
0.1218353211879730
0.0394693650305271
-0.0151861784979701
0.0679186880588531
-0.0176305435597897
-0.0526115857064724
0.1097759231925011
0.0519779622554779
-0.0458972379565239
0.0556552447378635
-0.0159463789314032
0.0169130042195320
-0.0172712802886963
-0.0885431468486786
-0.0909491702914238
0.1127002164721489
0.0777980908751488
0.1405855417251587
0.0598511584103107
0.0878773182630539
0.1209180876612663
0.0937041416764259
-0.0349633693695068
-0.0063727260567248
0.0898025631904602
0.0456763394176960
-0.0980684608221054
-0.0290789864957333
-0.1471049040555954
-0.1650325953960419
0.0281264875084162
-0.1444210857152939
0.0573339909315109
0.1466995626688004
0.0239093303680420
0.0443282201886177
-0.1505369544029236
0.0259492341428995
0.1072040945291519
0.1911500692367554
-0.0768292397260666
-0.0196536947041750
-0.3362840116024017
0.0098810456693172
0.0664470940828323
-0.2104875147342682
-0.0258166771382093
-0.0210112649947405
-0.0202789939939976
-0.0725863948464394
0.0260617230087519
-0.0368354693055153
-0.1883927583694458
-0.1040644273161888
0.0394388101994991
-0.0741878971457481
-0.1312345862388611
-0.0344211757183075
-0.0923049077391624
-0.2029480934143066
-0.2352817803621292
-0.0378394722938538
0.0950790643692017
-0.0096546187996864
-0.0606570616364479
-0.1039571538567543
-0.0098159667104483
-0.1088776141405106
0.0780767202377319
-0.0385390780866146
-0.0912561416625977
-0.0057128756307065
0.2092436701059341
-0.2529384791851044
-0.1215438470244408
-0.0243970826268196
-0.0613246038556099
0.0244071520864964
0.0693709775805473
-0.0814686864614487
0.0787003710865974
-0.2785008549690247
0.1536196321249008
0.0147865116596222
-0.2086441069841385
0.1008454114198685
-0.0115547133609653
0.3228277266025543
-0.0893173664808273
0.0307832006365061
0.0439619868993759
0.0314364470541477
0.0523599199950695
-0.0178691036999226
0.0387922711670399
0.0191659908741713
-0.0528919026255608
-0.0399548746645451
-0.0083427783101797
-0.0225466713309288
-0.0029723392799497
-0.0149723989889026
0.0678515285253525
0.0448515713214874
0.0852381438016891
0.0769105553627014
-0.0197350475937128
-0.0369657278060913
-0.0334316976368427
-0.0741242989897728
-0.0404432080686092
0.0127693321555853
0.0441072396934032
-0.0374209247529507
-0.0408495664596558
0.0086669176816940
0.0679965317249298
-0.0271124821156263
0.0642761960625648
0.0482708588242531
0.0177532527595758
0.0237788539379835
-0.0714902058243752
0.0097957365214825
-0.0449082702398300
-0.0039143408648670
0.0009848992340267
-0.0521351583302021
0.0739084631204605
0.0757224708795547
-0.0558707267045975
-0.0032746247015893
-0.0308488812297583
-0.0835459381341934
0.0354585908353329
0.0897930264472961
0.0298925396054983
0.0590888969600201
-0.0100210411474109
0.0488111637532711
0.0479714348912239
-0.0392946861684322
0.0374038517475128
0.0183748789131641
-0.0879990309476852
0.0851608440279961
0.0251953843981028
0.0240534562617540
-0.0030783778056502
-0.0393912196159363
-0.0383351333439350
0.0637406185269356
-0.0564160943031311
-0.0340299010276794
-0.0561282336711884
-0.0434334352612495
-0.0124819502234459
-0.0790016949176788
-0.0684941932559013
-0.0014827294507995
-0.0106296800076962
-0.0363147929310799
0.0031925989314914
0.0244178175926208
-0.0189817585051060
-0.0840745121240616
-0.0386772342026234
0.0158721525222063
-0.0531295761466026
0.0217546932399273
-0.0333729721605778
-0.0195634160190821
0.0080432621762156
-0.0280649028718472
0.0368958339095116
0.0489764623343945
0.0509239472448826
-0.0303009375929832
-0.0244055241346359
0.0170972943305969
0.0084801772609353
0.0076671759597957
-0.0416442118585110
0.0904854759573936
-0.0171635374426842
-0.0671587586402893
0.0519159547984600
0.0550809688866138
0.0027820602990687
-0.0153576564043760
0.0690384656190872
0.0356630906462669
-0.0445909164845943
-0.0559435486793518
0.0564358532428741
-0.0782439187169075
0.0304017867892981
-0.0342628806829453
0.0481383726000786
-0.0369164943695068
0.0758848413825035
0.0351201109588146
0.0388881862163544
-0.0300142504274845
0.0147804301232100
-0.0519464276731014
-0.0176473949104548
0.0052693448960781
-0.0012912737438455
-0.0041097844950855
-0.0163154657930136
0.0385426953434944
-0.0181690715253353
0.0006315821083263
0.0042950790375471
-0.0171245485544205
0.0343648828566074
0.0465289093554020
-0.0887549072504044
-0.0422003939747810
-0.0589577220380306
-0.0405381433665752
0.0203619729727507
-0.0558601692318916
-0.0580119192600250
-0.0212799087166786
-0.0200773496180773
-0.0349816307425499
-0.0617300942540169
-0.0092404298484325
0.0078336866572499
-0.0668964236974716
0.0374297536909580
0.0635489374399185
0.0855027139186859
-0.0449085980653763
-0.0121728107333183
0.0482272431254387
-0.0667018219828606
0.0300301220268011
0.0261537823826075
0.0773291140794754
0.0405130051076412
-0.0078814057633281
-0.0635471194982529
-0.0434249639511108
0.0105130691081285
-0.0443847253918648
-0.0541099905967712
-0.0293053127825260
-0.0565294772386551
0.0437105670571327
-0.0521903075277805
-0.0333621688187122
0.0640496611595154
0.0068636978976429
-0.0288871414959431
0.0239717122167349
0.0089816683903337
0.0100093381479383
-0.0226597245782614
-0.0055438494309783
-0.0148830832913518
0.0514423549175262
0.0512883625924587
-0.0025559840723872
-0.0055174333974719
0.0194040071219206
0.0278934109956026
-0.0155519936233759
0.0181708112359047
0.0245005078613758
0.0306000150740147
-0.0329031273722649
0.0252173561602831
-0.0068493010476232
0.0499524399638176
0.0386974886059761
-0.0291149187833071
0.0549580752849579
-0.0220326799899340
-0.0287585370242596
0.0247458852827549
0.0546967908740044
0.0021548655349761
-0.0179395638406277
-0.0035102877300233
-0.0248579587787390
0.0526780709624290
0.0384196676313877
-0.0541163422167301
-0.0098072597756982
-0.0094754770398140
0.0471954122185707
0.0201038308441639
0.0635330304503441
0.0614106878638268
-0.0597306042909622
0.0489515066146851
0.0231545213609934
-0.0149396928027272
-0.0101131880655885
-0.0269251987338066
0.0754856169223785
0.0039572920650244
0.0903182178735733
0.0430566370487213
0.0426089428365231
-0.0092559512704611
-0.0418049246072769
-0.0222287327051163
0.0277402419596910
-0.0943228751420975
-0.0295736789703369
-0.0441686548292637
0.0220204815268517
0.0358222946524620
0.0429668836295605
0.0724585130810738
0.0148148750886321
-0.0206656288355589
0.0600367076694965
-0.0057657770812511
0.0256734304130077
-0.0045990580692887
-0.0284068342298269
0.0128470761701465
-0.0829071030020714
-0.0579084791243076
0.0310702417045832
0.0148689923807979
0.0127204423770308
0.0128481443971395
0.0714800283312798
0.0071947849355638
-0.0126132853329182
0.0492786765098572
-0.0725564062595367
0.0769036337733269
-0.0690881311893463
0.0142619619145989
0.0088463341817260
0.0136282350867987
0.0499495603144169
0.0991952642798424
0.0158329196274281
0.0846930667757988
0.0117784906178713
0.0351812094449997
0.0231224764138460
0.0079365205019712
-0.0573789328336716
-0.0331305414438248
0.0510469563305378
-0.0436586439609528
-0.0872835591435432
-0.0656408742070198
0.0530432648956776
0.0260849688202143
0.0737285912036896
-0.0235128290951252
0.0700556561350822
-0.0703019425272942
0.0327272899448872
-0.0921993628144264
-0.0735877305269241
0.0140224508941174
-0.0314127691090107
0.0525625459849834
-0.0323704965412617
-0.0249639153480530
0.0634145736694336
-0.0415115393698215
-0.0351478122174740
0.0328260995447636
0.0236516036093235
-0.0260423738509417
-0.0538649633526802
0.0422083102166653
-0.0901967883110046
-0.0182642135769129
-0.0094579299911857
-0.0172177143394947
0.0108222672715783
0.0393581613898277
-0.0030741107184440
-0.0416967719793320
-0.0340938493609428
-0.0731226205825806
0.0386226698756218
0.0759770125150681
0.0099112596362829
0.0451013371348381
-0.0079384157434106
-0.0077966689132154
-0.0552799254655838
0.0677755028009415
-0.0478092841804028
-0.0155871855095029
-0.0563874356448650
0.0592958256602287
0.0671898871660233
-0.0289123151451349
-0.0514632277190685
-0.0579051859676838
0.0227041672915220
0.0254510119557381
0.0122866006568074
-0.0457045882940292
0.0625555589795113
-0.0360847488045692
0.0286845322698355
0.0545667223632336
0.0422587879002094
0.0317245908081532
-0.0143976015970111
-0.0518579594790936
0.0210215039551258
0.0171245019882917
0.0754847005009651
0.0354724749922752
0.0579591467976570
0.0189987309277058
-0.0400293916463852
0.0920531824231148
-0.0060366354882717
-0.0463612601161003
0.0761795118451118
0.0987607464194298
0.0683242157101631
-0.0820656791329384
0.0045468290336430
0.0166785176843405
-0.0242115389555693
-0.0136624202132225
-0.0862378627061844
-0.0188501458615065
-0.0588310845196247
0.0582826510071754
-0.0433327257633209
0.0334887728095055
-0.0020617449190468
0.0375072360038757
0.0653819590806961
-0.0288831852376461
0.0300583634525537
0.0774679407477379
0.0286738593131304
0.0145464213564992
-0.0012541608884931
0.0138088418170810
0.0503619685769081
0.0416655428707600
-0.0485943295061588
-0.0263565350323915
0.0819175094366074
0.0359514132142067
0.0417324788868427
0.0402052551507950
0.0361830592155457
-0.0419085249304771
-0.0170379634946585
0.0474454797804356
-0.0375921167433262
0.0543447956442833
-0.0316699668765068
0.0606892146170139
-0.0084551852196455
0.0659187510609627
-0.0573274008929729
-0.0394569709897041
-0.0296720247715712
-0.0218858513981104
0.0158997960388660
0.0269983578473330
0.0182923376560211
-0.0295812189579010
0.0629868581891060
-0.0013866436202079
0.0131789790466428
-0.0075912331230938
0.0403726883232594
-0.0505408346652985
-0.0348982736468315
-0.0548516064882278
-0.0176093950867653
0.0487302020192146
0.0111446520313621
-0.0228553451597691
0.0504900924861431
0.0571697801351547
-0.0152600193396211
-0.0341213904321194
-0.0130560332909226
0.0821673944592476
0.0000699863740010
-0.0434518046677113
-0.0017063954146579
0.0200522691011429
0.0351474806666374
0.0350137092173100
-0.0389058738946915
0.0601588003337383
0.0205664858222008
-0.0320653617382050
0.0353062264621258
0.0064006270840764
0.0297706220299006
0.0432296022772789
0.0200600177049637
0.0354181304574013
0.0058460487052798
-0.0346582084894180
0.1014294624328613
0.0317218005657196
0.0217932276427746
-0.0274445656687021
0.0056365993805230
0.0531861521303654
-0.0104358084499836
-0.0264132898300886
0.0044451244175434
-0.0662803202867508
0.0378634184598923
-0.0936983525753021
0.0576170608401299
0.0047401264309883
0.0833917409181595
0.0352892875671387
-0.0401101745665073
0.0206741951406002
0.0086614089086652
0.0303409527987242
-0.0344931706786156
0.0901177674531937
0.0104423854500055
0.0118607804179192
0.0620840452611446
-0.0021240513306111
-0.0465339757502079
-0.0336510688066483
0.0224710721522570
-0.0500074326992035
0.0258303359150887
-0.0564664788544178
-0.0356988608837128
-0.0409253351390362
0.0732700228691101
0.0211013630032539
0.0131270848214626
0.0299821887165308
0.0142475599423051
-0.0119098182767630
0.0266447775065899
0.0657766982913017
0.0774112641811371
-0.0786137282848358
0.0724261552095413
-0.0196952447295189
0.0120116844773293
0.0254240203648806
-0.0462639331817627
0.0459538511931896
0.0024364092387259
0.0566014386713505
-0.0208926610648632
0.0959627851843834
0.0120270410552621
-0.0127485729753971
0.0414238832890987
-0.0225004907697439
-0.0493691861629486
0.0728817954659462
0.0193437598645687
0.0257547218352556
0.0069215549156070
0.0114179700613022
-0.0100451866164804
-0.0945617556571960
0.0077251796610653
0.0135122388601303
0.0540011413395405
-0.0263279248028994
-0.0712805762887001
0.0279146321117878
-0.0301868878304958
0.0215029809623957
0.0160490702837706
0.0364184714853764
0.0106884511187673
0.0084160389378667
-0.0166178680956364
0.0236310530453920
0.0112872598692775
-0.0321085415780544
-0.0467040799558163
0.0699232071638107
0.0624945983290672
0.0444545857608318
-0.0532533414661884
-0.0474121049046516
-0.0713699385523796
