-1.086634118109941483e-02
-9.577550925314426422e-03
-7.437834888696670532e-02
1.154578384011983871e-02
-1.568182185292243958e-02
5.619253031909465790e-03
-9.649407118558883667e-03
-3.596589714288711548e-02
2.973748184740543365e-02
4.138651490211486816e-02
-1.389526296406984329e-02
-2.245326153934001923e-02
5.316888913512229919e-02
-4.962598159909248352e-02
-6.602159701287746429e-03
3.392893588170409203e-03
-1.250227168202400208e-02
7.342928554862737656e-03
1.084423065185546875e-01
3.997515141963958740e-02
-2.271060831844806671e-02
-1.488143345341086388e-03
-7.273531518876552582e-03
-2.692303154617547989e-03
4.897488281130790710e-03
2.680805511772632599e-02
-6.611771415919065475e-03
9.429759345948696136e-03
2.809840999543666840e-02
1.070056296885013580e-02
-2.518906258046627045e-03
8.155285613611340523e-04
1.703663729131221771e-02
4.024421796202659607e-03
-2.030338346958160400e-02
4.333957657217979431e-02
1.218269206583499908e-02
4.351631272584199905e-03
1.532155001768842340e-04
-4.302089661359786987e-02
1.638700813055038452e-02
3.967039659619331360e-02
5.830473266541957855e-03
-3.290896117687225342e-02
-2.915029413998126984e-02
2.614650875329971313e-02
-8.260407298803329468e-02
1.425815746188163757e-03
2.678771689534187317e-02
9.390100603923201561e-04
5.508411303162574768e-02
-2.785652317106723785e-02
1.762471906840801239e-02
4.828739538788795471e-02
-2.456902712583541870e-02
3.053278475999832153e-02
-8.375262841582298279e-03
2.911771461367607117e-02
3.781912624835968018e-01
7.964798063039779663e-02
-2.215314842760562897e-02
3.099082410335540771e-02
-2.177054621279239655e-02
-1.328756008297204971e-02
4.604294523596763611e-02
3.480060398578643799e-02
4.447241127490997314e-02
-3.082469571381807327e-03
5.654291249811649323e-03
1.386760082095861435e-02
9.031615220010280609e-03
3.221886605024337769e-02
-1.685621589422225952e-02
2.474799565970897675e-02
-1.949721015989780426e-02
-2.882080525159835815e-02
-2.893698401749134064e-02
-4.610141739249229431e-03
1.084297522902488708e-02
-4.565166309475898743e-02
-5.026116850785911083e-04
-2.389055676758289337e-02
1.446403749287128448e-02
-1.201420184224843979e-02
8.818148821592330933e-02
-3.784963861107826233e-02
-2.313868515193462372e-02
-1.973174512386322021e-02
1.506847236305475235e-02
-1.305235316976904869e-03
1.918692328035831451e-02
-2.824996225535869598e-02
-1.135047338902950287e-02
8.215636946260929108e-03
1.458776742219924927e-02
-2.555339410901069641e-02
2.685459516942501068e-02
-6.025379151105880737e-02
3.728398680686950684e-02
4.304987937211990356e-02
-6.591395288705825806e-02
-9.887633845210075378e-03
-7.618817035108804703e-03
3.685564966872334480e-03
8.833077736198902130e-03
1.110845617949962616e-02
5.230056494474411011e-02
3.084639646112918854e-02
2.823527716100215912e-02
-3.642076998949050903e-02
-1.789718680083751678e-02
9.221676737070083618e-03
1.546829380095005035e-02
-1.208840869367122650e-02
-1.849892921745777130e-02
9.308353066444396973e-03
9.361974149942398071e-02
-2.208840847015380859e-02
-1.255841087549924850e-02
6.299508735537528992e-03
3.638642653822898865e-02
3.002321114763617516e-03
-1.076449267566204071e-02
3.038441576063632965e-02
-1.435190346091985703e-02
1.176242064684629440e-02
-3.908823709934949875e-03
1.167954318225383759e-02
1.688518002629280090e-02
3.254020214080810547e-02
1.284610666334629059e-02
-9.285173378884792328e-03
-2.854815451428294182e-03
-6.653553340584039688e-03
-3.675518929958343506e-02
1.155563537031412125e-02
2.162194810807704926e-03
-5.232552997767925262e-03
-4.586284980177879333e-02
1.022183150053024292e-02
-1.127215102314949036e-01
-6.275230553001165390e-04
7.172327022999525070e-03
-2.534164115786552429e-03
4.128437954932451248e-03
4.468591138720512390e-02
-3.794745728373527527e-02
-1.108472421765327454e-02
-1.720813475549221039e-02
2.420645952224731445e-02
7.556179165840148926e-02
8.989861235022544861e-03
1.429323386400938034e-02
2.013808488845825195e-02
-1.839950121939182281e-02
-2.322287298738956451e-02
5.032842047512531281e-03
-3.658911585807800293e-02
-6.004358828067779541e-02
-8.321576751768589020e-03
-1.425414904952049255e-02
-4.072375595569610596e-02
2.131753601133823395e-02
-3.883026540279388428e-02
-1.560613978654146194e-02
6.496202945709228516e-02
4.797329008579254150e-02
7.081340532749891281e-03
-8.489570580422878265e-03
2.111510559916496277e-02
1.739979535341262817e-02
-1.703034155070781708e-02
2.585558220744132996e-02
3.139130771160125732e-02
2.904811315238475800e-02
2.330572158098220825e-02
7.067823316901922226e-03
2.681893482804298401e-02
-1.782434806227684021e-02
1.707185991108417511e-02
4.035061225295066833e-02
-2.514613792300224304e-02
2.231193333864212036e-02
7.370545063167810440e-03
6.250265985727310181e-02
-1.976313767954707146e-03
3.247585613280534744e-03
3.472157940268516541e-02
-2.208253927528858185e-02
5.086836963891983032e-02
4.477474465966224670e-02
2.967686159536242485e-03
-8.643343113362789154e-03
-2.814964391291141510e-02
1.908289268612861633e-02
-1.374202501028776169e-02
-1.192023325711488724e-02
1.983923604711890221e-03
-4.376224428415298462e-02
-4.016298055648803711e-02
1.280654501169919968e-02
-2.013684716075658798e-03
1.001367047429084778e-01
-1.154440548270940781e-02
3.764636442065238953e-02
-2.942442893981933594e-03
9.980156086385250092e-03
4.978013690561056137e-03
-2.515790611505508423e-02
-3.949468955397605896e-02
-4.123866930603981018e-02
3.345297300256788731e-04
2.702417410910129547e-02
-1.898651011288166046e-02
4.699293989688158035e-03
-3.800483793020248413e-02
1.532312668859958649e-02
1.782899722456932068e-02
5.547229200601577759e-03
2.228586748242378235e-02
-6.832119822502136230e-02
-7.849742770195007324e-01
-2.215219661593437195e-02
-4.883994534611701965e-02
2.783999033272266388e-02
6.776101421564817429e-03
4.967583343386650085e-02
-9.022454731166362762e-03
1.453576143831014633e-02
-5.282013677060604095e-03
-2.647102065384387970e-02
7.503302767872810364e-03
2.180471271276473999e-02
1.763199083507061005e-02
-1.648866571485996246e-02
2.717337757349014282e-02
-1.951134018599987030e-02
-1.045230217278003693e-02
7.236746605485677719e-03
-9.662436321377754211e-03
3.578042984008789062e-02
5.927756894379854202e-03
-2.509277872741222382e-02
-4.827339574694633484e-02
7.551725488156080246e-03
-3.315295791253447533e-03
4.795731231570243835e-02
3.172453492879867554e-02
6.013936176896095276e-02
3.853360936045646667e-02
-2.235978841781616211e-02
1.150957494974136353e-02
3.896943060681223869e-03
3.160411491990089417e-02
-1.414459757506847382e-02
-1.074018515646457672e-02
4.766560345888137817e-02
-8.184223622083663940e-02
-3.242514654994010925e-02
1.364507433027029037e-02
2.475238032639026642e-02
3.699569031596183777e-02
3.094869852066040039e-02
-4.207371175289154053e-02
4.683981463313102722e-02
-4.194576293230056763e-02
1.286449581384658813e-01
2.360089682042598724e-02
8.870974928140640259e-02
-9.991340339183807373e-02
-3.730802983045578003e-02
1.227305084466934204e-02
1.327301859855651855e-01
5.084865540266036987e-02
6.727361679077148438e-02
1.686366647481918335e-02
-1.543827448040246964e-02
-1.476210821419954300e-02
-2.342041954398155212e-02
7.988823205232620239e-02
2.017678692936897278e-02
-2.440841309726238251e-02
1.156827211380004883e-01
-3.705213079228997231e-03
-6.254609674215316772e-02
-1.809681206941604614e-02
1.361744999885559082e-01
-1.304363459348678589e-02
-2.707864344120025635e-02
-2.679983852431178093e-03
1.344512701034545898e-01
-9.218946099281311035e-02
4.980554431676864624e-02
5.031038448214530945e-02
1.875290530733764172e-03
-1.432308740913867950e-02
-8.498617261648178101e-02
-3.030971065163612366e-02
-6.631398946046829224e-02
3.693517530336976051e-03
1.069324985146522522e-01
-3.670802339911460876e-02
8.483220338821411133e-01
-1.609569415450096130e-02
-2.181402780115604401e-02
-8.304100483655929565e-02
7.244722545146942139e-02
1.225581392645835876e-01
1.968627981841564178e-02
3.847881034016609192e-02
2.327112480998039246e-02
3.989672660827636719e-02
2.288501113653182983e-01
-1.318082679063081741e-03
-4.912041500210762024e-02
-8.269711583852767944e-02
1.326168235391378403e-02
-4.552119411528110504e-03
-3.103213012218475342e-02
-5.165079608559608459e-02
4.606281593441963196e-02
3.526816889643669128e-02
-7.194726262241601944e-03
-3.918508999049663544e-03
-9.625249542295932770e-03
1.059452630579471588e-02
5.310044065117835999e-02
-3.133494406938552856e-02
-1.983807049691677094e-02
-3.345954418182373047e-02
1.131511759012937546e-02
2.342150919139385223e-02
-1.811567321419715881e-02
1.623570546507835388e-02
2.679299749433994293e-02
-2.778929471969604492e-02
3.812348842620849609e-02
7.957303524017333984e-02
-4.942988231778144836e-02
-8.139484375715255737e-02
1.010547019541263580e-02
-1.276103034615516663e-02
-4.310591146349906921e-03
-2.952900156378746033e-02
3.449539467692375183e-02
2.052009478211402893e-02
-3.413959592580795288e-02
5.170485004782676697e-02
3.766075940802693367e-03
1.209867820143699646e-01
-1.139164250344038010e-02
-3.802428022027015686e-02
5.172605812549591064e-02
1.494121272116899490e-02
-1.241496950387954712e-02
-3.322310000658035278e-02
-4.678834974765777588e-02
-3.205594373866915703e-03
6.386860460042953491e-02
6.690528243780136108e-02
9.130603633821010590e-03
1.356509327888488770e-02
3.508261963725090027e-02
-1.353909261524677277e-02
-1.066378876566886902e-02
-3.300919756293296814e-02
3.842113167047500610e-02
-8.336795493960380554e-03
-4.823330789804458618e-02
8.667510934174060822e-03
-4.930511116981506348e-02
-7.539897225797176361e-03
7.267149537801742554e-02
7.463614642620086670e-02
-1.846068166196346283e-02
1.798991113901138306e-02
1.056075915694236755e-01
-3.057842515408992767e-02
2.664119563996791840e-02
-1.717275381088256836e-02
1.709962449967861176e-02
2.871482633054256439e-02
2.396932803094387054e-02
-7.828582078218460083e-02
2.508572861552238464e-02
-3.468757867813110352e-02
1.188402995467185974e-02
3.655380010604858398e-02
-1.191510632634162903e-01
4.395614191889762878e-02
1.902485825121402740e-02
4.024176299571990967e-02
4.501462727785110474e-02
5.844710767269134521e-02
9.444352239370346069e-03
2.161691896617412567e-02
2.821966633200645447e-02
1.290777232497930527e-02
-7.188591640442609787e-03
-5.462169181555509567e-03
-2.763023413717746735e-02
-6.049903482198715210e-02
-3.908831998705863953e-02
-8.721397258341312408e-03
-2.624535374343395233e-02
8.696010336279869080e-03
2.904057689011096954e-02
3.678252920508384705e-02
3.274966403841972351e-02
1.994388550519943237e-02
1.095450744032859802e-01
-1.367040909826755524e-02
-3.303015232086181641e-02
-2.695579454302787781e-02
-4.916453035548329353e-04
-6.558146327733993530e-02
-1.932968758046627045e-02
3.635849803686141968e-02
-3.317772597074508667e-02
-1.047164574265480042e-02
-3.720269352197647095e-02
2.093556895852088928e-02
5.302286148071289062e-02
-1.007614098489284515e-02
-1.128535624593496323e-02
-3.324189782142639160e-02
3.534231334924697876e-02
-2.191779576241970062e-02
-6.019470281898975372e-03
-8.704170584678649902e-03
-2.993009425699710846e-02
6.643787026405334473e-02
-5.034934356808662415e-02
-4.310777783393859863e-02
-5.837985314428806305e-03
3.814021870493888855e-02
8.613851969130337238e-04
-7.887327112257480621e-03
5.192962288856506348e-02
2.009077183902263641e-02
-2.711651287972927094e-02
-3.188434988260269165e-03
-2.812056988477706909e-02
6.494580768048763275e-03
1.323387920856475830e-01
9.673468023538589478e-02
1.338883652351796627e-03
3.151638898998498917e-03
8.582228422164916992e-02
-5.845300853252410889e-02
-2.654350921511650085e-02
6.278438121080398560e-02
-1.260683685541152954e-02
5.344945937395095825e-03
-3.028185479342937469e-02
-2.333408407866954803e-02
-4.228415712714195251e-02
3.841190785169601440e-02
4.440879076719284058e-02
-9.132429026067256927e-03
7.535355538129806519e-02
-1.166406180709600449e-02
3.661656007170677185e-02
1.050572097301483154e-02
-7.784870266914367676e-02
-2.376676537096500397e-02
-7.252954691648483276e-02
-9.604512713849544525e-03
-4.115437716245651245e-02
2.588173374533653259e-02
4.015526268631219864e-03
-4.848764091730117798e-02
8.350311778485774994e-03
-2.148189814761281013e-04
8.336239843629300594e-04
4.771657753735780716e-03
2.479078620672225952e-02
-1.402015890926122665e-02
-3.760937228798866272e-02
-5.236517265439033508e-02
-3.538319468498229980e-02
-4.147401452064514160e-02
-8.660267293453216553e-02
6.511942297220230103e-02
-4.056394100189208984e-02
-2.702746912837028503e-02
-1.049313787370920181e-02
-1.458419114351272583e-02
2.949856407940387726e-02
2.323386631906032562e-02
-2.744622901082038879e-02
-3.296932205557823181e-02
-2.917915396392345428e-02
-9.347255690954625607e-04
4.257525131106376648e-02
-1.968497596681118011e-02
-3.136999160051345825e-02
1.983355171978473663e-02
-1.046923175454139709e-01
2.860619686543941498e-03
3.111396729946136475e-02
-1.805613562464714050e-02
-2.332495152950286865e-02
2.121309749782085419e-02
1.625769026577472687e-02
6.717453151941299438e-02
2.851566113531589508e-02
2.714293450117111206e-02
2.304579684277996421e-04
1.002544071525335312e-02
-7.021364569664001465e-02
5.006482452154159546e-02
-3.554622177034616470e-03
8.170240372419357300e-02
-8.403462357819080353e-03
-1.609705761075019836e-02
2.295883931219577789e-02
2.938472479581832886e-02
1.424524281173944473e-02
6.100736558437347412e-02
7.680775597691535950e-03
-9.032501280307769775e-02
-3.467590361833572388e-02
2.381599880754947662e-02
-1.568298041820526123e-02
9.199249558150768280e-03
4.920829832553863525e-02
-4.583607986569404602e-02
-1.282224655151367188e-01
-3.013953939080238342e-02
6.244777143001556396e-02
-2.982681803405284882e-02
-1.148171816021203995e-02
1.902055810205638409e-03
-1.123676002025604248e-01
-8.777549955993890762e-04
-1.638561673462390900e-02
-2.572169154882431030e-02
1.255693193525075912e-02
3.379909694194793701e-02
6.645203381776809692e-02
-3.611735254526138306e-02
2.128104679286479950e-02
-6.908884271979331970e-03
-2.981931343674659729e-02
-6.083985790610313416e-02
3.560728207230567932e-02
2.832610346376895905e-02
1.284370571374893188e-02
-9.517738595604896545e-03
-3.467151522636413574e-02
2.173305861651897430e-02
2.690183185040950775e-02
2.476344630122184753e-02
-3.201686218380928040e-02
1.314189843833446503e-02
1.018752902746200562e-02
-2.149462513625621796e-02
8.395300246775150299e-03
-3.996385727077722549e-03
3.291504457592964172e-02
-7.555460557341575623e-03
-4.085929319262504578e-02
4.198888316750526428e-02
-3.152292966842651367e-02
-6.559889018535614014e-02
-6.888423115015029907e-02
3.200177848339080811e-02
5.896459147334098816e-02
2.905951347202062607e-03
-1.423659455031156540e-02
1.508905552327632904e-02
-3.518032282590866089e-02
2.496213838458061218e-02
-1.669856719672679901e-02
3.293817862868309021e-02
7.015957031399011612e-03
-4.865372553467750549e-02
-2.313101664185523987e-02
5.338061600923538208e-02
-2.440726570785045624e-02
-8.246131241321563721e-03
-2.332555362954735756e-03
2.740063518285751343e-02
-1.844410039484500885e-02
-3.119188174605369568e-02
1.589069957844913006e-03
-3.070226311683654785e-02
6.495337188243865967e-02
-7.908674888312816620e-03
7.856293767690658569e-02
-1.038163155317306519e-02
1.117010563611984253e-01
-6.190467253327369690e-02
-7.556445151567459106e-02
1.747208274900913239e-02
1.781510002911090851e-02
-4.283850267529487610e-02
4.214085265994071960e-02
-3.744308650493621826e-02
8.835065364837646484e-02
-1.007892042398452759e-01
6.446268409490585327e-02
-2.262294478714466095e-02
-4.102898295968770981e-03
2.774954959750175476e-02
-4.902040958404541016e-02
-6.801024079322814941e-02
1.510162837803363800e-02
3.787212818861007690e-02
1.095708552747964859e-02
3.545422852039337158e-02
6.810817401856184006e-03
1.675838418304920197e-02
-7.382873445749282837e-02
7.525629829615354538e-03
1.316945850849151611e-01
1.283913943916559219e-02
-2.403457835316658020e-02
-2.633065544068813324e-02
-1.518958061933517456e-02
2.815276198089122772e-02
-3.956801444292068481e-02
-5.606898665428161621e-02
6.800056993961334229e-02
9.581575542688369751e-02
-7.545947562903165817e-03
-1.636305078864097595e-02
3.046534024178981781e-03
-3.401894122362136841e-03
-1.345252711325883865e-02
5.364429950714111328e-02
-3.254650533199310303e-02
1.143762990832328796e-01
-7.784237712621688843e-02
-2.425328642129898071e-02
5.651457980275154114e-02
-3.332209587097167969e-02
6.739623844623565674e-02
-3.315455839037895203e-02
3.733916208148002625e-02
7.588776759803295135e-03
-3.755753487348556519e-02
6.636079400777816772e-03
2.280141599476337433e-02
-1.433056313544511795e-02
-8.317171595990657806e-03
-1.845434494316577911e-02
-4.628083109855651855e-02
6.945414096117019653e-02
4.997703433036804199e-02
-3.217153623700141907e-02
1.724559813737869263e-02
2.960556000471115112e-02
2.716424874961376190e-02
-1.523653161711990833e-03
-1.083162501454353333e-01
-4.430993273854255676e-02
-3.705732524394989014e-02
-1.345049310475587845e-02
-3.238962590694427490e-02
-9.733912535011768341e-03
2.002725936472415924e-02
1.427357457578182220e-02
3.443371504545211792e-02
-8.244223892688751221e-02
2.927335910499095917e-02
-7.212112657725811005e-03
-2.694986178539693356e-04
1.874667033553123474e-02
-3.980685025453567505e-03
-1.567529328167438507e-02
-6.140630692243576050e-02
-2.003976609557867050e-03
-3.290267661213874817e-02
7.368265092372894287e-02
6.842995434999465942e-02
1.186697371304035187e-02
-1.625879295170307159e-02
4.269313439726829529e-02
7.515598833560943604e-02
5.621925741434097290e-02
-2.887858264148235321e-02
1.227595433592796326e-01
1.091115642338991165e-02
2.121555060148239136e-02
1.250998582690954208e-02
-1.950434036552906036e-02
-4.429117590188980103e-02
4.490648210048675537e-02
4.781634081155061722e-03
2.252321317791938782e-02
5.308993905782699585e-02
3.072194987908005714e-03
-1.651483704335987568e-03
5.323336273431777954e-02
2.266256511211395264e-02
1.928121433593332767e-03
-2.005570009350776672e-02
-2.213935740292072296e-02
1.046506911516189575e-01
-5.204350128769874573e-02
-8.386956155300140381e-02
-1.611213013529777527e-02
6.496945768594741821e-02
5.932569620199501514e-04
-3.356243669986724854e-02
2.700367383658885956e-02
-8.133793622255325317e-02
4.235302656888961792e-02
-5.673944018781185150e-03
-7.358341012150049210e-03
2.762096934020519257e-02
-8.115181326866149902e-02
5.918677523732185364e-02
-3.291387483477592468e-02
1.478401944041252136e-02
5.277889221906661987e-02
2.048317492008209229e-01
-4.282519593834877014e-02
2.051427960395812988e-02
-6.278716027736663818e-02
-2.608242258429527283e-02
-1.331655960530042648e-02
-3.756217192858457565e-03
5.246230959892272949e-02
3.044869750738143921e-02
5.349358543753623962e-03
-2.198893018066883087e-02
-2.147574163973331451e-02
6.256115436553955078e-02
3.561587259173393250e-02
2.320776693522930145e-02
3.357687219977378845e-02
-2.081195265054702759e-02
-3.799703717231750488e-02
-4.325298592448234558e-03
5.337530747056007385e-03
1.667078137397766113e-01
5.974875018000602722e-02
7.456829771399497986e-03
-2.130398340523242950e-02
-1.627966202795505524e-02
-5.422626063227653503e-02
-7.008201628923416138e-02
-1.390764955431222916e-03
2.742564678192138672e-02
5.298306699842214584e-03
1.337128877639770508e-02
-1.892922632396221161e-02
8.398110978305339813e-03
-4.961379989981651306e-02
-4.572331160306930542e-02
2.476439625024795532e-02
-7.238014787435531616e-02
3.714529797434806824e-02
4.226730763912200928e-02
4.192731529474258423e-02
-2.765884250402450562e-02
-1.269501000642776489e-01
-1.479844097048044205e-02
-1.713849976658821106e-02
1.094866823405027390e-02
1.629335805773735046e-02
-2.904519997537136078e-02
2.895068190991878510e-02
2.557882852852344513e-02
5.011134222149848938e-02
-2.370080538094043732e-02
-4.445984587073326111e-02
-5.028604529798030853e-03
1.125388871878385544e-02
1.533141732215881348e-02
-5.508898198604583740e-02
2.532230876386165619e-02
6.330917030572891235e-02
-5.101702734827995300e-02
-3.680622205138206482e-02
9.507309878244996071e-04
7.093994319438934326e-02
1.273903809487819672e-02
-1.796218007802963257e-02
-8.849704265594482422e-02
9.979653172194957733e-03
6.425397098064422607e-02
-1.838716864585876465e-02
3.484307229518890381e-02
-7.515273988246917725e-03
7.923788391053676605e-03
2.943726629018783569e-02
3.832254558801651001e-02
-1.764169707894325256e-02
-8.211841434240341187e-02
8.539982885122299194e-02
-2.393797598779201508e-02
-7.207066565752029419e-02
-1.605128124356269836e-02
2.950200345367193222e-03
4.789200425148010254e-02
-1.630272716283798218e-03
-1.552502904087305069e-02
1.147481799125671387e-01
6.656897254288196564e-03
6.662307679653167725e-02
2.543788403272628784e-02
4.847221076488494873e-02
3.802224621176719666e-02
-1.779309473931789398e-02
1.042255163192749023e-01
-6.213811575435101986e-04
-4.403295367956161499e-02
6.814190745353698730e-02
-2.536807022988796234e-02
1.278925314545631409e-02
3.119228594005107880e-02
-5.501367524266242981e-02
3.217235498595982790e-04
-6.720289587974548340e-02
3.899712115526199341e-02
-2.771655796095728874e-03
-6.099381484091281891e-03
1.176489051431417465e-02
-3.439169377088546753e-02
-9.375878423452377319e-02
-1.117037050426006317e-02
2.364724501967430115e-02
-2.532662637531757355e-02
-3.555475967004895210e-03
3.738896548748016357e-02
1.438003499060869217e-02
-9.887206368148326874e-03
1.460699737071990967e-02
