0.00038877
-0.03306758
-0.03561321
-0.02750199
0.00844429
0.02724488
0.00254662
0.00411596
0.04601104
0.02299574
-0.01518183
0.00939651
0.01865303
-0.04909415
-0.01824748
-0.00905732
0.00924704
-0.01467428
0.04361275
0.02679104
-0.00079746
0.03307730
-0.02718585
-0.00745166
-0.02007452
0.02681953
-0.00199053
0.00635155
-0.01343600
-0.01332733
-0.07578316
-0.01638635
0.01102932
-0.01494463
-0.00138754
0.07074206
-0.02343744
0.02822231
0.00337754
-0.08258060
-0.01635750
-0.01777914
-0.03096849
-0.05248294
-0.02087709
0.02587489
-0.04049367
-0.00067854
0.04183262
0.01211753
0.00419205
-0.05093211
-0.05236538
0.03200202
-0.03544586
-0.00587873
0.01437630
0.00934413
0.41031235
0.06139988
-0.01801202
0.01726227
0.01349654
-0.00995967
0.00245318
0.00492206
0.02102458
-0.02021798
0.03788624
0.02254058
0.02158608
-0.02324088
-0.05202026
-0.00440683
0.00512717
-0.01944608
-0.03465354
0.00551573
0.02480158
-0.01081670
-0.01556108
0.02093312
0.00811260
-0.00148043
0.05823129
0.02187821
-0.00319908
0.01352074
0.02191195
0.02704166
0.03170412
-0.01165474
0.02468481
0.00711157
-0.00724487
-0.02382230
0.02486644
-0.02408609
0.00856165
0.00777959
-0.02517852
0.00147762
-0.01243641
0.01573467
0.01008651
-0.02119116
0.00636300
0.00368373
0.01832492
-0.04301057
-0.02051962
-0.00441703
-0.03789241
-0.03229124
-0.00563480
-0.02513778
0.05842328
-0.02801221
0.00472714
0.00366436
0.00306153
-0.00099564
-0.00231729
-0.01110439
-0.02874277
-0.00108649
0.02459038
0.00475862
0.00638234
0.06598851
-0.05054146
-0.02282544
-0.01458136
0.00184453
0.01209428
-0.00706129
-0.08054902
0.01438576
-0.12950131
0.01132752
-0.08367229
-0.02130287
-0.01525067
-0.01986346
-0.01402243
0.03828415
-0.00965011
-0.00826706
-0.01919031
-0.02373440
0.02244890
0.00703558
-0.02797497
-0.01455043
-0.00437113
0.01373690
-0.02447027
-0.01000199
-0.05133533
0.00277632
0.00434342
-0.03903431
0.03904079
0.01438381
0.01033179
0.03606952
0.05210908
0.00781529
-0.00664059
0.00059598
0.02149928
-0.00863926
0.01526606
-0.00222018
0.02136735
0.00401173
0.01805823
0.00101169
-0.04234406
-0.00321412
-0.03802904
-0.02157901
0.00472192
0.03833488
0.03118093
-0.04779457
-0.01778783
0.01056099
-0.00014306
0.04683294
0.06369417
0.04261777
0.01005053
-0.01579780
-0.00011476
-0.01048568
-0.01553161
0.02069495
-0.09723036
-0.02129265
0.09485950
0.01547424
0.10139029
-0.04368707
-0.01012701
-0.02351237
-0.00314074
0.00478308
-0.01184164
-0.01842695
-0.06355479
-0.00345333
0.01862514
0.02251367
-0.01169589
-0.03244639
0.00478386
0.02000622
0.00023520
0.02992013
-0.03534935
-0.77798969
-0.00966526
-0.03762364
-0.00524580
-0.00738497
-0.01947685
-0.02952657
0.00541136
-0.01369114
-0.02393982
-0.00950435
0.01542916
0.00738463
-0.01226603
-0.01358311
-0.03988355
0.01896182
0.00595451
-0.01315771
0.00677684
0.03756779
-0.00417862
-0.07856298
0.01747385
0.03021549
0.02666009
0.06392666
-0.00854539
-0.00755774
-0.01196626
0.02044695
0.01384039
-0.00317676
-0.00914928
-0.00223796
0.10368738
-0.05473845
-0.08506642
-0.00236239
-0.01291513
-0.07809928
-0.03190035
-0.13727894
-0.05154581
-0.09487428
0.18200335
0.03349402
-0.01154383
-0.13635102
-0.00930625
-0.02977770
0.00857398
0.01978399
-0.00702758
0.10353316
0.05216145
-0.08170553
-0.06758565
0.09194028
0.03730725
-0.11073975
-0.02873221
-0.06187299
-0.07178915
-0.10133434
0.17944738
0.00249368
-0.09176379
0.01424168
0.04774624
0.10775547
0.10704253
0.09830867
-0.08051849
-0.10313892
-0.08784137
0.07265072
0.08386705
0.01979059
0.05581983
0.07245836
0.80768174
-0.07038257
0.06299734
-0.03023507
0.03487498
0.09727136
0.03334097
0.00573505
0.01510279
-0.08134660
0.03232880
-0.06435811
0.02917893
0.01674636
-0.01444014
-0.07836771
-0.00762980
0.06755257
-0.01197043
0.02948062
-0.03234480
-0.01455965
0.01282957
0.00845880
0.08341449
0.03110516
-0.00012673
0.07208144
-0.01212410
-0.01277253
0.01027309
-0.01771724
0.02105290
0.02319726
0.06332008
0.03822471
-0.05827567
-0.03833056
0.09895784
0.00389820
0.03529058
-0.05724630
0.04194036
-0.07199851
-0.00456073
0.04098510
0.04415780
0.11494813
-0.06033005
-0.04639152
0.03878998
-0.05111736
0.00855272
-0.06700334
-0.03858796
-0.01647384
0.08563028
0.06445967
0.01082575
0.08275872
0.04725786
-0.01737151
-0.05041539
-0.01251108
0.00311037
-0.01847255
0.02334141
-0.00344079
0.00873324
-0.03759111
0.00461321
0.01970510
0.01655282
0.04300401
0.06459216
-0.00535881
0.05635652
-0.03953888
-0.00393461
-0.01110702
0.02875682
-0.02558297
-0.02465643
-0.01849221
0.01539883
0.03845373
-0.09860438
-0.00652540
0.01528348
0.04229097
-0.02146706
0.06989819
-0.03366586
0.04685128
-0.01680155
-0.00803972
0.00482414
-0.03483247
-0.02089296
-0.03465702
-0.07317924
0.02144559
0.02349058
-0.03479248
0.05143453
-0.01093698
0.05490800
0.00231611
0.10031611
0.03195503
-0.02212333
0.04199881
0.05202929
-0.01841319
-0.04957455
-0.02635401
-0.03579049
0.01337517
0.01782056
-0.02658950
0.07567897
0.00193115
0.00837275
-0.01161323
0.04347892
-0.01679562
0.02467222
-0.02140489
0.02379929
0.00793716
-0.05333812
-0.01745476
-0.04717372
0.03675015
-0.03362863
0.00124090
0.01994921
0.00227968
0.04448276
-0.01151292
-0.03405437
0.01903575
0.06818984
0.04199864
0.03782953
0.04712453
0.06809264
-0.10064473
-0.02464014
-0.02283173
0.06669132
-0.02873014
-0.01173961
-0.04508977
-0.03281375
0.01248662
0.04656892
-0.01138520
-0.07950916
-0.04187482
0.00148642
-0.02292954
-0.00642316
0.02010094
-0.01391953
-0.06014353
-0.01446736
-0.02000623
0.00435854
-0.00559089
0.03377134
0.03080941
0.09382380
-0.02439707
0.04239908
-0.00023889
0.04124267
-0.08300694
0.00136736
-0.02899117
-0.05760393
0.03405359
-0.02340185
-0.09661093
0.00928144
-0.05067894
0.00216616
0.06788119
0.03866820
-0.04024494
0.02259504
-0.02077952
0.04281562
-0.00862215
-0.04717052
0.04376047
-0.06285463
0.01131506
0.06478237
-0.08963598
-0.00320614
0.06360517
0.04795134
0.04437759
-0.02423101
0.02639960
0.04740835
0.02453959
-0.05798465
0.03815997
0.03598972
-0.06811709
-0.03398672
0.00677702
-0.00958485
-0.02592689
0.11412274
0.04341969
-0.05740177
-0.07731930
0.01850701
-0.00970669
-0.02650170
0.01350630
0.00830965
-0.07393419
-0.05042591
-0.03409708
0.03187702
0.00073670
-0.05676703
-0.05011574
-0.09300555
0.01045801
-0.04697778
-0.01143858
0.00599372
-0.01041859
0.03357443
-0.02496700
-0.03530503
0.08801395
-0.06140853
-0.00516852
0.01306536
0.10394166
-0.06339452
-0.02586732
-0.03166037
0.04744595
0.02875746
0.05394429
-0.06651832
0.04283766
-0.07268624
0.04476325
-0.00769670
-0.07062417
0.03098099
0.03708354
-0.03992105
0.05823229
0.02352904
-0.06101482
-0.05551899
0.03065190
0.09698520
-0.01301541
-0.00520885
-0.01313255
0.00207675
-0.04587277
0.00996486
0.03452932
0.04468158
-0.04258848
-0.03190339
0.04989110
-0.02911110
0.00576814
-0.02849059
0.04715608
0.04006517
-0.01748480
-0.01391761
0.00700481
0.04392611
-0.01609497
0.06177330
-0.00677222
0.12013105
-0.05943510
0.04125201
0.05951713
0.00395842
-0.03402118
0.03134739
0.03123855
0.02588580
-0.09652839
-0.03481169
-0.00980356
0.01079899
0.08786296
-0.00473222
-0.02717877
-0.01352301
0.03647006
0.00533682
-0.04510861
-0.01765096
-0.02069138
-0.01889404
-0.01010671
0.10067923
0.03826900
0.00795861
-0.05221317
-0.00921963
0.11506490
-0.02383374
-0.06032458
0.07288311
0.04193587
-0.00571238
-0.02849463
0.07581495
0.04609054
0.03739747
0.01766461
-0.00842691
0.10293019
-0.04207952
-0.03077173
0.05862279
-0.00388836
0.05644958
-0.02005035
0.08677129
-0.00628481
-0.01815333
-0.01453443
0.02168410
0.02661292
-0.05222246
-0.01296573
-0.02960434
0.02773967
0.00491303
0.04278363
0.03962915
-0.00871676
0.01370823
-0.00149611
-0.06917766
-0.02931333
0.00823300
-0.01423305
-0.01561894
0.01918041
0.06705810
-0.04162380
0.01275654
-0.01867206
-0.04917509
0.04908156
0.04429734
0.00861679
-0.00067633
0.00988211
-0.04077652
-0.03127989
-0.06610040
0.09607146
0.04505455
-0.03924799
0.02904388
0.09413667
0.03183893
0.02339191
-0.00779472
0.04193227
0.02085979
-0.07244456
-0.02011287
-0.00020197
0.01002537
0.08421472
-0.00973836
0.01880285
0.07075112
0.00453237
0.07265983
0.03257810
0.00302297
0.07208721
-0.08248176
-0.03729083
0.03934227
-0.03199261
0.01530437
0.03137747
0.07142193
-0.02683034
-0.01189349
0.00083463
-0.06880562
0.09383159
-0.01586311
0.00991569
0.05951240
-0.02197312
0.03112960
0.01393509
-0.04527313
0.05833778
0.09634835
-0.04714168
0.02670586
-0.02819695
0.06056998
-0.03704173
-0.02736307
0.02218635
0.05341166
-0.00457504
-0.09435405
0.04811517
0.00759027
0.02074619
0.01265632
-0.00258475
-0.06656174
0.01917933
0.00202659
0.04828434
0.12584837
-0.01998605
0.01096015
-0.01180052
0.00625531
0.00036354
-0.02878438
0.09507361
0.00438989
0.01955670
0.04211150
0.01429134
0.01255081
-0.02356339
-0.01504829
-0.01051146
-0.07050149
-0.00495767
0.07240945
0.06943172
0.01900714
-0.11338953
0.03321058
-0.08248767
0.03332839
0.04749342
0.04817211
0.02154116
0.06545454
0.02122119
-0.05635471
-0.02540557
-0.01946399
0.05064758
0.03973101
-0.02252556
0.03160570
0.02487109
-0.03297183
0.02014797
0.01872846
0.03334646
-0.06857069
0.06415084
-0.02470696
0.02888708
-0.00693897
-0.00102699
0.00668319
-0.02351880
-0.06005006
0.04974049
0.03443800
-0.02582263
-0.02462106
0.03489083
-0.05156700
-0.07105695
-0.02669502
0.01109288
-0.03350055
0.03875826
-0.03726103
0.06004964
0.04089886
-0.03130350
0.05886337
-0.01113206
0.03741111
0.02087394
0.05485841
-0.00659955
-0.03103128
0.00154930
-0.00439638
0.00075863
0.04285244
-0.00226571
0.02569782
-0.07115818
0.06310366
-0.01935113
0.07690187
0.06229378
-0.04160802
-0.08204357
-0.00727539
0.05790912
-0.09116787
0.04486620
0.03007848
0.00009568
0.04911987
0.01581613
