0.02684728
-0.02354835
-0.00287930
0.02329133
-0.01595204
0.02265896
0.00576324
0.00349577
-0.02753112
0.01547269
0.00324476
-0.00636467
0.02846803
-0.00716221
-0.01642811
-0.00336322
0.01550139
0.00224707
0.09522671
0.04814099
0.00200889
0.05861761
-0.04854218
-0.00781435
-0.00331184
-0.00269421
0.00539614
-0.00921917
-0.01154167
0.02362253
-0.01690169
0.02346019
0.02026904
-0.01401007
-0.00634773
0.02418257
-0.00807182
0.01871100
0.00680429
-0.03869228
-0.00683908
0.00356908
-0.03072339
-0.03282708
-0.00314622
0.00369596
-0.03222844
0.00684655
-0.00660260
0.01282421
0.03060848
-0.08522268
0.02282308
0.00468121
-0.03745739
-0.00207784
-0.00806839
0.00670942
0.46256220
0.04099655
-0.03796350
0.02925517
0.00154829
-0.04054621
0.01740476
0.06816711
-0.00981049
-0.01649268
0.00285897
0.01520265
0.02821040
0.02116101
-0.01756165
0.01624032
0.00225435
0.00873103
-0.01207725
0.01024327
0.00469051
0.02708840
-0.01375784
0.00470502
-0.00416359
0.05501189
0.07660855
-0.00986752
0.01031033
-0.00200419
0.03664567
-0.01176758
-0.00260750
0.02165052
-0.00789903
0.01451191
-0.00471589
-0.00349112
0.00914617
-0.04256546
0.01221288
-0.00657179
-0.01334730
0.01945786
0.01066061
0.01971045
0.01290686
-0.00627277
0.01235637
0.00236046
0.02803602
-0.02802055
0.00440595
0.04510866
0.02546673
0.01953785
-0.01486385
0.01044106
0.01959360
-0.02147479
0.02487567
-0.00765406
0.00107075
-0.00126141
-0.01342976
0.00721272
-0.01453195
0.02115940
-0.02340833
-0.00058749
0.00970367
0.09406651
0.01487845
-0.01199008
-0.03257377
-0.02068690
0.00182774
-0.00875389
0.01489031
0.01808721
-0.10933203
0.01684294
-0.07660492
-0.02898369
-0.00256184
-0.02176869
-0.01869686
0.09706663
-0.02970912
0.00114134
-0.02080089
-0.01931571
0.03709596
0.00765788
-0.01244159
0.01058219
-0.00109916
-0.04707937
0.00756811
0.00794157
-0.05612362
-0.00204006
-0.00551980
-0.06679816
0.00917889
-0.00259021
-0.00159553
0.07000138
-0.02481569
-0.01510721
-0.00161872
0.02892108
0.02939092
-0.01630275
0.03529983
-0.00150001
0.05147682
0.03981470
0.02335808
-0.02305724
-0.08754443
0.00176695
0.02350449
-0.04969219
0.00191813
0.02258560
0.02382812
-0.03429377
-0.00071478
-0.02258992
-0.01375979
0.04734730
0.07021508
0.02367428
-0.00319401
-0.03182591
0.00791541
0.02897160
0.06866150
0.03182023
0.01227370
-0.03613869
-0.00111315
0.02967611
0.10396843
-0.02064141
0.02722186
-0.02229357
0.01551685
0.01615569
0.00316812
-0.10035354
-0.01214384
-0.00198079
0.01775077
-0.00242968
0.01628896
0.01496723
0.00135274
0.05097701
-0.02500804
0.00608333
-0.01538848
-0.75425482
0.01599015
-0.02057616
0.00838275
-0.00053065
0.01595383
-0.00201373
0.02318942
0.01134979
0.00261675
-0.05699935
0.02684454
0.01239238
-0.03514959
-0.00780655
0.00264207
-0.01009864
0.00061931
-0.00003245
0.01517832
-0.00903272
-0.01425279
-0.00193905
-0.01834563
0.00211249
0.01236496
0.03312499
0.01214930
-0.01847086
0.00150077
-0.00805308
0.03081958
0.00771706
-0.01703361
-0.02713422
0.21491012
-0.01596479
-0.10496604
0.10387050
-0.05160927
0.00475664
-0.06250712
-0.03797802
-0.06110098
-0.07371884
0.18106523
0.13117416
0.08526940
-0.08596729
-0.00835297
0.01317589
0.05088880
0.01191811
-0.02514336
0.05528911
0.00382843
0.09078187
-0.02614291
-0.00858302
0.04812580
-0.11794715
0.00558149
-0.03326181
-0.07795418
-0.09144942
0.04165292
-0.01879533
-0.03096245
0.00648892
-0.03217334
0.01885490
-0.01351700
0.14168203
-0.14033708
-0.01917333
-0.04424582
0.15418436
-0.05064387
-0.04383241
-0.02967933
-0.02612566
0.81694680
-0.05273459
-0.00130426
-0.12534112
0.07816277
0.06049979
0.00114064
-0.01704483
-0.02198389
-0.05575395
-0.01288589
-0.00578778
-0.05030071
-0.05273679
-0.02518931
-0.10735537
-0.09281632
-0.00126944
0.01844847
-0.01076758
-0.01192322
-0.07572454
0.00965097
-0.00088993
0.05855890
-0.02646379
0.02477566
0.02163718
-0.03129185
0.04041597
-0.01047833
-0.00220807
0.06251290
-0.00579485
0.04065811
0.06694826
-0.03730687
-0.03104666
0.08600628
0.02601545
0.02789521
-0.03349669
0.04579460
-0.10114887
-0.02706187
0.06300993
0.06939316
0.08201212
0.03382186
-0.04299414
0.01783778
-0.04196580
0.05321182
-0.04452332
-0.05501379
0.00613904
0.09442047
0.07374450
-0.01275268
0.06633957
0.06061914
-0.03753334
-0.03984648
-0.02219543
0.00488092
-0.07416493
-0.00370579
-0.00952242
0.00790915
0.01152886
0.02988636
0.06016989
-0.00057375
0.00994499
0.11593408
0.00890810
0.04421664
-0.02729304
-0.01651539
0.01091615
-0.00350502
-0.04154491
0.00918473
-0.03562914
-0.00688325
0.00020336
-0.11722430
-0.00618499
-0.01760211
0.02416889
0.01186216
0.06985404
-0.01541077
0.02879431
-0.00807725
0.03240927
-0.03410767
0.00860527
-0.02043677
-0.02456307
-0.10190911
0.02930167
0.01201240
0.00582119
0.03944823
0.07893261
0.03300865
0.00830333
0.06672069
-0.00545498
0.01300845
-0.00576516
0.02194072
-0.01584479
-0.04257366
0.00512116
-0.00374282
-0.00359268
-0.01767181
-0.00026450
0.14334336
-0.03695942
-0.00022828
-0.00010688
0.02060240
0.01020090
0.01293904
-0.00377757
0.01040065
0.02060150
-0.07197246
-0.04177203
-0.02199995
-0.00983213
-0.03767158
0.01273172
0.00512132
0.02357258
0.02286560
-0.01465716
-0.04093628
0.01623407
0.06224976
0.03100585
0.05788148
0.11025473
0.06024108
-0.04465430
-0.03486830
0.00386636
0.03509181
-0.01884948
-0.03304434
0.01489496
-0.05568751
0.04295482
-0.00355278
0.03220764
0.03352490
-0.03850495
0.03144677
0.00054689
-0.02711577
0.03665932
0.00295907
-0.06161495
-0.04719164
-0.01580798
0.00010522
-0.04361060
0.00595722
0.00325739
-0.00237367
0.01486897
0.03090507
-0.02774317
-0.01521282
-0.06023736
0.03932278
0.01306663
-0.06931518
0.03954953
-0.03277913
-0.06214860
-0.01919369
-0.01077190
-0.00299229
-0.00039584
0.02557311
-0.01193282
-0.01804597
-0.00862427
0.05592983
0.01745526
-0.03350202
0.06199230
-0.04432869
0.00265231
0.01573076
-0.02891361
-0.02555018
0.04487842
0.05202991
0.05735689
-0.02590945
0.02893217
0.02578094
-0.00010118
-0.04482713
0.01737546
-0.01470677
0.03849272
-0.00565656
-0.01838253
0.01534276
-0.02051970
0.08367412
0.00262792
-0.08115370
-0.05421510
-0.01210585
-0.01781652
-0.00196799
0.03071666
0.03982462
-0.05662402
-0.07311174
-0.02466151
0.02148978
-0.02126766
-0.01895185
-0.05475342
-0.06356519
0.00893515
-0.03397808
-0.02557895
-0.00577715
0.05569314
0.06611407
-0.03518208
-0.01591459
0.07119822
-0.05069159
0.01285484
0.03442866
0.05445027
-0.02888162
-0.03649467
-0.02056202
0.00754195
0.04205997
0.06925878
-0.02655661
0.09276257
0.01034440
-0.00439579
0.00678918
-0.02597401
-0.04915939
-0.00645192
0.00028351
0.05567002
-0.01674808
-0.00440967
-0.04520931
0.05446042
0.03970526
-0.00421514
-0.04008967
-0.04165916
0.00441504
0.00371098
0.01810704
0.06174557
0.03327996
-0.01876230
0.00185366
0.03202199
-0.05860263
-0.00482567
0.00057271
-0.00009915
0.02060562
-0.02090936
-0.00626582
-0.01861613
0.03287770
-0.00098464
0.06075815
0.01193125
0.15850642
-0.02471690
-0.03306411
0.04874341
0.01341210
-0.01840692
0.00188076
-0.00112235
0.04660369
-0.03936204
0.01943957
0.03942306
-0.00159822
0.05234549
-0.04300253
-0.03014769
0.00819973
0.05850538
0.02215338
0.00982872
-0.00539390
0.02174475
0.00031653
-0.01402194
0.10804854
0.08759551
-0.01941423
-0.02985261
-0.05760661
0.06760688
-0.03661658
-0.03142332
0.05385305
0.06121106
0.03918657
-0.00952372
0.07003728
0.02495075
0.01311627
-0.00718384
-0.01691269
0.08029654
-0.08605772
0.00470765
0.14604518
0.01775212
0.11077626
-0.04270250
0.03838966
-0.00516659
-0.02582840
-0.05191097
0.01058759
-0.01250468
-0.04072546
-0.03995457
-0.00644771
0.03245855
-0.01324965
0.02880656
0.03296894
0.08167109
-0.01899885
0.00732311
-0.05710360
-0.02640206
-0.01817933
-0.02632084
-0.04642393
0.01105825
0.05226345
-0.00831996
0.00091779
-0.02020169
0.00066421
0.03990632
0.02270893
0.00272478
0.00212829
-0.01737632
-0.07138650
-0.03400209
-0.09669375
0.03842982
0.02235198
0.02396617
0.03267479
0.06910226
0.04907870
0.03696827
-0.02712459
0.08490828
0.03116048
-0.03826061
-0.04897388
-0.01794410
0.00493891
0.02864823
0.00830091
-0.01897006
0.03765725
0.00486033
-0.01451810
0.04664516
-0.00925850
0.06409153
-0.07319064
-0.02516941
0.08080119
-0.05610379
-0.00650742
-0.00822354
0.04497963
0.02259242
-0.04987329
0.05331296
-0.10206394
0.07787681
-0.07353836
-0.04363209
0.03304986
-0.04145886
-0.00111787
-0.02645467
-0.03855911
0.04796797
0.21553807
-0.00177789
0.02068007
-0.04617225
0.00547829
-0.03285439
-0.01976674
0.01859131
0.05336278
-0.00255263
-0.06510253
-0.00409664
0.00948946
0.02249569
0.01320399
0.00741367
-0.03072350
0.02805851
0.01275381
0.01838160
0.22143331
-0.00432796
0.03241508
-0.06762094
0.02354754
-0.00989985
-0.01094404
0.04212703
0.04568039
-0.02082323
-0.01344781
0.01651283
0.03176948
-0.00050567
-0.04977074
0.02337632
-0.07172393
0.03143629
0.04685043
0.06096929
-0.02881094
-0.13807404
-0.02828495
-0.06990536
0.01101813
0.04073061
0.02554573
0.01699828
0.04315259
0.05035137
-0.03787855
0.01374134
0.01995834
0.01299149
0.07076320
-0.04676797
0.04249466
0.02105324
-0.02432697
-0.02648464
-0.00936952
0.06374292
0.00417284
0.01785043
-0.16025157
0.01305694
0.03287345
0.00142954
0.05596149
-0.02705311
0.03426960
0.03187836
0.06119669
-0.04635039
-0.02731890
0.03020710
-0.03029823
-0.02777127
-0.00370007
0.02619807
0.00869347
0.01384961
-0.03593361
0.01255128
0.01627366
0.00236027
0.03208680
0.00372505
0.02212738
0.04331385
0.07134555
0.01500366
-0.03467841
-0.01196481
-0.01338105
0.01210457
0.02753739
-0.00938734
0.03738135
-0.02996494
0.07588568
-0.01329837
0.04975344
0.00654091
-0.00307457
-0.16738665
0.02479120
0.04997962
-0.04628014
0.03478977
0.04687997
0.01486331
0.00655995
0.02332527
