0.01573043
-0.01711567
-0.03835100
-0.01346498
-0.00923151
0.03792528
0.00300158
-0.01444014
-0.04313946
0.01033168
-0.00073124
-0.01523719
0.03441128
-0.02951567
-0.02062094
-0.01254454
0.00903449
0.01228033
0.10514759
0.03002974
-0.00049362
0.02959594
-0.03548372
-0.00145419
0.00016300
0.00547904
0.00747978
0.01445697
-0.00952166
0.02262362
0.01604490
0.01290714
0.01520831
-0.01756458
-0.02522028
0.02605265
-0.00022065
0.02136230
0.01122542
-0.01788012
-0.01982591
0.00661917
-0.07555570
-0.04005328
-0.01562588
0.00612525
-0.05286871
-0.00095589
-0.00292014
0.01132008
0.01976430
-0.07984047
0.01811286
0.02552764
-0.02519558
0.00285825
-0.00524099
0.00599182
0.45614371
0.06202374
-0.03127283
0.04005075
0.00274265
-0.02373920
0.01290159
0.04188744
-0.00198227
-0.00550446
0.01240938
0.02331438
0.01224333
0.01095674
-0.01886874
0.02978075
-0.02524162
-0.00643415
-0.04130280
-0.01314416
-0.00472689
0.03714296
-0.02131875
0.00917036
0.00459668
0.06977583
0.06043234
-0.01024950
-0.00183073
-0.01824352
0.04003258
-0.01109223
0.00872379
-0.00078723
0.00713847
0.00040033
-0.01523790
-0.01154896
0.01697906
-0.03309685
0.04052945
-0.00681634
-0.01726792
-0.00604850
0.00791807
0.01609668
0.01427456
-0.00631654
0.03054383
0.01303422
0.02884682
-0.03321708
-0.01314298
0.02988693
0.04172490
0.01171344
-0.00456698
0.00364032
0.03804443
-0.01283478
0.01606089
0.00391265
0.01012486
0.00657285
0.00023917
0.00502261
-0.00850443
0.00665696
-0.01477371
0.00265285
0.00994627
0.05607966
0.02775204
-0.00938987
-0.02250145
-0.00582686
-0.01844874
-0.00994126
0.02322926
0.02242486
-0.11759423
0.02884541
-0.02892089
-0.02320783
-0.00674577
0.00244559
-0.02415063
0.12780403
-0.04378174
0.00324955
-0.00910111
-0.00478750
0.05004224
0.01079869
-0.00430613
0.01988504
-0.00853263
-0.05106854
0.03168627
-0.00274855
-0.06017870
0.00968586
-0.00300451
-0.04665825
0.01557808
0.00577815
-0.02036884
0.05971287
-0.02411338
-0.00661430
-0.01576631
0.03064417
0.01848866
-0.01028032
0.03052381
0.01135827
0.03865710
0.02323541
0.04280954
-0.02874080
-0.06483386
0.00129451
0.00034288
-0.04242310
0.01385414
0.02096102
0.04571773
-0.01677603
0.03484683
-0.01905706
-0.01194874
0.05801327
0.03203699
0.02957097
-0.00086193
-0.03021229
0.00187821
0.01599370
0.04028083
0.02220251
0.03313220
-0.03254952
0.02401755
0.01794069
0.09113287
-0.01430919
0.01944107
-0.02581164
0.00842081
0.01292771
0.01193767
-0.09197613
-0.01433765
0.01680698
0.01829613
0.00072296
0.00759660
-0.00367497
0.00331480
0.04432771
-0.02717944
0.02702790
-0.02067866
-0.76189584
0.02334877
-0.03440006
-0.01255079
-0.00927450
0.03547521
-0.01468720
0.01660631
0.00682396
-0.00823392
-0.05036039
0.00905171
0.01377684
-0.04057387
0.01592024
-0.00027661
-0.00218815
-0.01238692
-0.01060551
0.00844518
0.00573414
-0.01540387
-0.01260517
-0.01092569
0.01377741
0.04296260
0.00489447
0.00609077
0.02052375
0.00761740
-0.00064617
0.03309418
0.01497912
-0.00445357
-0.02626828
0.02517842
0.11072443
-0.09194279
0.06593042
-0.03235011
-0.05875073
-0.02507315
0.04050448
0.04410373
0.00954383
-0.03719418
0.06224298
0.08869099
0.04557987
-0.05965113
-0.02432860
-0.10412347
-0.00925645
-0.02776757
-0.07711568
0.03520403
0.15065579
-0.14848894
-0.12178725
0.00848941
0.00946535
-0.03281078
-0.11433905
-0.04504466
0.07030340
0.05205888
0.02694034
0.17208119
-0.06173201
-0.01703005
0.04615747
-0.07551526
-0.00415009
0.02118137
0.05690539
-0.01782313
0.05207838
-0.01923944
-0.04748342
-0.00722981
-0.07294731
0.84699500
-0.06600813
0.05851944
-0.06129500
0.07951877
0.03802045
0.03370303
0.08181790
-0.01555483
-0.05845121
0.03390022
0.04229395
-0.04920675
0.00153349
-0.12004565
0.10524949
-0.08718529
-0.00654962
0.00544175
-0.01671431
0.00387692
-0.05750768
0.00466794
0.00686953
0.03381291
-0.05531750
0.03039631
0.00023306
-0.04852330
0.05592168
0.01937434
0.01400730
0.02197704
-0.01600656
0.02257825
0.08054084
-0.05271584
-0.03398637
0.06589948
0.03696635
0.01390723
-0.05416400
0.06693761
-0.04469752
-0.02249894
0.06674708
0.05878767
0.07154071
-0.00919477
-0.02557412
0.00285417
0.03309838
0.07624451
-0.06230251
-0.02813680
-0.02104418
0.07852499
0.03263495
-0.03230266
0.06133089
0.09273092
-0.05677396
-0.00017493
-0.03763790
0.00329187
-0.03185936
-0.01478690
-0.00063402
0.01215116
-0.02887656
0.04166917
0.06587229
0.01030826
0.02612000
0.11261619
0.00820781
0.02260282
-0.00437189
-0.00022774
0.02973233
0.01935232
-0.05619317
0.00962519
-0.00620391
0.03870554
0.01029998
-0.11971334
0.02273010
-0.06250688
0.02875932
-0.00806901
0.08258442
0.01236736
0.08594106
0.00856077
0.05222300
-0.05940390
-0.01835740
0.00642483
-0.03468717
-0.08679111
0.00963071
-0.02035372
0.02982972
0.07877677
0.07371473
0.00604187
0.01732565
0.08605256
-0.00614453
0.02467240
0.02791783
0.03370142
-0.03985709
-0.03672855
-0.01074776
-0.04103327
0.01411556
-0.00823600
0.01119468
0.09875245
-0.05075823
-0.02489383
-0.01103253
0.00925209
0.01882415
0.03032387
-0.03934420
0.01101360
0.04295067
-0.09037846
-0.02110277
-0.01533600
-0.00688287
-0.00468460
-0.03564070
0.03201372
0.02500764
0.01041090
-0.01232648
-0.05470290
-0.01657887
0.04511105
0.07240827
0.03171833
0.02179851
0.06989846
-0.01088340
-0.03285005
0.02671867
0.07161636
0.02871002
-0.03621189
-0.02048077
-0.03830069
0.04380674
0.03089105
0.02071264
0.01815272
-0.06431385
0.04037527
-0.01959778
-0.05492334
0.00891357
-0.01967401
-0.05823573
-0.01716601
0.00582070
-0.02969664
-0.05544876
0.01379030
-0.01247822
0.00889915
0.01246357
0.04980328
0.00660421
-0.03117665
-0.06402303
0.03316495
0.01705154
-0.04070809
0.06237581
-0.03764889
-0.04901454
-0.01628326
0.00470762
0.00356108
-0.00527904
0.01568531
-0.03894836
0.00457075
-0.00259930
0.04718861
0.02447745
-0.04928554
0.01123413
-0.06645007
-0.03408245
0.04533656
-0.05675774
-0.07407564
0.01266861
0.05420430
0.04503719
-0.01861501
0.01360098
0.01989040
0.00865393
-0.05393750
0.04309671
-0.02905292
0.02694112
-0.00124654
-0.03989870
0.00161534
-0.01279387
0.04098886
0.00227168
-0.05963437
-0.10467520
-0.03580882
0.01599144
-0.00936801
0.00724580
-0.00029549
-0.05383860
-0.05375426
-0.01661150
0.04016492
-0.05212526
-0.02638254
-0.03681225
-0.07333972
0.00869795
0.00270181
-0.01663856
-0.00862683
0.06746511
0.07600955
-0.04221417
-0.01967431
0.02872097
-0.04438137
-0.00316077
0.00966010
0.05194406
-0.03538562
-0.00450921
0.00629544
-0.02179915
-0.00071137
0.06270473
-0.04949719
0.08030126
0.00544977
-0.01758341
-0.03142747
-0.02425224
0.01821849
-0.02671150
-0.00950800
0.09831619
0.00827046
-0.04880951
-0.05399947
0.02019011
0.00815273
-0.03797870
-0.08545841
-0.03466671
-0.01278723
0.05623008
0.00494372
0.12777421
0.00350617
-0.03051572
-0.01487775
0.03388673
-0.03901997
0.00273699
0.00354431
-0.01835454
-0.03097568
-0.05271937
0.01379031
-0.04045170
0.02541233
0.01662099
0.06738706
-0.00328686
0.12856480
-0.01715154
-0.01857085
0.02653635
0.00128977
-0.01434499
0.02300719
0.00217543
0.00214748
-0.03973753
0.00379785
-0.02313926
-0.01858938
0.04988565
-0.04555011
-0.01171792
-0.00496861
0.05276357
0.03039314
0.02915828
-0.00013430
0.01389287
-0.05522273
-0.00081125
0.14018232
0.06230616
-0.02528504
-0.02725141
-0.06880321
0.06736416
-0.06292616
-0.04005687
0.11723179
0.04483403
0.03928098
-0.01080534
0.08393516
0.02588690
-0.01071745
0.02267523
-0.03246890
0.08786403
-0.04888918
0.01558001
0.11596338
0.02989060
0.08257408
-0.04648799
0.06686784
-0.01845321
-0.01076638
-0.01118750
0.01579013
-0.04562514
-0.02536367
-0.01373955
-0.01167134
0.06598888
0.01916391
0.03326242
0.01027629
0.07210600
0.00539140
-0.01763909
-0.04743221
-0.04517947
-0.03664315
-0.01585001
-0.01412371
0.04247539
0.04271116
0.00535440
-0.00692571
-0.02579097
0.01414690
0.04551657
0.03083797
-0.00336946
0.04051128
0.00270763
-0.07843521
-0.04358238
-0.06117930
0.04275274
0.03811077
0.04009362
0.01155513
0.04708054
0.08165132
0.01193602
-0.05952722
0.09535599
0.02090961
-0.01670901
-0.01806231
-0.02350147
-0.03006287
0.03239725
0.05152480
-0.00252781
0.08948163
-0.01554597
0.00027568
0.05430084
-0.01974578
0.02699723
-0.06834689
-0.05920893
0.09017624
-0.05060883
-0.02861159
-0.01320568
0.04134522
0.00936670
-0.04563457
0.00209438
-0.09307426
0.08576872
-0.04700764
-0.07114027
0.08432438
-0.08829292
-0.03484783
-0.01868863
-0.04967447
0.07611218
0.17731752
0.00886437
0.00411360
-0.01416176
-0.01252378
-0.02655780
-0.01682091
0.06338735
0.03662285
0.00895921
-0.05380243
-0.00807559
0.00309356
0.01849223
0.00060632
0.00564048
-0.05449550
0.00448993
-0.04042047
0.04481021
0.18096061
0.03001937
0.03401823
-0.08657660
-0.00640149
-0.02880239
-0.00151522
0.04685818
-0.00841938
-0.01512357
-0.01106433
0.02710612
-0.01072802
-0.01445275
-0.02988611
0.07083052
-0.03179848
-0.00278044
0.06049309
0.04477260
-0.00327989
-0.13328277
-0.03284899
-0.07840571
-0.02716823
0.00530037
0.01483297
-0.00611130
0.04258031
0.03330162
-0.06072457
0.00487927
-0.00007807
0.02182184
0.04148950
-0.04612689
0.03798849
0.03131088
-0.02080113
-0.02699919
-0.01103368
0.03950066
-0.01551982
-0.01192369
-0.12443979
0.02079541
0.02190934
-0.00142517
0.05734539
-0.00890059
0.01205731
0.02319821
0.02862658
-0.04058850
-0.04043090
0.03825867
-0.04877351
-0.05977363
0.01749932
0.00826409
0.02447663
-0.00461721
-0.02326508
0.07452037
0.02692299
-0.03189250
0.00181030
-0.01687883
0.03873186
0.03697176
0.08195476
-0.00128527
-0.02538018
0.00005269
-0.03360880
0.05361904
0.01866696
0.02007477
-0.00077914
-0.02046047
0.06043535
0.01391370
0.01394657
-0.00101188
-0.04109228
-0.10054918
0.01831883
0.00767554
-0.04607106
0.05497964
0.05629225
0.02515070
0.01988642
0.04074438
