0.01176125
-0.03009671
-0.01340536
0.00092481
-0.01662469
0.01563034
0.00197345
-0.00023018
-0.03466190
0.01803287
0.00005683
0.00200244
0.04013931
-0.03238774
-0.02620219
-0.00933770
0.01662992
0.00040735
0.07212470
0.03108182
0.00936420
0.04298406
-0.04803909
-0.00376009
-0.01079570
-0.00059262
0.01251080
0.02421941
-0.00857313
0.03295273
-0.02039137
0.02178210
0.00974103
-0.01807324
-0.02720778
0.03288990
-0.00488197
0.02116981
0.00968390
-0.03696740
-0.01957695
0.00118172
-0.03101809
-0.03438883
-0.00404130
0.00632856
-0.04754890
0.01766509
-0.00880875
0.01056902
0.02744966
-0.07651349
0.01271555
0.00234662
-0.03711605
0.00046997
-0.00436786
-0.00673949
0.45498899
0.03140967
-0.03895058
0.03322532
0.00185203
-0.02908166
0.01176468
0.05219825
0.00345761
-0.01415751
-0.00317589
0.02696652
0.02795455
0.01506524
-0.00102915
0.01882536
-0.00931480
0.00235124
-0.03530759
0.00239612
-0.00178180
0.00627280
-0.00886587
-0.00416946
-0.00534624
0.05385343
0.07308983
-0.00534828
0.00606497
-0.01320646
0.03922264
-0.00796586
0.00538569
0.01481341
-0.00904869
0.01067011
-0.01507891
0.00441094
0.01165991
-0.04019532
0.01560276
-0.01091326
-0.01916612
-0.00159304
0.00862474
0.02416977
0.01681682
0.00320645
0.01250549
0.00856949
0.01992681
-0.02700742
0.01094095
0.04247452
0.03883647
0.02674139
-0.00305328
0.00378663
0.03142954
-0.02450526
0.02421694
-0.00762110
0.00259410
-0.00276514
-0.00614091
0.01858590
0.00302179
0.02509994
-0.01857257
0.00120024
0.00714221
0.07098939
0.03914264
-0.01101357
-0.03403416
-0.02162017
-0.00311537
0.01016125
0.01642109
0.02185671
-0.08828035
0.02506801
-0.04876224
-0.03453198
-0.00306332
0.00008259
-0.02489581
0.07584077
-0.04214295
0.00089625
-0.02154668
-0.01213416
0.03287179
0.00892027
-0.01309465
0.01889355
0.01064810
-0.05093116
0.02521812
-0.00182858
-0.05446864
0.01082339
-0.00195662
-0.05020881
-0.00581162
0.00441560
-0.01359712
0.05790622
-0.02902507
-0.00713545
-0.00951481
0.04321553
0.03427582
-0.00771243
0.03415488
-0.00068666
0.05156599
0.03543194
0.04389529
-0.03121892
-0.06755514
0.00015668
0.01107174
-0.05346999
-0.00008111
0.02231988
0.02280184
-0.03525280
0.00375748
-0.03048023
-0.00238985
0.04988979
0.05817340
0.02936933
-0.01006534
-0.02861392
-0.00494431
0.02434490
0.06445146
0.02678935
0.00803424
-0.04283058
-0.00111736
0.02077119
0.08024541
-0.00936506
0.03459338
-0.02131557
0.00596251
0.01599675
0.00216404
-0.09336587
-0.01502223
0.01727821
0.00782347
-0.00512316
0.00904286
0.00322346
0.00138650
0.05753209
-0.02907068
0.01017156
-0.02150407
-0.77626604
0.01771631
-0.03443115
-0.00437618
-0.01004270
0.03203771
-0.02079532
0.01768207
0.01138147
-0.00166879
-0.06329402
0.01624019
0.02454542
-0.02218821
0.00404182
0.00594628
-0.01099556
0.00549085
-0.00090450
0.01457302
-0.00246712
0.00605322
-0.00032378
-0.00710841
-0.00124075
0.02683637
0.02685761
0.01784902
0.00317281
0.00385493
-0.00581259
0.01570665
0.01153752
-0.00972636
-0.03152193
0.06725794
-0.00154665
-0.09759310
0.10303998
0.00361290
-0.12959044
0.02139106
0.01159188
0.03202066
-0.02518804
0.13149135
0.02275302
0.03943470
0.04259814
-0.15820268
-0.00643821
-0.05564564
0.06788307
-0.04158695
-0.01362003
0.00292784
0.04645334
-0.18626383
0.00405744
0.04949445
-0.04994637
-0.03803921
-0.08982740
-0.09107216
-0.06043538
0.19306816
0.02868732
-0.00509789
0.06969712
0.01636148
0.14984052
-0.02543553
-0.00982877
-0.03254650
0.02510072
-0.01740353
0.03509544
-0.03032673
-0.12199479
0.08919316
0.03794889
0.80032444
-0.08814122
0.09537931
-0.04139725
0.05781907
0.03130414
0.01464748
0.09040345
-0.05787245
-0.08573847
0.14159679
0.01749301
-0.05135537
-0.03189735
-0.15868373
0.08328412
-0.05887298
0.01237776
0.02342961
-0.01340249
-0.01245278
-0.07023531
0.00196331
0.02200216
0.04589799
-0.03603069
0.02414261
0.02347452
-0.03786794
0.03335537
-0.00673818
-0.00669094
0.06135948
0.00251348
0.05085878
0.08645000
-0.02783007
-0.04169323
0.07793878
0.02860602
0.02364253
-0.02336299
0.04252865
-0.13582039
-0.02412267
0.04761889
0.08132721
0.09594855
0.02735523
-0.04934713
0.00136437
-0.03742668
0.04484449
-0.02424780
-0.07244907
-0.00304172
0.10300636
0.04661831
-0.02230118
0.06092977
0.07468862
-0.02716979
-0.04329470
-0.02425898
0.01348575
-0.05427713
0.00206703
-0.01048953
-0.00219136
0.03239449
0.02203084
0.07440003
-0.00618530
0.01631272
0.11334874
0.01297595
0.05888376
-0.02060980
-0.02944907
0.01260309
0.01843329
-0.02894796
0.02674457
-0.03802891
-0.00758373
0.00424278
-0.12780905
0.00019234
-0.04007116
0.02938735
-0.00134904
0.08490195
-0.01505528
0.02711802
0.02166137
0.05196841
-0.03876578
0.00014611
-0.02821191
-0.00302513
-0.11447121
0.02986812
0.01810480
-0.01903228
0.04968137
0.08499999
0.04483512
-0.00743228
0.05523046
-0.00870762
0.03199909
-0.01031034
0.02955666
-0.01075217
-0.05014755
0.00339832
-0.01577279
-0.01812948
-0.02481796
-0.01466362
0.15629216
-0.04829700
-0.00474836
-0.00330007
0.01196234
0.01775793
0.02383080
-0.01548527
0.00921674
0.01817206
-0.07762786
-0.04621110
-0.01186264
-0.02664012
-0.03670090
0.02100316
0.02664239
0.02941930
0.00967918
-0.03039967
-0.01674813
0.02872447
0.05294862
0.00958472
0.04164093
0.08398767
0.04013756
-0.04826608
-0.03774785
-0.01412900
0.05353005
-0.01632124
-0.02669207
0.02040625
-0.05164970
0.04921022
0.01109231
0.03089458
0.01779579
-0.02125165
0.00255410
0.02829416
-0.01648710
0.01606131
0.00405755
-0.06285395
-0.06329630
-0.02650120
-0.00306046
-0.02764506
-0.00567929
0.02290967
0.00121236
0.00922376
0.03086483
-0.01677932
-0.01682361
-0.05792093
0.03930017
0.02305267
-0.08135462
0.02238312
-0.03354309
-0.06432594
-0.00153491
0.00583216
-0.00950925
0.00349713
0.05321107
-0.02453572
-0.01008385
-0.00361517
0.04355150
0.00027691
-0.05368125
0.04843378
-0.02073426
0.00167173
0.03364239
-0.02173782
-0.02253303
0.03837978
0.04862420
0.03875241
-0.02338351
0.00779122
0.02885131
-0.03268776
-0.03566705
0.01141217
-0.01978225
0.02023251
-0.00764289
-0.02434848
0.02413268
-0.00293119
0.07098707
-0.00577452
-0.07900159
-0.05536482
0.01051501
-0.00927523
-0.00283701
0.02658021
0.02428769
-0.04570374
-0.07080510
-0.00631764
0.00820474
-0.01426038
0.00463944
-0.07062712
-0.05027416
0.00868489
-0.04332003
-0.00982309
-0.00202419
0.05676301
0.07458303
-0.02519909
-0.03759686
0.07558154
-0.05623809
0.01782648
0.04100056
0.05842195
-0.01953867
-0.03941593
-0.01058618
0.01197100
0.06318264
0.05792079
-0.01207433
0.09613651
-0.00169490
-0.01642576
-0.00324043
-0.02399681
-0.06416401
-0.00684091
-0.02350708
0.04572682
-0.01038120
-0.02411191
-0.01204282
0.05827542
0.02931051
-0.01966266
-0.04215811
-0.04042953
0.00671874
0.00336933
0.01189025
0.06348126
0.04650848
-0.01765512
-0.01101540
0.03436312
-0.04425092
0.00542798
0.00235918
0.02717870
0.03580519
-0.00014383
0.01122187
-0.00779353
0.04450466
-0.01042724
0.05518883
0.02082678
0.15513091
-0.00956771
0.00042524
0.05836008
0.01417385
-0.00066016
-0.00108153
0.00304854
0.02628247
-0.04172271
0.01214028
0.04066889
0.01703365
0.05414446
-0.05436303
-0.02653686
0.00023377
0.07283261
-0.00476543
0.00984435
0.00812793
0.03385537
-0.01710747
-0.03370032
0.11805888
0.08767577
-0.01391087
-0.01994015
-0.06595928
0.05759461
-0.00581322
-0.02104279
0.06305100
0.03781699
0.03096980
-0.01457059
0.07133096
0.04770981
0.00658742
-0.00351765
-0.02688467
0.06997582
-0.07775566
0.02398928
0.11521530
0.02691697
0.10853857
-0.03455256
0.02473357
-0.00448877
-0.02578464
-0.05495701
-0.00545703
-0.01047535
-0.03477915
-0.04145962
-0.00866856
0.02169280
-0.03035727
0.05402796
0.05168085
0.08649801
-0.01913516
0.00312704
-0.05585186
-0.03219350
-0.00574881
-0.01465118
-0.03118223
0.01640222
0.05013993
-0.02328537
-0.02198831
0.01492392
-0.01355958
0.03693028
0.00680594
-0.01324471
0.00801967
-0.02191090
-0.07929198
-0.03986052
-0.10518642
0.04847103
0.01656753
0.02030918
0.04469479
0.07831857
0.03204048
0.04086660
-0.03037780
0.07668147
0.03846774
-0.01359913
-0.06359793
-0.03153596
0.01785443
0.00551094
0.00189834
-0.02628941
0.03945311
-0.00235483
-0.00733882
0.04037365
-0.01392955
0.05987588
-0.06698634
-0.02475672
0.05761612
-0.05888696
0.00646952
0.00323342
0.02193876
0.01852595
-0.04317694
0.04964431
-0.11653211
0.05926384
-0.09047259
-0.05113218
0.03390193
-0.05038607
0.00531041
-0.01580737
-0.02902493
0.05165121
0.18481749
-0.00224049
0.02503140
-0.04555543
0.01145789
-0.01609207
-0.02282720
0.00353078
0.05543446
-0.03432090
-0.06489408
0.00029277
0.00353014
0.03134980
0.00324721
-0.00367603
-0.04482376
0.03408307
0.00179767
0.00169961
0.20942651
-0.01558727
0.02605269
-0.07803264
0.01384735
-0.02119012
-0.02904571
0.06580080
0.04040057
-0.01565576
-0.02132629
0.03747291
0.04132030
0.00842018
-0.03888848
0.02645177
-0.06484863
-0.00777995
0.05113956
0.07011534
-0.05346816
-0.13913564
-0.04195276
-0.08965863
-0.00613790
0.02930225
0.02372431
-0.00213241
0.04649480
0.03348457
-0.02812895
0.03008927
0.02537117
0.01036443
0.06922334
-0.02607347
0.05814859
0.01529830
0.01628704
-0.02723985
0.01501504
0.05297866
0.03027076
0.03044760
-0.14335215
0.00726403
0.01327349
0.00465264
0.04615308
-0.02346322
0.04595600
0.02935912
0.05200866
-0.06228016
-0.04306545
0.02687636
-0.01335563
-0.04387728
0.01150354
0.00478855
-0.00034834
0.02503944
-0.03015107
-0.00797793
0.00212976
-0.01173154
0.01635619
-0.00962182
0.00941318
0.04516062
0.07945550
0.01739222
-0.06298592
0.01203954
-0.00358699
0.01275190
0.01155245
-0.01314240
0.02786980
-0.01966693
0.08046144
0.00336070
0.04865515
0.00856142
0.01373024
-0.13850619
0.02324121
0.03053038
-0.05668876
0.02750513
0.07049228
0.01106459
0.01400946
0.03421868
