0.03014429
-0.00548984
-0.01672134
0.03304772
-0.00802947
0.02477227
0.01694970
-0.03031410
-0.01370960
0.02272651
-0.02356159
-0.00231093
0.01668975
0.03605260
-0.00569632
-0.00333460
-0.00898170
0.01696382
0.17835641
0.05117258
-0.01448209
0.03298692
-0.01114476
-0.01040616
0.01454352
-0.00491626
-0.01889573
-0.04353568
-0.00972353
0.00624010
0.10196585
-0.00942938
0.01624059
-0.01106539
0.02049256
-0.01629498
-0.01968803
0.01882190
-0.00101520
0.01133627
-0.00396623
0.00597457
-0.08667134
-0.03308979
-0.01380937
-0.00403837
-0.01436711
-0.01783716
0.00811859
-0.00089664
0.01984111
-0.06668213
0.05229951
0.02403177
-0.03832069
0.00276015
-0.00544749
0.01794997
0.38919619
0.07244960
-0.02095965
0.00880023
-0.01412124
-0.01662856
0.03696631
0.03476919
0.00335967
-0.03041428
0.04500549
-0.01600928
0.01452320
0.02070928
-0.01686778
0.00655756
0.00983745
0.00414684
0.01348733
-0.01478899
0.02572578
0.15882272
-0.01670531
0.00755307
0.01673346
0.07147697
0.02224044
-0.00659104
0.00718495
0.01336191
0.03920136
-0.00078674
-0.01653310
-0.00469328
0.01610350
0.00143160
0.01214287
-0.01431518
0.02081455
-0.03309599
0.03411131
0.00239725
-0.01218837
0.02257427
0.01280655
0.00138434
0.01299316
-0.03017850
0.02549586
-0.00498238
0.04244651
-0.03495091
-0.03139817
0.02212604
0.00950250
-0.00630688
-0.01526625
0.01089233
-0.00191433
-0.02050168
-0.00255767
-0.00756759
-0.00254224
-0.01296611
-0.02519839
0.00086999
-0.04226638
0.00321413
0.00128428
-0.00191777
0.02524738
0.02833228
-0.03584731
-0.02531257
-0.01977354
-0.01828449
-0.03765367
-0.01657040
0.02996106
-0.00790133
-0.08935601
0.01711280
-0.07093874
-0.00644480
-0.00412223
-0.03397366
-0.00942209
0.19579946
-0.00483579
0.00596619
-0.00510209
-0.02893693
0.03943811
0.01431552
0.00460990
0.00441032
-0.00265585
-0.03065666
-0.00913982
0.01269408
-0.05809207
-0.02098706
0.00504955
-0.07702547
0.03960653
-0.00444562
0.00774762
0.05438120
-0.00444635
-0.01352271
0.00072443
-0.01199632
0.02111889
-0.02613437
0.01369706
0.01365550
0.04681594
0.04655765
-0.00024118
-0.01063964
-0.05035032
-0.01658524
0.03112093
-0.03807851
-0.01442453
0.01071763
0.01101733
0.13109836
-0.08645635
0.00910614
-0.01445734
0.00378168
0.03250855
0.02351055
0.01022440
-0.04136856
0.02730511
0.02033893
0.00765046
0.02762537
0.07460286
-0.00640756
0.01003190
0.03900094
0.00094784
-0.02698222
-0.00207526
-0.01080173
0.03351580
0.00981460
0.01626863
-0.11637481
0.01087335
-0.02423237
0.01686297
-0.00382132
-0.00652876
0.00210335
0.00867784
0.02824105
-0.00430948
-0.00627847
0.00837483
-0.73775458
-0.00812085
-0.02026116
0.02171176
0.00364826
-0.00763464
0.02276517
0.00820442
-0.00857281
0.02181367
-0.01122377
0.01465296
0.00129720
-0.03664138
-0.00273803
-0.01310439
0.01032883
-0.00558821
0.00328499
-0.00942786
-0.01704558
-0.09792654
-0.01333457
-0.02176965
0.02892310
-0.00544427
0.00904027
0.00883558
-0.02215450
0.00589837
0.00204230
0.04417317
-0.00691299
-0.02698961
-0.00774239
0.08630046
0.04720334
0.07307409
-0.01286822
0.06371747
-0.05576721
0.08721527
-0.02639668
-0.01253636
-0.01204051
0.04808623
-0.04597734
-0.19548118
-0.07127311
-0.00679462
0.10733730
0.08787969
0.08580017
0.06302550
0.02082874
-0.00169131
-0.07446991
0.05469808
0.00867910
-0.03077776
0.03106326
0.13254645
-0.06012588
0.09645750
0.05093333
0.04238549
0.07971041
0.08250802
-0.06606179
0.06732265
-0.11075312
0.04742980
-0.02708390
0.04114446
-0.01825511
-0.12117784
-0.09658761
0.06202251
0.00017142
0.05162869
0.00870868
0.83535862
0.03097294
-0.04937764
-0.05452921
-0.02560439
0.16407418
-0.02818122
0.00877952
-0.06186619
-0.00806719
0.14164639
-0.07309107
-0.05198172
0.00341362
-0.00766527
-0.08161227
-0.01192355
-0.05838894
0.00454917
0.01880352
-0.03215109
-0.03956348
0.03957161
-0.00954055
-0.00720647
0.01533757
0.01584994
0.05215495
-0.03154211
0.01043425
-0.00136921
-0.04396633
0.03030009
0.00222032
0.02934070
-0.03614372
-0.01762161
0.01963062
-0.00617543
0.01477693
-0.03269953
0.00362050
0.02687229
-0.15200208
-0.01003148
0.02068174
-0.01391878
0.03175115
0.10484732
-0.12601388
-0.03080001
-0.04301021
0.01056837
0.03832634
-0.02340388
0.01882162
-0.00532956
0.05018732
0.03152181
-0.02055842
0.00130309
-0.02902531
-0.02241862
-0.01513023
-0.05434797
-0.06396683
0.05461788
-0.03612799
0.00221600
0.14998008
0.00951176
-0.02944499
0.00806246
-0.02295434
-0.05094421
-0.00537407
0.01344763
-0.01585308
-0.03979313
-0.03201875
-0.05425603
-0.00762062
-0.00721828
-0.00454315
-0.01606713
-0.02371315
-0.02217553
-0.07590719
0.03220025
0.00541794
0.03208391
-0.02018692
-0.03353987
0.00360628
0.07351632
0.09797885
-0.05506227
-0.02119191
0.00868970
0.04910489
-0.13192426
0.04289284
0.06986711
-0.00202320
0.03140802
0.05838291
0.01999308
0.00871042
-0.03489794
0.03220771
-0.02579848
-0.00322073
-0.04888904
0.06665903
0.00020646
-0.04033319
0.07072457
0.00456350
0.02548854
-0.00711168
0.10948713
-0.03729258
0.02437845
-0.03389368
0.00586871
0.05031247
0.07690360
0.03669623
0.02055681
-0.00284658
0.00049013
-0.01423100
0.02083330
-0.00418208
-0.01917867
0.03084956
-0.00732557
0.01546394
0.01137611
-0.00912362
-0.01464213
0.06605999
-0.04329230
-0.04509362
0.02409285
-0.05062825
-0.01985262
-0.01388518
0.04669028
-0.03443564
-0.00304623
-0.02865998
0.01423634
0.00527945
0.00269101
0.00293249
-0.04597607
0.05969826
0.09344639
-0.01170030
0.02546247
0.01535964
0.05242002
0.03689104
0.04351063
-0.01674127
-0.02473291
-0.06013278
0.01119387
-0.00261986
0.01126841
0.00520282
-0.02864330
0.00430004
0.03517700
-0.09180975
0.05265642
-0.03015346
0.02244408
0.06100556
-0.07074127
-0.03018471
0.06011306
-0.03404732
-0.03184315
0.04385748
-0.05947861
-0.00255124
0.07735670
0.00994710
-0.00269408
-0.00595133
0.04585888
0.02733313
-0.00239414
0.05158890
0.07324217
-0.00356217
0.01280004
-0.04604917
0.03125944
0.07244157
0.02649817
-0.03111663
-0.01102438
-0.04410049
0.00132050
-0.01176417
0.03371594
0.00902633
-0.01141378
-0.04304795
-0.00917271
-0.00165180
0.03152369
-0.04346174
0.09630813
0.00432725
-0.07360521
0.05443428
-0.06381792
-0.00211303
-0.00988468
0.03181737
0.03981780
-0.00412714
-0.08547895
-0.03077991
-0.05288424
0.04997807
0.00823057
0.01217147
0.02588024
-0.00855076
-0.04402769
0.01818166
-0.00242231
0.02299528
-0.01526828
-0.01179131
-0.01287594
0.08830865
0.02200091
0.07872626
0.03415653
-0.00889282
0.00142018
-0.04922917
-0.02001066
-0.00760798
0.00650081
0.00053207
-0.02374125
0.05372546
-0.00049427
-0.00315996
0.02852762
-0.00392278
-0.17908561
-0.04413884
0.01883697
0.02344465
-0.02340593
0.02218820
-0.01105995
0.01554862
0.07322691
0.03210808
-0.01651203
-0.05353282
0.04246550
-0.02648934
0.07391207
-0.03029411
0.00071692
0.04650461
0.00118731
-0.00726380
-0.01536798
0.02791603
-0.00374270
0.05440840
0.03884999
0.00744934
-0.02471814
0.00291970
-0.00002634
-0.02498089
0.02391201
0.00098230
0.02218394
0.05560066
-0.03846079
0.04534295
-0.00147942
0.05892870
-0.05737572
0.00109020
-0.04222921
0.13746627
-0.02248631
0.14084698
0.02596054
-0.01592375
0.00568535
-0.00994340
0.02374863
0.04775570
0.02362978
-0.01812619
-0.04109415
0.00116348
-0.12561962
-0.00277686
-0.03534690
0.04299935
-0.00852610
0.03208462
0.02731455
0.03274855
0.00402428
0.00980494
-0.01306906
0.15789655
0.06638720
-0.05556323
0.04039438
0.02640587
-0.01375933
-0.16713582
0.02952722
-0.07854205
-0.00102910
-0.00632302
0.09511549
-0.00208289
0.10247865
-0.01002086
-0.00577185
-0.03351827
-0.04111634
-0.07487935
-0.02993799
0.03445394
-0.02841246
-0.05143829
-0.00062317
-0.03155296
-0.01412754
-0.02065800
0.00991205
0.03889874
-0.00280031
-0.02517159
0.03318688
0.02400690
-0.01989115
-0.04832966
0.04462728
-0.00991071
-0.00491094
0.00576324
-0.01542891
-0.01461460
0.03526896
-0.02347560
0.00755749
0.03996143
0.00406832
0.00805705
-0.03248371
0.02014969
0.00481035
-0.07985723
-0.01592890
0.00444286
0.05704764
0.00610865
0.03428323
-0.01126480
0.00291801
-0.04337783
-0.02379058
-0.05552595
-0.08570755
-0.03841400
0.00199613
0.03174916
0.00768802
-0.03855871
-0.06465225
0.01629289
-0.03978699
0.01129045
-0.03322938
0.06350261
-0.05828810
0.07531338
-0.04386869
0.01534495
0.08883567
-0.03317034
-0.09631565
0.01076776
0.02541063
0.00144314
-0.05068790
0.01496662
-0.10656925
0.00641864
-0.01758367
0.07392361
0.01885168
-0.03074815
0.01747821
0.03226725
0.03499220
-0.02599516
0.02726945
0.09494898
0.02318030
-0.00192202
0.02424603
-0.04110299
-0.01187787
0.03013115
-0.00616038
0.10593324
0.03161013
-0.02385370
-0.01892731
0.00180200
0.01844686
0.09711815
0.05387317
0.00931608
0.11257954
-0.03097129
-0.01322373
-0.06061979
0.05837605
0.04886776
0.01691590
0.00548058
-0.00216278
-0.00333199
-0.04350848
0.00553156
0.02329827
0.09828670
-0.02576198
-0.00149950
0.02674872
0.01106665
0.01085513
-0.02020407
-0.02592951
-0.04992751
0.00127723
-0.08976779
-0.01714904
0.00980838
0.07710361
0.01222079
-0.02010862
-0.02115766
-0.01404296
0.02416855
0.03654804
-0.06376961
0.02687920
0.02932854
-0.05439838
-0.08829174
-0.00624399
-0.04274550
-0.01169018
-0.05370378
-0.00112097
0.01990617
-0.12596239
0.02301614
-0.12924714
0.03043021
0.03882870
-0.03422156
-0.01964265
-0.00489461
0.03479374
0.00868124
0.00751846
-0.03609576
-0.00940324
0.09758823
0.01735208
0.01580938
-0.04710606
0.01363155
-0.02331375
-0.10826407
0.01963455
0.08887606
0.06495398
0.00738770
-0.04604549
0.04214878
-0.03208717
0.00093548
-0.02261660
-0.02151282
0.03122435
-0.01778369
-0.00181194
-0.02120689
0.03827479
-0.05214703
0.01279068
-0.02907081
0.05458976
0.00747402
0.08624382
0.06018654
0.00831232
0.03921577
-0.04083173
0.01410328
-0.04674472
0.02127474
-0.01216473
0.00302421
