6.842286884784698486e-02
-3.444269066676497459e-03
3.620734810829162598e-02
3.436579555273056030e-02
4.441205877810716629e-03
-1.550425123423337936e-02
8.524183183908462524e-03
6.758137140423059464e-03
-3.853013366460800171e-02
8.022140245884656906e-04
7.318035233765840530e-03
6.843687035143375397e-03
-5.162389948964118958e-03
2.042789198458194733e-02
1.616061851382255554e-02
1.080592628568410873e-02
2.387180365622043610e-02
-1.390339899808168411e-02
7.508910447359085083e-02
6.831683963537216187e-02
5.653663538396358490e-03
8.127854019403457642e-02
-4.255301132798194885e-02
1.379792205989360809e-02
2.872196258977055550e-03
-2.049046196043491364e-02
1.474489551037549973e-02
-4.481347650289535522e-02
-1.768511720001697540e-02
1.219666935503482819e-02
5.781971383839845657e-03
2.029135636985301971e-02
1.805250719189643860e-02
2.066613547503948212e-02
2.153704501688480377e-02
-1.574760675430297852e-02
-9.176828898489475250e-03
5.371655337512493134e-03
1.367916353046894073e-02
-6.809766637161374092e-04
1.621500775218009949e-02
7.144842296838760376e-03
8.802845259197056293e-04
8.781749755144119263e-03
-2.312260307371616364e-02
1.237525045871734619e-02
4.284807015210390091e-03
2.088349126279354095e-02
-5.801567342132329941e-03
1.414600573480129242e-02
9.216160513460636139e-03
-9.921374917030334473e-02
5.881965905427932739e-02
-1.030811760574579239e-02
-2.882220596075057983e-02
-1.746907643973827362e-02
-1.430682744830846786e-02
6.051081232726573944e-03
4.543984234333038330e-01
-5.176695063710212708e-03
-2.380071952939033508e-02
1.242318563163280487e-02
2.035340107977390289e-02
-6.035814061760902405e-02
-8.878973312675952911e-03
8.593738079071044922e-02
-2.965795248746871948e-02
-2.258711680769920349e-02
-2.041122131049633026e-02
1.680390909314155579e-02
3.176749125123023987e-02
2.639676071703433990e-02
-2.331036888062953949e-02
2.777192043140530586e-03
2.597361616790294647e-02
3.704773262143135071e-02
1.746474765241146088e-02
-6.155752111226320267e-03
8.327606134116649628e-03
7.805994898080825806e-02
-2.049523591995239258e-02
2.427794737741351128e-03
-7.927024737000465393e-03
4.437911137938499451e-02
5.583253875374794006e-02
-6.204188335686922073e-03
3.110229782760143280e-02
1.086080819368362427e-02
2.361606247723102570e-02
1.523524406366050243e-03
-3.115300321951508522e-03
5.075027048587799072e-02
-3.864929825067520142e-02
2.974563650786876678e-02
8.640901185572147369e-03
-1.487040612846612930e-02
-2.012288942933082581e-02
-1.428577210754156113e-02
-9.353403002023696899e-03
-1.816812530159950256e-02
9.886932559311389923e-03
4.479342326521873474e-02
2.423667348921298981e-02
2.920849714428186417e-03
9.242553263902664185e-03
-9.468546340940520167e-05
3.050300478935241699e-02
-3.229329735040664673e-02
2.495481632649898529e-02
-2.058206358924508095e-03
1.313698478043079376e-02
4.018500447273254395e-02
-1.393695856677368283e-04
2.338960207998752594e-02
-3.527725860476493835e-02
1.975553855299949646e-02
-4.379129037261009216e-02
6.447738036513328552e-03
4.173874109983444214e-02
4.217797250021249056e-04
-7.056216709315776825e-03
8.246586658060550690e-03
-1.703130081295967102e-02
-2.309464663267135620e-02
1.306690461933612823e-02
-1.077370470738969743e-04
-2.662671916186809540e-02
-1.817028596997261047e-02
-4.571186844259500504e-03
9.037853032350540161e-02
1.513567660003900528e-02
-6.593085359781980515e-03
-3.953538089990615845e-02
-2.877723984420299530e-02
-8.709820103831589222e-04
-1.272395905107259750e-02
3.740457445383071899e-02
2.854088135063648224e-02
-7.698357850313186646e-02
-1.881516724824905396e-02
-7.300803810358047485e-02
-2.159667573869228363e-02
6.508933147415518761e-04
-5.600757896900177002e-02
-1.172611303627490997e-02
7.673303037881851196e-02
5.756401922553777695e-03
1.386228948831558228e-02
-1.590217091143131256e-02
-2.231729216873645782e-02
2.305967966094613075e-03
-1.817187294363975525e-03
-3.366226330399513245e-02
3.896625712513923645e-02
-1.802728697657585144e-02
-1.501467451453208923e-02
-1.651557907462120056e-02
2.665271237492561340e-02
-3.794610127806663513e-02
-7.359026931226253510e-03
-6.833766121417284012e-03
-5.987611413002014160e-02
-1.616335660219192505e-02
3.368846606463193893e-03
2.185545675456523895e-02
7.879129797220230103e-02
-4.275409877300262451e-02
-1.236124057322740555e-02
3.047436475753784180e-03
-2.303162403404712677e-02
7.770101074129343033e-03
-2.616820624098181725e-03
2.323657833039760590e-02
-2.136364020407199860e-02
4.274941235780715942e-02
3.455936163663864136e-02
-8.805625140666961670e-03
8.449528831988573074e-05
-1.144256740808486938e-01
7.534576114267110825e-03
7.489520590752363205e-03
-2.806648984551429749e-02
4.928205627948045731e-03
3.406242933124303818e-03
-5.427498370409011841e-03
3.570548444986343384e-02
-8.472421020269393921e-02
-1.136584393680095673e-02
-1.174992881715297699e-02
2.063950151205062866e-02
5.175171792507171631e-02
8.245752193033695221e-03
1.385217439383268356e-02
-2.659366279840469360e-02
2.522190473973751068e-02
4.724684730172157288e-02
1.045059561729431152e-01
9.366384707391262054e-03
4.050642997026443481e-02
-1.619058474898338318e-02
-4.564124718308448792e-02
3.687367588281631470e-02
3.385689109563827515e-02
-6.893592886626720428e-03
4.946407396346330643e-03
1.334895193576812744e-02
1.735103875398635864e-02
1.087040640413761139e-02
-1.748816808685660362e-03
-9.354139119386672974e-02
2.277112193405628204e-02
-9.741576388478279114e-03
-5.412098951637744904e-03
-1.195537857711315155e-02
3.005520254373550415e-02
3.676797449588775635e-02
-1.275954302400350571e-02
1.753040961921215057e-02
7.822576910257339478e-03
-6.875541992485523224e-03
4.062557592988014221e-03
-7.389361262321472168e-01
1.404187176376581192e-02
1.108221244066953659e-02
9.437090717256069183e-03
4.670597612857818604e-03
1.599210500717163086e-02
2.780809439718723297e-02
9.878671728074550629e-03
-2.485895063728094101e-03
1.139907632023096085e-02
-6.542971730232238770e-02
5.723494663834571838e-02
-2.623806893825531006e-02
-2.186275320127606392e-03
-1.109928544610738754e-02
2.376716397702693939e-02
-1.064122933894395828e-02
-1.741375029087066650e-02
-1.918447576463222504e-02
-8.897832594811916351e-04
-1.393428910523653030e-02
-4.830245859920978546e-03
3.714606165885925293e-02
-3.505847975611686707e-02
1.210217084735631943e-02
-1.967233978211879730e-02
2.544859424233436584e-02
-4.013164341449737549e-02
-5.026939883828163147e-02
-3.006489248946309090e-03
-3.130542486906051636e-02
2.982078865170478821e-02
-2.179037034511566162e-02
-2.584809251129627228e-02
-2.570494078099727631e-02
4.353066906332969666e-02
-1.328853517770767212e-02
8.682762086391448975e-02
-1.008676290512084961e-01
4.981033969670534134e-03
-4.929887875914573669e-02
1.013020798563957214e-01
-3.782355040311813354e-02
6.470345705747604370e-02
-2.631382085382938385e-02
5.001186579465866089e-02
-2.959379553794860840e-02
-5.386670306324958801e-02
-1.912538707256317139e-02
1.382931135594844818e-02
4.434237256646156311e-02
2.926050312817096710e-02
4.946441575884819031e-02
1.211948841810226440e-01
-6.686799973249435425e-02
-5.502133071422576904e-02
-3.508927673101425171e-02
1.279135141521692276e-02
9.984301775693893433e-02
1.201757509261369705e-02
4.717560950666666031e-03
1.281595677137374878e-01
2.954426407814025879e-02
5.057602748274803162e-02
6.723883748054504395e-02
5.186193063855171204e-02
7.134303450584411621e-02
1.183900050818920135e-02
-7.659782469272613525e-02
2.803417295217514038e-02
-1.025712490081787109e-01
7.919033616781234741e-02
-1.130994409322738647e-02
1.017374768853187561e-01
-2.987201698124408722e-02
-1.067285388708114624e-01
-1.549447774887084961e-01
3.189357742667198181e-02
1.219455152750015259e-01
1.146350651979446411e-01
6.474629044532775879e-02
8.591473102569580078e-01
5.503554642200469971e-02
-6.232112646102905273e-02
-1.496978104114532471e-02
4.708892479538917542e-02
7.677406072616577148e-02
1.719266735017299652e-02
4.839567095041275024e-02
-1.000791601836681366e-02
1.975487358868122101e-02
9.510193020105361938e-02
-3.674858808517456055e-02
-3.173884004354476929e-03
-4.179643839597702026e-02
1.305578928440809250e-02
5.553902685642242432e-02
7.179803401231765747e-02
-5.060980468988418579e-02
2.707503549754619598e-02
4.139608517289161682e-02
-2.965815737843513489e-02
-2.944331802427768707e-02
5.367213487625122070e-02
1.171837840229272842e-02
-1.455701142549514771e-02
-1.205730438232421875e-02
3.077021613717079163e-02
5.679165571928024292e-02
-5.424962192773818970e-02
2.675960306078195572e-03
-2.322931541129946709e-03
-3.737399727106094360e-02
2.976427972316741943e-02
1.208811998367309570e-03
3.680073097348213196e-02
-3.841859474778175354e-02
-2.821934595704078674e-02
1.551567763090133667e-02
-2.247572317719459534e-02
4.661780316382646561e-03
-3.651357814669609070e-02
5.259530735202133656e-04
1.391433272510766983e-02
-1.315771043300628662e-01
1.376821892336010933e-03
2.103504724800586700e-02
-3.392180427908897400e-02
2.149391360580921173e-02
5.762515589594841003e-02
-1.068739891052246094e-01
-4.227144271135330200e-02
-2.620571665465831757e-02
2.114758081734180450e-02
-3.443010064074769616e-05
-3.175837919116020203e-02
1.292561553418636322e-02
7.910467684268951416e-03
4.559765011072158813e-02
1.648180186748504639e-02
-1.774127408862113953e-02
-3.616550192236900330e-02
-1.762665621936321259e-02
-2.287484519183635712e-02
-7.000309415161609650e-03
-6.516153365373611450e-02
-5.725791677832603455e-02
7.822892069816589355e-02
-4.409357160329818726e-02
5.387251731008291245e-04
1.109356507658958435e-01
-4.502786323428153992e-03
-3.162482008337974548e-02
8.740136399865150452e-03
-1.732303015887737274e-02
-3.723794594407081604e-02
-2.027745172381401062e-02
1.816037693060934544e-03
-1.356536801904439926e-02
-1.632464118301868439e-02
-4.841256514191627502e-02
-5.261523649096488953e-02
-1.225400250405073166e-03
-9.125549346208572388e-03
-2.888269256800413132e-03
-9.240393526852130890e-03
-1.843990013003349304e-02
-3.967472538352012634e-02
-5.643051490187644958e-02
2.292930893599987030e-02
2.207580767571926117e-02
5.741831660270690918e-02
-3.435547277331352234e-02
-5.449110269546508789e-02
3.010123036801815033e-02
5.419448390603065491e-02
1.051744893193244934e-01
-6.488738209009170532e-02
-3.958025947213172913e-02
5.244604777544736862e-03
4.953791573643684387e-02
-1.303371787071228027e-01
4.486472159624099731e-02
7.841810584068298340e-02
-7.272217771969735622e-04
2.334434352815151215e-02
7.343813031911849976e-02
4.876720719039440155e-03
8.200454176403582096e-04
-2.011033520102500916e-02
4.251128062605857849e-02
-4.416402056813240051e-02
1.260237675160169601e-02
-5.143149942159652710e-02
7.199436426162719727e-02
1.604633219540119171e-02
-2.678208611905574799e-02
3.843254223465919495e-02
2.237671054899692535e-02
4.698080196976661682e-02
1.571770757436752319e-02
9.596385061740875244e-02
2.060470171272754669e-03
1.323753967881202698e-02
-4.599988460540771484e-02
2.577488496899604797e-02
1.910535432398319244e-02
7.510124146938323975e-02
4.112187772989273071e-02
2.758577652275562286e-02
-4.691576212644577026e-02
-6.512437015771865845e-03
-1.971073821187019348e-02
2.817798592150211334e-02
-1.127118524163961411e-02
-2.197864279150962830e-02
5.900165438652038574e-02
-9.232864715158939362e-03
-1.281481608748435974e-02
4.632623400539159775e-03
-7.567106280475854874e-03
3.864979138597846031e-03
6.939792633056640625e-02
-1.976501382887363434e-02
-3.854543715715408325e-02
3.331181406974792480e-02
-8.898334950208663940e-02
-3.006937727332115173e-02
2.987446263432502747e-03
5.564932897686958313e-02
-4.759639501571655273e-02
-1.028450671583414078e-02
-2.111024223268032074e-02
1.125570852309465408e-02
4.567621275782585144e-03
9.579041041433811188e-03
-1.552114449441432953e-02
-1.150921825319528580e-02
3.952845185995101929e-02
9.818346798419952393e-02
-4.962262511253356934e-02
3.223312273621559143e-02
1.413342449814081192e-02
3.914009407162666321e-02
3.218534961342811584e-02
7.877161353826522827e-02
-4.034579731523990631e-03
-4.606340453028678894e-02
-7.132585346698760986e-02
1.933717285282909870e-03
2.035597804933786392e-03
1.188571657985448837e-02
-1.811716891825199127e-02
-2.701692655682563782e-02
-4.979910328984260559e-03
3.346060961484909058e-02
-8.487963676452636719e-02
4.353416338562965393e-02
-2.019827812910079956e-02
1.785577833652496338e-02
8.012879639863967896e-02
-5.943147093057632446e-02
-3.248170763254165649e-02
6.432320922613143921e-02
-1.377109531313180923e-02
-2.268249541521072388e-02
2.001813054084777832e-02
-3.758964687585830688e-02
9.623179212212562561e-03
6.625717133283615112e-02
6.361697334796190262e-03
2.643429301679134369e-02
2.421392593532800674e-03
2.894330397248268127e-02
2.905771695077419281e-02
-8.071539923548698425e-03
6.477665901184082031e-02
4.125669971108436584e-02
-1.715738512575626373e-02
4.277095943689346313e-02
-6.293283402919769287e-02
2.131922915577888489e-02
7.377635687589645386e-02
8.297798223793506622e-03
-3.636954724788665771e-02
-3.430002555251121521e-02
-3.695146366953849792e-02
-3.513827687129378319e-03
3.302959725260734558e-02
3.582235798239707947e-02
4.203587770462036133e-02
-2.275332622230052948e-02
-5.331313982605934143e-02
-1.211471203714609146e-02
-2.367773279547691345e-02
3.390655666589736938e-02
-5.567070841789245605e-02
1.167817115783691406e-01
9.198990650475025177e-03
-7.858582586050033569e-02
3.134077787399291992e-02
-3.606685250997543335e-02
1.468424405902624130e-02
-1.596232503652572632e-02
1.975299231708049774e-02
3.748024255037307739e-02
-2.441374771296977997e-02
-8.291441947221755981e-02
-4.014185443520545959e-02
-6.111018359661102295e-02
2.221197076141834259e-02
-2.028789743781089783e-02
2.511380938813090324e-03
1.258525182493031025e-03
2.110181562602519989e-02
-3.414444997906684875e-02
2.508912421762943268e-02
-7.324992911890149117e-04
2.321756258606910706e-02
-7.367558311671018600e-03
-1.490258704870939255e-02
-1.033473946154117584e-02
7.565143704414367676e-02
3.139835223555564880e-02
5.850491672754287720e-02
3.401331603527069092e-02
-7.844690233469009399e-03
1.850252039730548859e-02
-8.019474335014820099e-03
-4.725900664925575256e-02
3.874947875738143921e-02
-4.101148806512355804e-03
-3.238163888454437256e-03
-3.798455744981765747e-02
4.013482853770256042e-02
1.009153015911579132e-02
-2.083173952996730804e-02
3.567839786410331726e-02
-2.817709930241107941e-02
-1.298011392354965210e-01
-4.213975742459297180e-02
-2.012452809140086174e-03
1.708337105810642242e-02
-9.734093211591243744e-03
-6.989387329667806625e-03
-2.294507995247840881e-02
2.253880165517330170e-02
5.868651717901229858e-02
2.045196108520030975e-02
-3.698595240712165833e-02
-4.929620027542114258e-02
4.979695379734039307e-02
-1.590466126799583435e-02
6.381643563508987427e-02
-2.917833998799324036e-02
-3.400305658578872681e-02
4.969564452767372131e-02
8.533782325685024261e-03
-3.868728503584861755e-02
-3.009101375937461853e-02
4.713925719261169434e-02
2.462400868535041809e-02
5.909799039363861084e-02
4.742224141955375671e-02
2.049187198281288147e-02
-3.454193845391273499e-02
1.244349684566259384e-02
1.494456920772790909e-02
-3.009812347590923309e-02
5.160988867282867432e-02
-6.018317304551601410e-03
-4.942803177982568741e-03
3.901199251413345337e-02
-5.351529642939567566e-02
3.827146813273429871e-02
1.746545918285846710e-02
4.420786350965499878e-02
-4.126280546188354492e-02
3.645316464826464653e-03
-6.119267269968986511e-02
1.103066802024841309e-01
-3.875729069113731384e-02
1.127714440226554871e-01
2.669800817966461182e-02
9.880051016807556152e-03
4.628982394933700562e-03
-8.473121561110019684e-03
2.790362201631069183e-02
6.910717487335205078e-02
1.933048106729984283e-02
-1.532530784606933594e-02
-3.572845458984375000e-02
-7.816260680556297302e-03
-1.549779027700424194e-01
-1.036552898585796356e-02
-3.460353985428810120e-02
4.133327305316925049e-02
-1.114586181938648224e-02
3.577703237533569336e-02
4.860984906554222107e-02
4.527138918638229370e-02
-3.544014412909746170e-03
4.922400228679180145e-03
3.493522852659225464e-02
1.480892747640609741e-01
6.043897569179534912e-02
-3.559924662113189697e-02
4.626490920782089233e-02
8.611420169472694397e-03
-7.781429681926965714e-03
-1.483725011348724365e-01
4.746714979410171509e-02
-8.702027052640914917e-02
1.504239533096551895e-02
-2.080709300935268402e-02
9.955029189586639404e-02
-7.562328130006790161e-03
6.931971013545989990e-02
4.138766322284936905e-03
1.929660327732563019e-02
-2.471047639846801758e-02
-4.220529273152351379e-02
-5.201322585344314575e-02
-3.164308145642280579e-02
4.365324974060058594e-02
-2.407405339181423187e-02
-2.633399516344070435e-02
2.551182173192501068e-02
-3.867320343852043152e-02
-3.546764329075813293e-02
-3.685622289776802063e-02
3.676731511950492859e-02
3.255889564752578735e-02
-8.338293991982936859e-03
-1.510985079221427441e-03
1.877813413739204407e-02
3.637443855404853821e-02
-3.214626014232635498e-02
-3.422715142369270325e-02
6.357729434967041016e-02
2.258222550153732300e-03
3.969290293753147125e-03
3.945046628359705210e-04
-1.519005093723535538e-02
-5.755972862243652344e-02
5.741873756051063538e-02
-2.195346541702747345e-02
1.023576478473842144e-03
5.280648916959762573e-02
2.614278160035610199e-02
7.562328130006790161e-03
6.299733184278011322e-03
2.413714863359928131e-02
4.153882339596748352e-02
-7.618451118469238281e-02
-4.349497146904468536e-03
8.268783800303936005e-03
7.809600234031677246e-02
-6.652520503848791122e-03
3.258004412055015564e-02
-8.620659820735454559e-03
2.126498892903327942e-02
-2.503342740237712860e-02
-3.269671276211738586e-02
-8.747143298387527466e-02
-7.684487104415893555e-02
-4.976843670010566711e-02
1.511988416314125061e-02
5.242267251014709473e-02
2.513673971407115459e-04
-5.246078595519065857e-02
-4.600327089428901672e-02
2.917865640483796597e-04
-3.120471164584159851e-02
1.196956820785999298e-02
-2.701453678309917450e-02
6.764461100101470947e-02
-6.858408451080322266e-02
6.643231958150863647e-02
-7.787247002124786377e-02
1.762264757417142391e-03
7.540901005268096924e-02
-5.387918651103973389e-02
-7.527241855859756470e-02
-2.543528331443667412e-03
3.096267580986022949e-02
-3.159983083605766296e-02
-2.680478245019912720e-02
2.813276648521423340e-02
-8.145397901535034180e-02
2.549646049737930298e-02
-6.757987197488546371e-03
8.940429985523223877e-02
2.584302611649036407e-02
-4.107217118144035339e-02
-8.510985411703586578e-03
4.669151827692985535e-02
1.711405999958515167e-02
-3.672238066792488098e-02
2.818471938371658325e-02
1.274893432855606079e-01
7.454448845237493515e-03
4.163483623415231705e-03
2.814336679875850677e-02
-4.244438558816909790e-02
-9.382363408803939819e-03
9.684821590781211853e-03
-1.057253777980804443e-02
8.463161438703536987e-02
2.821491658687591553e-02
-3.944719955325126648e-02
-1.991399005055427551e-02
2.180298045277595520e-02
-6.468898616731166840e-03
8.672941476106643677e-02
5.114582180976867676e-02
3.498327219858765602e-03
1.105689704418182373e-01
-3.176175430417060852e-02
-3.508255816996097565e-03
-4.731605201959609985e-02
7.564704865217208862e-02
4.519424214959144592e-02
2.986443415284156799e-02
1.201122999191284180e-02
-1.558614894747734070e-02
-1.581103168427944183e-02
-2.741212025284767151e-02
-5.304216756485402584e-04
9.707870893180370331e-03
6.602387875318527222e-02
-1.673856750130653381e-02
-6.090039387345314026e-03
4.316194355487823486e-02
3.491235896944999695e-02
1.807723008096218109e-02
-2.805120125412940979e-02
-1.591281406581401825e-02
-2.525756880640983582e-02
2.471568994224071503e-02
-8.920302242040634155e-02
5.151797086000442505e-03
2.239604666829109192e-02
6.059007719159126282e-02
1.850452646613121033e-02
-3.059220314025878906e-02
-2.850947715342044830e-02
-1.531704049557447433e-02
1.834886334836483002e-02
2.211111970245838165e-02
-5.933850631117820740e-02
-2.003301680088043213e-02
3.332499042153358459e-02
-7.106132060289382935e-02
-9.450992941856384277e-02
-9.099323302507400513e-03
-2.536139450967311859e-02
-5.199109017848968506e-02
-8.692149817943572998e-02
-2.230493165552616119e-02
3.981198370456695557e-02
-1.057921573519706726e-01
4.302272200584411621e-02
-1.630947589874267578e-01
3.597472235560417175e-02
4.778764769434928894e-02
-3.161988034844398499e-02
-2.411189675331115723e-02
-1.433090772479772568e-03
1.557594630867242813e-02
2.025417983531951904e-02
2.980534173548221588e-02
-2.193954214453697205e-02
-1.110506802797317505e-02
9.557855874300003052e-02
1.488131657242774963e-02
8.099852129817008972e-03
-3.684096410870552063e-02
-1.499743759632110596e-02
-1.054034475237131119e-02
-6.243231520056724548e-02
2.779347263276576996e-02
7.319195568561553955e-02
9.501893073320388794e-02
7.445039227604866028e-03
-2.915747277438640594e-02
4.250159114599227905e-02
-2.756993472576141357e-02
2.394958026707172394e-02
-1.927754469215869904e-02
-3.086601570248603821e-02
3.393375873565673828e-02
-5.593193229287862778e-03
1.703880168497562408e-02
-1.879210583865642548e-02
3.540308400988578796e-02
-3.849397599697113037e-02
9.323507547378540039e-03
-3.405702859163284302e-02
4.183132201433181763e-02
8.327728137373924255e-03
9.160496294498443604e-02
1.037119626998901367e-01
7.241070736199617386e-03
2.089890837669372559e-02
-4.540557414293289185e-02
1.055059954524040222e-02
-7.960995286703109741e-02
1.329965982586145401e-02
-1.385685056447982788e-02
1.540160272270441055e-02
