0.02182478
-0.03757709
-0.00269515
-0.01132681
0.00132097
-0.01099670
-0.01273679
-0.01055361
-0.05172781
-0.00163152
0.02361435
0.01916651
0.02615809
-0.03777822
-0.00910067
0.00073528
0.02143845
-0.01353242
0.04602949
0.03782435
-0.00447255
0.05378821
-0.04005017
-0.00962343
-0.01028892
0.00932132
0.01830150
-0.00986933
-0.00413636
-0.00656297
-0.03472032
0.01218455
-0.00377700
-0.01147688
0.00693808
0.02040282
0.02128255
0.01067423
0.01162349
-0.01215101
-0.00370633
-0.02354180
0.00676772
-0.00457897
-0.00837704
0.03196870
-0.03757040
0.02559784
0.01181437
0.00436121
0.00001214
-0.04381216
0.01903977
-0.00617425
-0.04043416
-0.01149899
0.01766669
-0.00527418
0.49044141
0.01707742
-0.03077154
0.03454243
0.04682594
-0.03933836
-0.00887570
0.06510528
-0.00844779
-0.00769653
-0.03298365
0.05236970
0.01577133
-0.00349879
-0.01658422
-0.00408705
-0.00258741
0.00053009
-0.02704471
-0.01922918
0.03649063
-0.04899436
-0.00290019
-0.00480497
-0.00166226
0.03488656
0.05568328
0.01629744
-0.00358111
-0.00373887
0.01363874
0.00659190
0.01569846
0.04191247
-0.00009070
0.02433073
-0.00245787
0.00029877
0.00593440
-0.03029031
0.00984148
0.00019518
-0.01502364
-0.00394234
-0.01645152
0.02029568
0.02142491
-0.01204322
0.01148991
-0.00198043
0.00293950
-0.03070309
0.02400179
0.01061700
0.00905684
-0.01529716
0.00392302
-0.00363382
0.02186776
-0.02321018
0.01212007
0.00075570
0.00625802
-0.01255876
0.01363360
-0.00141438
0.02371435
0.01851752
-0.01433222
-0.00662926
-0.00098312
0.07585925
0.03118753
-0.03761102
-0.01912494
-0.00613346
-0.00645215
0.01872652
0.00454294
0.04110243
-0.06526120
-0.00255221
-0.03133789
-0.01366063
-0.01879521
-0.02288030
-0.02656141
0.01055593
-0.02847910
0.00471597
-0.01217718
-0.02935965
0.03741223
0.00322903
-0.00678331
0.01514706
0.01656337
-0.02607380
0.02494771
0.01556459
-0.00965596
0.00347907
-0.00180818
-0.02608196
-0.03876269
0.00315639
0.02172045
0.06482361
-0.00518552
0.00444712
0.01104881
0.03105773
0.03352803
-0.01374801
0.01779696
-0.01358426
0.02841975
0.03252392
0.01207519
0.00140290
-0.07093661
0.01361282
-0.02441427
-0.03768341
0.00330472
0.01482415
0.02176495
-0.08626443
0.06387489
-0.01327492
-0.00104648
0.03946091
0.03404732
0.01078944
-0.00234299
-0.01660198
-0.01385168
0.04049408
0.09637401
0.02631587
0.01930311
-0.02396569
-0.00953958
0.00476729
0.10480248
-0.00836958
0.02413803
-0.02250976
-0.00369398
0.01464607
-0.00508428
-0.05073497
-0.00314779
-0.01445641
-0.00786926
0.01900555
-0.00413485
-0.01353065
0.00396030
0.04691989
-0.01386066
0.00923937
0.01255211
-0.77132386
0.01041053
-0.01200331
0.01532173
-0.01105931
0.03944914
-0.03224144
0.03082534
0.01474108
-0.00148212
-0.04226593
0.03462961
0.01187404
-0.02790688
-0.02017479
0.00051186
-0.00908520
0.01444333
-0.00246047
-0.00962384
0.00806803
0.02857430
0.00803079
-0.01025922
0.00111327
0.01569543
0.02042669
0.00517922
-0.01046181
-0.00221158
-0.01415936
0.01901792
0.00173044
-0.01451105
-0.00687157
0.03362771
0.04425407
-0.09529597
0.07266114
-0.05521230
0.06579020
-0.05778405
0.03158943
0.00044605
-0.09984530
0.04175049
0.14452797
0.03037921
-0.10216343
-0.00714072
-0.05485449
0.03017026
-0.04567288
0.02623809
0.05166337
0.07179540
0.05505640
0.00154053
0.07444115
0.04840763
-0.00154339
-0.03047134
-0.09223602
-0.00344028
-0.02248695
0.03599643
-0.05305805
0.08455846
-0.03184911
-0.03498431
-0.05845323
0.06197196
0.09760637
-0.15537097
-0.04151725
0.01552148
0.13441940
-0.01410415
-0.02894327
-0.13298197
-0.04187512
0.86048591
-0.10581623
0.01104065
-0.01187346
0.00070687
0.07963695
0.02822673
-0.03818129
0.01764300
-0.07692550
0.01414660
-0.05225687
-0.03386204
0.00627382
0.01123947
-0.12149041
-0.07661553
0.07004525
0.04398654
0.02114871
-0.01351480
-0.03823586
0.02728707
-0.00192246
0.01031050
-0.03582424
0.05059174
0.06463637
-0.05476753
0.05801550
0.00741827
-0.04055718
0.04192886
0.03493883
0.03372654
-0.04299479
-0.00605033
-0.00936264
-0.05050502
0.02392581
-0.07223012
-0.03762276
0.03178722
-0.10114852
0.02951068
0.05169228
-0.00669854
0.03118543
0.01495082
-0.10457329
-0.03449843
-0.03777729
0.05837778
0.02250403
-0.01095565
-0.02779917
0.03332882
0.01743682
0.04570059
0.01431660
0.01299806
-0.01534082
0.01287860
-0.03028015
-0.03419946
-0.07985561
0.01781123
-0.07902299
0.00902887
0.10846584
-0.03977752
0.00195624
0.06038693
0.01582822
-0.05344613
-0.00857936
0.02389178
0.00517580
-0.01583121
-0.00898048
-0.06706930
0.02854313
0.00957335
0.00246604
-0.00174710
-0.00991006
-0.05554213
-0.01428559
0.03242822
0.01429439
0.04831660
-0.04259866
-0.04301259
0.01992419
0.06591008
0.07940912
-0.06119911
-0.07984944
0.01775989
0.02381022
-0.13338196
0.02131812
-0.00471812
-0.00834407
0.03822708
0.02254456
-0.01553396
0.02778049
0.00981902
-0.00909753
-0.02438715
0.00530909
-0.02796889
0.02594982
0.00785647
-0.03405222
0.00572544
-0.00168875
0.03302926
-0.00322354
0.10979512
-0.00553571
-0.02255363
-0.02774406
0.00901460
0.01365328
0.09176072
-0.03870588
0.06703974
-0.04741653
-0.03028576
-0.02257966
-0.00659942
-0.01253981
-0.01536538
-0.02026506
-0.00811427
0.03646412
0.02241265
-0.00655044
0.02776822
0.05449810
-0.00109152
-0.06091776
0.00207276
0.03751151
-0.04967593
-0.03144351
0.01243738
-0.03329306
0.03948550
-0.01705420
0.05678352
-0.03127694
-0.01298935
0.01454684
0.00628634
0.03210432
0.12586710
-0.03084021
0.02655355
0.02110052
0.03191661
-0.01041254
0.02441202
0.02294315
-0.02926786
-0.04263272
-0.01620770
-0.00011061
0.01132458
0.04786948
-0.01008897
-0.02688555
0.03496144
-0.11734769
0.03006903
-0.02099721
0.01064863
0.02617620
-0.04465397
0.02774781
0.02185499
-0.01524193
0.01113279
0.07855650
-0.03145033
-0.00827449
0.06638326
-0.00085043
0.02512066
0.01032504
0.04405976
-0.02487499
-0.06151768
0.00516012
-0.02328414
-0.03742349
0.01552654
-0.04806865
0.04233772
0.06190468
-0.03339639
-0.03184533
-0.03755432
-0.05422550
-0.00933880
0.07727741
0.01716347
0.06555660
-0.02391174
-0.07443108
0.00760008
-0.04654220
0.01710238
-0.05440757
0.06776799
-0.03479239
-0.11572495
0.03996394
-0.00396138
-0.00175887
-0.01455771
0.01032115
0.01341906
-0.00687350
-0.09345677
-0.02403129
-0.02895709
0.04726470
-0.03490406
-0.00770170
-0.05006482
-0.00581103
-0.03907573
-0.00258213
-0.01833479
-0.00956617
-0.03024226
-0.04706634
-0.05453975
0.11547782
0.01812642
0.06934923
0.00351327
-0.02743802
0.01677168
0.00989076
-0.00573768
0.01138631
-0.01261027
0.02448661
0.00007129
0.03988529
-0.00169397
-0.00072502
-0.03396466
-0.00223175
-0.13583402
-0.06460944
-0.00453808
0.03373488
0.03708604
-0.04274229
-0.05009677
0.01189023
0.07792902
0.01305561
-0.05185135
-0.05467938
0.05663624
-0.00720934
0.03612915
0.00879528
-0.00375501
0.03137460
-0.01549841
-0.00806674
-0.04325679
0.06997219
-0.04955162
0.04752659
0.04542908
-0.02005778
-0.04368607
-0.00193715
0.04327437
-0.06021007
0.04015484
0.02809370
0.07081754
0.07559166
0.02216228
0.01155264
0.00702567
0.02912314
-0.00990271
0.04982850
-0.07021683
0.06307162
-0.08613434
0.11593269
0.00701937
0.04339893
0.00264343
-0.02944568
-0.03719835
0.02665221
0.00630265
-0.05641469
-0.02429010
0.04976904
-0.04296996
-0.00720565
0.01406030
0.00427353
0.03968925
-0.00952234
0.04084294
-0.00035906
-0.03187412
0.00998615
0.03938824
0.11867948
0.07066925
-0.04353738
0.05634547
0.04305851
-0.03000488
-0.11117020
0.03378319
-0.04386057
0.03250343
0.02006168
0.12941445
-0.04012052
0.12075692
0.00555343
0.00122060
-0.01801468
-0.03332406
-0.08603160
-0.04632309
0.01854014
-0.00109315
-0.00396745
0.00310048
-0.01708812
-0.04023204
-0.04156247
0.04631996
-0.00392094
0.01410654
-0.06785145
-0.05049023
0.03750215
-0.05790174
-0.03931169
0.07931224
0.02725468
0.00317277
-0.06401912
-0.04609818
-0.00430601
0.06833638
-0.02431888
0.01877727
-0.01009330
0.01058190
0.02202018
0.00128914
-0.01096650
0.01292045
0.00489805
-0.01750359
-0.00416600
0.01874109
-0.00401578
0.04786595
-0.04656462
0.00956619
-0.07007613
-0.03797414
-0.03131476
-0.02700372
-0.00240811
0.00711974
0.00236143
0.00918152
-0.01845792
0.00290663
0.00871797
0.02987179
0.02164514
-0.00390052
0.09776537
-0.03771860
0.04978182
-0.08006716
0.06300467
0.08380789
-0.02239157
-0.05770757
0.00899544
0.05745742
0.08387773
-0.02626281
0.05212029
-0.12956540
-0.04698043
0.04173580
0.03307820
-0.01133170
0.00885976
-0.05996257
0.02946279
-0.00405265
-0.06193886
0.04629352
0.05479337
0.00792130
-0.01561829
-0.02746901
0.00885425
0.00058232
-0.00023858
-0.00889315
0.06911498
0.01375999
-0.04148662
-0.06060182
0.02202334
-0.01411072
0.09057203
0.01415354
0.04142445
0.13604140
-0.00812971
-0.01844382
-0.06840724
0.06244840
0.05323710
0.03971538
0.00023267
0.01418918
-0.02999787
-0.03411419
-0.00067103
0.00095310
0.08064406
0.01705839
0.04614280
0.04300894
0.01287396
0.03937394
-0.02886892
0.01032611
-0.04924240
-0.00299034
-0.08780082
-0.00129472
0.02628703
0.05605367
-0.03646939
0.00093424
0.00626425
0.01854304
0.01155210
0.00070171
-0.03370998
0.00266085
0.01665298
-0.06289541
-0.07170481
0.04664735
-0.01703047
-0.02131750
-0.08474368
0.01844401
0.09973727
-0.11749373
0.09208494
-0.14130411
-0.01898210
0.04228233
-0.01314176
-0.01614278
-0.01741274
0.06526871
0.03931835
0.00431359
0.03170174
0.00009406
0.09324487
-0.00127182
-0.03214112
-0.05811043
-0.01397653
-0.01977601
-0.09275557
0.02713107
0.05008878
0.01426174
0.00671934
-0.07742947
0.02136063
-0.00584324
-0.01949813
-0.00759479
-0.00227466
0.06104764
-0.03784112
0.00071920
0.00094467
0.04381147
-0.01941130
0.00667330
-0.03331327
0.05956965
0.03404390
0.09294143
-0.01781821
0.02406054
-0.03022685
-0.03928664
0.02526400
-0.02833140
0.01640545
0.04301248
0.05362911
