0.02281884
-0.02261638
0.00948858
0.02593321
-0.01659560
0.00302616
-0.00425013
0.02100652
-0.05111556
0.02243579
0.01605777
-0.02744741
0.04268223
-0.01856351
-0.00769191
0.00997328
0.01715516
0.02140377
0.03446219
0.02028842
-0.00459237
0.04730837
-0.03684701
0.01686223
-0.02816453
-0.00720859
0.01312383
-0.00562680
0.00131615
0.01019755
-0.03086163
0.04295672
0.02671191
-0.00498890
-0.01886483
0.01267206
0.01756439
0.02878899
0.01769978
-0.01956870
-0.02197153
0.01927177
0.02606174
0.00078898
-0.00027068
0.00331935
-0.02604699
0.02309568
-0.00463808
0.00763187
0.04148993
-0.07770963
0.04474353
-0.00240397
-0.00867299
-0.00620235
-0.03753553
0.02408646
0.47908336
0.00401280
-0.01983315
0.01237086
0.02017211
-0.04925433
-0.00710123
0.09871072
-0.02280634
-0.00274597
-0.06594501
0.02959195
0.02951518
0.01197368
-0.00323166
0.01208625
-0.02862113
0.03616790
0.00498049
0.00988994
-0.02270714
-0.03982032
-0.02533502
-0.00602002
-0.02423531
0.01815835
0.09490908
-0.02146336
0.00237364
-0.01455905
0.01718212
-0.04409196
0.01651366
0.04839464
-0.05541014
0.00535604
-0.00279333
-0.02229231
0.00276186
-0.01839232
0.00492175
-0.01566825
-0.02675731
0.03691820
0.00560701
0.02661458
0.00539878
0.02131311
0.03085059
-0.00182917
0.01106402
0.00501874
-0.00269729
0.04407535
0.04071854
0.00851106
-0.00669589
0.00683191
0.01910834
-0.02560136
0.02619679
-0.00715327
0.01612939
0.00849373
0.01047404
0.01592495
0.01115644
0.03180180
-0.06148703
0.00314723
-0.00075529
0.08673760
0.05851136
0.02537619
-0.01964380
0.01021484
0.00657016
-0.00274688
0.03644014
0.01771313
-0.05652115
0.00607589
-0.05383467
-0.01185406
0.01669199
-0.01927375
0.00813919
0.02200875
-0.02152040
-0.01231771
-0.02188163
0.00264243
0.02575089
0.00718462
-0.00043250
0.04037857
-0.01030386
-0.04660887
0.01633351
-0.00906123
-0.03371086
0.00166622
-0.02462639
-0.02500099
-0.04365018
-0.00140598
-0.00195186
0.06510971
-0.04256070
-0.01518401
-0.00226573
0.02531971
0.01480092
-0.00601882
0.03260091
0.01835359
0.03562703
-0.00631953
0.02343308
-0.00368284
-0.09315586
0.00899314
0.02578075
-0.03812518
0.01352629
-0.00112618
0.02752541
-0.06149135
0.02702151
-0.01313641
-0.00822549
0.04530809
0.03014388
-0.00232873
-0.01546824
-0.00089052
-0.01019514
0.02804691
0.10310708
0.00987236
0.00806033
-0.03769962
-0.06696030
-0.00975930
0.10755207
-0.00080494
0.03393838
0.02219381
-0.01249955
0.04112285
-0.00141057
-0.05511464
-0.01802025
0.00896236
0.00472595
-0.00965045
0.03498617
0.00229344
0.00874797
0.04227031
-0.01415650
0.00798893
-0.03389690
-0.74143213
0.02297873
0.00388693
0.00620060
0.00973091
0.04568345
-0.00813215
0.02943951
0.03351597
-0.00701100
-0.05978244
0.03483863
0.02400542
-0.01552246
0.01041716
0.01730856
-0.01639242
0.00874298
-0.01278935
0.05375104
-0.01682779
0.03909341
0.03400455
-0.03191682
-0.00936639
0.00272113
0.01777386
0.01471765
0.00673755
-0.01462999
-0.01442796
-0.00123864
0.01935977
0.01337402
-0.02883646
-0.11204316
0.02223462
0.01163461
-0.02003457
-0.07508370
0.03577489
-0.04474562
0.11092074
0.04957147
0.04129164
-0.03579905
-0.05368728
0.02279106
0.08279514
0.11131950
0.11701970
-0.04460506
0.11663194
-0.04916714
-0.00062758
-0.07321145
0.02232804
0.04871806
0.00075362
0.02121462
0.07897433
-0.02470124
-0.01346410
0.02847060
0.09438470
-0.05019581
0.09501750
0.06575574
-0.08050916
0.09914273
-0.03619648
-0.04229132
-0.01832782
0.08266348
0.07076231
0.09025895
0.04307683
0.06701018
0.00088123
0.05424711
0.05910486
0.86301404
0.04632880
-0.03555828
0.07154404
0.01921437
-0.01536330
-0.16754384
0.03328677
0.02032246
-0.09336434
-0.07703442
0.03423820
-0.02243127
-0.01117548
0.01775696
-0.01682269
0.09858812
0.03589902
0.02892519
0.02550441
-0.04635730
-0.05123962
0.00342203
-0.00845316
0.00381037
-0.00111702
0.02372493
0.04889369
-0.04572601
0.01479843
-0.00170704
-0.04390791
0.02587812
0.02609702
0.04018784
-0.04406466
-0.01665930
-0.00460581
-0.04406589
0.03240164
-0.05649563
-0.02718789
0.03527148
-0.12454739
-0.01963757
0.02719295
-0.00011036
0.03671120
0.07739557
-0.14757402
-0.01458120
-0.01219308
0.03709927
0.01968208
-0.03793992
-0.02554917
0.01741053
0.05110502
0.03394478
0.01157826
-0.00795132
-0.02434188
-0.01150139
-0.04425202
-0.04506202
-0.02569976
0.03271977
-0.05299676
-0.00460798
0.09906838
-0.01720468
-0.02493053
0.02265015
-0.01268641
-0.01216980
-0.01919697
0.03943225
-0.02135960
-0.00586581
-0.03097076
-0.07217686
0.02181969
-0.00025295
0.00661967
-0.03207290
-0.00492894
-0.04711507
-0.09295160
0.04152627
0.00344256
0.05500480
-0.02403663
-0.04271315
0.01079309
0.07197541
0.10338362
-0.04548836
-0.05249541
0.05122292
0.07185672
-0.12505372
0.04560942
0.03467147
-0.00701986
0.02838219
0.07737115
0.00226242
0.01113752
0.02204169
-0.00102412
-0.05389299
0.02551096
-0.06691081
0.04769148
-0.00369372
-0.02270058
0.05867831
0.01996482
0.02401030
-0.01463060
0.10658203
-0.01819618
0.00281233
-0.06550878
-0.00322405
0.03922064
0.06753086
-0.00392069
0.05370817
-0.04050519
-0.02322266
-0.03178049
-0.00901148
0.01745457
-0.06044569
0.03179082
-0.01420755
0.03716087
0.01135679
-0.02066562
0.01872214
0.08864555
-0.00302159
-0.06741448
0.02199057
-0.02861595
-0.02623182
-0.01004885
0.01905248
-0.05539447
0.01229433
-0.04554919
0.02974767
0.00727493
-0.01603860
0.01648178
-0.05694317
0.05518101
0.09708407
-0.04093919
0.02298401
0.02293868
0.03045197
-0.01135066
0.06616975
0.00983083
-0.03444323
-0.06623603
0.02338211
-0.01581815
-0.00155784
0.00552134
-0.01141378
0.01953316
0.03629276
-0.09013750
0.01225795
-0.01884870
0.03327092
0.03918993
-0.06624777
-0.03421387
0.06100307
-0.02537681
-0.01010044
0.04264193
-0.05342846
0.00585189
0.08185790
0.03714610
-0.00906606
-0.02246876
0.06503657
0.00532000
0.00310494
0.04751147
0.02207729
0.00595796
-0.00080332
-0.05789999
0.08803416
0.04146485
0.00059425
-0.02342069
-0.02225622
-0.02551383
-0.02248842
0.00852308
0.04120981
0.04336967
-0.04238340
-0.06518417
0.03239537
0.00020822
0.07747985
-0.05474703
0.08191193
-0.01340629
-0.06980486
0.03744353
-0.07981525
0.01608771
-0.00725105
0.02153183
0.00467117
0.02074516
-0.11125161
-0.01163618
-0.05745442
0.04303702
0.00279243
0.00166592
-0.01008402
-0.01037994
-0.05066251
0.01607327
-0.02186992
0.00687575
0.01009119
-0.02621877
-0.03026414
0.07580929
0.00720139
0.04947703
0.01091053
-0.00690104
0.02984358
-0.05279188
-0.05064850
0.02624905
0.02031219
0.04806007
-0.02781606
0.05184340
0.00283518
-0.01027553
0.00621111
-0.00411983
-0.15102808
-0.05521969
0.00925470
0.00376369
0.00258341
0.01172252
-0.02764886
0.04075961
0.08017650
0.03019080
-0.01287632
-0.02219362
0.08498056
-0.04105405
0.06232919
0.00889464
0.01586181
0.03458092
-0.02628611
-0.02959228
-0.01177120
0.04154270
-0.00111397
0.06904672
0.06006564
0.00973799
-0.03092511
-0.00148579
0.03302334
-0.04728379
0.05541862
0.01081361
0.03839428
0.05048560
-0.03878187
0.00820547
0.00140692
0.08533938
-0.03078414
0.02748080
-0.03838258
0.13223648
-0.05360360
0.10083324
0.03160281
-0.00086206
0.00038504
-0.02159217
-0.00275028
0.07134123
0.01082890
-0.03826562
-0.00203156
0.01713048
-0.11950486
-0.04529378
-0.01583156
0.05204316
-0.00409128
0.00727977
0.02883490
0.01633934
-0.01214754
0.02176195
-0.00199763
0.14281151
0.05884599
-0.06315896
0.01765722
0.00680154
-0.02251475
-0.13335679
0.02946418
-0.03916272
0.01423781
-0.01573297
0.08611572
-0.04715994
0.12708326
-0.00826326
0.04332814
-0.01917394
-0.02212453
-0.06508408
-0.01899623
0.02965830
0.02140118
-0.06415962
-0.02485060
-0.01708592
-0.04342610
-0.03860533
0.03163744
0.03033360
0.00261227
-0.03916733
-0.00704829
0.00090834
-0.06061114
-0.05552792
0.04697231
0.00113449
0.02955734
0.00260245
-0.05111725
0.00777566
0.04531156
-0.03438549
0.01276501
0.00107417
0.00673048
-0.02698281
-0.06030811
0.00695897
0.00939012
-0.05500728
-0.03537095
-0.02510079
0.03822514
-0.00844637
0.03523166
-0.01000856
0.01757766
-0.08578861
-0.02238650
-0.05924017
-0.07339361
-0.03784025
0.00090515
0.00682417
-0.00151983
-0.05442213
-0.02344323
0.00364993
-0.03443342
0.01335568
-0.02570146
0.08478945
-0.04697098
0.09350058
-0.07467755
0.02516612
0.04922962
-0.03087799
-0.07084332
-0.00654748
0.03856672
0.00578247
-0.00799897
0.00620984
-0.11405075
0.00075913
-0.01218740
0.05459467
-0.00815090
-0.03722499
0.01216666
0.06445187
0.02998212
-0.03894741
0.02423105
0.10205901
0.00404540
-0.02514926
0.00120760
-0.01447008
0.02072999
-0.02592940
-0.02306630
0.09255118
0.04435727
-0.01519727
-0.03664255
0.00820582
0.01513823
0.06642225
0.05595812
0.02767430
0.10764267
-0.04213460
-0.00482654
-0.07517833
0.05397199
0.03461392
0.03992789
-0.00134283
-0.02520167
-0.03373359
-0.01963825
0.01073357
0.03109691
0.07615141
-0.00803627
0.05205861
0.03615318
0.03219073
0.03628928
-0.04123167
-0.02444529
-0.06274545
0.00009225
-0.07523783
0.01255625
0.03490334
0.06403441
0.01454601
-0.02534430
-0.02857011
0.01089215
-0.00528564
0.01730561
-0.05074396
0.03664221
0.00819659
-0.03765938
-0.06375311
0.01561789
-0.04270839
-0.01249610
-0.04894338
0.01919932
0.02500042
-0.10122564
0.06135828
-0.12577413
0.00019809
0.07815979
-0.02561217
0.01542763
0.00816634
0.04654591
0.04886504
0.02884649
-0.00385930
-0.02488902
0.07156657
-0.00085684
0.01053621
-0.03072415
-0.02539238
-0.01647191
-0.05247844
0.03759461
0.09221185
0.04680694
0.01494784
-0.02697701
0.03419326
-0.01724705
0.00528426
0.02067555
-0.03363375
0.06453791
-0.00834738
-0.00393046
-0.00794401
0.06337050
-0.02888224
-0.00947730
-0.06069757
0.05198217
0.01821230
0.09896536
0.02467657
0.03336641
0.00042966
-0.04631057
0.01107339
-0.04855574
0.06169049
0.01852399
0.02467612
