-0.0645718723535538
-0.0598072446882725
0.1093738079071045
0.1062515601515770
0.0712760984897614
0.0530885979533195
0.0483171939849854
-0.1158247813582420
0.0921136960387230
0.0246032252907753
-0.0296291131526232
-0.0506608970463276
0.0299904476851225
-0.0328940153121948
-0.0818252786993980
-0.0442828387022018
0.1015777364373207
0.0305874533951283
-0.0708026960492134
0.0177347809076309
0.0322540178894997
-0.0970432162284851
-0.0274695456027985
-0.0370319336652756
-0.1014004051685333
0.0650381222367287
-0.1116331741213799
0.0500116758048534
0.0560444518923759
-0.0085397781804204
0.0822903141379356
-0.0666141435503960
0.0180997811257839
0.0327027179300785
0.0246228631585836
0.0858131498098373
0.0496244840323925
-0.0156944282352924
-0.0169319249689579
0.0214936602860689
-0.0417720228433609
-0.0645744353532791
-0.0100942645221949
0.0211501326411963
0.0028438370209187
-0.0309659130871296
0.0778957903385162
-0.0228978414088488
-0.0918783992528915
0.0462395548820496
0.0440157502889633
-0.0733992084860802
-0.0846605002880096
0.0456137061119080
-0.1033748388290405
-0.0346330851316452
0.0013643361162394
-0.0291427019983530
-0.0617463849484921
0.1051424369215965
-0.0247443504631519
0.0457931086421013
0.0230164900422096
0.0329737775027752
-0.0048315604217350
0.1112149953842163
0.0898474901914597
-0.0780837535858154
0.0381774753332138
-0.1047187000513077
-0.1097103208303452
0.1250839829444885
0.0283201653510332
0.0044674091041088
0.0295857936143875
0.0636292472481728
0.0148354917764664
-0.0180207807570696
0.0582317896187305
0.0933205783367157
0.0149388108402491
-0.0691270306706429
-0.0341752693057060
0.0316479206085205
-0.0134635567665100
-0.0415727943181992
0.0218071620911360
0.1010727062821388
-0.0411820150911808
0.0305593572556973
-0.0352206826210022
0.0619333982467651
-0.0365380607545376
0.0766374766826630
-0.1007409915328026
-0.0722316727042198
0.0385942682623863
0.0747050568461418
0.0480973944067955
-0.0614576712250710
-0.0737214833498001
0.1212522312998772
0.0590074956417084
0.0361354313790798
-0.0477530434727669
-0.0401290394365788
0.0780683904886246
-0.0675096884369850
-0.0532318912446499
-0.0382424667477608
0.0117772072553635
0.0281444508582354
-0.0385685451328754
-0.0840615555644035
0.1089840084314346
0.0591531805694103
-0.0339367613196373
-0.0383811593055725
0.0274336971342564
0.1068111509084702
0.0105468053370714
0.0555000677704811
-0.0244329664856195
0.0835056826472282
0.0318316370248795
0.0136792790144682
-0.0506133027374744
-0.0151838883757591
-0.0629512146115303
0.0574260391294956
0.0084061929956079
-0.0245774630457163
-0.0132707804441452
-0.0357171744108200
-0.0470303520560265
-0.0254424549639225
-0.0399500951170921
0.1537115573883057
0.0234461128711700
-0.0054825013503432
0.0635141581296921
-0.0642839223146439
-0.0066139316186309
-0.0311379116028547
-0.0115607390180230
-0.0499138459563255
-0.0627759993076324
0.0592389814555645
0.1103374361991882
0.0074246367439628
-0.0566689707338810
-0.0675192773342133
-0.0609093196690083
0.0207715425640345
0.0159933790564537
0.0896764919161797
0.1031022518873215
-0.0244223456829786
0.0106773748993874
-0.1442990452051163
-0.0266830734908581
-0.0359550341963768
-0.0341850183904171
-0.0468169972300529
-0.0539693310856819
-0.0675900205969810
-0.0062268855981529
0.0258201826363802
-0.0392892658710480
-0.0185906738042831
0.0312782339751720
-0.0010935771279037
-0.0041923415847123
-0.0813721343874931
0.0676118656992912
0.1169826537370682
0.0341246873140335
-0.0796105265617371
-0.0967812910676003
0.0273944921791553
0.1154300123453140
-0.0965317189693451
-0.0198373422026634
0.0691539198160172
-0.0819443762302399
0.0395321510732174
-0.0277690049260855
0.1109755858778954
-0.0481161251664162
0.1148986965417862
-0.0188125725835562
-0.0987682789564133
-0.0343464165925980
0.0373253934085369
0.0819416940212250
0.0097360732033849
0.0779357254505157
0.1052200645208359
-0.0675395205616951
0.0670869648456573
0.0427889190614223
0.0245535019785166
-0.0465243272483349
0.0415075160562992
0.0215888824313879
0.0443450473248959
0.0417567342519760
0.0566153638064861
0.0807518139481544
-0.0161692071706057
-0.0385251194238663
-0.0243869144469500
0.0526414886116982
-0.1231717839837074
0.0966837927699089
-0.0077165183611214
0.0252489782869816
0.0634555146098137
-0.1044959798455238
-0.0777366906404495
-0.0761086642742157
-0.0353220142424107
0.0202197749167681
-0.1104341521859169
-0.0271840635687113
0.0651585459709167
-0.1016970872879028
0.0872354283928871
0.0062096365727484
-0.0973266363143921
0.0310638174414635
0.0078309727832675
-0.0891970768570900
0.0107857743278146
0.0397834666073322
0.0629086717963219
-0.0320825502276421
0.0056268009357154
-0.0471133068203926
0.0324970073997974
-0.0359915941953659
-0.1001728102564812
0.0987886190414429
0.0313796065747738
-0.0365770533680916
-0.1022956967353821
0.0984292328357697
0.0628888756036758
-0.0697669163346291
-0.0627587512135506
0.0221607554703951
-0.0837087482213974
0.0507785975933075
0.0451245009899139
0.0364013873040676
0.1146220639348030
-0.1123790815472603
-0.0556610636413097
-0.0909227877855301
-0.1298034489154816
-0.0200015772134066
-0.1492464095354080
0.0757353752851486
0.0385352894663811
0.0043669454753399
0.0920926555991173
-0.1152960509061813
0.1386228650808334
0.0059927897527814
0.1214724779129028
0.0474826321005821
0.0493149608373642
-0.2815378606319427
-0.0607739277184010
0.0290970765054226
-0.2447204291820526
-0.0346399210393429
-0.0457111112773418
0.0501501485705376
-0.0715054646134377
0.0611247643828392
-0.0789735466241837
-0.1847464293241501
-0.1472473293542862
0.1228381022810936
-0.1270598173141479
-0.0844388455152512
-0.1335616707801819
0.0127245374023914
-0.1395535916090012
-0.1702457964420319
-0.0942265316843987
0.1561473608016968
-0.0234306547790766
-0.0823092684149742
-0.1655321568250656
-0.1240719631314278
-0.1078330650925636
0.0447575598955154
-0.1113202795386314
-0.1340744346380234
0.1155660450458527
0.2757251262664795
-0.1961765140295029
-0.0359225422143936
0.0774464532732964
-0.0345866568386555
0.0873410031199455
0.1145766302943230
-0.1943143159151077
0.0893728062510490
-0.2788914442062378
0.1018852144479752
0.0532173253595829
-0.1743189245462418
0.0950064584612846
0.0424662642180920
0.2719990611076355
-0.0433819815516472
-0.0724584236741066
-0.0411595962941647
0.0703115761280060
-0.0755120292305946
-0.0489763580262661
-0.0529924780130386
0.0898067727684975
-0.0466726757586002
-0.0207185950130224
0.0428148359060287
-0.0141230812296271
-0.0969321876764297
-0.0193642266094685
0.0485397018492222
-0.0721327289938927
-0.0680209770798683
0.0325191095471382
0.0882887169718742
0.0550481155514717
0.0540751256048679
-0.0315526388585567
-0.0089362440630794
-0.0157995391637087
-0.0421775951981544
0.0493296124041080
0.0604254640638828
0.0255924370139837
0.0369810014963150
0.0189851187169552
0.0565476790070534
-0.0640890002250671
0.0888818353414536
0.0467531308531761
0.0177154131233692
0.0215602759271860
-0.0331502519547939
-0.0810899734497070
0.0794408842921257
-0.0137435467913747
-0.0212568864226341
0.0079549308866262
-0.0534039922058582
-0.0446155183017254
-0.0396470837295055
-0.0646984726190567
0.0346505716443062
-0.0024099538568407
-0.0419576689600945
0.0132515924051404
0.0141435069963336
-0.0201212149113417
-0.0546997338533401
-0.0114560341462493
-0.0321822687983513
-0.0382067300379276
-0.0580550953745842
0.0240969117730856
-0.0391996167600155
-0.0662544220685959
-0.0804970785975456
0.0563756376504898
0.0609113536775112
-0.0729797035455704
0.0586458295583725
0.0349522009491920
0.0094315093010664
-0.0483638867735863
0.0303139649331570
0.0261092931032181
-0.0556583181023598
-0.0470912456512451
0.0929788351058960
-0.0230902992188931
-0.0407856181263924
-0.0156068149954081
0.0187686476856470
0.0179328136146069
-0.0798925831913948
-0.0352322794497013
0.0027075421530753
-0.0803569927811623
-0.0312639474868774
-0.0012188230175525
-0.0243236254900694
0.0529180653393269
0.0237950198352337
-0.0510437488555908
0.0398825407028198
0.0570459552109241
-0.0027722879312932
-0.0238864514976740
-0.0213511828333139
0.0208387263119221
0.0297537110745907
0.0687282979488373
0.0267933513969183
-0.0290342140942812
-0.0246187448501587
0.0575267784297466
0.0319696180522442
0.0717336535453796
-0.0348023027181625
0.0837051123380661
0.0017691549146548
-0.0236492287367582
-0.0651278123259544
-0.0523940213024616
0.0287331230938435
0.0338221453130245
-0.0696974620223045
0.0300557855516672
0.0476293042302132
-0.0002126094332198
-0.0244016591459513
0.0850263759493828
-0.0080323908478022
0.0046831215731800
0.0475920662283897
-0.0286535210907459
-0.0129453539848328
-0.0058273589238524
-0.0267572049051523
-0.0458270125091076
0.0120080132037401
0.0713195279240608
-0.0200111307203770
0.0070854066871107
0.0621557869017124
-0.0012652934528887
-0.1030304953455925
-0.0680798143148422
0.0192120149731636
0.0297241918742657
0.0130245303735137
-0.0144033543765545
-0.0250595789402723
-0.0702764242887497
0.0613218247890472
0.0363097786903381
0.0123841995373368
0.0004839882894885
-0.0116785736754537
-0.0215001367032528
0.0215283483266830
-0.0203110147267580
-0.0043694479390979
0.0088884206488729
-0.0508656613528728
0.0236107688397169
-0.0771095603704453
0.0358376391232014
0.0863962322473526
-0.0043985275551677
-0.0388276949524879
0.0181516539305449
-0.0804679617285728
0.0542284920811653
-0.0564941354095936
-0.0591355264186859
0.0258264727890491
0.0333188772201538
0.0206743702292442
-0.0490639470517635
-0.0417225770652294
0.0447811521589756
-0.0355274379253387
0.0212294328957796
-0.0121279507875443
-0.0703761950135231
-0.0742587074637413
-0.0463966280221939
0.0661679282784462
-0.0230420511215925
-0.0709459260106087
-0.0390890724956989
0.0522047616541386
-0.0382167026400566
-0.0215824972838163
-0.0066921738907695
-0.0449751690030098
-0.0567841790616512
-0.0240695662796497
0.0718592032790184
0.0246577821671963
-0.0166469495743513
-0.0614739470183849
0.0029943638946861
-0.0841682553291321
-0.0592970848083496
0.0117294089868665
0.0131701519712806
-0.0832107663154602
-0.0389992408454418
-0.0812398642301559
0.0041920873336494
0.0165978297591209
0.0101024927571416
-0.0473711676895618
0.0283451844006777
0.0428674891591072
0.0859214961528778
-0.0192641168832779
-0.0215007346123457
0.0108454562723637
-0.0202008001506329
0.0445923842489719
0.0345216467976570
0.0248713325709105
0.0325594022870064
0.0694458112120628
0.0153975104913116
-0.0384178608655930
0.0090378737077117
0.0235670544207096
0.0496386438608170
0.0785280168056488
0.0886678174138069
0.0548448562622070
-0.0546990670263767
0.0358109362423420
-0.0615625493228436
-0.0009556462755427
0.0154362730681896
-0.0585569962859154
-0.0344550758600235
0.0300708748400211
0.0344648137688637
0.0302085801959038
0.0211865585297346
-0.0047774878330529
0.0221770890057087
-0.0452709831297398
-0.0409485213458538
-0.0140749830752611
-0.0233279988169670
-0.0345353260636330
0.0542939677834511
0.0542717128992081
0.0234095919877291
0.0222426261752844
-0.0016661175759509
0.0354089513421059
-0.0539743006229401
-0.0683749690651894
0.0361976064741611
-0.0408409014344215
0.0545391514897346
-0.0307762213051319
-0.0056204153224826
0.0890831425786018
0.0371342413127422
0.0117980269715190
0.0382146574556828
0.0792792290449142
-0.0628070309758186
-0.0052679879590869
0.0366228148341179
0.0190392155200243
-0.0026792646385729
0.0310364775359631
-0.0106441546231508
-0.0054188822396100
0.0112944990396500
0.0362723059952259
0.0445713847875595
0.0350457467138767
0.0599195621907711
0.0613876059651375
-0.0425744690001011
0.0268272217363119
0.0387218110263348
-0.0033785433042794
-0.0172335635870695
0.0220079701393843
-0.0844235718250275
-0.0645725950598717
0.0126015590503812
-0.0213559493422508
0.0392831787467003
-0.0319559536874294
-0.0708869248628616
0.0058387932367623
0.0574119053781033
0.0996561199426651
-0.0702983140945435
0.0400323346257210
-0.0061301337555051
0.0247803982347250
-0.0490254610776901
0.0623367168009281
-0.0521706603467464
-0.0507621020078659
0.0782945305109024
-0.0486712642014027
-0.0303795393556356
-0.0033179784659296
0.0324090793728828
-0.0691689327359200
-0.0195815395563841
-0.0131953172385693
0.0079565830528736
0.0159737579524517
-0.0245834514498711
-0.0141594614833593
0.0719341263175011
-0.0489858798682690
-0.0448824912309647
0.0262179542332888
0.0010947682894766
0.0392542369663715
0.0544680505990982
0.0109788421541452
0.0305874310433865
-0.0391045026481152
0.0414528176188469
0.0410287603735924
-0.0567052401602268
-0.0091808233410120
-0.0442078672349453
0.0524705462157726
0.0157693307846785
-0.0177268870174885
0.0303109567612410
0.0125360190868378
0.0155430398881435
-0.0443255938589573
0.0073602641932666
0.0628686249256134
0.0261533819139004
-0.0368441641330719
-0.0221131984144449
-0.0121624618768692
-0.0211796648800373
0.0269059538841248
0.0502120405435562
0.0539055019617081
-0.0211369991302490
0.0016751844668761
0.0783633068203926
-0.0000384810155083
0.0645104572176933
-0.0553726516664028
-0.0406984649598598
-0.0007701103459112
-0.0292135011404753
-0.0388966314494610
0.0101045826449990
-0.0309264063835144
-0.0118703786283731
0.0669938027858734
0.0144739523530006
0.0650677978992462
0.0381773300468922
0.0533808916807175
0.0641595348715782
-0.0201413035392761
-0.0404140837490559
0.0322374887764454
-0.0172735955566168
-0.0171271692961454
-0.0313560180366039
0.0149801159277558
-0.0512781143188477
0.0046065361239016
0.0361256934702396
0.0228749569505453
-0.0667560249567032
-0.0750313401222229
-0.0353099107742310
-0.0429461784660816
-0.0004742615856230
0.0635584071278572
-0.0710512474179268
0.1163382381200790
-0.0199992768466473
-0.0094026783481240
-0.0387526303529739
-0.0469509921967983
-0.0476984903216362
0.0074647110886872
0.0045956741087139
0.0162367168813944
0.0194348283112049
-0.0604030005633831
0.0085639553144574
0.0006902957102284
-0.0382345616817474
0.0272938329726458
-0.0186130944639444
-0.0150244645774364
-0.0044557098299265
0.0500987321138382
-0.0446281880140305
-0.0436012931168079
-0.0066846692934632
0.0074378317221999
-0.0053089736029506
-0.0581256523728371
-0.0834610909223557
0.0836817622184753
0.0252489838749170
-0.0177725125104189
-0.0184825528413057
0.0749874189496040
0.0444877184927464
-0.0164380148053169
-0.0227747391909361
0.0580769702792168
-0.0359998010098934
-0.0352556668221951
0.0128119718283415
0.0183563921600580
0.0646918639540672
0.0799410194158554
0.0528527759015560
0.0207931846380234
-0.0340394116938114
-0.0262100063264370
-0.0449904538691044
-0.0060229599475861
0.0346329137682915
-0.0060347197577357
-0.0650383755564690
0.0482079982757568
0.0291495658457279
0.0228725969791412
-0.0058877468109131
-0.0110150892287493
0.0177988540381193
0.0183239653706551
-0.0736850947141647
0.0260577984154224
-0.0192115437239408
0.0261819008737803
0.0070036551915109
-0.0739656388759613
-0.0552805662155151
-0.0687240883708000
-0.0096371918916702
0.0101005397737026
-0.0082664992660284
0.0139745883643627
0.0242250300943851
0.0575586892664433
0.0711867064237595
0.0337118990719318
0.0840326249599457
-0.0205877367407084
-0.0593574009835720
-0.0589681640267372
-0.0468424074351788
-0.0542890168726444
-0.0693643167614937
-0.0627288222312927
-0.0354610756039619
-0.0459662526845932
0.0526342689990997
-0.0007266158354469
-0.0538976304233074
-0.0068072029389441
0.0673976466059685
-0.0721443891525269
-0.0610434561967850
0.0268733985722065
-0.0501655191183090
-0.0309224389493465
-0.0205125510692596
-0.0596659518778324
0.0475727468729019
0.0069920215755701
-0.0053070262074471
-0.0353730767965317
-0.0114257959648967
-0.0232887491583824
-0.0267646778374910
-0.0431817620992661
0.0643279328942299
-0.0474777370691299
-0.0306265074759722
-0.0553337261080742
-0.0318091958761215
0.0696514025330544
-0.0344616398215294
0.0235576890408993
-0.0937006771564484
-0.0147239426150918
-0.0440942756831646
-0.0261409953236580
-0.0589002147316933
-0.0113880066201091
-0.0259377527981997
0.0687876418232918
0.0448362939059734
0.0412621423602104
0.0208147000521421
-0.0696186721324921
0.0667421668767929
0.0093366485089064
0.0231836959719658
-0.0664495602250099
-0.0291711837053299
0.0126468278467655
-0.0037716259248555
-0.0106839453801513
-0.0201084762811661
-0.0418939553201199
-0.0377714447677135
0.0198260266333818
0.0578859262168407
0.0312023889273405
-0.0156137095764279
-0.0106487572193146
-0.0344228930771351
