-0.0773818790912628
-0.0989746451377869
0.1071277782320976
0.0590395778417587
0.0636278092861176
0.0517339967191219
0.0522130280733109
-0.0750955194234848
0.0837393850088120
0.0069991908967495
-0.0184396654367447
-0.0415862724184990
-0.0038196076638997
-0.0373124964535236
-0.0560431256890297
-0.0416075289249420
0.0591955333948135
0.0266278777271509
-0.0590270720422268
-0.0111172581091523
0.0567116737365723
-0.0872524604201317
-0.0246493648737669
0.0048675253055990
-0.0708219110965729
0.0999151766300201
-0.0624528452754021
0.0413456819951534
0.0866672545671463
-0.0277084186673164
0.0502563640475273
-0.0383153408765793
0.0355937108397484
0.0136906672269106
-0.0289652999490499
0.0785369575023651
0.0530906505882740
-0.0454407334327698
-0.0630603805184364
0.0753360837697983
-0.0046553825959563
-0.0262395590543747
0.0075834426097572
0.0230113808065653
-0.0149419764056802
0.0281568076461554
0.0867005363106728
-0.0317703038454056
-0.1000952050089836
0.0386068560183048
0.0411874242126942
-0.0447426699101925
-0.0543501488864422
0.0663538053631783
-0.1073123067617416
-0.0316958241164684
0.0557079687714577
-0.0211927238851786
-0.0154611058533192
0.1383973807096481
0.0435755401849747
0.0457804091274738
0.0161737203598022
0.0214750971645117
-0.0480204559862614
0.1218557953834534
0.0667327344417572
-0.0643866360187531
0.0586425997316837
-0.0691685676574707
-0.0974269583821297
0.0932648926973343
0.0542290322482586
-0.0623482130467892
0.0433561131358147
0.0943024232983589
0.0010280631249771
0.0046924185007811
0.0346732847392559
0.0829135552048683
-0.0146566508337855
-0.0174187775701284
-0.0515930764377117
0.0377284139394760
0.0012951639946550
-0.0755348354578018
0.0445227995514870
0.1199895814061165
-0.0928855761885643
0.0895650237798691
-0.0406795293092728
0.1068833768367767
-0.0196392145007849
0.0676364153623581
-0.1171567887067795
-0.0075770630501211
0.0669838190078735
0.0522251427173615
0.0596587806940079
-0.0432872883975506
-0.0385387092828751
0.0925892814993858
0.0999072641134262
0.0720533356070518
-0.0470007956027985
-0.0539693795144558
0.0859465673565865
-0.0222760159522295
-0.0376379489898682
-0.0910403877496719
0.0824698582291603
-0.0310863535851240
-0.0402833633124828
-0.0937520787119865
0.1078721284866333
0.0691682919859886
-0.0646118745207787
-0.0032625605817884
-0.0038913737516850
0.0956637188792229
-0.0287250243127346
0.1001854538917542
-0.0267700795084238
0.0754273459315300
0.0474158264696598
-0.0316118821501732
-0.0780480057001114
0.0005745432572439
-0.0083455583080649
0.1068680360913277
0.0481241121888161
-0.0144957210868597
0.0052865068428218
-0.0433805510401726
-0.0610000304877758
-0.0064961411990225
-0.0601747110486031
0.1003625392913818
-0.0144203361123800
-0.0249607469886541
0.0425588376820087
-0.0515097118914127
0.0530481636524200
-0.0405121520161629
0.0688191726803780
-0.0571851618587971
-0.0768087729811668
0.0088897487148643
0.0952887684106827
-0.0006607541581616
-0.0556884333491325
-0.0189958419650793
-0.0500135682523251
0.0270854663103819
0.0019964359235018
0.1000014543533325
0.1247787326574326
0.0134035395458341
0.0232156831771135
-0.0857272595167160
-0.0536219887435436
-0.0090976189821959
-0.0428949706256390
-0.0243796948343515
-0.0254551935940981
-0.0257414784282446
-0.0426052175462246
0.0308005306869745
-0.0371469184756279
-0.0058742030523717
-0.0003026811755262
-0.0124505218118429
-0.0810261294245720
-0.0638942494988441
0.0759317800402641
0.1093114614486694
0.0390376634895802
-0.0952691137790680
-0.1032020002603531
-0.0040897396393120
0.1104162707924843
-0.0609936863183975
-0.0189783480018377
0.1047865077853203
-0.0995320826768875
-0.0239609442651272
0.0206038057804108
0.0818526372313499
0.0095388982445002
0.1020588800311089
-0.0595274940133095
-0.1056465879082680
-0.0717077851295471
0.0385148413479328
0.0910930112004280
-0.0360248610377312
0.0701180398464203
0.1274354457855225
-0.0709620192646980
0.0614973045885563
0.0531187653541565
0.0013353262329474
-0.0768007263541222
0.0393120199441910
-0.0415110997855663
0.0430802442133427
0.0363645665347576
0.0216825380921364
0.0991520583629608
0.0094156013801694
-0.0469641722738743
-0.0232569631189108
0.0733445733785629
-0.1055716425180435
0.0945691540837288
-0.0156596321612597
0.0722729042172432
0.0856899023056030
-0.0953762009739876
-0.0602623745799065
-0.0217149276286364
-0.0604044795036316
0.0385595709085464
-0.0880148112773895
-0.0078001488000154
0.0842443630099297
-0.1142641380429268
0.0740599110722542
0.0633251741528511
-0.0857876762747765
-0.0107869114726782
-0.0108484448865056
-0.0731209665536880
-0.0405268594622612
0.0358329229056835
0.0849980786442757
-0.0793587341904640
0.0193867329508066
-0.0620043314993382
0.0078442217782140
-0.0035008736886084
-0.0689295157790184
0.0717266574501991
0.0548633337020874
-0.0309376921504736
-0.1025640144944191
0.0063116205856204
0.0341172330081463
-0.0875114798545837
-0.0573933795094490
-0.0445189885795116
-0.1011945828795433
0.0625518560409546
-0.0053412327542901
-0.0260108653455973
0.0944544076919556
-0.0739626884460449
-0.0494855344295502
-0.0558932311832905
-0.1458013802766800
0.0473942421376705
-0.1268191486597061
-0.0020489792805165
0.0976167172193527
0.0504539087414742
0.0858973637223244
-0.0711077153682709
0.0907226949930191
0.0540818311274052
0.1067882031202316
0.0776923969388008
-0.0147717865183949
-0.2328939586877823
-0.0483833067119122
0.0711079612374306
-0.2478533387184143
-0.1366332322359085
-0.0371192172169685
0.0135207893326879
-0.0577553063631058
0.0577126406133175
-0.1291335523128510
-0.2610885798931122
-0.1553536504507065
0.0700346305966377
-0.0308920759707689
-0.0496146082878113
-0.0524792037904263
-0.0004502380907070
-0.1614278703927994
-0.1796216517686844
-0.0866337269544601
0.1421314179897308
0.0240451060235500
0.0192191191017628
-0.2036933749914169
-0.1625177711248398
-0.0578412041068077
0.0186868607997894
-0.1672363877296448
-0.1874597817659378
0.1077659279108047
0.2905897498130798
-0.2136671692132950
0.0149792889133096
0.1509389132261276
-0.0648749545216560
0.1127402111887932
0.0040088742971420
-0.1700700074434280
0.0268478989601135
-0.2637182772159576
0.1049722880125046
0.0582756809890270
-0.1304529458284378
0.0549833290278912
0.0269555225968361
0.2785706520080566
-0.0198304448276758
-0.1015886887907982
-0.0456021949648857
0.0698984265327454
-0.0894996970891953
-0.0434077903628349
-0.0442070551216602
0.0706441327929497
-0.0485944040119648
-0.0071701779961586
0.0207360368221998
-0.0313077084720135
-0.0859981775283813
-0.0155927129089832
0.0638647153973579
-0.0662556961178780
-0.0444718450307846
0.0368107073009014
0.0815184563398361
0.0665876418352127
0.0445582345128059
-0.0110177164897323
0.0158889945596457
-0.0077797127887607
-0.0378643050789833
0.0458305776119232
0.0738033279776573
0.0303771961480379
0.0287818741053343
0.0306733753532171
0.0418446250259876
-0.0554476641118526
0.0775017961859703
0.0441287159919739
0.0146151892840862
0.0205391552299261
-0.0355108119547367
-0.0728133618831635
0.0749755203723907
-0.0127061512321234
-0.0032140731345862
0.0066748554818332
-0.0653669014573097
-0.0432538054883480
-0.0256746914237738
-0.0692588835954666
0.0496761724352837
0.0019205373246223
-0.0614558421075344
0.0146749261766672
0.0154578508809209
-0.0355291105806828
-0.0355429351329803
-0.0073963413015008
-0.0346637144684792
-0.0504937209188938
-0.0572414137423038
0.0275936648249626
-0.0508008152246475
-0.0816024541854858
-0.0960008800029755
0.0623785108327866
0.0668726414442062
-0.0571092702448368
0.0614293366670609
0.0418634004890919
0.0116357700899243
-0.0351116620004177
0.0331667773425579
0.0202846731990576
-0.0534715838730335
-0.0295540448278189
0.0994740873575211
-0.0126836113631725
-0.0437042005360126
-0.0189177636057138
0.0302365180104971
0.0074181836098433
-0.0756964460015297
-0.0178574156016111
0.0118395760655403
-0.0861032009124756
-0.0221786014735699
0.0011370019055903
-0.0078100459650159
0.0313236750662327
0.0513206049799919
-0.0587610416114330
0.0356784276664257
0.0669872313737869
0.0015673282323405
-0.0133899031206965
-0.0098401391878724
0.0011800484498963
0.0261293742805719
0.0648124590516090
0.0127974459901452
-0.0251145511865616
-0.0180381145328283
0.0622485466301441
0.0216117743402719
0.0595582388341427
-0.0500836409628391
0.0825373381376266
-0.0040116840973496
-0.0299015510827303
-0.0563132725656033
-0.0749420672655106
0.0310219004750252
0.0415987037122250
-0.0808346122503281
0.0267335809767246
0.0559398941695690
0.0043510114774108
-0.0086573818698525
0.0933247432112694
0.0126762613654137
0.0172926075756550
0.0122923757880926
-0.0245957430452108
-0.0074428347870708
-0.0300822015851736
-0.0253990516066551
-0.0580786019563675
0.0068660466931760
0.0804072394967079
-0.0180864762514830
0.0022574504837394
0.0731644928455353
0.0103743569925427
-0.1060197576880455
-0.0632716491818428
0.0321596190333366
0.0276509858667850
0.0064339651726186
0.0043089599348605
-0.0144014852121472
-0.0699602439999580
0.0566150099039078
0.0295106451958418
0.0275625307112932
0.0051931161433458
-0.0110747050493956
-0.0139880552887917
0.0208379141986370
-0.0014431575546041
-0.0219980571419001
0.0163481980562210
-0.0354636386036873
0.0185596123337746
-0.0893464535474777
0.0490250736474991
0.0771703347563744
-0.0183895193040371
-0.0367739275097847
0.0202685091644526
-0.0739379748702049
0.0406926833093166
-0.0477895513176918
-0.0828725695610046
0.0390876345336437
0.0478633381426334
0.0089439498260617
-0.0555503033101559
-0.0395478308200836
0.0344273373484612
-0.0342251621186733
0.0210009850561619
-0.0194983165711164
-0.0792931318283081
-0.0771714895963669
-0.0661364048719406
0.0671379044651985
-0.0237945001572371
-0.0607768967747688
-0.0331117212772369
0.0674829706549644
-0.0403870046138763
-0.0434591509401798
0.0083349049091339
-0.0422599799931049
-0.0562939904630184
-0.0359265916049480
0.0737155973911285
0.0332946889102459
-0.0281067900359631
-0.0385965481400490
-0.0069124633446336
-0.0925133600831032
-0.0681299343705177
0.0214705336838961
0.0313867069780827
-0.0586262457072735
-0.0416113957762718
-0.0961280018091202
0.0061955573037267
0.0124270021915436
0.0108580309897661
-0.0397643968462944
0.0365695357322693
0.0320854596793652
0.0885076969861984
-0.0034459009766579
-0.0282561257481575
0.0104392906650901
-0.0194262638688087
0.0574670024216175
0.0424369685351849
0.0326354354619980
0.0424170084297657
0.0581057518720627
0.0266188401728868
-0.0344212613999844
0.0183059517294168
-0.0077032768167555
0.0386940501630306
0.0682297945022583
0.0815826952457428
0.0604006014764309
-0.0500804074108601
0.0575503855943680
-0.0672393217682838
-0.0030718215275556
0.0120855877175927
-0.0463841445744038
-0.0466627366840839
0.0332589112222195
0.0369456931948662
0.0419599525630474
0.0058119636960328
-0.0102026471868157
0.0256111044436693
-0.0578749775886536
-0.0429455339908600
-0.0219283271580935
-0.0388104431331158
-0.0409568212926388
0.0536500290036201
0.0523877218365669
0.0267469994723797
0.0182629339396954
-0.0032801434863359
0.0393604636192322
-0.0589256845414639
-0.0780497565865517
0.0300866067409515
-0.0407911464571953
0.0614385083317757
-0.0282867588102818
-0.0062938034534454
0.0969278290867805
0.0319959595799446
0.0099722174927592
0.0521082244813442
0.0766041949391365
-0.0623797588050365
0.0171832814812660
0.0467203930020332
0.0248387586325407
-0.0033535466063768
0.0211400743573904
-0.0082838414236903
-0.0105676976963878
0.0228034257888794
0.0313354693353176
0.0519601479172707
0.0313369408249855
0.0451254025101662
0.0680907145142555
-0.0385897420346737
0.0318454392254353
0.0327099412679672
-0.0007686575409025
-0.0301749128848314
0.0211417656391859
-0.0942023172974586
-0.0357564464211464
0.0095991073176265
-0.0137630235403776
0.0361915491521358
-0.0240246281027794
-0.0675475671887398
-0.0038290251977742
0.0487405322492123
0.0890337824821472
-0.0700982585549355
0.0379827804863453
0.0025956414174289
0.0562856458127499
-0.0392043739557266
0.0524575039744377
-0.0560644008219242
-0.0629150047898293
0.0802561417222023
-0.0467678308486938
-0.0293667390942574
0.0114063937216997
0.0461557991802692
-0.0681691020727158
-0.0176286902278662
-0.0049367072060704
0.0115518579259515
0.0140506541356444
-0.0187779068946838
-0.0042809243313968
0.0534637533128262
-0.0385076813399792
-0.0340700410306454
0.0227381419390440
0.0110607314854860
0.0486660152673721
0.0530955456197262
0.0300482884049416
0.0285272747278214
-0.0507052540779114
0.0486448295414448
0.0372551046311855
-0.0670965611934662
0.0107878409326077
-0.0418136045336723
0.0254679936915636
0.0103064440190792
-0.0140497367829084
0.0212575625628233
0.0251484774053097
0.0275340583175421
-0.0508476234972477
0.0128627559170127
0.0613654069602489
0.0386897139251232
-0.0393800400197506
-0.0305901467800140
-0.0152579201385379
-0.0108846928924322
0.0259785857051611
0.0323407761752605
0.0501679405570030
-0.0137210898101330
0.0087480181828141
0.0640120282769203
0.0023221559822559
0.0527500808238983
-0.0443155206739902
-0.0414852127432823
-0.0013101552613080
-0.0285886991769075
-0.0518554598093033
0.0052021523006260
-0.0328076705336571
-0.0167850311845541
0.0572219491004944
0.0087558813393116
0.0844637155532837
0.0131325870752335
0.0562041252851486
0.0576991774141788
-0.0258567854762077
-0.0310716386884451
0.0312232282012701
-0.0081074507907033
-0.0159507300704718
-0.0469057634472847
0.0219862051308155
-0.0458769164979458
0.0177588332444429
0.0401565209031105
0.0232662484049797
-0.0553644523024559
-0.0699211359024048
-0.0319316349923611
-0.0423288084566593
-0.0113736568018794
0.0472099594771862
-0.0547218397259712
0.1091771945357323
-0.0275068096816540
0.0024679049383849
-0.0277219098061323
-0.0501629933714867
-0.0474999062716961
0.0125395487993956
-0.0030887995380908
0.0029254923574626
0.0044328030198812
-0.0444703176617622
-0.0070945890620351
0.0105984564870596
-0.0318864807486534
0.0278921648859978
-0.0190846063196659
-0.0166251603513956
-0.0087830116972327
0.0429327860474586
-0.0392576754093170
-0.0576375499367714
-0.0066356048919261
-0.0027427952736616
-0.0105162682011724
-0.0756378024816513
-0.0638812556862831
0.0709052830934525
0.0499963574111462
-0.0126342931762338
-0.0128361573442817
0.0713445097208023
0.0403091087937355
-0.0151405567303300
-0.0393652915954590
0.0480798296630383
-0.0203676857054234
-0.0306340754032135
0.0180562436580658
0.0237616095691919
0.0549013093113899
0.0832366421818733
0.0653304159641266
0.0165493544191122
-0.0412153005599976
-0.0208792984485626
-0.0391298048198223
-0.0029303305782378
0.0378663763403893
-0.0054931496270001
-0.0843511670827866
0.0453936420381069
0.0163378138095140
0.0247376300394535
-0.0006939939339645
0.0004110069421586
0.0336894504725933
0.0274292938411236
-0.0620100945234299
0.0186844877898693
-0.0242296587675810
0.0256816409528255
0.0156921911984682
-0.0714331790804863
-0.0722001865506172
-0.0638449341058731
-0.0139950467273593
-0.0148963993415236
0.0065900888293982
0.0267147570848465
0.0082436716184020
0.0383505113422871
0.0642481371760368
0.0414289757609367
0.0778252184391022
-0.0198533032089472
-0.0558950304985046
-0.0377699248492718
-0.0657360628247261
-0.0493727214634418
-0.0657393559813499
-0.0581040643155575
-0.0444369018077850
-0.0363537035882473
0.0644545629620552
-0.0253355205059052
-0.0522026233375072
0.0012139439349994
0.0507283583283424
-0.0846857577562332
-0.0517798662185669
0.0323236063122749
-0.0520243160426617
-0.0237409342080355
-0.0069187823683023
-0.0549709983170033
0.0458529479801655
0.0232550092041492
0.0044615305960178
-0.0228026863187551
-0.0092942966148257
-0.0236470531672239
-0.0250831656157970
-0.0210330877453089
0.0652045235037804
-0.0394453071057796
-0.0389997325837612
-0.0441882051527500
-0.0200538337230682
0.0701246187090874
-0.0324952416121960
0.0293005090206861
-0.0988488569855690
-0.0173801202327013
-0.0337830446660519
-0.0413546189665794
-0.0575851462781429
-0.0179786663502455
-0.0169957503676414
0.0783483535051346
0.0293559283018112
0.0704769790172577
0.0163502972573042
-0.0731896907091141
0.0569292940199375
-0.0244812387973070
0.0233124792575836
-0.0683377385139465
-0.0304270144551992
0.0061161243356764
-0.0240631047636271
0.0167074557393789
-0.0261784698814154
-0.0509250201284885
-0.0360469669103622
0.0257823523133993
0.0393631719052792
0.0290785916149616
-0.0071188323199749
-0.0156423375010490
-0.0340331383049488
