-0.0749610662460327
-0.0909230634570122
0.0961465463042259
0.0836253836750984
0.0634164065122604
0.0613617077469826
0.0536045953631401
-0.0911826714873314
0.1073326542973518
0.0298087429255247
-0.0023986718151718
-0.0401300154626369
-0.0144070368260145
-0.0492882169783115
-0.0939031913876534
-0.0802923962473869
0.0892772972583771
0.0602350719273090
-0.0556268319487572
0.0070835277438164
0.0769302994012833
-0.0977679491043091
-0.0528841279447079
-0.0177082717418671
-0.0831701830029488
0.0820573121309280
-0.0973854735493660
0.0309522878378630
0.0901454687118530
-0.0454247780144215
0.0680220127105713
-0.0389108918607235
0.0044759777374566
0.0437051989138126
-0.0142577290534973
0.0856488421559334
0.0268873237073421
-0.0232084803283215
-0.0358743444085121
0.0668638572096825
-0.0174265708774328
-0.0384713634848595
0.0008685449138284
0.0314371474087238
0.0070304297842085
0.0421903431415558
0.0854679569602013
-0.0319222994148731
-0.0992731079459190
0.0216959659010172
0.0467013120651245
-0.0370189249515533
-0.0598992258310318
0.0683561787009239
-0.0967805087566376
-0.0396732054650784
0.0359613746404648
-0.0168157201260328
-0.0581032373011112
0.1059835106134415
0.0273422654718161
0.0498267449438572
0.0294366888701916
0.0442922003567219
-0.0269333403557539
0.1246889680624008
0.0505453534424305
-0.0587943345308304
0.0184589289128780
-0.0777583792805672
-0.1014295294880867
0.1005889177322388
0.0333996564149857
-0.0473576113581657
0.0609914772212505
0.0628829598426819
0.0320866629481316
0.0007562483078800
0.0209581237286329
0.0786779373884201
0.0201877634972334
-0.0165283791720867
-0.0537802912294865
0.0425537638366222
-0.0197996739298105
-0.0634750500321388
0.0178987663239241
0.1029517054557800
-0.0825856924057007
0.0541749410331249
-0.0268019363284111
0.0939148887991905
-0.0013644287828356
0.0480914227664471
-0.1277267038822174
-0.0466312840580940
0.0547049790620804
0.0268484987318516
0.0329049900174141
-0.0648073852062225
-0.0428893938660622
0.0937226638197899
0.0656747147440910
0.0973262861371040
-0.0431470759212971
-0.0491683930158615
0.1010060608386993
-0.0348439477384090
-0.0315338037908077
-0.0742394998669624
0.0432678833603859
-0.0192284639924765
-0.0426907576620579
-0.0847283899784088
0.1227349489927292
0.0646174252033234
-0.0551200918853283
-0.0042401235550642
0.0028720817063004
0.1112947016954422
0.0298632755875587
0.0785382986068726
-0.0571479834616184
0.0736044496297836
0.0300690010190010
-0.0116260005161166
-0.0674603953957558
-0.0207636319100857
-0.0398864224553108
0.1162966117262840
0.0055343117564917
-0.0374289490282536
-0.0248704887926579
-0.0186087489128113
-0.0566587932407856
0.0079524097964168
-0.0490547679364681
0.1136038303375244
0.0086914673447609
-0.0231133494526148
0.0608599372208118
-0.0644793510437012
0.0617961734533310
-0.0062357769347727
0.0398056469857693
-0.0616856552660465
-0.0521710067987442
0.0332227870821953
0.1151882112026215
0.0427067205309868
-0.0705896541476250
-0.0780226662755013
-0.0582629106938839
0.0171624887734652
-0.0126616684719920
0.1189582496881485
0.1088481470942497
0.0151687283068895
0.0322264991700649
-0.0859252735972404
-0.0722935274243355
-0.0139214610680938
-0.0102844908833504
-0.0608153380453587
-0.0230190418660641
-0.0333800576627254
-0.0098857516422868
0.0147228380665183
-0.0037955399602652
-0.0316318832337856
-0.0029832941945642
0.0187092330306768
-0.0369312129914761
-0.0594609491527081
0.0854927450418472
0.1062330752611160
0.0679997131228447
-0.0878367051482201
-0.1032994613051414
0.0359839126467705
0.1047449037432671
-0.0708794668316841
-0.0184823442250490
0.1049075722694397
-0.0876081436872482
0.0001842912170105
0.0200250633060932
0.0975465178489685
-0.0121650639921427
0.0922789871692657
-0.0355678088963032
-0.0719037503004074
-0.0591376796364784
0.0277196876704693
0.1007113978266716
-0.0454543493688107
0.0826342105865479
0.1198151707649231
-0.0813261568546295
0.0663138478994370
0.0604962706565857
-0.0069355936720967
-0.0471115112304688
0.0132651012390852
-0.0152609329670668
0.0134682245552540
0.0185048766434193
0.0405711792409420
0.0870066806674004
0.0166853386908770
-0.0366508699953556
-0.0399950481951237
0.0826430842280388
-0.1038282886147499
0.0912652164697647
0.0057162516750395
0.0751945674419403
0.0739998817443848
-0.1113708913326263
-0.0682106241583824
-0.0196475889533758
-0.0485148988664150
0.0256315506994724
-0.1175144389271736
0.0096189593896270
0.0973780751228333
-0.1150425970554352
0.0649165958166122
0.0348581187427044
-0.1008601114153862
0.0246355570852757
0.0082950461655855
-0.0812830924987793
0.0137682175263762
0.0379320047795773
0.0890801399946213
-0.0517881773412228
-0.0013549756258726
-0.0799199566245079
-0.0007757137063891
0.0004780741292052
-0.0850106924772263
0.0905449390411377
0.0416048169136047
-0.0336257107555866
-0.0907617732882500
0.0543698780238628
0.0371475592255592
-0.0878892913460732
-0.0549369342625141
-0.0292518585920334
-0.0922083482146263
0.0546164959669113
-0.0056436392478645
0.0178487133234739
0.0891016796231270
-0.0871948301792145
-0.0355653092265129
-0.0695953369140625
-0.1233031973242760
0.0555463768541813
-0.1260747760534286
0.0073924190364778
0.0597418099641800
0.0672386884689331
0.0935898572206497
-0.1079776585102081
0.0993542596697807
0.0364234633743763
0.1131028681993484
0.0563802495598793
0.0229534320533276
-0.2333735078573227
-0.0271424837410450
0.0086629809811711
-0.2518130242824554
-0.1064871624112129
-0.0377120636403561
0.0749205499887466
-0.0511789619922638
0.0781662315130234
-0.1331098526716232
-0.2286965399980545
-0.1569593250751495
0.0977316126227379
-0.0628477111458778
-0.0828559696674347
-0.0751381516456604
0.0035125657450408
-0.1284887641668320
-0.1708767563104630
-0.0882064700126648
0.1558135300874710
0.0003972002887167
-0.0133380638435483
-0.2041548490524292
-0.1568097174167633
-0.0763283967971802
0.0121223963797092
-0.1519492417573929
-0.1465675830841064
0.1203194111585617
0.2984265089035034
-0.2346662431955338
0.0025977611076087
0.1474037617444992
-0.0613444000482559
0.1019739136099815
0.0687545984983444
-0.1697567254304886
0.0457150675356388
-0.2565731108188629
0.1059049293398857
0.0448668487370014
-0.1537866443395615
0.0498253963887691
0.0122563159093261
0.3001190721988678
-0.0375052876770496
-0.0875516384840012
-0.0434006713330746
0.0532034114003181
-0.0834491550922394
-0.0377811118960381
-0.0348153375089169
0.0648538470268250
-0.0595878958702087
-0.0008542813593522
0.0365486033260822
-0.0165421646088362
-0.0895331352949142
-0.0107519533485174
0.0504481792449951
-0.0689501613378525
-0.0662217438220978
0.0471163243055344
0.0849857106804848
0.0735449194908142
0.0422724038362503
-0.0356690436601639
0.0249904301017523
-0.0069631696678698
-0.0355185270309448
0.0369766280055046
0.0811024680733681
0.0369729623198509
0.0459451340138912
0.0130995018407702
0.0358659476041794
-0.0478937551379204
0.0749324560165405
0.0488608330488205
0.0058366958983243
0.0153111973777413
-0.0312688387930393
-0.0713277608156204
0.0718812867999077
-0.0262277182191610
-0.0142296683043242
-0.0058349771425128
-0.0536904595792294
-0.0262232460081577
-0.0427879169583321
-0.0827000215649605
0.0367879346013069
-0.0107325064018369
-0.0621544905006886
0.0093390075489879
-0.0026784846559167
-0.0316302143037319
-0.0467702709138393
-0.0188220571726561
-0.0189166776835918
-0.0623582974076271
-0.0572644285857677
0.0302715897560120
-0.0507993660867214
-0.0722802728414536
-0.0995905175805092
0.0714302286505699
0.0527020171284676
-0.0589250847697258
0.0640049874782562
0.0305141452699900
-0.0027901038993150
-0.0291780661791563
0.0361531041562557
0.0166460722684860
-0.0423395261168480
-0.0220769699662924
0.1002015396952629
-0.0378156825900078
-0.0502050071954727
0.0029771514236927
0.0242702607065439
0.0060638813301921
-0.0744108557701111
-0.0095589496195316
-0.0032818391919136
-0.0766227915883064
-0.0379906259477139
-0.0074327210895717
-0.0030640668701380
0.0298938378691673
0.0480118803679943
-0.0365484394133091
0.0429349429905415
0.0611469298601151
0.0124811921268702
-0.0288626998662949
-0.0218214653432369
0.0341183692216873
0.0358847603201866
0.0607667863368988
0.0152555108070374
-0.0379241555929184
-0.0278401654213667
0.0635099783539772
0.0433350242674351
0.0679219290614128
-0.0354414544999599
0.0828790813684464
0.0068069975823164
-0.0303672179579735
-0.0618907846510410
-0.0607059448957443
0.0404016785323620
0.0532925762236118
-0.0649676397442818
0.0215754974633455
0.0501685515046120
-0.0051221032626927
-0.0130186127498746
0.0662644281983376
0.0193905495107174
0.0197090264409781
0.0519095174968243
-0.0172130428254604
-0.0086911162361503
-0.0207061842083931
-0.0327085889875889
-0.0277389809489250
0.0160493180155754
0.0794391334056854
-0.0175880156457424
0.0198168046772480
0.0639452561736107
-0.0056628617458045
-0.1046547815203667
-0.0618185773491859
0.0145080136135221
0.0349547974765301
0.0347077250480652
-0.0217680279165506
-0.0284501668065786
-0.0673623085021973
0.0705282390117645
0.0343669876456261
0.0097505701705813
0.0021139695309103
-0.0202219225466251
-0.0302709005773067
0.0247819516807795
0.0008429823792540
-0.0193142779171467
0.0099591920152307
-0.0411131568253040
0.0220588874071836
-0.0654293447732925
0.0523477680981159
0.0772809907793999
-0.0201194863766432
-0.0312082897871733
0.0523167885839939
-0.0702778398990631
0.0482974760234356
-0.0614901073276997
-0.0586338117718697
0.0418144538998604
0.0492136739194393
-0.0019143276149407
-0.0547807887196541
-0.0568480826914310
0.0305971968919039
-0.0386633835732937
0.0257956441491842
-0.0124705191701651
-0.0846363082528114
-0.0767094194889069
-0.0519839897751808
0.0750529989600182
-0.0252362582832575
-0.0577371791005135
-0.0204131361097097
0.0535414777696133
-0.0337677039206028
-0.0407725498080254
0.0131046278402209
-0.0433818846940994
-0.0590300187468529
-0.0135259088128805
0.0551456734538078
0.0287570971995592
-0.0159020461142063
-0.0515750348567963
0.0122636249288917
-0.0858439952135086
-0.0662240013480186
0.0322395898401737
0.0145035870373249
-0.0657457783818245
-0.0510701201856136
-0.0781415775418282
0.0118319652974606
0.0202763639390469
0.0022773358505219
-0.0557890124619007
0.0143069690093398
0.0226678159087896
0.0725516676902771
-0.0239226724952459
-0.0361788272857666
0.0085339145734906
-0.0312150381505489
0.0352091342210770
0.0413062684237957
0.0128349950537086
0.0145929735153913
0.0671212673187256
0.0227824635803699
-0.0318285003304482
0.0334092192351818
0.0278357751667500
0.0497512668371201
0.0778526365756989
0.0852141901850700
0.0644705668091774
-0.0500930361449718
0.0493491739034653
-0.0799295976758003
0.0058725057169795
0.0016439682804048
-0.0563292689621449
-0.0252514109015465
0.0161903426051140
0.0481919161975384
0.0419944189488888
0.0069507299922407
0.0080131851136684
0.0406011529266834
-0.0368874594569206
-0.0185402240604162
-0.0321368016302586
-0.0386961661279202
-0.0108586195856333
0.0448748208582401
0.0635859742760658
0.0089857196435332
0.0374309644103050
-0.0214582793414593
0.0153376329690218
-0.0554063171148300
-0.0769341513514519
0.0413966365158558
-0.0402950681746006
0.0628390982747078
-0.0310416817665100
-0.0055616241879761
0.0934934392571449
0.0330222658813000
0.0231349393725395
0.0341083370149136
0.0820823535323143
-0.0506650246679783
0.0115029094740748
0.0307680256664753
0.0263060536235571
-0.0090429093688726
0.0186829455196857
-0.0197500474750996
-0.0170588940382004
0.0017847513081506
0.0307476297020912
0.0519277416169643
0.0343077555298805
0.0846716314554214
0.0547911077737808
-0.0439172014594078
0.0328747071325779
0.0406715013086796
0.0193265844136477
-0.0073408177122474
0.0242427606135607
-0.0867977440357208
-0.0486407056450844
0.0029059906955808
-0.0204985029995441
0.0181269664317369
-0.0236785039305687
-0.0840601772069931
0.0065283128060400
0.0613267943263054
0.0752651691436768
-0.0624868907034397
0.0447347424924374
0.0027092150412500
0.0309837702661753
-0.0540263764560223
0.0527793653309345
-0.0441197566688061
-0.0449821352958679
0.0696842223405838
-0.0432805493474007
-0.0429878607392311
0.0017559061525390
0.0435538925230503
-0.0721409171819687
-0.0164355430752039
-0.0007725824834779
0.0054555339738727
0.0094992462545633
-0.0289517920464277
-0.0005546521279030
0.0559128448367119
-0.0310807451605797
-0.0397484116256237
0.0159291792660952
-0.0110054463148117
0.0582547709345818
0.0595312267541885
0.0417066738009453
0.0296288188546896
-0.0328524708747864
0.0523672662675381
0.0418285429477692
-0.0519037470221519
-0.0083459811285138
-0.0472791194915771
0.0410201549530029
0.0121122663840652
-0.0185462553054094
0.0319464765489101
0.0246352758258581
0.0328789986670017
-0.0408970080316067
0.0159358624368906
0.0614509396255016
0.0420370921492577
-0.0355011932551861
-0.0415067225694656
-0.0117118358612061
-0.0174990035593510
0.0150605542585254
0.0369807258248329
0.0637577027082443
-0.0114146284759045
-0.0055632414296269
0.0864386260509491
0.0116864424198866
0.0787563025951385
-0.0555609017610550
-0.0198265258222818
0.0115383071824908
-0.0172229949384928
-0.0452642776072025
-0.0138527024537325
-0.0327617302536964
-0.0341639183461666
0.0516817681491375
0.0111250001937151
0.0848946347832680
0.0176489017903805
0.0598893985152245
0.0700872689485550
-0.0366976484656334
-0.0256198551505804
0.0367337763309479
-0.0376946032047272
-0.0265765525400639
-0.0379831604659557
0.0283692423254251
-0.0441432967782021
0.0051031950861216
0.0347978547215462
0.0227843485772610
-0.0746697932481766
-0.0819550827145576
-0.0433136075735092
-0.0387521088123322
0.0011811315780506
0.0440034009516239
-0.0754872858524323
0.1075099557638168
-0.0297878365963697
-0.0007624841528013
-0.0304863024502993
-0.0432426519691944
-0.0589415021240711
-0.0030472485814244
0.0021749471779913
0.0118283564224839
0.0146763613447547
-0.0516983419656754
0.0056552905589342
0.0042730085551739
-0.0347673259675503
0.0204593129456043
-0.0314788073301315
-0.0234314370900393
-0.0189084410667419
0.0390049032866955
-0.0301509778946638
-0.0637982562184334
-0.0128637515008450
-0.0058777225203812
0.0069112363271415
-0.0662172138690948
-0.0871548727154732
0.0913863554596901
0.0339813381433487
0.0119490707293153
-0.0113904261961579
0.0673834756016731
0.0436525456607342
-0.0081171421334147
-0.0243641994893551
0.0600968860089779
-0.0254733487963676
-0.0283691566437483
-0.0082467244938016
0.0164117980748415
0.0496992878615856
0.0715495795011520
0.0546011924743652
-0.0065910466946661
-0.0234493482857943
-0.0346969030797482
-0.0354544669389725
0.0120762856677175
0.0466658249497414
0.0022967054974288
-0.0671804770827293
0.0595932789146900
0.0304294675588608
0.0131645584478974
0.0102304173633456
-0.0132935922592878
0.0381012372672558
0.0354155190289021
-0.0684157013893127
0.0092170536518097
-0.0227903835475445
0.0279001519083977
0.0018919643480331
-0.0643574222922325
-0.0590815506875515
-0.0631474182009697
-0.0159979537129402
0.0147040085867047
-0.0343199707567692
0.0099983029067516
0.0207176562398672
0.0689335390925407
0.0650917440652847
0.0458117835223675
0.0808494165539742
-0.0230623129755259
-0.0398552604019642
-0.0516697801649570
-0.0509043931961060
-0.0673075914382935
-0.0594986602663994
-0.0641812756657600
-0.0356694646179676
-0.0395993888378143
0.0642754733562469
-0.0145122269168496
-0.0356895364820957
0.0083789993077517
0.0485477671027184
-0.0584099404513836
-0.0461420416831970
0.0024627395905554
-0.0532502084970474
-0.0122354738414288
-0.0249122567474842
-0.0578630752861500
0.0459957048296928
0.0255125109106302
0.0035444011446089
-0.0271182321012020
0.0015596123412251
-0.0131956133991480
-0.0125393513590097
-0.0554129816591740
0.0642836689949036
-0.0454517379403114
-0.0207110643386841
-0.0379875600337982
-0.0302955359220505
0.0802616477012634
-0.0404275059700012
0.0221857372671366
-0.0878705084323883
0.0023153079673648
-0.0386976189911366
-0.0408940762281418
-0.0594869405031204
-0.0139843886718154
-0.0238916184753180
0.0655051544308662
0.0173882953822613
0.0508944839239120
0.0101557793095708
-0.0668500736355782
0.0650269687175751
0.0242483187466860
0.0212260037660599
-0.0722997859120369
-0.0361826084554195
-0.0078012230806053
-0.0035092069301754
-0.0003372056235094
-0.0416645184159279
-0.0430664941668510
-0.0297125186771154
0.0400826670229435
0.0312143731862307
0.0382029749453068
-0.0295407027006149
-0.0063242698088288
-0.0520553290843964
