0.1089746356010437
-0.0168686993420124
0.0255976114422083
0.0688317716121674
0.0503391921520233
0.1209468692541122
0.0206185225397348
-0.1553094536066055
0.0081132249906659
-0.0970352366566658
-0.0218070261180401
-0.0186632480472326
0.0391591079533100
0.0822381377220154
0.0483136698603630
-0.0009384768200107
0.0553083233535290
0.1007925793528557
0.0108996415510774
-0.0695602297782898
0.0745298191905022
-0.0300006438046694
-0.0181361716240644
0.0272138584405184
-0.0560792610049248
0.0859649032354355
-0.0243146903812885
-0.0778398364782333
0.0648366734385490
-0.0858804732561111
0.0130752576515079
0.0174289271235466
-0.0065854433923960
0.0208086073398590
-0.0801659598946571
0.1010198220610619
-0.0277586746960878
-0.0345976278185844
-0.0200630594044924
0.0726126953959465
0.0003849795612041
-0.0278982706367970
-0.0212384387850761
0.0694295838475227
-0.0450447425246239
-0.0328561291098595
0.0055901301093400
0.0684096440672874
-0.0170305445790291
0.0063148560002446
0.1066245064139366
0.0661652982234955
-0.0094069484621286
0.0614653863012791
-0.0632811337709427
0.0655058547854424
0.0373308770358562
-0.0876264646649361
-0.0091330213472247
0.0322761423885822
-0.0574123971164227
-0.0508155748248100
0.0220196172595024
0.0373015031218529
0.1035039722919464
0.0503670349717140
0.0514172427356243
-0.0821648761630058
0.0316863842308521
-0.0553631931543350
-0.0897940844297409
0.0176318269222975
-0.0264519453048706
-0.0078482460230589
-0.0533893406391144
-0.0108473245054483
0.0528269074857235
-0.0956847146153450
0.0841260850429535
-0.0332565791904926
-0.0135483294725418
-0.0431579537689686
-0.0465242043137550
0.0217306222766638
-0.0889126956462860
0.0351383201777935
-0.1002636924386024
-0.0049897702410817
-0.0133785502985120
-0.0752082318067551
0.0185846854001284
-0.0085416994988918
0.0421132296323776
0.0812595710158348
-0.1251612901687622
-0.0292077101767063
-0.0753326863050461
0.0478645712137222
0.0369118601083755
-0.0352518744766712
0.1095017716288567
0.0961771309375763
-0.0867892280220985
-0.0359061807394028
-0.0971801280975342
-0.0560890734195709
0.0380947552621365
-0.0643133148550987
-0.0535555481910706
-0.0374808758497238
0.0371873266994953
0.0333203785121441
0.0382445827126503
0.1096149757504463
0.0010541452793404
0.1002873778343201
0.0744532719254494
-0.0639126002788544
0.0261476114392281
0.0798264294862747
0.1095876470208168
0.0512764565646648
-0.0681379958987236
0.0201402157545090
-0.0011319770710543
0.0396151579916477
-0.0137982424348593
-0.0961792096495628
-0.0864154621958733
0.0178683195263147
-0.0302774440497160
0.0438205488026142
-0.0505216680467129
-0.0439590513706207
0.1259588301181793
0.0930943787097931
-0.1293911039829254
-0.0228797178715467
0.0784314647316933
-0.0459486432373524
0.0931176617741585
-0.0483631044626236
-0.0583620667457581
-0.0227736886590719
-0.0176526941359043
-0.0389279760420322
-0.0781272798776627
0.1403268128633499
0.1327639818191528
-0.0585833452641964
-0.1760982424020767
0.0892006307840347
-0.0639824941754341
0.0278244614601135
-0.0702424570918083
-0.0072961081750691
0.0961186736822128
-0.0429653339087963
0.0151023268699646
-0.0721941590309143
0.0311065912246704
-0.0471525415778160
-0.0769244357943535
-0.1124343499541283
-0.0180954430252314
-0.0274392571300268
-0.0345144458115101
0.0610376521945000
-0.0484163537621498
-0.0686748772859573
-0.0624137483537197
0.0400342717766762
-0.0852028653025627
-0.0610713586211205
0.0365162305533886
0.0701227262616158
0.0534154064953327
0.1012082248926163
0.1375164538621902
-0.0469684004783630
-0.0158413797616959
0.0673517361283302
0.0285432226955891
0.0420184619724751
0.0702838972210884
0.0876473262906075
-0.0569716468453407
0.0055819563567638
-0.1011189818382263
0.1252179294824600
0.0781246945261955
-0.0441528819501400
0.0413003787398338
-0.0494129955768585
0.0480228848755360
-0.0429980792105198
0.0048939380794764
0.0930021777749062
-0.0879726931452751
-0.0075618452392519
0.0456899106502533
0.0607797838747501
0.0393163859844208
-0.0393988303840160
-0.0678498521447182
0.0664568021893501
0.0227093417197466
-0.0063328184187412
0.0955129191279411
0.0270091276615858
-0.0225268974900246
-0.0249551907181740
0.0470136143267155
-0.1144771501421928
-0.0077375890687108
0.0460896976292133
-0.0415436960756779
0.0076423943974078
0.0183314085006714
0.0008757858304307
-0.0454450473189354
0.0590872243046761
-0.0477276444435120
0.0097487699240446
-0.0484479479491711
0.0525875426828861
-0.0491327196359634
0.0011325043160468
0.0173774175345898
0.0431453250348568
0.0842761844396591
0.0928104147315025
-0.0054273479618132
-0.0421165041625500
0.0038866451941431
-0.0017300695180893
-0.0069742929190397
-0.0234102513641119
0.0213793050497770
-0.0133830774575472
-0.1119465455412865
-0.0071086944080889
-0.0459125638008118
-0.0413871705532074
0.0124154556542635
0.0402839928865433
0.0589356385171413
0.1726344376802444
-0.0477643907070160
-0.0437603220343590
0.0534981079399586
-0.0451073087751865
0.0634764358401299
0.0664115026593208
0.0371788367629051
-0.0764924809336662
-0.0616542510688305
-0.0547526888549328
-0.1198196411132812
-0.1246830895543098
0.0579999163746834
-0.1381855905056000
0.0522798821330070
0.0959367007017136
0.0391535572707653
0.0577173419296741
-0.1972662359476089
0.0547823086380959
0.0775766894221306
0.1589754819869995
-0.0820085406303406
-0.0060927639715374
-0.3327204883098602
-0.0251761320978403
0.0241853632032871
-0.2460749447345734
-0.0328652113676071
-0.0556430742144585
0.0440724901854992
-0.0423195175826550
0.0713561996817589
-0.0641344711184502
-0.1668782085180283
-0.1127414479851723
0.0207103490829468
-0.0665192902088165
-0.1111566945910454
-0.0421188138425350
-0.0811657011508942
-0.1585204750299454
-0.2464859634637833
-0.0608477368950844
0.1177115440368652
0.0241723265498877
-0.0748964697122574
-0.1201642453670502
-0.0470303744077682
-0.0897114500403404
0.0327689573168755
-0.0679818466305733
-0.0631774514913559
0.0471595041453838
0.2384370267391205
-0.2658960223197937
-0.0858373865485191
0.0450205542147160
-0.0541274026036263
0.0417240597307682
0.1346579194068909
-0.1117557063698769
0.0515622161328793
-0.2332636713981628
0.1412019878625870
0.0242044683545828
-0.2216789722442627
0.0960614979267120
0.0021699778735638
0.3599619269371033
-0.0655192360281944
-0.0053039100021124
-0.0161984786391258
-0.0237135905772448
-0.0382964424788952
0.0266062058508396
-0.0513308830559254
0.0254777986556292
0.0800706371665001
0.0853286087512970
0.0128895565867424
-0.0000690350716468
0.0232713725417852
-0.0319661274552345
-0.0342215634882450
0.0005551485810429
0.0319516696035862
0.0714813098311424
0.0490556471049786
-0.0517282448709011
0.0495573207736015
-0.0008854603511281
0.0418788790702820
-0.0387459285557270
0.0059898453764617
-0.0534859262406826
0.0039964648894966
-0.0106389317661524
0.0397543087601662
0.0596976503729820
0.0330046750605106
0.0102371964603662
-0.0144476545974612
0.0597538053989410
-0.0290274284780025
0.0866524428129196
0.0443340316414833
-0.0256218370050192
-0.0417799763381481
-0.0335640348494053
0.0501001328229904
-0.0629424527287483
0.0460116714239120
0.0191108249127865
-0.0117510128766298
0.0325658544898033
0.0637470856308937
0.0626046955585480
-0.0024306550621986
-0.0182333756238222
-0.0060116895474494
0.0194885861128569
0.0348610728979111
0.0073450324125588
0.0333754830062389
0.0740571022033691
0.0605358071625233
0.0080868285149336
0.0829814299941063
-0.0225761458277702
-0.0942346975207329
-0.0018959799781442
-0.0494979843497276
0.0756644308567047
0.0085644247010350
-0.0315233990550041
0.0498477630317211
-0.0283440668135881
-0.0027853562496603
0.0251926332712173
-0.0353311859071255
0.0326000750064850
0.0290469545871019
-0.0810799300670624
0.0202825404703617
0.0687733069062233
-0.0498083755373955
0.0120859248563647
-0.0466135889291763
0.0651190727949142
0.0420333668589592
-0.0552649796009064
0.0455891788005829
-0.0219023972749710
-0.0391127280890942
-0.0543412864208221
-0.0620464943349361
0.0290709957480431
0.0167855210602283
0.0019808171782643
-0.0339210182428360
-0.0132068265229464
-0.0690805390477180
0.0086698755621910
-0.0823917239904404
-0.0060912906192243
-0.0336469523608685
0.0120931137353182
0.0775858387351036
-0.0216316990554333
-0.0021755781490356
0.0385875776410103
0.0735544934868813
-0.0061116502620280
0.0753507316112518
-0.0038692567031831
-0.0399677939713001
-0.0501580834388733
0.0469300299882889
-0.0280906315892935
-0.0149392876774073
-0.0294082071632147
0.0554875098168850
0.0336743630468845
0.0313301794230938
-0.0144038777798414
-0.0146011505275965
-0.0436655394732952
0.0577072575688362
0.0306476838886738
-0.0202911086380482
0.0037072119303048
0.0369224585592747
0.0326971970498562
0.0245190039277077
-0.0377513356506824
0.0045297211036086
0.0338087119162083
0.0561790019273758
-0.0783768594264984
-0.0561305768787861
0.0255207903683186
0.0039573656395078
-0.0087834456935525
0.0529604740440845
0.0013585932319984
-0.0182998813688755
-0.0023766313679516
0.0194091629236937
-0.0724176019430161
-0.0857722088694572
-0.0728298351168633
-0.0484283007681370
-0.0167014133185148
-0.0484353154897690
0.0288538653403521
0.0993190929293633
-0.0392280220985413
0.0364814251661301
-0.0556544102728367
0.0077077108435333
-0.0381632819771767
0.0009213109151460
0.0449409298598766
-0.0453380644321442
-0.0518638230860233
-0.0341019071638584
0.0382231920957565
0.0350716710090637
0.0250501632690430
-0.0463388636708260
-0.0069325719960034
-0.0696330443024635
-0.0317399762570858
-0.0475854277610779
-0.0086997598409653
0.0845126509666443
0.0031849362421781
0.0262080412358046
0.0871862322092056
0.0618956573307514
-0.0423445068299770
0.0875428617000580
-0.0037003702018410
-0.0570736564695835
0.0017738877795637
-0.0171550493687391
-0.0154867228120565
-0.0031056203879416
-0.0886874869465828
0.0242562964558601
-0.0286194700747728
-0.0108192637562752
0.0164801254868507
0.0155161991715431
-0.0262475088238716
0.0310901850461960
0.0400970838963985
-0.0307698622345924
0.0565353371202946
-0.0594994574785233
-0.0159926209598780
0.0140687152743340
0.0168751999735832
0.0468168370425701
-0.0682746618986130
0.0296072661876678
0.0857105180621147
0.0462526902556419
-0.0597170554101467
0.0347596704959869
-0.0178568549454212
-0.0822020173072815
-0.0263304729014635
0.0205926056951284
-0.0527546964585781
0.0099266674369574
-0.0867373794317245
-0.0256901830434799
-0.0026190781500190
0.0416986383497715
0.0089510809630156
0.0325693935155869
-0.0822959169745445
-0.0089867860078812
0.0152089037001133
0.0038826428353786
0.0430248826742172
-0.0609326474368572
-0.0177959185093641
-0.1180654242634773
0.0063541964627802
0.0089424103498459
0.0392489284276962
-0.0838565006852150
0.0486202873289585
-0.0627725869417191
0.0341610088944435
-0.0172115247696638
0.0640009194612503
0.0729133561253548
-0.0300500765442848
0.0889343172311783
0.0579368174076080
-0.0094303870573640
-0.0122829955071211
0.0389983616769314
-0.0184914413839579
0.0113407466560602
0.0066044866107404
-0.0220561288297176
0.0287097338587046
-0.0658203214406967
0.0714384689927101
0.0694254115223885
0.0037735919468105
-0.0007263228762895
-0.0303655788302422
-0.0774927660822868
-0.0871348530054092
-0.0442589595913887
0.0264666937291622
0.0153993647545576
0.0560571700334549
-0.0621965527534485
0.0732751712203026
-0.0058623198419809
0.0220130160450935
0.0726990476250648
-0.0327545441687107
-0.0113877942785621
0.0035415804013610
0.0031046560034156
0.0324172563850880
0.0058682961389422
-0.0141021627932787
-0.0485481061041355
0.0118790334090590
-0.0610418133437634
-0.0363521240651608
0.0415655672550201
0.0369886457920074
0.0726340115070343
0.0255756229162216
-0.0855130031704903
-0.0253698192536831
-0.0141636179760098
-0.0357419662177563
-0.0261721126735210
-0.0370075739920139
0.0018261409131810
-0.0217058695852757
-0.0417575761675835
0.0338320620357990
0.0040884269401431
0.0102412812411785
-0.0139332842081785
-0.0259258598089218
-0.0261265654116869
-0.0424061715602875
0.0545047968626022
0.0039845416322351
0.0451089553534985
0.0590219758450985
-0.0185560658574104
-0.0076884743757546
-0.0014942819252610
-0.0047469246201217
0.0335920304059982
-0.0550373867154121
-0.0163134895265102
0.0460345186293125
0.0063904277049005
-0.0516523122787476
0.0532331280410290
0.0872306972742081
-0.0225992854684591
-0.0037374855019152
-0.0834122374653816
-0.0206659752875566
-0.0004256084503140
0.0799018517136574
-0.0643418133258820
0.0087513281032443
0.0597184225916862
-0.0855446755886078
0.0425461642444134
0.0180543456226587
0.0294684097170830
-0.0447164960205555
-0.0292984619736671
0.0458149872720242
0.0081757297739387
-0.0044396491721272
-0.0283008329570293
0.0636102482676506
-0.0712416097521782
-0.0460810884833336
-0.0197004601359367
0.0121921459212899
-0.0214816275984049
0.0724273175001144
0.0163166504353285
0.0356065444648266
-0.0184566173702478
0.0178425069898367
0.0371289923787117
0.0792913287878036
-0.0338924266397953
-0.0281474106013775
-0.0679220780730247
-0.0290537327528000
-0.0801584422588348
0.0445133037865162
0.0016883547650650
-0.0199575629085302
0.0219384133815765
-0.0142466202378273
-0.0435012988746166
0.0018238702323288
0.0553259998559952
0.0392773970961571
-0.0260479860007763
0.0126175815239549
0.0699225887656212
0.0211822241544724
-0.0416212715208530
-0.0135518889874220
-0.0119034778326750
0.0350203029811382
0.0359109453856945
-0.0126698594540358
0.0361212790012360
0.0007040126947686
0.0546670593321323
-0.0206341836601496
0.0345716923475266
-0.0601365566253662
-0.0036752235610038
-0.0121467569842935
0.0240035988390446
0.0917705148458481
-0.0843410864472389
0.0241041760891676
0.0381897985935211
-0.0431762859225273
-0.0430217012763023
-0.0460019633173943
0.0716479718685150
-0.0357608012855053
-0.0055457437410951
-0.0627705082297325
0.0722107216715813
-0.0132751408964396
-0.0039553921669722
0.0495098866522312
-0.0000578795188630
0.0484408996999264
-0.0047887912951410
0.0036978120915592
0.0362790860235691
-0.0060862698592246
0.0563228502869606
-0.0287367142736912
0.0303788408637047
-0.0481227785348892
-0.0164496097713709
-0.0231010932475328
0.0749054774641991
-0.0768078193068504
0.0134413400664926
-0.0198063142597675
0.0460967533290386
0.0064067021012306
0.0259491652250290
0.0198972523212433
-0.0335530862212181
0.0497364848852158
0.0161122884601355
0.0354947336018085
0.0844469442963600
0.0277723949402571
-0.0400406271219254
0.0265062469989061
0.0765220224857330
0.0060313320718706
-0.0247871708124876
-0.0282802265137434
-0.0365980751812458
0.0813406258821487
-0.0640851408243179
-0.0585836023092270
-0.0136057985946536
0.0587709806859493
-0.0170894637703896
0.0413105860352516
0.0264797322452068
-0.0079230461269617
0.0297958329319954
0.0356609933078289
-0.0938675180077553
-0.0479484684765339
-0.0389402024447918
0.0482628680765629
0.0439141057431698
0.0261150393635035
0.0476795285940170
0.0616459101438522
0.0413942001760006
0.0694153234362602
0.0914692804217339
-0.0900762230157852
-0.0887723937630653
-0.0680465176701546
-0.0041201259009540
0.0057905651628971
-0.0723154321312904
0.0429885946214199
-0.0130345318466425
0.0931886583566666
-0.0795555636286736
0.0276613440364599
-0.0009372126078233
0.0456963256001472
-0.0033798087388277
0.0064265425316989
-0.0653410181403160
0.0410996899008751
-0.0389483571052551
0.0160586666315794
-0.0479209944605827
0.0578156635165215
0.0389849171042442
-0.0002555734245107
0.0344663672149181
0.0236442964524031
0.0145185515284538
-0.0014645563205704
-0.0131566664204001
-0.0562237389385700
-0.0492384992539883
-0.0649999007582664
-0.0084828808903694
0.0509850904345512
0.0484938509762287
0.0013271122006699
-0.0932839587330818
-0.0671374127268791
0.0373502559959888
0.0640345439314842
0.0330481380224228
0.0481088981032372
-0.0170463211834431
0.0053609609603882
-0.0194631032645702
-0.0356431752443314
-0.0023085959255695
-0.0050695724785328
-0.0152794467285275
0.0427439175546169
-0.0028251621406525
0.0328103452920914
0.0349133908748627
0.0660982429981232
0.0299944784492254
-0.0100455684587359
0.0500244870781898
-0.0628931820392609
0.0316676497459412
-0.0925097912549973
-0.0089125577360392
-0.0255386494100094
0.0579262487590313
0.0477315820753574
-0.0673392787575722
-0.0530511587858200
0.0350889004766941
0.0411251485347748
0.0463360920548439
0.0204417668282986
0.0005637605208904
-0.0047734365798533
0.0038369374815375
0.0049979574978352
