0.0817650035023689
-0.0240088216960430
0.0252665746957064
0.0816227048635483
0.0665087923407555
0.1082745715975761
0.0364077202975750
-0.1492640972137451
0.0218559447675943
-0.0912551730871201
-0.0189718566834927
-0.0434149652719498
0.0435212589800358
0.0626281648874283
0.0111586134880781
-0.0230811070650816
0.0867944359779358
0.1192851364612579
0.0182074289768934
-0.0179831702262163
0.0826784893870354
-0.0502444095909595
-0.0333679467439651
-0.0080242324620485
-0.0607099197804928
0.0577125325798988
-0.0540592111647129
-0.0779330432415009
0.0802369415760040
-0.1038447842001915
0.0288494303822517
-0.0117653906345367
-0.0452684238553047
0.0264544356614351
-0.0702753290534019
0.0834661871194839
-0.0535078868269920
-0.0099943475797772
-0.0090232342481613
0.0631043985486031
-0.0092465821653605
-0.0301024001091719
-0.0413362085819244
0.0778665095567703
-0.0372159108519554
-0.0145552437752485
0.0089147845283151
0.0409605465829372
-0.0141519345343113
0.0133275240659714
0.1150498539209366
0.0593724548816681
-0.0302627012133598
0.0728065446019173
-0.0696754008531570
0.0561295375227928
0.0313435979187489
-0.0759493559598923
-0.0619002357125282
0.0131242219358683
-0.0785437449812889
-0.0351225137710571
0.0363856852054596
0.0666423365473747
0.1035388559103012
0.0496339648962021
0.0408054739236832
-0.0828303396701813
-0.0101491650566459
-0.0717479288578033
-0.0877988785505295
0.0386576615273952
-0.0294130854308605
-0.0063958326354623
-0.0425203181803226
-0.0078265564516187
0.0924575701355934
-0.0887996852397919
0.0602040328085423
0.0001051648141583
0.0345225855708122
-0.0472262091934681
-0.0631877407431602
0.0371950790286064
-0.1098420098423958
0.0429997481405735
-0.1188373342156410
-0.0179705191403627
0.0071096713654697
-0.1080882176756859
0.0212341640144587
0.0011130924103782
0.0591722354292870
0.0690166205167770
-0.1244508847594261
-0.0596753321588039
-0.0726061463356018
0.0318511612713337
0.0287719946354628
-0.0539062619209290
0.0956483259797096
0.1043117865920067
-0.0870787650346756
-0.0238810554146767
-0.0780714377760887
-0.0526694878935814
0.0606278851628304
-0.0661075934767723
-0.0701850801706314
-0.0442545264959335
0.0174667518585920
0.0234297253191471
0.0026482436805964
0.1033357605338097
0.0345149450004101
0.0947424322366714
0.0393608510494232
-0.0602955706417561
0.0568050108850002
0.0633043870329857
0.1309187710285187
0.0296479798853397
-0.0868761315941811
0.0317239612340927
0.0003719740780070
0.0761324465274811
-0.0035549332387745
-0.0724223852157593
-0.1043675094842911
0.0007161953253672
-0.0618237182497978
0.0104373181238770
-0.0882700532674789
-0.0226676650345325
0.0993693098425865
0.1125253289937973
-0.1061712726950645
-0.0041056713089347
0.0710034146904945
-0.0478832684457302
0.1020996570587158
-0.0578410364687443
-0.0365557074546814
-0.0190227404236794
-0.0232644304633141
-0.0334679223597050
-0.0688233301043510
0.1535992920398712
0.1227643787860870
-0.0192341916263103
-0.1736176162958145
0.0432719588279724
-0.0553437247872353
-0.0123080452904105
-0.0739528685808182
-0.0068477792665362
0.0849455222487450
-0.0321419723331928
0.0354126356542110
-0.0861334204673767
-0.0052761840634048
-0.0418703332543373
-0.0533880628645420
-0.1088254153728485
-0.0213682129979134
-0.0408808588981628
-0.0105627952143550
0.0330665521323681
-0.0184209384024143
-0.0884378030896187
-0.0398987643420696
0.0810036286711693
-0.0517067722976208
-0.0664860382676125
0.0679204463958740
0.0877740904688835
0.0616937205195427
0.0946194007992744
0.1075921729207039
0.0141807468608022
-0.0087519083172083
0.0369431003928185
-0.0028374295216054
0.0259707141667604
0.0695568099617958
0.0711863040924072
-0.0644550397992134
0.0349718034267426
-0.1112948656082153
0.1111651584506035
0.0625996217131615
-0.0185026526451111
0.0396904312074184
-0.0286223348230124
0.0462838038802147
-0.0343762487173080
0.0247533302754164
0.0758075863122940
-0.0908229872584343
0.0042054206132889
0.0440420061349869
0.0357424542307854
0.0680396854877472
-0.0291556939482689
-0.0474384315311909
0.0567121468484402
-0.0088627282530069
0.0051539065316319
0.1027923822402954
0.0429773963987827
-0.0074131814762950
-0.0361184515058994
0.0548309125006199
-0.1172542124986649
-0.0003755778016057
0.0543728135526180
-0.0316252037882805
-0.0196521021425724
0.0017840145155787
-0.0361311882734299
-0.0400596335530281
0.0766676515340805
-0.0619262643158436
-0.0261663291603327
-0.0285017415881157
0.0668469294905663
-0.0497949235141277
0.0081584751605988
0.0067691532894969
-0.0017907655565068
0.0823323130607605
0.1014130413532257
-0.0260631293058395
0.0014652867102996
0.0191514194011688
-0.0005734149599448
0.0043853670358658
-0.0173313505947590
0.0126324668526649
-0.0016327616758645
-0.1029827743768692
-0.0170005299150944
-0.0252341236919165
-0.0617975033819675
-0.0060487659648061
0.0270915497094393
0.0997336953878403
0.1848657131195068
-0.0371688790619373
-0.0385418497025967
0.0812782794237137
-0.0456609055399895
0.0559779815375805
0.0720411911606789
0.0449727848172188
-0.0419703647494316
0.0827850326895714
-0.0451313368976116
-0.1532414406538010
-0.0517030172049999
0.0841788351535797
-0.2449226975440979
0.0314454324543476
0.1877697706222534
-0.0593592226505280
0.0720725581049919
-0.1209008693695068
0.1080645844340324
0.1584608107805252
-0.0384988971054554
-0.1019606366753578
-0.0593056082725525
-0.2800709903240204
-0.0111382016912103
0.1835759580135345
-0.2253980338573456
-0.0742003396153450
-0.0975110456347466
-0.0289309453219175
-0.0939508602023125
0.0605387724936008
-0.0101874899119139
-0.1312626600265503
-0.1865844428539276
-0.1176466345787048
0.0040787300094962
0.0261142179369926
-0.0043939994648099
-0.0658737272024155
-0.1758032888174057
-0.2000456005334854
-0.0525677911937237
0.0913962572813034
-0.0132591370493174
0.0189429726451635
-0.0468423292040825
0.0324544422328472
0.0785862877964973
-0.1039699092507362
-0.0465238466858864
-0.0863544046878815
-0.0249881632626057
0.0853397175669670
-0.2655884623527527
-0.1638817787170410
0.1075460463762283
0.1405737400054932
0.1398465037345886
-0.0708206966519356
-0.0738975033164024
-0.0401931703090668
-0.1745340377092361
0.1820058077573776
0.0790932551026344
-0.0607266463339329
0.1535545885562897
0.1063340157270432
0.3192019760608673
0.1143720075488091
-0.1398661881685257
0.0015679007628933
0.0235220063477755
-0.0042900559492409
-0.0215254947543144
-0.0264439377933741
0.0535625554621220
0.0723873674869537
0.0540220588445663
-0.0097347628325224
0.0364466607570648
-0.0083205197006464
-0.0324986241757870
-0.0049372562207282
-0.0062343226745725
0.0508799329400063
0.0905422493815422
0.0455577932298183
-0.0372170284390450
0.0495510324835777
0.0031867735087872
0.0481646768748760
0.0278917588293552
0.0570387691259384
-0.0644775852560997
0.1001549959182739
-0.0429114997386932
0.0512579865753651
0.0778314918279648
-0.0005097907269374
0.0227017011493444
-0.0210504755377769
0.0094792209565639
0.0142669640481472
0.0901197269558907
0.0585544556379318
-0.0069143199361861
-0.0274304095655680
0.0109421219676733
0.0500432439148426
-0.0338491052389145
0.0253686215728521
0.0014032985782251
0.0334583632647991
-0.0132667226716876
0.0386552847921848
0.0682171657681465
-0.0044814916327596
0.0063727376982570
0.0139081757515669
-0.0102742249146104
0.0144838364794850
0.0518071576952934
0.0395269915461540
0.0520629175007343
0.0549203418195248
0.0194940567016602
0.0651596635580063
-0.0292445532977581
-0.0758094564080238
-0.0480752512812614
0.0186318289488554
0.0960949510335922
0.0071251378394663
0.0131262913346291
-0.0051362570375204
-0.0291182622313499
-0.0261596646159887
-0.0487916022539139
-0.0551544316112995
0.0575596913695335
0.0125159332528710
-0.0601929128170013
0.0686822459101677
0.0743295401334763
-0.0335747189819813
-0.0225535780191422
-0.0692879781126976
0.0597041659057140
-0.0127251558005810
-0.0271576289087534
0.0705945342779160
0.0082167638465762
-0.0254431366920471
-0.0596503429114819
-0.0734289735555649
0.0516107864677906
-0.0003877836279571
0.0241530332714319
-0.0457766577601433
-0.0077920691110194
-0.0609449669718742
0.0301464628428221
-0.0743441879749298
-0.0060245422646403
-0.0255899708718061
-0.0192916356027126
0.0863960534334183
0.0106856999918818
0.0202403273433447
-0.0213204957544804
0.0153398793190718
-0.0323206372559071
0.0569742321968079
-0.0720701515674591
0.0279429089277983
-0.0611257627606392
0.0094443801790476
-0.0367456488311291
-0.0647645369172096
-0.0734067484736443
0.0324308760464191
0.0444424524903297
0.0275252312421799
-0.0339460149407387
0.0449206233024597
-0.0600344724953175
0.0357315428555012
0.0681567564606667
-0.0375211127102375
-0.0181046631187201
0.0433371737599373
0.0259889643639326
0.0362662151455879
-0.0465028136968613
0.0026332654524595
0.0182926487177610
0.0995546206831932
-0.0868554711341858
-0.0334640815854073
0.0379169024527073
-0.0190479103475809
-0.0142256934195757
0.0197141189128160
0.0031241970136762
-0.0226165764033794
0.0556828156113625
0.0606084726750851
-0.0350932106375694
-0.0807217881083488
-0.0504303351044655
0.0076501262374222
-0.0195136461406946
-0.0266079418361187
0.0076696295291185
0.0667859390377998
0.0054101906716824
0.0266590714454651
-0.0483554303646088
-0.0440701954066753
-0.0067411959171295
-0.0172047987580299
0.0145265180617571
-0.0793072730302811
-0.0631825551390648
-0.0578763373196125
-0.0207063350826502
0.0842982679605484
-0.0342093482613564
-0.0632804781198502
0.0086374720558524
-0.0441469885408878
0.0111886952072382
0.0021158026065677
-0.0208105202764273
0.0467223450541496
-0.0141044221818447
-0.0145870679989457
0.0849763154983521
0.0357674807310104
-0.0746037214994431
0.0330469496548176
-0.0246760435402393
0.0296048540621996
0.0393304675817490
0.0495689436793327
0.0287457294762135
-0.0380175262689590
-0.0354255624115467
0.0487955659627914
0.0143893295899034
-0.0389821864664555
0.0495407357811928
-0.0409173928201199
-0.0346162393689156
0.0297864135354757
0.0164361521601677
0.0117380330339074
0.0842277184128761
-0.0485205389559269
-0.0074992803856730
0.0009652654407546
-0.0297784470021725
-0.0039271358400583
-0.0533010512590408
-0.0130160953849554
0.0598983801901340
0.0281690619885921
-0.0382191762328148
0.0364074744284153
0.0493134781718254
-0.0812016054987907
-0.0241353381425142
0.0797353610396385
-0.0541954524815083
0.0466979369521141
-0.0817740485072136
-0.0257481038570404
-0.0235459003597498
0.0767841190099716
0.0693651661276817
0.0546909496188164
-0.0567000880837440
-0.0350782200694084
0.0290305968374014
0.0248124208301306
0.0570911392569542
-0.0530726052820683
-0.0351579003036022
-0.0684691220521927
-0.0392690189182758
0.0292265005409718
-0.0134785035625100
-0.0674936100840569
0.1015974134206772
-0.0665330067276955
0.0054720533080399
-0.0434914976358414
0.0836747065186501
0.0383781157433987
-0.0835943743586540
0.0387239307165146
-0.0006093078991398
-0.0435151271522045
0.0139036579057574
0.0025321617722511
-0.0321299508213997
0.0197368450462818
0.0584805011749268
-0.0926398560404778
0.0534166097640991
-0.0446782559156418
0.0772211030125618
0.0432509593665600
-0.0389936566352844
0.0217715147882700
-0.0072512803599238
-0.0201165378093719
-0.0798090398311615
-0.0190964173525572
0.0498649813234806
-0.0344123728573322
0.0471453815698624
-0.0634625181555748
0.0368334129452705
-0.0279545914381742
0.0258948858827353
0.0871422216296196
-0.0209465138614178
-0.0193017423152924
0.0219690743833780
-0.0326660610735416
0.0537329167127609
0.0227298084646463
0.0162726398557425
-0.0500126294791698
-0.0323723107576370
-0.0478571355342865
-0.0361464917659760
0.0283800810575485
0.0318540744483471
0.0321788899600506
0.0294351298362017
-0.1108714714646339
-0.0362186916172504
-0.0383374579250813
-0.0060455175116658
0.0360210239887238
0.0208483375608921
-0.0107874125242233
-0.0387159623205662
-0.0640101805329323
-0.0102153001353145
0.0690976455807686
0.0079956278204918
-0.0228432845324278
-0.0160991903394461
0.0008508809260093
-0.0454218164086342
0.0173158179968596
0.0264890342950821
0.0165681485086679
0.0246476195752621
-0.0841527432203293
-0.0311919040977955
0.0384403318166733
0.0011898224474862
0.0319363772869110
-0.0441618040204048
-0.0148203400895000
0.0566120333969593
0.0546260513365269
-0.0557332374155521
0.0627552568912506
0.0483112409710884
-0.0480030179023743
0.0139584382995963
-0.0618746951222420
-0.0299623329192400
-0.0373779088258743
0.0603425055742264
-0.0237691067159176
0.0320721752941608
0.0408856049180031
-0.0773300230503082
0.0132976043969393
0.0214058682322502
0.0642616152763367
-0.0315823517739773
-0.0404503084719181
0.0089364396408200
0.0264103785157204
-0.0013629726599902
-0.0378431156277657
0.0675246790051460
-0.0667369961738586
-0.0671206340193748
-0.0577026233077049
-0.0062905400991440
-0.0057779122143984
0.0677429735660553
0.0063175139948726
0.0880020931363106
-0.0182003844529390
0.0093247517943382
0.0232026502490044
0.1147675663232803
-0.0723729059100151
-0.0254584364593029
-0.0478176698088646
-0.0031904985662550
-0.0009478204883635
0.0008214163826779
-0.0182966087013483
0.0301299635320902
0.0831519737839699
-0.0307339411228895
-0.0786819308996201
0.0175129324197769
0.0640846714377403
-0.0062927221879363
-0.0016247116727754
-0.0526243634521961
0.0093856602907181
0.0066465977579355
-0.0206579733639956
-0.0290028005838394
0.0492985397577286
0.0807391330599785
0.0296108368784189
-0.0223389752209187
0.0266209337860346
-0.0049044289626181
0.0671884790062904
-0.0368468724191189
0.0048409858718514
-0.0538500025868416
-0.0012671267613769
0.0007710069767199
0.0100366314873099
0.0228356998413801
-0.0658310800790787
0.0610169656574726
0.0684758573770523
-0.0466135479509830
0.0125065036118031
0.0189948845654726
0.0786977186799049
-0.0384058654308319
0.0516125932335854
-0.0564118586480618
0.0409865602850914
0.0275500155985355
0.0431529022753239
0.0611521378159523
-0.0031412839889526
0.0311416108161211
0.0186506919562817
0.0044770599342883
0.0100246686488390
-0.0462914183735847
0.0767655223608017
0.0593731142580509
0.0291437245905399
-0.0645051598548889
-0.0240465048700571
-0.0086222458630800
0.0710784867405891
-0.0532208383083344
0.0381939895451069
-0.0205031111836433
0.0627613663673401
-0.0048929499462247
-0.0333325825631618
-0.0160625576972961
-0.0550964102149010
-0.0028278965037316
0.0266738086938858
0.0274464450776577
0.0594763010740280
0.0030593578703701
-0.0381674170494080
0.0078313369303942
0.0638711974024773
0.0179038066416979
-0.0257121194154024
-0.0430315993726254
0.0236231088638306
0.0860087350010872
-0.0459341630339622
-0.0463841110467911
0.0147704891860485
0.0681056454777718
-0.0066989171318710
0.0129246879369020
0.0132958386093378
-0.0128151886165142
-0.0022718494292349
0.0233216341584921
-0.0682095959782600
-0.0279114246368408
-0.0311681274324656
0.0163406170904636
0.0320781916379929
0.0370618253946304
0.0230097733438015
0.0361008085310459
0.0469599328935146
0.1059786826372147
0.0386758483946323
-0.0725658312439919
-0.0190854463726282
-0.0767189189791679
-0.0305976141244173
0.0359602011740208
-0.0486214570701122
0.0177930872887373
-0.0125666223466396
0.0813432857394218
-0.0715954676270485
0.0204326268285513
0.0233268272131681
0.0278773754835129
-0.0148549769073725
-0.0251588858664036
-0.0701659768819809
0.0252164937555790
-0.0599952861666679
0.0375642292201519
-0.0594216957688332
-0.0034972736611962
0.0507154799997807
-0.0247224662452936
0.0151724787428975
0.0373934879899025
0.0159465316683054
0.0186997335404158
0.0185071639716625
-0.0163699798285961
-0.0525534637272358
-0.0446520447731018
-0.0221615415066481
0.0380018018186092
0.0652031973004341
0.0437897220253944
-0.0391380377113819
-0.0778968483209610
0.0199209488928318
0.0128627838566899
0.0223924126476049
0.0296803265810013
-0.0652495026588440
0.0645010396838188
-0.0365898087620735
-0.0282151978462934
0.0049203010275960
0.0323494337499142
0.0224053636193275
-0.0085490532219410
-0.0257130693644285
0.0369541309773922
0.0515297539532185
0.0671957060694695
0.0065913437865674
0.0062511661089957
0.0361783280968666
-0.0325343944132328
0.0148976221680641
-0.0612391754984856
-0.0211182869970798
-0.0295696854591370
0.0465887226164341
-0.0214382521808147
-0.0013340921141207
-0.0651929825544357
0.0547922067344189
0.0321725681424141
0.0500849187374115
-0.0549841262400150
0.0417473837733269
-0.0073173907585442
-0.0085556758567691
0.0118207139894366
