-0.00137420
0.00397841
0.01834675
0.03471326
0.02576967
-0.03068370
-0.00825294
-0.00895371
-0.00972774
0.01457213
0.01663568
0.02572319
0.01431651
-0.01081885
0.00175037
0.01517325
-0.00155692
-0.00928434
0.04607357
0.01331513
-0.01421911
-0.00543980
0.04515613
0.05981537
0.00464763
-0.05712634
0.00579464
-0.00574739
-0.01576167
0.00465389
0.07181389
0.00298837
0.01024257
0.00296226
-0.01389015
-0.03766771
0.00890078
0.01516921
0.01796018
0.07906914
0.00902195
0.02959365
0.08473096
0.02774397
-0.01142237
-0.00784857
-0.00665912
0.00987214
-0.00875993
0.00050437
0.00407976
-0.00810791
0.09082665
0.00914010
-0.01034311
0.02620124
0.02488133
0.03129666
0.47144488
0.00556440
-0.00772446
0.00232389
-0.00488076
-0.01006731
-0.01268629
0.05098220
0.01749314
-0.02757579
-0.07933515
-0.00003979
0.02682677
-0.01537334
-0.02090946
-0.02443852
-0.01282766
0.04671478
0.03382727
-0.04743981
0.01542196
-0.05143499
-0.01219897
-0.01067015
-0.01680882
-0.00512271
0.03097613
0.01843033
-0.00474634
0.01559405
0.00647719
-0.01235648
-0.01604854
0.02464567
-0.05647171
0.01501806
0.00923228
0.00581144
0.01313484
-0.03207613
0.01437294
0.01578067
-0.03137037
0.02650673
0.00372335
-0.01433879
-0.02104627
0.03842168
0.04866433
-0.01914980
-0.00930267
0.01937297
-0.01324531
0.01785031
0.02810069
0.01077989
0.01326538
0.00894668
-0.00407590
-0.02189161
-0.00817337
0.00336430
-0.02418492
-0.01546261
0.00157613
-0.00879142
0.03188447
-0.01676297
-0.03962352
-0.00719923
0.00003782
0.01437258
0.04244706
-0.00129477
-0.01213010
-0.00736805
-0.04099426
0.02903084
0.09004010
-0.03126661
0.00926476
0.01200798
-0.02462939
-0.03433967
0.00357452
-0.03823092
-0.00071375
-0.02194598
0.03941389
-0.00868493
-0.02503851
0.00941695
-0.00227443
-0.01291879
0.01339698
0.05928128
-0.00281741
0.02354750
-0.02201175
-0.01081810
0.02736036
0.01925147
-0.04454251
0.03614107
-0.07588158
0.00251442
-0.00041639
0.03671608
-0.00746322
0.00618116
0.01646331
-0.04175997
0.00836082
0.00307588
-0.00739153
-0.00043202
-0.00522934
-0.00405947
-0.00450764
0.02350645
-0.03989300
0.00695115
0.02202343
-0.01128710
-0.01295619
0.00455317
0.01574596
0.02108241
0.05070917
0.01947806
0.01597707
-0.02317126
-0.07036828
-0.01112720
0.03448129
0.01818685
-0.03283779
0.00864751
0.09196969
0.00047160
0.06259567
0.02828084
-0.09836115
0.00104998
0.02869185
0.02637076
0.00670959
0.03820457
0.00512103
-0.00823353
-0.02819932
0.00607511
0.02430956
-0.01096890
-0.02441046
0.01564954
0.00552202
-0.04138932
0.00884878
0.00419807
0.03699525
0.02930910
0.01379448
-0.75816113
0.00525728
0.02722124
0.01799091
0.00431745
0.05060571
0.01082807
-0.00296264
0.00790828
-0.00984578
0.01838250
0.07143094
-0.02754735
0.01129992
-0.00986336
0.06098667
-0.01729784
0.00975380
-0.02555197
-0.00270805
-0.03916303
0.05002287
0.03533987
-0.01353428
-0.02249840
-0.02573512
-0.02243786
-0.00977299
0.01134108
0.00097513
0.00255728
-0.00515659
0.00494535
0.00381434
-0.01620753
-0.09968157
0.03158049
-0.13888393
0.09920631
0.01638117
0.04780047
-0.09539762
0.06107283
-0.01441757
0.10701658
-0.06154513
0.05520119
0.07533514
-0.00874851
0.01070965
0.06308820
-0.00418697
-0.05150352
-0.03632243
0.04493589
-0.05061106
-0.00256701
0.00338645
-0.03607970
0.03727070
0.10319952
0.02923561
-0.12746586
-0.07368464
0.00762098
0.05385407
0.00197967
0.02635363
-0.03228004
0.08492452
-0.00754020
-0.07574466
-0.01102293
-0.03905545
0.09348984
0.03269826
0.15966995
-0.03680380
-0.08847409
-0.06549459
-0.12661768
0.84329498
-0.07168281
-0.03189598
0.04660954
-0.13268682
0.07465222
-0.11202666
0.03815205
0.03211337
-0.04364545
0.02348046
0.08963619
-0.03784706
-0.00934380
0.01988139
-0.03531395
-0.09101358
0.08923199
0.02221950
0.00672620
-0.05992791
-0.00928670
0.01272380
-0.06827624
-0.03610196
0.00907293
-0.00497421
-0.01648124
0.03471208
-0.01820223
-0.01427681
0.03301588
-0.02739466
-0.02866022
-0.06273238
0.03256796
0.07250568
0.02307872
-0.06334189
-0.01902256
0.02291071
-0.02472333
-0.09250888
-0.02727693
-0.02732995
-0.01533624
-0.09819394
0.00221997
0.03258324
-0.03628049
0.01637981
0.08233411
0.01244754
-0.00241296
0.02668624
-0.07150535
0.06192160
0.04526334
-0.02757092
0.00619495
-0.02856289
0.00249301
-0.00551898
-0.04543528
-0.07118320
0.01416585
0.03496147
-0.02247481
-0.01133717
-0.01226803
0.01596443
0.06024560
0.00462208
-0.01459605
0.05081156
-0.01894547
-0.04106334
-0.03294610
0.02635424
0.01645701
-0.02887953
-0.02199609
0.06845360
0.04322814
0.06157279
0.05218988
-0.03836495
0.05136389
-0.08693773
0.00575525
0.08504783
-0.00721448
0.04055030
0.01521312
0.06376658
0.07541651
-0.03050081
0.07831284
0.01022621
-0.00083785
0.06533156
-0.01504924
0.02138456
-0.04023689
-0.04747299
0.02348161
0.01971776
-0.00526112
-0.01860159
0.02671211
-0.02057066
0.02948642
-0.02139797
-0.00494871
0.01235777
-0.00209628
-0.04403607
0.03158056
-0.01122919
-0.03272136
-0.07897896
0.01337170
-0.01834238
-0.02053253
-0.03219230
-0.07131499
-0.05370568
0.03331356
0.07891313
-0.08185124
-0.00123057
-0.07972912
0.01983380
0.00679830
0.02792221
-0.01313264
0.02294876
-0.06886046
-0.01417534
0.01172100
0.06635058
0.06524436
0.04966995
0.05415566
-0.00887016
-0.11088900
-0.05610929
0.03524390
0.08718947
0.02568299
-0.02666545
-0.00537058
-0.03036948
0.04837479
0.02716934
0.01210820
0.00683921
-0.02167611
0.07580423
-0.05471255
-0.00342162
0.00963598
0.04894880
-0.00709615
-0.02813333
0.04886956
-0.04202168
0.05383339
0.05602229
-0.01817439
0.07288968
-0.04038089
-0.00188634
0.00274363
-0.03168872
0.04290146
-0.04817581
0.04103066
-0.05108001
0.01893233
-0.02530560
-0.06474353
0.04253813
0.05425494
-0.00086618
-0.06809052
-0.00610399
0.01962833
-0.00425039
0.01750037
-0.01199784
0.01729903
-0.02567643
-0.05484404
0.01498562
0.03645772
0.01315422
-0.00198929
-0.01174951
-0.01168564
0.05661564
-0.02226540
0.00620959
-0.05707075
-0.01812090
-0.07154121
-0.04556610
0.03144359
0.01368197
0.01641663
-0.03825485
0.06559355
-0.04077329
-0.05525220
0.00908332
0.00654691
0.00059070
0.01636497
0.08286034
0.00830512
0.00746533
0.03336219
-0.01197883
-0.07068490
0.02098527
0.00278596
-0.10860084
-0.05915414
-0.04800793
-0.12437384
-0.05392016
-0.01029012
0.08211574
0.04295578
-0.00174117
0.08036712
0.02237190
0.04466505
-0.01494869
0.04759210
0.05480167
-0.09391579
-0.01590484
-0.09138329
0.04933055
-0.09275616
0.00964932
0.02294567
-0.01843696
0.08739360
-0.04423610
-0.02139801
-0.00732643
-0.00252794
0.09461671
0.02710441
0.04283991
-0.02291407
0.03373129
-0.02832109
0.02802238
-0.06209670
-0.01093344
0.01283595
-0.03257134
0.04820925
-0.04288382
-0.01681237
-0.01492490
0.03226049
0.06038536
0.02238786
-0.04379424
-0.03217371
-0.03864696
0.00064235
-0.04633216
-0.04262803
0.04087719
0.01750079
0.06480842
0.03738003
0.01665825
0.01413573
0.01169678
0.02709242
-0.06669611
0.04800444
-0.03832987
-0.03844284
-0.05907898
-0.02474355
0.04441615
-0.00659436
0.06910459
-0.03273296
-0.03200058
-0.07373132
-0.00572462
0.01754073
-0.00165292
-0.03766276
0.03119002
-0.00674432
-0.00866260
0.00770779
0.04638748
0.01944379
0.02496455
0.02930837
-0.02225409
0.05306082
-0.00354316
0.02036126
-0.05648566
-0.02484982
-0.03746466
0.01811461
0.03603080
0.01270990
0.03783525
0.06387173
0.00148161
0.05889471
-0.05506196
0.00250668
-0.09218790
-0.05517911
-0.01775475
0.02383142
0.01921141
-0.01433013
0.01505741
0.00367311
-0.05122202
-0.03989265
-0.09472569
-0.03337282
-0.04332380
-0.04539719
0.02827556
0.03232383
-0.01019016
-0.03506885
-0.02183412
-0.00964642
0.02198963
-0.01080218
-0.00658758
-0.00562561
0.07828022
0.01277617
0.02132872
0.02729279
-0.01064267
-0.00625166
-0.01237265
0.02683973
0.07083258
-0.03564203
-0.00522702
0.00334442
-0.01921025
-0.03346983
0.09367099
-0.03495088
-0.02469065
0.01719088
0.02716813
0.00705821
-0.01070282
-0.00133740
0.06326628
-0.06011489
-0.04042718
0.05220491
-0.04931660
-0.10317605
0.00796452
0.07858671
0.08308703
0.01904478
-0.02340949
-0.01555543
0.05715314
-0.04453383
-0.07997234
0.07958579
0.02201659
-0.02046551
0.00340116
0.07991502
0.03046578
0.02980473
-0.02533541
0.01983307
-0.03173725
0.00110259
-0.00162028
-0.04255166
-0.06237140
-0.07583746
-0.03780504
-0.04891380
0.06284337
0.02145929
0.07816707
-0.01894674
0.06254452
0.00515288
-0.00226334
0.02515099
0.01098797
-0.06960148
0.05756533
-0.00128481
-0.12138209
-0.01210864
0.05142834
0.08448455
0.01856684
0.04575544
0.01250479
0.01441812
-0.04112193
-0.01254992
0.05919839
0.01020623
0.05591801
-0.03875459
-0.00642973
-0.03360864
0.00305906
-0.10193255
0.00744439
-0.01545308
-0.09221004
0.03628951
-0.02991302
0.07635069
0.00496325
-0.04114951
-0.03851315
-0.04020416
-0.03152968
-0.05259824
-0.00686137
-0.02230235
-0.04337299
-0.07508928
0.01717492
0.06534711
0.06778355
0.06142671
-0.00755063
-0.05044152
-0.04977811
0.09241568
-0.03760927
0.05087711
-0.04957630
0.01609302
-0.12574056
-0.06837177
-0.11025960
-0.07485808
0.00196937
-0.08404896
-0.04502029
-0.04909878
-0.06393094
0.08264439
0.00285573
-0.01670709
-0.01344112
0.04483210
-0.05668644
-0.03066377
-0.03620568
-0.06206217
0.04164512
0.02783326
-0.05980936
-0.01277910
-0.03892890
0.00830740
-0.00742842
-0.04903126
-0.08783749
-0.02364370
-0.01890457
0.01705237
0.01876337
-0.00842290
0.00235929
-0.02644756
0.01472919
-0.02188104
-0.01681216
0.05665504
-0.05249304
0.06116461
-0.05864754
0.00714860
0.06681188
-0.01245535
0.02322895
0.04818039
-0.00166418
0.01448717
-0.01242422
-0.01071723
0.03296679
0.07196218
-0.01252630
-0.02046825
0.02204336
0.02323985
-0.09491591
-0.05481039
0.07652070
0.06071489
-0.01160566
-0.06853698
0.00867395
-0.04104992
-0.05238497
0.01488380
0.04057286
-0.02848141
