0.0475878007709980
0.1137019172310829
-0.0558016560971737
0.0737401843070984
-0.0140695441514254
0.0467409081757069
0.0644494891166687
-0.0889067724347115
-0.0193534418940544
0.0891158506274223
-0.0460183396935463
-0.0729026868939400
0.0557302385568619
-0.0089224837720394
-0.0710180401802063
-0.0449126511812210
-0.0188586171716452
-0.0166449230164289
0.1140630915760994
0.0389563739299774
-0.0252505987882614
-0.1082351282238960
0.0187164098024368
-0.0759884342551231
-0.0716255828738213
0.0428571105003357
0.0092216487973928
-0.0845620259642601
-0.0506030693650246
0.0283407289534807
-0.0722290724515915
-0.1078339591622353
-0.0265262983739376
-0.0475328974425793
-0.0289202518761158
-0.0213961843401194
-0.0496530719101429
0.0149835962802172
0.0882466360926628
-0.0589353889226913
0.0275010988116264
0.1269266009330750
-0.0408436879515648
0.0542092584073544
0.0651605129241943
-0.0194352939724922
-0.0920312628149986
0.0420100688934326
0.0572370886802673
-0.1146592870354652
0.0188393909484148
0.0575401671230793
0.1049984768033028
-0.1073470264673233
0.0120692588388920
0.0447915978729725
-0.0927280411124229
0.0454686209559441
0.0136095732450485
0.0105668008327484
-0.0270499903708696
0.0063931387849152
0.0374513603746891
0.0847830027341843
0.0059349844232202
-0.0856876745820045
0.0661859884858131
0.0560947768390179
-0.0311781577765942
0.0493371076881886
-0.0403968282043934
-0.0874525010585785
-0.0810365080833435
0.0218147635459900
0.0102275246754289
-0.0402865745127201
0.0711904615163803
-0.0882851928472519
0.0671376362442970
0.0718305110931396
0.0001070513826562
0.0263025667518377
-0.0096811810508370
0.0206210631877184
-0.0608691498637199
0.0199842378497124
-0.1034635305404663
0.0829571709036827
0.0756102502346039
-0.1300273090600967
0.0404886454343796
-0.0993300005793571
0.0248285625129938
-0.0567753538489342
0.0805845186114311
-0.0066436962224543
-0.0507767871022224
-0.0420556105673313
-0.0917485281825066
0.1089882478117943
0.0097791953012347
0.0321685560047626
-0.0135850040242076
-0.0569267235696316
-0.1168629229068756
-0.0212691556662321
-0.1445823460817337
-0.0857552215456963
-0.0566950179636478
-0.0306687485426664
0.0076300739310682
0.0306133795529604
-0.0151802683249116
0.0112984701991081
-0.0531358681619167
-0.0645846426486969
-0.0568446218967438
-0.0591517910361290
0.0193520747125149
0.0602353923022747
0.0198390465229750
0.0122550176456571
0.0001546671555843
0.0065809623338282
-0.0753483623266220
0.0729664266109467
0.0292719416320324
0.0211487431079149
0.0154953263700008
-0.0228648725897074
-0.0041138511151075
-0.0026397395413369
-0.0127909304574132
-0.0373870469629765
0.0312892906367779
-0.0669415295124054
0.0521173849701881
0.0609890073537827
0.0181336235255003
0.0056305089965463
0.0160092040896416
-0.0630305707454681
-0.0600464381277561
0.0305697396397591
-0.1110154017806053
-0.0770323500037193
0.0403425991535187
0.1318341195583344
-0.0680375546216965
0.0632571727037430
0.0417652986943722
0.0205204505473375
-0.0076710367575288
-0.0301553178578615
0.0537793301045895
0.0150946555659175
-0.0558543317019939
0.0309729818254709
-0.1014643982052803
-0.1069393232464790
-0.0427367426455021
0.0565012395381927
-0.0038831066340208
0.0063670612871647
-0.0723674893379211
-0.1374892443418503
0.0803749263286591
0.0104019446298480
0.0766474306583405
-0.0650930032134056
-0.0023566344752908
0.0277389194816351
0.0939911603927612
0.0782254561781883
0.1039822176098824
-0.0562300086021423
-0.1548927724361420
0.0492077879607677
-0.0791589766740799
-0.0284383930265903
-0.0687480866909027
-0.0201611462980509
-0.1013296172022820
0.0441908948123455
0.0600773245096207
0.0229907706379890
-0.0373046100139618
-0.0322574414312840
0.0336544848978519
0.0625913217663765
0.0202180258929729
-0.0225166212767363
0.0863535925745964
0.0157307554036379
-0.0434923730790615
0.0018957961583510
0.0997803658246994
0.0018165475921705
-0.0946972817182541
0.0189274623990059
0.0337141640484333
0.0151529107242823
-0.0030763670802116
0.0566565021872520
0.0862281247973442
-0.0642031729221344
-0.0636137723922729
0.0103922821581364
-0.0951738506555557
0.0766473263502121
0.0373527221381664
-0.0779257789254189
-0.0907610282301903
-0.0539031215012074
0.0642997696995735
0.0780401155352592
-0.0648552626371384
-0.0040719709359109
0.0437246225774288
-0.0578194707632065
-0.0132083557546139
0.0919991210103035
0.0184008814394474
-0.0576427690684795
0.0175407156348228
-0.0604855641722679
-0.0664529502391815
-0.0124860974028707
0.0225566569715738
-0.0016455454751849
0.1307422965764999
0.0869952961802483
0.0374031178653240
0.1318440139293671
0.0135813448578119
-0.0489713996648788
0.1060997694730759
0.0632418170571327
-0.0603873282670975
0.0683273226022720
0.0694920718669891
-0.0260606408119202
0.0189260989427567
-0.0925075486302376
-0.0774743333458900
0.0865219011902809
0.0492178350687027
-0.0076062935404480
0.0635545477271080
0.1305221319198608
0.0891069769859314
0.0662442892789841
-0.0804699361324310
-0.0383855178952217
0.0249878391623497
0.0898104980587959
-0.1213384047150612
-0.0976480394601822
-0.0733728855848312
-0.0403175503015518
-0.0116385389119387
-0.0723223462700844
-0.0678088814020157
0.0815237388014793
0.0500981882214546
0.0647455975413322
0.0044221333228052
0.1029853150248528
-0.0381952710449696
0.0894475579261780
0.0352030657231808
0.0158545244485140
-0.2540168762207031
-0.0225006677210331
0.0942552238702774
-0.2597321271896362
-0.1254329234361649
-0.0650890022516251
0.0413705855607986
-0.0194821860641241
-0.0337474532425404
-0.0971449911594391
-0.2696819007396698
-0.2158707380294800
0.0850781574845314
-0.0391184017062187
-0.0873843878507614
-0.0105887316167355
0.0517189726233482
-0.0637576505541801
-0.1603535413742065
-0.1382347196340561
0.0631477609276772
0.0497695915400982
0.0350226499140263
-0.2237237840890884
-0.1419173628091812
-0.0133231002837420
-0.0083225918933749
-0.1551467478275299
-0.1483564972877502
0.1042753309011459
0.2554551362991333
-0.2319894880056381
0.0167148523032665
0.1375795453786850
-0.0501703135669231
0.0647347345948219
-0.0434334836900234
-0.2332050800323486
-0.0169810149818659
-0.2457753866910934
0.0655563697218895
0.1051652655005455
-0.1157713308930397
0.1519600301980972
0.0157908219844103
0.2765211164951324
0.0436956435441971
-0.1868400573730469
-0.0405517369508743
-0.0089562833309174
-0.0771740078926086
0.0214028060436249
-0.0299784820526838
0.0001258771662833
-0.0067628780379891
0.0086574219167233
0.0274562705308199
0.0023725947830826
-0.0200325418263674
-0.0119304908439517
-0.0386512354016304
-0.0277633108198643
-0.0463543720543385
-0.0146083952859044
-0.0246329903602600
0.0195310059934855
0.0582883246243000
0.0293875075876713
0.0254530310630798
-0.0760543867945671
-0.0361732989549637
0.0339937470853329
0.0441911071538925
-0.0071913027204573
-0.0656018629670143
-0.0137448962777853
-0.0180173162370920
-0.0855748578906059
-0.0368221476674080
-0.0074233380146325
-0.0352496169507504
-0.0532777570188046
-0.0340084843337536
-0.1065694242715836
-0.0547485798597336
0.0844376534223557
-0.0132523244246840
0.0218758229166269
-0.0470669306814671
-0.0314804986119270
-0.0175270717591047
0.0239747557789087
0.0536914095282555
-0.0176611319184303
-0.0530423000454903
-0.0786443352699280
0.0270641408860683
-0.0886716097593307
0.0116397459059954
-0.0443911254405975
-0.0841347128152847
-0.0338734835386276
-0.0301350709050894
0.0091694705188274
-0.0751527249813080
-0.0075563136488199
-0.0252041872590780
-0.0418319925665855
-0.0212872494012117
-0.0784638971090317
0.0968315750360489
-0.0270410217344761
-0.0211374443024397
-0.0305185504257679
0.0333204939961433
-0.0152801144868135
-0.0221241749823093
0.0183541215956211
0.1030380204319954
0.0633985921740532
0.0666609853506088
0.0100528597831726
0.0574485845863819
0.0161356367170811
-0.0774969682097435
0.0026460646186024
0.0093198074027896
-0.0381619818508625
0.0214130133390427
0.0456217527389526
0.0199436452239752
-0.0108690755441785
0.0494375675916672
-0.0350173488259315
0.0193259157240391
0.0616980679333210
-0.0028874818235636
0.0273108854889870
0.0236805565655231
0.0219690278172493
0.0106570096686482
0.0531318783760071
-0.0160043984651566
0.0346523746848106
-0.0537336990237236
-0.0300758928060532
0.0027244552038610
0.0398195199668407
-0.0550202429294586
0.0510323867201805
-0.0256051886826754
-0.0602008625864983
-0.0772242248058319
0.0792804807424545
0.0603030733764172
0.0195332188159227
-0.0885287597775459
0.0469863973557949
0.0452930182218552
-0.0129332244396210
0.0878014117479324
0.0504203848540783
-0.0163258928805590
0.0154368495568633
0.0254184678196907
0.0275665074586868
-0.0435377433896065
-0.0646440833806992
0.0235687568783760
-0.0487190969288349
0.0109923435375094
0.0310694333165884
0.0037031173706055
0.0123032536357641
-0.0278709083795547
0.0364335216581821
-0.0336618535220623
-0.0609994903206825
-0.0117251453921199
0.0710189044475555
0.0438743941485882
0.0081012547016144
0.0775284320116043
-0.0683257058262825
0.0374637991189957
-0.0133938323706388
0.0290768370032310
0.0452490597963333
0.0554615557193756
0.0332841947674751
0.0127257695421576
0.0358708500862122
-0.0518448278307915
0.0244067572057247
-0.0677260607481003
-0.0361303500831127
0.0054578785784543
0.0064679840579629
0.0248658154159784
-0.0414322018623352
-0.0153975961729884
0.0151560790836811
-0.0164627563208342
-0.0342596322298050
-0.0067760623060167
-0.0767416879534721
0.0100429318845272
0.0530120469629765
0.0269703641533852
-0.0671923235058784
0.0068420232273638
-0.0011856628116220
-0.0640857368707657
0.0540810152888298
-0.0030002568382770
0.0373833663761616
-0.0750761255621910
-0.0199431274086237
0.0097261779010296
0.0319241434335709
-0.0290833059698343
-0.0761649608612061
0.0209103692322969
0.0228382628411055
-0.0360677801072598
0.0081542087718844
-0.0255876630544662
0.0594075322151184
-0.0800445005297661
0.0372381359338760
-0.0402185469865799
-0.0785927250981331
-0.0041720885783434
-0.0236870236694813
0.0037261389661580
-0.0117049440741539
0.0050915852189064
0.0302763152867556
0.0532517060637474
-0.0422732941806316
-0.0642815157771111
0.0396567583084106
0.0306495800614357
-0.0169258229434490
0.0175409503281116
0.0632567778229713
0.0257025603204966
0.0317884944379330
0.0229446887969971
-0.0451619289815426
-0.0708449929952621
-0.0366118513047695
0.0644287019968033
0.0336443148553371
-0.0359306260943413
-0.0054823542013764
-0.0491118095815182
0.0192059520632029
0.0151596404612064
-0.0128378607332706
-0.0657415837049484
-0.0426805317401886
0.0419092699885368
0.0212128963321447
0.0110939387232065
-0.0218291971832514
0.0886898338794708
-0.0927915498614311
-0.0649180486798286
-0.0297282170504332
-0.0078544607385993
-0.0360990464687347
0.0197496712207794
0.0738528296351433
0.0562132559716702
-0.0547100268304348
-0.0357580669224262
-0.0409927517175674
0.0001279601856368
-0.0220845434814692
0.0623963698744774
-0.0375437736511230
-0.0341457314789295
0.0376398898661137
0.0370956920087337
-0.0038823313079774
0.0525435470044613
0.0378217734396458
0.0270980577915907
0.0708655044436455
0.0609460063278675
-0.0287363529205322
-0.0332095734775066
0.0730300471186638
0.0203398931771517
0.0948852747678757
0.0496819168329239
0.0372240915894508
-0.0544635094702244
0.0280505996197462
0.0250914916396141
-0.0214769374579191
-0.0261582732200623
0.0387214086949825
-0.0674149170517921
0.0161451436579227
0.0390262566506863
-0.0109795136377215
0.0025037135928869
0.0014066514559090
0.0785970762372017
0.0167422909289598
0.1016053557395935
0.0003487009962555
-0.0114332465454936
-0.0156876444816589
-0.0078924763947725
0.0252267606556416
0.0807965695858002
-0.0215840600430965
-0.0034107679966837
-0.0776102915406227
0.0385514870285988
-0.0352751612663269
-0.0303452387452126
0.0500634461641312
-0.0222646333277225
-0.0776682794094086
-0.0039564007893205
-0.0348093211650848
0.0113484142348170
0.0609106905758381
-0.0057201115414500
0.0191481914371252
0.0531318560242653
0.0396393164992332
-0.0823007822036743
-0.0228463746607304
-0.0721096619963646
0.0515594892203808
-0.0637500435113907
0.0512133426964283
0.0146480211988091
0.0110069783404469
-0.0199789479374886
-0.0338822789490223
-0.0430521033704281
0.0419406108558178
-0.0784332379698753
-0.0701337084174156
-0.0344043932855129
-0.0059985280968249
0.0316071026027203
-0.0432353205978870
-0.0583914853632450
0.0175550002604723
0.0336322039365768
0.0122886421158910
0.0308652576059103
-0.0577976480126381
0.0425415970385075
0.0722930729389191
0.0284446757286787
-0.1011906564235687
-0.0476053245365620
-0.0551806576550007
0.0289866439998150
-0.0499785058200359
0.0626112893223763
-0.0286647807806730
0.0404335893690586
0.0725422948598862
-0.0855870023369789
0.0595282502472401
0.0296970903873444
0.0355458334088326
-0.0277976710349321
-0.0892675071954727
0.0088814506307244
-0.0638086423277855
0.0734774619340897
0.0090433452278376
0.0002844035334419
-0.0062958332709968
-0.0162195116281509
-0.0116011621430516
-0.0235909763723612
0.0245081894099712
-0.0091358516365290
-0.0845454111695290
0.0156494323164225
-0.0312145333737135
-0.1025521457195282
0.0020807809196413
0.0233088470995426
0.0725597143173218
-0.0176143553107977
0.0945283994078636
-0.0100042372941971
-0.0162042789161205
-0.0261107999831438
-0.0589845329523087
-0.0045895953662694
-0.0249151624739170
0.0253946334123611
-0.0116164777427912
0.0234177242964506
-0.0140452217310667
0.0111867683008313
0.0338456369936466
0.0350750721991062
0.0160558093339205
0.0285794697701931
0.0294662993401289
-0.0325398519635201
-0.0623039528727531
-0.0895572081208229
0.0258104130625725
0.0500143282115459
0.0316791050136089
-0.0006917117862031
0.0127854682505131
-0.0533026531338692
0.0716236531734467
-0.0483238510787487
0.0201994013041258
-0.0213774573057890
-0.0756596997380257
-0.0369157157838345
-0.0399306565523148
-0.0447582602500916
-0.0102347033098340
0.0442930422723293
-0.0650469586253166
-0.0524153970181942
-0.0441533587872982
-0.0063633183017373
0.0051693874411285
-0.0171268619596958
-0.0244691595435143
-0.0093919942155480
-0.0066242632456124
0.0257618855684996
0.0593494102358818
-0.0510852597653866
0.0329312458634377
0.0169888921082020
0.0249525345861912
-0.0908912122249603
0.0067485566250980
0.0254468172788620
0.0257161781191826
-0.0574478730559349
-0.0407351776957512
-0.0318457521498203
0.0419962070882320
0.0067680026404560
-0.0246783718466759
0.0227575935423374
0.0399628765881062
0.0685391426086426
0.0419708900153637
0.0330021232366562
-0.0408643037080765
0.0036697352770716
0.0025052747223526
0.0003052205429412
-0.0342883504927158
0.0207045134156942
-0.0563078932464123
0.0015082232421264
-0.0201586149632931
0.0305702034384012
0.0186011046171188
0.0342278815805912
0.0753455832600594
0.0293697025626898
-0.0263306125998497
-0.0004991532769054
-0.0430441312491894
0.0840936452150345
-0.0009628300904296
-0.0085946172475815
-0.0720229744911194
-0.0689736902713776
-0.0769356861710548
-0.0078882565721869
0.0480218604207039
-0.0191386584192514
-0.0504612289369106
-0.0284382365643978
-0.0118465172126889
0.0527639575302601
0.0565547607839108
-0.0788105800747871
-0.0567346215248108
0.0267612673342228
-0.0427207015454769
-0.0361420288681984
-0.0281472429633141
-0.0561623312532902
0.0253427475690842
0.0352637693285942
0.1014351397752762
0.0308541487902403
-0.0260474458336830
0.0341709591448307
0.0198274794965982
-0.0725366845726967
0.0425237007439137
0.0448103733360767
0.0398523807525635
0.0073733376339078
-0.0696547701954842
-0.0282975938171148
0.0211072973906994
0.0920618176460266
0.0536941438913345
-0.0217384248971939
0.0756339430809021
-0.0311944447457790
-0.0516328588128090
0.0914541333913803
0.0568327195942402
-0.0087419971823692
0.0122706126421690
0.0174573138356209
0.0333456061780453
-0.0500713363289833
-0.0074012191034853
0.0077675934880972
-0.0236133281141520
0.0264266394078732
-0.0438425503671169
-0.0892165377736092
-0.0281920097768307
0.0165630690753460
0.0319219492375851
-0.0246235374361277
-0.0342495851218700
0.0440325401723385
-0.0222759563475847
-0.0067827524617314
0.0392928831279278
-0.0818242430686951
0.0258817709982395
-0.0513775534927845
0.0549204424023628
0.0242085959762335
-0.0633115842938423
0.0274285357445478
-0.0267806407064199
-0.0262384507805109
-0.0575321763753891
0.0008475722861476
0.0852400213479996
-0.0305028241127729
0.0071213543415070
0.0245879180729389
-0.0081337299197912
