0.0367774367332458
0.0873283371329308
-0.0539109371602535
0.0537648499011993
-0.0230690166354179
0.0579725243151188
0.0690626949071884
-0.0825330317020416
-0.0193556733429432
0.0912894904613495
-0.0677296593785286
-0.0756365656852722
0.0261995214968920
-0.0130483480170369
-0.0750297904014587
-0.0525197908282280
-0.0316030085086823
-0.0411563180387020
0.1165073215961456
0.0201890133321285
-0.0299700982868671
-0.0929729416966438
0.0261222347617149
-0.0650007277727127
-0.0642970204353333
0.0733222812414169
0.0130462255328894
-0.0859121009707451
-0.0418697223067284
0.0305349007248878
-0.0757594332098961
-0.1113679707050323
-0.0149805480614305
-0.0511449724435806
-0.0499962344765663
-0.0222260449081659
-0.0534230098128319
0.0003400291025173
0.0623017996549606
-0.0367116853594780
0.0380397401750088
0.1460471749305725
-0.0206505414098501
0.0840799286961555
0.0656446292996407
-0.0228515956550837
-0.1032205447554588
0.0435267984867096
0.0492507815361023
-0.1136903315782547
0.0108707798644900
0.0501974001526833
0.1089487001299858
-0.1342376768589020
0.0253981221467257
0.0544643066823483
-0.0764376819133759
0.0418090373277664
0.0240906067192554
0.0344790518283844
0.0016979677602649
0.0350255668163300
0.0459900833666325
0.0793769285082817
-0.0177539605647326
-0.0780716091394424
0.0683816298842430
0.0707191601395607
-0.0161198079586029
0.0493832938373089
-0.0375097356736660
-0.0867417305707932
-0.0833175331354141
0.0143060311675072
0.0228273943066597
-0.0147064952179790
0.0780464857816696
-0.0949027314782143
0.0691443532705307
0.0584815181791782
-0.0086689554154873
0.0125481775030494
-0.0233373530209064
0.0436261445283890
-0.0615786761045456
-0.0082460129633546
-0.0984806045889854
0.0993372350931168
0.0478778146207333
-0.1060886606574059
0.0201559476554394
-0.0821460261940956
0.0246282368898392
-0.0590501092374325
0.0692477598786354
0.0106547102332115
-0.0480466671288013
-0.0312405247241259
-0.1057826355099678
0.1316912472248077
-0.0023206213954836
0.0262237656861544
0.0104817394167185
-0.0212565436959267
-0.1262891739606857
-0.0195670910179615
-0.1439084857702255
-0.1075819581747055
-0.0457665883004665
-0.0369966328144073
0.0030214730650187
0.0104717556387186
0.0015644133090973
-0.0057794600725174
-0.0550083257257938
-0.0466857179999352
-0.0604375973343849
-0.0638362690806389
-0.0051996465772390
0.0742190033197403
0.0084824683144689
0.0284822415560484
-0.0216130558401346
0.0120190829038620
-0.0606031082570553
0.0582601018249989
0.0178578346967697
0.0294062104076147
0.0313744358718395
-0.0025889200624079
-0.0022648395970464
-0.0128956884145737
0.0256168413907290
-0.0732181668281555
0.0008258298039436
-0.0787314772605896
0.0627849027514458
0.0728763639926910
0.0224373154342175
-0.0010697529651225
-0.0068590710870922
-0.0756746679544449
-0.0459955446422100
0.0382850542664528
-0.0999559387564659
-0.0751429200172424
0.0303054265677929
0.1251798272132874
-0.0751792341470718
0.0498465485870838
0.0586587712168694
0.0326657667756081
0.0088999290019274
-0.0165048819035292
0.0644868537783623
0.0324262902140617
-0.0471531040966511
0.0386399179697037
-0.1047868505120277
-0.1029282510280609
-0.0506183318793774
0.0719572007656097
-0.0030216611921787
0.0142150921747088
-0.0850138217210770
-0.1381058692932129
0.0645300596952438
-0.0090979868546128
0.0652568042278290
-0.0697956681251526
0.0010248934850097
0.0120294354856014
0.0614667385816574
0.0809719040989876
0.1141479685902596
-0.0494990348815918
-0.1616326272487640
0.0262735541909933
-0.0930671989917755
-0.0508737228810787
-0.0525398217141628
-0.0188803896307945
-0.1100113168358803
0.0605402290821075
0.0310990288853645
0.0076175797730684
-0.0147111145779490
-0.0364693328738213
0.0435342341661453
0.0629050582647324
0.0291455071419477
-0.0492035821080208
0.0887006446719170
0.0071921311318874
-0.0277607794851065
-0.0018823194550350
0.0853099301457405
0.0180159453302622
-0.1173192858695984
0.0251564253121614
0.0438467040657997
-0.0110509302467108
-0.0399394296109676
0.0524787083268166
0.0708490088582039
-0.0630861222743988
-0.0566067136824131
0.0150951482355595
-0.0958463996648788
0.0746046751737595
0.0237770788371563
-0.0871084034442902
-0.0861044824123383
-0.0544658824801445
0.0602744705975056
0.0732134208083153
-0.0428682528436184
0.0236513465642929
0.0218547005206347
-0.0392531864345074
-0.0049760076217353
0.0920483991503716
0.0270799081772566
-0.0482305362820625
0.0168675780296326
-0.0570435971021652
-0.0674960911273956
-0.0088156014680862
0.0465679727494717
0.0092700459063053
0.1287781596183777
0.0872231349349022
0.0241333749145269
0.1074134856462479
0.0044209868647158
-0.0466471947729588
0.0763685554265976
0.0782461985945702
-0.0535151623189449
0.0714276060461998
0.0763160064816475
-0.0115630654618144
0.0158310048282146
-0.0866840332746506
-0.0943686738610268
0.0833090171217918
0.0137072894722223
-0.0229936260730028
0.0691802278161049
0.1451715528964996
0.0836175680160522
0.0514850765466690
-0.0872081741690636
-0.0546862632036209
-0.0078254537656903
0.0930766016244888
-0.1043773069977760
-0.0666568353772163
-0.0796701833605766
-0.0264680925756693
-0.0418419353663921
-0.0746332630515099
-0.0233039036393166
0.0118718827143312
0.0168049596250057
0.1378111094236374
-0.0713590756058693
0.1587294936180115
-0.0357427000999451
0.0967827215790749
0.0562149621546268
0.0034342871513218
-0.2846089303493500
-0.0703353434801102
0.0153277991339564
-0.2881712019443512
-0.0711249783635139
-0.0796042531728745
0.1240435689687729
0.0401633307337761
0.0787945315241814
-0.0955637171864510
-0.1921855062246323
-0.1810366362333298
0.0819923579692841
-0.1000702679157257
-0.1327680945396423
-0.1010987758636475
0.0258337091654539
-0.0799280777573586
-0.1526339501142502
-0.1457080096006393
0.1083621531724930
0.0394229851663113
-0.0456750467419624
-0.1987222284078598
-0.1409029960632324
-0.0731152221560478
0.0151881724596024
-0.1159247383475304
-0.1084075421094894
0.1659370213747025
0.2600326836109161
-0.2020125389099121
0.0210333913564682
0.1239029765129089
-0.0163494609296322
0.0652121454477310
0.0633554756641388
-0.2277033776044846
0.0144277689978480
-0.2012831568717957
0.1056177318096161
0.1156621798872948
-0.1523972749710083
0.1558001637458801
-0.0031959116458893
0.2645350694656372
-0.0100394431501627
-0.1640513986349106
0.0110473809763789
-0.0135811297222972
-0.0724293068051338
0.0227284766733646
-0.0062009007669985
0.0061434214003384
0.0023341744672507
-0.0024483911693096
0.0595825500786304
0.0282632671296597
-0.0190782994031906
0.0027705165557563
-0.0161222741007805
-0.0492965541779995
-0.0377489179372787
-0.0131702320650220
-0.0648027807474136
0.0579367689788342
0.0617788732051849
0.0717053264379501
0.0351973809301853
-0.0597343742847443
-0.0444204434752464
0.0368126258254051
-0.0045606675557792
-0.0166658274829388
-0.0757740437984467
-0.0074256351217628
-0.0596434734761715
-0.0602562911808491
-0.0342319421470165
0.0144308926537633
-0.0285395942628384
-0.0656869187951088
-0.0396191217005253
-0.0861849859356880
-0.0579471476376057
0.0586129501461983
0.0083935474976897
0.0290679857134819
-0.0408190190792084
-0.0206710565835238
0.0165820550173521
0.0374603308737278
0.0223352275788784
-0.0491172671318054
-0.0339164361357689
-0.0925091058015823
0.0191169884055853
-0.0507428236305714
-0.0091044353321195
-0.0504402220249176
-0.0758346766233444
-0.0449883192777634
-0.0300886165350676
0.0028037910815328
-0.0623760037124157
-0.0301994681358337
-0.0084237596020103
-0.0525858961045742
0.0035473438911140
-0.0722498670220375
0.0775615349411964
-0.0200954657047987
-0.0197073537856340
-0.0212049502879381
0.0226815175265074
0.0129589261487126
-0.0129405912011862
0.0368869379162788
0.0727228447794914
0.0589150339365005
0.0455314293503761
0.0346434749662876
0.0557485185563564
-0.0206403471529484
-0.0698108449578285
0.0108741801232100
0.0108425030484796
-0.0343272723257542
0.0460034683346748
0.0668330937623978
0.0055816327221692
-0.0125965857878327
0.0426665432751179
0.0076296986080706
0.0375433973968029
0.0713419020175934
0.0007278237026185
0.0113723305985332
0.0148122515529394
-0.0239706356078386
-0.0143434964120388
0.0453650839626789
-0.0223530717194080
0.0331046320497990
-0.0548362657427788
0.0177411045879126
-0.0241646915674210
0.0342534855008125
-0.0515864714980125
0.0455338023602962
-0.0136114396154881
-0.0763312503695488
-0.0771636143326759
0.0722324103116989
0.0518263541162014
0.0573956742882729
-0.0660155639052391
0.0496994927525520
0.0447297655045986
0.0052927988581359
0.0900054723024368
0.0437410250306129
-0.0261644702404737
0.0346117243170738
-0.0033007976599038
0.0463369190692902
-0.0263192560523748
-0.0514980889856815
0.0263655688613653
-0.0480386428534985
0.0208256505429745
0.0164476651698351
0.0357404835522175
0.0090712308883667
-0.0331527777016163
0.0346919707953930
-0.0132815074175596
-0.0214798692613840
-0.0129235247150064
0.0428960472345352
0.0147348735481501
0.0261777974665165
0.0645360052585602
-0.0360050611197948
-0.0172475911676884
0.0275306180119514
0.0343980863690376
0.0873032957315445
0.0706570073962212
0.0237225499004126
-0.0155197232961655
0.0536053664982319
-0.0790928974747658
-0.0051109599880874
-0.0586297027766705
-0.0221784003078938
0.0035188158508390
-0.0269266348332167
0.0508115105330944
-0.0424527376890182
-0.0427117943763733
-0.0020195210818201
-0.0036515865940601
-0.0424162819981575
0.0141951804980636
-0.0875388756394386
0.0428053550422192
0.0306168459355831
0.0688419118523598
-0.0650609359145164
0.0060030203312635
-0.0124826990067959
-0.0896654576063156
0.0644380226731300
-0.0073092901147902
0.0408112220466137
-0.0721902549266815
-0.0253080260008574
-0.0225791223347187
0.0176856499165297
-0.0191925540566444
-0.0869460925459862
0.0145547064021230
0.0209310259670019
-0.0664375796914101
0.0114916972815990
-0.0302561055868864
0.0598520599305630
-0.0585911162197590
-0.0187592338770628
-0.0416904054582119
-0.0585183613002300
-0.0090106977149844
-0.0211795214563608
0.0045967753976583
0.0091806696727872
-0.0182052645832300
0.0281441863626242
0.0678158625960350
-0.0408730767667294
-0.0710128769278526
0.0448050163686275
0.0400718525052071
-0.0349832847714424
0.0278446413576603
0.0522805340588093
-0.0021748545113951
0.0137125318869948
0.0184809174388647
-0.0394046381115913
-0.0738178044557571
0.0126888481900096
0.0730270594358444
0.0125640472397208
-0.0266375783830881
-0.0367595851421356
-0.0385232493281364
-0.0049882777966559
0.0273802783340216
-0.0023068168666214
-0.0779475718736649
-0.0754247158765793
0.0049568191170692
-0.0172719191759825
-0.0216712169349194
-0.0207608249038458
0.0789606645703316
-0.0952055528759956
-0.0478328168392181
-0.0223333984613419
0.0175042748451233
-0.0635965988039970
0.0237253699451685
0.0397788584232330
0.0410820171236992
-0.0524718537926674
-0.0222077351063490
-0.0250113718211651
-0.0140384314581752
-0.0388666391372681
0.0565587915480137
-0.0077426172792912
-0.0476794131100178
0.0677642598748207
0.0583738908171654
0.0179784558713436
0.0524283386766911
0.0367108322679996
0.0364953354001045
0.0532713383436203
0.0514303036034107
-0.0290325172245502
-0.0420928373932838
0.0610573440790176
0.0107286116108298
0.0700895711779594
0.0513597987592220
0.0104718571528792
-0.0471682399511337
0.0361629575490952
0.0160044375807047
-0.0317865014076233
-0.0420481562614441
0.0765497460961342
-0.0550608374178410
0.0160504058003426
0.0486852414906025
-0.0020911002065986
0.0001709209172986
-0.0166293196380138
0.0823143124580383
-0.0255232378840446
0.0766818225383759
-0.0154022052884102
-0.0077208024449646
-0.0063584558665752
0.0091240750625730
0.0123436152935028
0.0410281084477901
-0.0075901183299720
0.0249221399426460
-0.0673681795597076
0.0417430810630322
-0.0232749730348587
-0.0268234796822071
0.0546283312141895
-0.0146557409316301
-0.0640994533896446
-0.0168685168027878
-0.0386727452278137
-0.0106175728142262
0.0621657297015190
-0.0187447033822536
0.0318967327475548
0.0516566671431065
0.0320641994476318
-0.0684554800391197
-0.0193248186260462
-0.0395101048052311
0.0209506433457136
-0.0671060308814049
0.0290280953049660
-0.0265239384025335
-0.0052786767482758
-0.0073612900450826
-0.0245865173637867
-0.0424843467772007
0.0654024034738541
-0.0784328654408455
-0.0501428917050362
-0.0014484616694972
0.0036966574843973
0.0110746994614601
-0.0168742779642344
-0.0419032685458660
0.0463817566633224
0.0351824313402176
-0.0193824749439955
0.0097261210903525
-0.0107043366879225
0.0083529064431787
0.0638812184333801
0.0106943584978580
-0.0830955505371094
-0.0238895416259766
-0.0447363890707493
0.0524184443056583
-0.0641971901059151
0.0890814140439034
-0.0702590644359589
0.0351607538759708
0.0704464241862297
-0.0626247674226761
0.0397394485771656
0.0341525189578533
0.0120720826089382
-0.0241572782397270
-0.0948275253176689
0.0344327799975872
-0.0979375764727592
0.0807050094008446
0.0047436254099011
0.0148811750113964
-0.0075268540531397
-0.0082694143056870
-0.0292646922171116
-0.0358741581439972
0.0125852078199387
-0.0264104399830103
-0.0748744755983353
0.0417528636753559
-0.0000016252902242
-0.1167648360133171
-0.0356098078191280
0.0257193576544523
0.0840474218130112
-0.0129453148692846
0.0844358727335930
0.0012089118827134
-0.0060086161829531
-0.0474877096712589
-0.0634224191308022
-0.0019688447937369
0.0265248119831085
-0.0212866328656673
-0.0041998443193734
0.0174364820122719
-0.0264642033725977
-0.0141041157767177
0.0663319006562233
0.0274047963321209
-0.0082611646503210
0.0297990031540394
0.0692390799522400
-0.0280154831707478
-0.0486913584172726
-0.0896903574466705
0.0158739648759365
0.0779794380068779
0.0477835945785046
-0.0182443913072348
0.0077206725254655
-0.0420581512153149
0.1065938472747803
-0.0741222947835922
0.0362813398241997
-0.0174159258604050
-0.0654479339718819
-0.0300298165529966
-0.0435177050530910
-0.0220838300883770
-0.0182818379253149
0.0564550347626209
-0.0570196472108364
-0.0584765151143074
-0.0615722201764584
0.0047533684410155
-0.0404644198715687
-0.0126188164576888
-0.0085195954889059
-0.0080764694139361
-0.0403778590261936
0.0331299789249897
0.0531919859349728
-0.0849622637033463
0.0498817898333073
0.0138119049370289
0.0598460957407951
-0.0657663419842720
0.0023548135068268
0.0254702288657427
0.0229730252176523
-0.0772125422954559
-0.0559603758156300
-0.0686989426612854
0.0540225543081760
-0.0106293000280857
-0.0117759453132749
0.0187715031206608
0.0139294229447842
0.0453334525227547
0.0261891111731529
0.0655552893877029
-0.0348291508853436
0.0128529565408826
-0.0407391935586929
-0.0316287577152252
-0.0089754788205028
0.0316575877368450
-0.0539605021476746
0.0070211170241237
-0.0242666192352772
0.0363861918449402
0.0198498461395502
0.0499308332800865
0.0864977687597275
0.0077663674019277
-0.0284770559519529
-0.0248948521912098
-0.0276050828397274
0.0881656408309937
0.0225951690226793
-0.0098505783826113
-0.0568440183997154
-0.0755604654550552
-0.0481391251087189
-0.0106827830895782
0.0497498065233231
0.0217293947935104
-0.0616356953978539
-0.0840089991688728
-0.0278533007949591
0.0565201789140701
0.0461390428245068
-0.0807347521185875
-0.0512288697063923
0.0332578085362911
-0.0210953112691641
-0.0236382093280554
-0.0050699342973530
-0.0361023284494877
0.0102217746898532
0.0306642297655344
0.0685028210282326
0.0277408342808485
0.0077460790053010
0.0211003385484219
-0.0065630329772830
-0.0585358031094074
0.0229256097227335
0.0158669911324978
0.0499034114181995
0.0066993958316743
-0.0586645528674126
-0.0209511555731297
-0.0106956278905272
0.0825513452291489
0.0070663816295564
-0.0297360718250275
0.0190124455839396
-0.0415493585169315
-0.0524051189422607
0.0664962008595467
0.0636977255344391
-0.0312908962368965
0.0497160218656063
0.0113502033054829
0.0153163112699986
-0.0716845467686653
-0.0022433940321207
0.0372913181781769
0.0153660709038377
0.0186965856701136
-0.0402943305671215
-0.0601374618709087
-0.0492793843150139
-0.0024671491701156
0.0286922454833984
-0.0575782544910908
-0.0451021976768970
0.0750024914741516
-0.0193980596959591
0.0302371643483639
0.0520882532000542
-0.0808415412902832
-0.0118867121636868
-0.0787385031580925
0.0448583252727985
0.0101090930402279
-0.0893309637904167
0.0727193951606750
-0.0263614039868116
-0.0304257962852716
-0.0351958498358727
0.0083437385037541
0.0587347038090229
-0.0312546007335186
0.0165162906050682
0.0228466466069221
-0.0036258241161704
