0.0481947846710682
0.1132487729191780
-0.0557603649795055
0.0754032582044601
-0.0197185222059488
0.0551675260066986
0.0701846331357956
-0.0879162400960922
-0.0214228536933661
0.0767893195152283
-0.0489005222916603
-0.0698877871036530
0.0632944107055664
-0.0124272881075740
-0.0603400319814682
-0.0455175265669823
-0.0217405389994383
-0.0065773059614003
0.1123636066913605
0.0472643412649632
-0.0223338082432747
-0.1100416332483292
0.0246499013155699
-0.0834424644708633
-0.0609522126615047
0.0343914330005646
0.0044217808172107
-0.0926132351160049
-0.0540527217090130
0.0165162477642298
-0.0666173920035362
-0.1090402230620384
-0.0284944903105497
-0.0490471944212914
-0.0170753430575132
-0.0169971678406000
-0.0553045310080051
0.0253467187285423
0.0821774676442146
-0.0578420646488667
0.0315656512975693
0.1135219186544418
-0.0419480428099632
0.0559336505830288
0.0576210021972656
-0.0240873079746962
-0.0981648638844490
0.0501384586095810
0.0677106082439423
-0.1191845014691353
0.0229358207434416
0.0569976866245270
0.1036501452326775
-0.1082146018743515
0.0214540809392929
0.0484020523726940
-0.0847589671611786
0.0361779816448689
0.0038622752763331
-0.0017938383389264
-0.0363141894340515
0.0030278069898486
0.0394837185740471
0.0843857154250145
0.0032039748039097
-0.0806031674146652
0.0653917044401169
0.0595146417617798
-0.0397885590791702
0.0549990683794022
-0.0504462905228138
-0.0858581662178040
-0.0812783986330032
0.0264281500130892
0.0087939156219363
-0.0481585972011089
0.0779753476381302
-0.0888696536421776
0.0564071200788021
0.0655338168144226
0.0104707526043057
0.0233744680881500
-0.0115125346928835
0.0275041162967682
-0.0653802230954170
0.0176848880946636
-0.1097559183835983
0.0787550806999207
0.0891921669244766
-0.1304854452610016
0.0355390384793282
-0.0958804562687874
0.0257846191525459
-0.0524013824760914
0.0883848890662193
-0.0046999128535390
-0.0495742559432983
-0.0465289466083050
-0.0975179523229599
0.1099663674831390
0.0089762788265944
0.0319366455078125
-0.0143920928239822
-0.0504153557121754
-0.1135161295533180
-0.0261206533759832
-0.1365238130092621
-0.0956885516643524
-0.0646694526076317
-0.0426255650818348
-0.0014670923119411
0.0293410401791334
-0.0151829840615392
0.0118592437356710
-0.0463763028383255
-0.0695668384432793
-0.0463805571198463
-0.0699425116181374
0.0264981538057327
0.0595562011003494
0.0324564874172211
0.0112011022865772
-0.0105698853731155
-0.0024210163392127
-0.0730467885732651
0.0719087570905685
0.0299160573631525
0.0145718818530440
0.0018044414464384
-0.0280582234263420
-0.0090997088700533
-0.0026673257816583
-0.0289745312184095
-0.0280497465282679
0.0364262796938419
-0.0637240707874298
0.0513332411646843
0.0572573766112328
0.0315054319798946
0.0048881783150136
0.0144749414175749
-0.0580735430121422
-0.0609907917678356
0.0384384840726852
-0.1183660253882408
-0.0768999606370926
0.0513754971325397
0.1301351487636566
-0.0623420365154743
0.0640338361263275
0.0329808183014393
0.0170008558779955
-0.0074934549629688
-0.0201936047524214
0.0470004044473171
0.0057573975063860
-0.0619501471519470
0.0329204015433788
-0.1038912683725357
-0.1051673144102097
-0.0434332564473152
0.0467516779899597
-0.0057736900635064
-0.0041810674592853
-0.0749582797288895
-0.1310513168573380
0.0789153650403023
0.0031050476245582
0.0707484111189842
-0.0748167932033539
-0.0018562243785709
0.0349711254239082
0.0924300923943520
0.0736829042434692
0.1069169342517853
-0.0635994523763657
-0.1425324082374573
0.0562303140759468
-0.0738671943545341
-0.0358089767396450
-0.0640789940953255
-0.0195820927619934
-0.0941605195403099
0.0407583937048912
0.0586623027920723
0.0237004086375237
-0.0384498909115791
-0.0309974737465382
0.0207314472645521
0.0526668578386307
0.0247678626328707
-0.0115577233955264
0.0782832056283951
0.0150892361998558
-0.0328738056123257
0.0032462412491441
0.1016984879970551
-0.0099527230486274
-0.0992653518915176
0.0080450242385268
0.0290071424096823
0.0112594040110707
0.0014592671068385
0.0538531914353371
0.0924440026283264
-0.0522730909287930
-0.0558063276112080
0.0147037999704480
-0.0963612943887711
0.0729124918580055
0.0391232632100582
-0.0852098166942596
-0.0938239544630051
-0.0648383945226669
0.0590415932238102
0.0730994492769241
-0.0784470438957214
-0.0071969414129853
0.0443128645420074
-0.0624725371599197
-0.0095422873273492
0.0881481021642685
0.0048729893751442
-0.0524786598980427
0.0105520738288760
-0.0611307621002197
-0.0591529048979282
-0.0093946997076273
0.0118458708748221
0.0105367479845881
0.1403640806674957
0.0796720534563065
0.0471212565898895
0.1387669444084167
0.0154444826766849
-0.0650096014142036
0.0985282436013222
0.0589986145496368
-0.0571212135255337
0.0706671178340912
0.0597435608506203
-0.0189325958490372
0.0118494834750891
-0.1009917035698891
-0.0700067058205605
0.0811332464218140
0.0512061454355717
-0.0042669344693422
0.0630187764763832
0.1318547278642654
0.0962246060371399
0.0589218512177467
-0.0896042957901955
-0.0278675779700279
0.0360173806548119
0.0909085944294930
-0.1539685875177383
-0.0788516104221344
-0.1148350536823273
-0.1014995425939560
0.0034591867588460
-0.1271143704652786
0.0171127989888191
0.0524144731462002
0.0535851567983627
0.0712149366736412
-0.0988804548978806
0.0890859141945839
0.0105252070352435
0.1292674243450165
0.0292555540800095
0.0557936131954193
-0.2816838324069977
-0.0193668063730001
0.0285397842526436
-0.2438043057918549
-0.0517820715904236
-0.0264973044395447
0.0566002875566483
-0.0778479054570198
0.0370239354670048
-0.0791775062680244
-0.2321317791938782
-0.1727121919393539
0.1203038915991783
-0.1095471903681755
-0.1103961989283562
-0.0549473240971565
0.0331951268017292
-0.1213999986648560
-0.1651101559400558
-0.1049852147698402
0.1292294859886169
-0.0179601553827524
-0.0473881140351295
-0.2132292985916138
-0.1296444386243820
-0.0935108140110970
0.0089700371026993
-0.1070741415023804
-0.1344899833202362
0.0975402444601059
0.2674767971038818
-0.2198774367570877
-0.0182309746742249
0.0958798006176949
-0.0604424737393856
0.0757436230778694
0.0667564868927002
-0.1934046149253845
0.0452941209077835
-0.3110568523406982
0.0861802324652672
0.0303145088255405
-0.1905707567930222
0.1061214804649353
0.0350932180881500
0.2652141153812408
-0.0074876258149743
-0.0684747174382210
0.0076776221394539
0.0065547483973205
-0.0813210904598236
0.0176325719803572
-0.0210252758115530
0.0274016670882702
-0.0031940855551511
0.0135398656129837
0.0872635692358017
0.0261605978012085
-0.0385108105838299
0.0048210732638836
-0.0194042753428221
-0.0578344762325287
-0.0593542493879795
-0.0005204653134570
-0.0421374551951885
0.0642961263656616
0.0630621761083603
0.0554584637284279
0.0378987826406956
-0.0836302712559700
-0.0334522724151611
0.0335538610816002
-0.0108316848054528
-0.0431587435305119
-0.0740736424922943
-0.0004669344052672
-0.0552299506962299
-0.0787023454904556
-0.0210525840520859
0.0154235400259495
-0.0133850248530507
-0.0630809813737869
-0.0553429611027241
-0.0958027541637421
-0.0459946021437645
0.0629657059907913
-0.0175382997840643
0.0287358835339546
-0.0373638868331909
-0.0302455779165030
-0.0213232785463333
0.0397118739783764
0.0240737907588482
-0.0573364682495594
-0.0604161694645882
-0.0897513553500175
0.0186005961149931
-0.0670394003391266
-0.0227905604988337
-0.0688818618655205
-0.0941504687070847
-0.0405519008636475
0.0070813591592014
-0.0075008161365986
-0.0747852846980095
-0.0133205978199840
-0.0100460415706038
-0.0450690351426601
0.0177406370639801
-0.0698816701769829
0.0809519886970520
-0.0295723285526037
-0.0201386306434870
-0.0131128402426839
0.0152394343167543
0.0071956678293645
-0.0095760170370340
0.0474609211087227
0.0655585676431656
0.0424580611288548
0.0378167629241943
0.0196786504238844
0.0507228933274746
-0.0013083895901218
-0.0709358304738998
0.0057098455727100
0.0098752118647099
-0.0295089818537235
0.0645761266350746
0.0644731223583221
0.0169976186007261
0.0112700518220663
0.0421277284622192
-0.0212346483021975
0.0248437058180571
0.0737044885754585
-0.0191298183053732
-0.0137284053489566
-0.0148059614002705
0.0209447480738163
-0.0046797539107502
0.0315036922693253
0.0106005948036909
0.0275843217968941
-0.0579921342432499
-0.0033232106361538
0.0006719556404278
0.0577664375305176
-0.0428998954594135
0.0355322621762753
0.0280205700546503
-0.0619775056838989
-0.0958827361464500
0.0853829756379128
0.0460748597979546
0.0631318017840385
-0.0739773139357567
0.0478347428143024
0.0310206282883883
0.0065087610855699
0.0537343733012676
0.0397908464074135
-0.0224352162331343
0.0335273146629333
0.0346128530800343
0.0271968785673380
-0.0165219157934189
-0.0616510994732380
0.0340930707752705
-0.0385129190981388
0.0426229946315289
0.0273698251694441
0.0241262204945087
0.0289002340286970
-0.0301106553524733
0.0210622772574425
-0.0551263280212879
-0.0425568856298923
-0.0103497263044119
0.0531117692589760
0.0278719216585159
0.0299502182751894
0.0403550043702126
-0.0603812895715237
0.0028139788191766
0.0105738630518317
0.0345793031156063
0.0849540233612061
0.0528735294938087
0.0410192571580410
-0.0182325262576342
0.0214147418737411
-0.0691185668110847
0.0023399202618748
-0.0651945099234581
-0.0015540837775916
0.0223088841885328
-0.0324614979326725
0.0330473445355892
-0.0301912277936935
-0.0539443008601665
0.0050262301228940
-0.0056111779995263
-0.0212605111300945
0.0043766503222287
-0.0546807162463665
0.0522035919129848
0.0161201562732458
0.0668988972902298
-0.0737911313772202
-0.0105530535802245
-0.0046411766670644
-0.0774279385805130
0.0576317161321640
-0.0152190309017897
0.0087474677711725
-0.0606529377400875
-0.0143372062593699
-0.0255664978176355
0.0248996820300817
-0.0267742853611708
-0.1012512817978859
-0.0141225038096309
0.0273794531822205
-0.0662602335214615
-0.0105164553970098
-0.0329309850931168
0.0624368563294411
-0.0553997159004211
-0.0294692628085613
-0.0475682169198990
-0.0545586757361889
-0.0350289642810822
-0.0091725746169686
-0.0208538975566626
0.0142952492460608
-0.0036745932884514
0.0056266481988132
0.0358052253723145
-0.0346489399671555
-0.0789524838328362
0.0272523835301399
0.0443065837025642
-0.0046389610506594
0.0252835657447577
0.0575016997754574
-0.0031764502637088
0.0057467683218420
0.0256182737648487
-0.0591235123574734
-0.0662844926118851
0.0244594402611256
0.0878985524177551
0.0172737538814545
-0.0343573465943336
-0.0365276746451855
-0.0432019084692001
0.0052441074512899
0.0111648607999086
0.0019774753600359
-0.0437412858009338
-0.0605764538049698
-0.0096457833424211
-0.0061928830109537
0.0083828922361135
-0.0245903525501490
0.0490976236760616
-0.0951189845800400
-0.0517080053687096
-0.0174577385187149
-0.0068766204640269
-0.0421649999916553
0.0164127256721258
0.0398053042590618
0.0272332541644573
-0.0559133924543858
-0.0390954352915287
-0.0171926505863667
-0.0169456433504820
-0.0341699384152889
0.0384954921901226
0.0048208832740784
-0.0271342080086470
0.0518798679113388
0.0624376721680164
0.0186349116265774
0.0437588877975941
0.0463698506355286
0.0045721037313342
0.0456546880304813
0.0473188832402229
-0.0312264785170555
-0.0501261465251446
0.0522825419902802
0.0036776617635041
0.0815370678901672
0.0476350896060467
0.0275550447404385
-0.0644793584942818
0.0399788096547127
0.0036251747515053
-0.0444339327514172
-0.0617878548800945
0.0746114775538445
-0.0710388198494911
0.0153604829683900
0.0552678331732750
-0.0008516390807927
-0.0164774786680937
0.0000418496456405
0.1121650785207748
-0.0137479631230235
0.0972951799631119
0.0055470769293606
-0.0016509674023837
-0.0137462830170989
0.0095093147829175
0.0371947437524796
0.0605413801968098
-0.0080541828647256
0.0340560711920261
-0.0808251276612282
0.0300050713121891
-0.0194553863257170
-0.0317449867725372
0.0389526113867760
-0.0121346870437264
-0.0555300414562225
-0.0266461223363876
-0.0390920788049698
0.0244090277701616
0.0417430251836777
-0.0232420153915882
0.0508192926645279
0.0497963912785053
0.0244088526815176
-0.0779208093881607
-0.0206473246216774
-0.0406550578773022
0.0390824005007744
-0.0609283447265625
0.0440404266119003
-0.0141920605674386
-0.0109465997666121
-0.0073842909187078
-0.0337748937308788
-0.0326444357633591
0.0634358003735542
-0.1071750223636627
-0.0451356284320354
-0.0065437080338597
-0.0075654182583094
-0.0044100997038186
-0.0297125931829214
-0.0533609762787819
0.0353197380900383
0.0183685179799795
-0.0209417622536421
0.0019496369641274
-0.0066306665539742
0.0239696130156517
0.0484237223863602
0.0423879362642765
-0.1010467186570168
-0.0174230020493269
-0.0610575005412102
0.0527369044721127
-0.0540438070893288
0.0759568810462952
-0.0425006188452244
0.0026376326568425
0.0548386573791504
-0.0545504651963711
0.0479907467961311
0.0455415993928909
0.0096674337983131
-0.0279830023646355
-0.0719011500477791
0.0145465014502406
-0.1173364743590355
0.0672520995140076
0.0141111351549625
0.0166986584663391
-0.0144695062190294
0.0014821055810899
-0.0184707362204790
-0.0331919714808464
0.0065347966738045
-0.0173037219792604
-0.0785913616418839
0.0344586037099361
-0.0054297023452818
-0.1094092428684235
-0.0252374820411205
0.0105253253132105
0.0686850696802139
0.0174721665680408
0.1033433526754379
-0.0065695922821760
0.0109250433743000
-0.0345096662640572
-0.0693769305944443
-0.0112260440364480
0.0203517787158489
-0.0026865594554693
-0.0278988908976316
0.0199520513415337
-0.0269658211618662
-0.0058136438019574
0.0459015071392059
0.0143434843048453
0.0042217355221510
0.0178762953728437
0.0389332659542561
-0.0426563732326031
-0.0437292754650116
-0.0942372009158134
0.0040440661832690
0.0748863592743874
0.0458614900708199
-0.0095631862059236
0.0225764792412519
-0.0530214309692383
0.0911624357104301
-0.0619901679456234
0.0102146454155445
-0.0328665636479855
-0.0524907559156418
0.0029243335593492
-0.0302867274731398
-0.0270948018878698
0.0143674481660128
0.0601734854280949
-0.0654971897602081
-0.0201058220118284
-0.0771376639604568
-0.0119388299062848
-0.0340698473155499
-0.0069542620331049
-0.0365202799439430
-0.0012297113426030
-0.0137218963354826
0.0504765100777149
0.0396977774798870
-0.0809773877263069
0.0341510884463787
0.0508954264223576
0.0406457148492336
-0.0588820166885853
-0.0057599605061114
0.0352927409112453
0.0357094965875149
-0.0648786500096321
-0.0474960617721081
-0.0309063494205475
0.0332902930676937
-0.0103753777220845
-0.0307000726461411
0.0020233998075128
0.0726654008030891
0.0691259279847145
0.0176223926246166
0.0877837389707565
-0.0147869018837810
-0.0029631997458637
-0.0284501072019339
-0.0275368988513947
-0.0155688766390085
0.0341830961406231
-0.0664110779762268
0.0208464432507753
0.0067639867775142
0.0425963401794434
-0.0006491744425148
0.0463554933667183
0.0578161366283894
0.0086434688419104
-0.0364278666675091
0.0072776270098984
-0.0295842736959457
0.0879219919443130
0.0512640476226807
0.0227317810058594
-0.0582802295684814
-0.0798901394009590
-0.0799204558134079
0.0207841079682112
0.0466882884502411
-0.0005922533455305
-0.0537917800247669
-0.0641958191990852
-0.0219539590179920
0.0484870225191116
0.0588253773748875
-0.0939824655652046
-0.0600088424980640
0.0342170670628548
-0.0017393985763192
-0.0285348352044821
-0.0190066304057837
-0.0615059286355972
0.0037240050733089
0.0270443223416805
0.0863645672798157
0.0529869832098484
0.0148251075297594
0.0297249145805836
-0.0001690908538876
-0.0682739391922951
0.0192287899553776
0.0175403319299221
0.0382855124771595
-0.0085022132843733
-0.0637745782732964
-0.0286384727805853
-0.0248964652419090
0.0599430873990059
0.0145048545673490
-0.0295212492346764
0.0144259249791503
-0.0682460218667984
-0.0501128137111664
0.0489412695169449
0.0750860869884491
-0.0573215149343014
0.0236418601125479
0.0148651944473386
0.0088740997016430
-0.0741403773427010
-0.0209790151566267
0.0268496666103601
0.0021014641970396
0.0070164226926863
-0.0433297939598560
-0.0799107402563095
-0.0716335624456406
0.0252384357154369
0.0122950039803982
-0.0538528859615326
-0.0123146316036582
0.0415750332176685
0.0138411689549685
-0.0022827689535916
0.0665596500039101
-0.0576292201876640
0.0029300209134817
-0.0480835326015949
0.0455132722854614
0.0232849996536970
-0.0717825964093208
0.0566205680370331
-0.0495375432074070
-0.0393681935966015
-0.0250350460410118
0.0172390472143888
0.0688007846474648
-0.0262507200241089
-0.0030375798232853
0.0003401877183933
-0.0183951873332262
