5.640011746436357498e-03
-2.041904442012310028e-02
-2.630342356860637665e-02
1.563543081283569336e-02
1.219839788973331451e-02
-3.161422535777091980e-02
1.712428592145442963e-02
-1.751821488142013550e-02
2.860123291611671448e-02
-2.174744009971618652e-02
9.554498828947544098e-03
9.012505412101745605e-03
-2.842800505459308624e-02
1.584960334002971649e-02
-4.972519818693399429e-03
1.019601896405220032e-02
-1.669916883111000061e-02
1.163732912391424179e-02
4.117123037576675415e-02
-6.412187591195106506e-03
2.969990717247128487e-03
-3.223422542214393616e-02
-5.462676635943353176e-04
-5.033400841057300568e-03
2.053817361593246460e-02
-5.624799523502588272e-03
-2.744282223284244537e-02
-1.799924485385417938e-02
-1.599137671291828156e-02
1.636974513530731201e-02
9.049604833126068115e-02
-3.790546441450715065e-03
-5.876631941646337509e-03
6.227593403309583664e-03
2.469066716730594635e-02
7.053786888718605042e-03
1.690909080207347870e-02
-2.469300292432308197e-02
1.256537064909934998e-02
1.701851258985698223e-03
1.249474007636308670e-02
3.450522199273109436e-03
-9.462850540876388550e-02
-1.576393283903598785e-02
-2.291276492178440094e-02
-2.694183774292469025e-02
5.727844778448343277e-03
-1.504628453403711319e-02
-8.908947347663342953e-04
-1.497588399797677994e-02
-2.848176052793860435e-03
4.045853391289710999e-02
-3.638943657279014587e-03
-2.848079986870288849e-02
7.938547059893608093e-03
-1.608579792082309723e-02
1.765045337378978729e-02
-1.165505032986402512e-02
1.180249303579330444e-01
-1.759696938097476959e-02
1.390327932313084602e-03
3.154756501317024231e-02
-3.897544927895069122e-03
3.020681999623775482e-02
4.214810207486152649e-03
-6.649926304817199707e-02
4.838209599256515503e-03
1.690535922534763813e-03
8.195433765649795532e-02
-2.530046366155147552e-02
8.100452832877635956e-03
1.535460352897644043e-02
7.823078334331512451e-02
-7.402848917990922928e-03
-7.965830154716968536e-03
-1.537138479761779308e-03
-3.835735260508954525e-04
3.254468087106943130e-03
8.672663243487477303e-04
1.915964633226394653e-01
1.017636270262300968e-03
2.277168631553649902e-02
7.846269756555557251e-03
3.981864452362060547e-02
-6.292875111103057861e-02
5.556907504796981812e-03
5.427045980468392372e-04
-2.893353439867496490e-02
-2.133727818727493286e-02
-1.402814057655632496e-03
-1.290340069681406021e-02
-2.333714440464973450e-02
3.394823148846626282e-02
-1.236228086054325104e-02
-1.345279440283775330e-02
3.369026258587837219e-02
2.065375301754102111e-04
2.337968675419688225e-03
-3.133353078737854958e-03
2.408521622419357300e-02
2.206957899034023285e-02
-3.071402199566364288e-02
-2.262029796838760376e-02
-1.790899597108364105e-02
8.183856494724750519e-03
-1.452097948640584946e-02
-1.191307324916124344e-02
-2.391480840742588043e-03
1.167404465377330780e-02
-9.195848368108272552e-03
3.431228548288345337e-02
1.752725802361965179e-02
-4.126890096813440323e-03
2.593545429408550262e-02
-2.463651821017265320e-02
9.414711967110633850e-03
-1.577824912965297699e-02
2.139210514724254608e-02
-1.348116341978311539e-02
-7.115471642464399338e-03
4.134983755648136139e-03
-2.623594598844647408e-03
-1.988729648292064667e-02
-6.471866741776466370e-03
-2.912570163607597351e-02
-8.532270789146423340e-03
1.986919157207012177e-02
3.191080689430236816e-02
-4.248612094670534134e-03
-1.281092464923858643e-01
-5.789712443947792053e-02
-3.240977879613637924e-03
2.477482426911592484e-03
2.197289653122425079e-02
-1.169810257852077484e-02
-3.574580885469913483e-03
-1.615821756422519684e-02
4.734950605779886246e-03
1.184223592281341553e-01
-6.186726386658847332e-04
1.560564246028661728e-02
1.774326711893081665e-02
-1.225052308291196823e-02
2.565078623592853546e-02
1.000182889401912689e-02
1.023697555065155029e-01
-1.268174592405557632e-02
1.885055564343929291e-02
4.877561703324317932e-03
-1.551396865397691727e-02
-5.056326277554035187e-03
-3.704358823597431183e-03
-6.412497023120522499e-04
-1.338137499988079071e-02
-1.382367126643657684e-02
1.127117685973644257e-02
1.474957447499036789e-02
-3.389040241017937660e-03
-3.014395013451576233e-02
-3.771537169814109802e-02
2.525152452290058136e-02
-5.501986667513847351e-02
6.239010766148567200e-02
4.330959636718034744e-03
-4.861547611653804779e-03
-3.858042880892753601e-02
1.420542597770690918e-02
-1.381749100983142853e-02
-9.375493042171001434e-03
-1.075453590601682663e-02
3.980432637035846710e-03
-1.587027870118618011e-02
-2.671313239261507988e-03
1.949138194322586060e-02
5.767593625932931900e-03
-4.223911091685295105e-04
-6.534276530146598816e-03
2.793277241289615631e-02
1.425755918025970459e-01
7.023967802524566650e-03
2.457357011735439301e-02
-2.485435688868165016e-03
-5.593498703092336655e-03
1.712205074727535248e-02
-4.558709263801574707e-02
2.706735134124755859e-01
-3.400245308876037598e-01
1.704508438706398010e-02
2.238852903246879578e-02
-3.443796932697296143e-02
1.015504170209169388e-02
9.253551252186298370e-03
9.012368973344564438e-04
-4.911141470074653625e-03
8.685018867254257202e-03
7.295084185898303986e-03
-1.018402650952339172e-01
-3.521737875416874886e-03
1.052107103168964386e-02
-8.062423148658126593e-05
4.812213033437728882e-02
-4.587447736412286758e-03
-2.956379354000091553e-01
-2.515336498618125916e-03
2.251599729061126709e-02
-2.779838070273399353e-02
4.936495330184698105e-03
-4.787401761859655380e-03
5.950711667537689209e-03
-5.280568823218345642e-02
2.266253903508186340e-02
-1.207141391932964325e-02
2.019481919705867767e-02
1.552651450037956238e-02
-7.113758940249681473e-03
-2.244807779788970947e-03
1.201177854090929031e-02
-7.520138286054134369e-03
4.599853884428739548e-03
2.958246041089296341e-03
-1.636135578155517578e-02
-6.754205822944641113e-01
1.260058674961328506e-02
-2.195161953568458557e-02
-1.599999144673347473e-02
-5.405625794082880020e-03
-7.722189184278249741e-03
2.060753479599952698e-02
-5.476288497447967529e-03
3.477384150028228760e-02
-9.683256037533283234e-03
3.410567343235015869e-02
-7.270975410938262939e-02
-1.977806352078914642e-02
3.900974243879318237e-02
2.324996143579483032e-02
1.205524057149887085e-02
9.126828052103519440e-03
6.055138073861598969e-03
-3.727817675098776817e-03
-1.207229099236428738e-03
-1.009233295917510986e-02
-1.359950155019760132e-01
-2.033878676593303680e-02
-2.257886626466643065e-05
-8.036172017455101013e-03
7.574643008410930634e-03
1.098298374563455582e-02
6.357160396873950958e-03
3.311140835285186768e-02
5.405048374086618423e-03
5.123583599925041199e-03
2.348592504858970642e-02
1.881110249087214470e-03
-2.681366167962551117e-02
3.824942512437701225e-03
7.708474248647689819e-02
-7.528334856033325195e-02
3.785916045308113098e-02
-6.703042238950729370e-02
4.856334999203681946e-02
5.507075414061546326e-02
4.478351399302482605e-02
-4.181373864412307739e-02
-3.213907033205032349e-02
1.765686646103858948e-02
1.233641505241394043e-01
-7.100342214107513428e-02
-9.144441783428192139e-02
-8.327221125364303589e-02
2.173441275954246521e-02
1.022344380617141724e-01
1.280779540538787842e-01
1.175289694219827652e-02
1.711629331111907959e-02
4.135457426309585571e-02
-9.795957803726196289e-02
-1.157512441277503967e-01
9.976517409086227417e-02
-1.592712663114070892e-02
-5.288897082209587097e-02
2.931095100939273834e-02
1.384646594524383545e-01
-1.708669960498809814e-02
4.700904712080955505e-02
5.285407602787017822e-02
5.697285383939743042e-02
5.345464870333671570e-02
-1.831482164561748505e-02
-3.462972119450569153e-02
1.503834128379821777e-01
-8.237618952989578247e-02
4.310537129640579224e-02
7.419282197952270508e-02
4.106190800666809082e-02
-4.913396388292312622e-02
-1.725333631038665771e-01
-1.089792177081108093e-01
1.908461935818195343e-02
2.133920043706893921e-02
1.055225133895874023e-01
-1.264602760784327984e-03
8.140414357185363770e-01
5.059650540351867676e-02
-5.687832087278366089e-02
-7.481926679611206055e-02
1.563286036252975464e-02
1.450362652540206909e-01
-3.090215288102626801e-02
-1.885205321013927460e-02
2.590963803231716156e-02
6.058277562260627747e-02
1.597755253314971924e-01
-9.197485633194446564e-03
1.764115691184997559e-02
-6.511505693197250366e-02
4.875564575195312500e-02
-7.353996485471725464e-02
3.273341432213783264e-02
-5.925769731402397156e-02
5.152958631515502930e-02
-1.813021674752235413e-02
2.435667254030704498e-02
2.339181303977966309e-02
1.900817640125751495e-02
-4.717186384368687868e-04
1.311879046261310577e-02
1.548854727298021317e-02
-4.809304606169462204e-03
3.569121286273002625e-02
4.624180868268013000e-02
-1.250579394400119781e-02
-1.457941532135009766e-02
2.581683453172445297e-03
6.129229441285133362e-03
2.430010959506034851e-02
4.338899254798889160e-02
-1.288995333015918732e-02
-8.720632642507553101e-03
-2.169914357364177704e-02
-4.259761422872543335e-02
4.254724830389022827e-02
-5.756806209683418274e-02
-4.367367550730705261e-02
-4.616547375917434692e-02
-4.747041314840316772e-02
-4.536519758403301239e-03
-2.915081381797790527e-02
2.735419548116624355e-04
8.491433411836624146e-02
-2.006467990577220917e-02
-1.013703793287277222e-01
-3.421378089115023613e-03
-8.390981703996658325e-02
4.516225680708885193e-02
-7.141351699829101562e-02
-9.547184221446514130e-03
3.415605053305625916e-02
-1.845877431333065033e-02
2.379412204027175903e-02
3.763293474912643433e-02
-6.868788041174411774e-03
-6.518156081438064575e-02
-1.463084761053323746e-02
-4.004722833633422852e-02
-3.113140910863876343e-02
9.169645491056144238e-04
2.546641044318675995e-02
3.647276759147644043e-02
-2.399663440883159637e-02
1.122193224728107452e-02
-4.180539399385452271e-03
-3.076442331075668335e-02
-3.592457249760627747e-02
1.379413623362779617e-02
7.308071851730346680e-02
4.153888672590255737e-02
-2.640890143811702728e-02
5.802000313997268677e-02
-1.659291237592697144e-02
-1.823842339217662811e-02
5.328264459967613220e-02
3.611376509070396423e-02
-2.269621938467025757e-02
-5.906243994832038879e-02
4.217391461133956909e-02
3.067976608872413635e-02
3.786226036027073860e-03
-7.338503748178482056e-02
2.082209475338459015e-02
2.349246852099895477e-02
1.394847314804792404e-02
-5.379880592226982117e-02
2.014140784740447998e-02
-3.404285013675689697e-02
2.185178361833095551e-02
1.026971414685249329e-01
3.280199319124221802e-02
1.938295550644397736e-02
-7.051735371351242065e-02
5.949926748871803284e-02
4.008013382554054260e-02
1.991910114884376526e-02
2.935324795544147491e-02
-2.441070415079593658e-02
-1.494302302598953247e-01
2.678841166198253632e-02
-1.678732223808765411e-02
-4.190070182085037231e-02
6.590456701815128326e-03
1.254269778728485107e-01
-1.996182464063167572e-02
-6.608251947909593582e-03
8.883122354745864868e-02
-8.331148885190486908e-03
-7.189937867224216461e-03
2.616025134921073914e-02
-1.881125196814537048e-02
-5.269984155893325806e-02
2.383717149496078491e-02
1.374142244458198547e-02
9.320894256234169006e-03
-5.953726917505264282e-02
7.609524577856063843e-02
-2.080194465816020966e-02
-2.165747620165348053e-02
6.989198178052902222e-02
-1.952730119228363037e-02
-1.725365407764911652e-03
4.940093494951725006e-03
-2.884058281779289246e-02
9.858160046860575676e-04
-8.598038926720619202e-03
1.473358832299709320e-02
-4.552330821752548218e-02
-4.108043015003204346e-02
-1.789339631795883179e-02
-5.539533123373985291e-02
-5.688787996768951416e-02
-7.151602301746606827e-03
2.934756316244602203e-02
-3.983406350016593933e-02
6.215540226548910141e-03
7.861409336328506470e-02
3.443583101034164429e-02
-6.020369380712509155e-02
-3.045544028282165527e-02
-1.169191114604473114e-02
4.863224923610687256e-03
-1.818224936723709106e-01
6.620734930038452148e-02
-3.742766007781028748e-02
-1.226666383445262909e-02
-1.042906567454338074e-02
-2.630337374284863472e-03
1.737909187795594335e-04
-2.172992937266826630e-02
7.094312459230422974e-03
8.570266515016555786e-02
-2.662515453994274139e-02
-6.872707605361938477e-02
-2.321127802133560181e-02
2.665517479181289673e-02
-3.021881915628910065e-02
-2.016030810773372650e-02
3.079145215451717377e-02
2.268325351178646088e-02
2.022932656109333038e-02
6.951944902539253235e-03
-1.726055517792701721e-03
-3.877948969602584839e-03
-9.637146722525358200e-04
-1.135387178510427475e-02
5.236484855413436890e-02
1.574156060814857483e-02
-1.457600202411413193e-02
3.417520970106124878e-02
1.093453634530305862e-02
-1.713265664875507355e-02
-1.729079894721508026e-02
1.046444382518529892e-02
-7.668478786945343018e-02
1.804342120885848999e-02
-6.241269782185554504e-02
5.972129851579666138e-02
-3.614967688918113708e-02
4.110663756728172302e-02
2.123586833477020264e-02
-9.690760634839534760e-03
6.075549125671386719e-02
1.431385241448879242e-02
-2.257471345365047455e-02
3.943474590778350830e-02
-5.031021684408187866e-02
1.115891989320516586e-02
-1.181952189654111862e-02
-2.373412996530532837e-02
-1.591694727540016174e-02
1.654831226915121078e-03
-2.963408455252647400e-02
6.339176325127482414e-04
-1.601370796561241150e-02
3.036256134510040283e-02
4.199331998825073242e-02
-2.610239759087562561e-02
-5.326735600829124451e-02
1.655398681759834290e-02
1.566918380558490753e-02
4.114357009530067444e-02
5.239800550043582916e-03
2.306910790503025055e-02
2.318000048398971558e-02
-3.281241748481988907e-03
-4.184164851903915405e-02
2.908532274886965752e-03
1.487689279019832611e-02
4.844977706670761108e-02
-3.134115412831306458e-02
-4.225150123238563538e-02
-1.753200404345989227e-02
6.579036265611648560e-02
-1.059366855770349503e-02
4.314170405268669128e-02
-5.749740637838840485e-03
1.920331455767154694e-02
-9.905548393726348877e-02
-2.776759490370750427e-02
-4.130928590893745422e-02
-7.905712723731994629e-02
-1.659334078431129456e-02
6.403708364814519882e-03
-2.932181954383850098e-02
-4.104614723473787308e-03
-9.294209629297256470e-02
2.805331349372863770e-02
-2.912267111241817474e-02
-7.449476048350334167e-03
2.286569587886333466e-02
-3.160749003291130066e-02
-8.359339088201522827e-02
1.451280433684587479e-02
3.147082403302192688e-02
-2.089257538318634033e-02
4.680933803319931030e-02
2.818318083882331848e-02
-4.347195476293563843e-02
-4.011616483330726624e-02
3.754553943872451782e-02
1.415973412804305553e-03
2.707499661482870579e-04
-2.003884129226207733e-02
3.243105858564376831e-02
-2.023227885365486145e-02
-5.891849473118782043e-02
-1.145686116069555283e-02
3.364909440279006958e-02
-3.613737225532531738e-02
4.458550736308097839e-02
-7.104112952947616577e-02
4.879337549209594727e-02
3.877918049693107605e-02
2.659203857183456421e-02
-9.970733523368835449e-02
-4.792158678174018860e-02
3.123853728175163269e-02
-4.665303975343704224e-02
9.359790710732340813e-04
-5.322464928030967712e-02
8.324486017227172852e-02
-7.124706171452999115e-03
1.407897006720304489e-02
3.498541936278343201e-02
9.443898685276508331e-03
-5.974151566624641418e-02
-1.695009850664064288e-04
-1.640592701733112335e-03
1.142226234078407288e-01
-5.829429626464843750e-02
-3.972747921943664551e-02
-3.226421773433685303e-03
-4.792135581374168396e-02
1.290368195623159409e-02
-4.389587044715881348e-02
5.215579643845558167e-02
-4.954206757247447968e-03
4.522047191858291626e-02
-7.355572190135717392e-03
-2.867826726287603378e-03
-5.238165147602558136e-03
-5.810620263218879700e-03
2.490049786865711212e-02
3.680006414651870728e-02
-6.518571823835372925e-02
-8.106806315481662750e-03
2.085627615451812744e-01
-7.503771223127841949e-03
-3.104455396533012390e-02
3.595515154302120209e-03
2.129223383963108063e-02
4.296844080090522766e-02
-2.184409834444522858e-02
-3.619784116744995117e-02
-3.943219408392906189e-02
-8.352474123239517212e-02
3.366574645042419434e-02
1.161249876022338867e-01
4.156765341758728027e-02
-1.753077283501625061e-02
-1.391386333853006363e-02
5.481623113155364990e-02
1.461033895611763000e-02
-3.155649453401565552e-02
2.967137657105922699e-02
4.448257014155387878e-02
3.743719682097434998e-02
1.407217420637607574e-02
-3.590999543666839600e-02
-8.947964757680892944e-02
-2.264583855867385864e-02
-1.639977097511291504e-02
6.449700146913528442e-02
2.923752740025520325e-02
2.960068173706531525e-02
-2.933812513947486877e-02
-2.924273535609245300e-02
7.689661532640457153e-02
-1.094749197363853455e-02
1.070971600711345673e-02
-1.754110679030418396e-02
1.415548101067543030e-02
-9.133242070674896240e-02
7.251016050577163696e-02
-1.290117949247360229e-02
-2.875112183392047882e-02
-1.307818386703729630e-02
2.997684106230735779e-02
-7.389277219772338867e-02
-3.472945094108581543e-02
-9.892050921916961670e-02
2.146162837743759155e-02
-5.333159584552049637e-03
-1.804058067500591278e-02
2.196314930915832520e-02
-1.351842563599348068e-02
1.042240648530423641e-03
5.086587276309728622e-03
-3.008580766618251801e-03
-4.198045935481786728e-03
1.040722653269767761e-01
-5.773175507783889771e-03
-1.854005455970764160e-02
-1.285468880087137222e-02
5.318955704569816589e-02
1.259877998381853104e-02
5.230835825204849243e-02
-2.385697886347770691e-02
-1.678792759776115417e-02
-2.101144567131996155e-02
2.636765502393245697e-02
7.693470269441604614e-02
1.238721311092376709e-01
-6.977932062000036240e-03
4.776554927229881287e-02
-6.299437582492828369e-02
-1.823614351451396942e-02
1.044904068112373352e-01
-4.634883627295494080e-02
-3.650302812457084656e-02
-1.953870430588722229e-02
-3.713817894458770752e-02
4.131634719669818878e-03
-1.560200285166501999e-02
-2.160340175032615662e-02
-2.221475169062614441e-02
6.490673124790191650e-02
3.446912020444869995e-02
4.540613293647766113e-02
-5.862906575202941895e-02
-3.267764672636985779e-02
7.953611761331558228e-02
3.396342694759368896e-02
1.248882059007883072e-02
-6.924365181475877762e-03
-8.036821335554122925e-02
-5.056484043598175049e-02
3.091396205127239227e-02
1.579499803483486176e-02
-3.107651695609092712e-02
5.106465891003608704e-02
1.038082130253314972e-02
-1.648571342229843140e-02
6.929078605026006699e-03
-1.610529422760009766e-02
2.848624251782894135e-02
6.992883235216140747e-02
1.192636904306709766e-03
-6.104906275868415833e-02
6.801702082157135010e-02
-5.822150968015193939e-03
-4.690313246101140976e-03
-9.729490615427494049e-03
8.829036355018615723e-02
3.517730161547660828e-02
4.129070416092872620e-02
2.823187038302421570e-02
-2.276664786040782928e-02
2.542578242719173431e-02
6.328178197145462036e-02
6.164786964654922485e-02
1.177476532757282257e-02
-9.756093844771385193e-03
4.729608073830604553e-03
4.761903733015060425e-02
1.636906713247299194e-02
2.206305973231792450e-02
-1.623206213116645813e-02
3.861027956008911133e-02
3.191831707954406738e-02
-1.367640644311904907e-01
-4.370613396167755127e-02
1.092723477631807327e-02
1.004741191864013672e-01
6.146137043833732605e-02
2.517192810773849487e-02
-2.413569390773773193e-02
-4.282213002443313599e-02
4.502404481172561646e-02
-3.322141617536544800e-02
-4.175186902284622192e-02
4.594042897224426270e-02
6.672025192528963089e-03
2.769063040614128113e-02
2.589558437466621399e-02
-3.606335073709487915e-02
-2.541448920965194702e-02
-7.764602778479456902e-04
4.608869180083274841e-02
1.132919918745756149e-02
-5.371838435530662537e-02
-1.626907289028167725e-02
-1.023638062179088593e-02
7.437647785991430283e-03
-2.385543286800384521e-02
-3.742967173457145691e-02
-9.220743924379348755e-02
5.559153854846954346e-02
2.553047379478812218e-03
1.529798004776239395e-02
-1.676494022831320763e-03
-1.820765319280326366e-03
4.242700710892677307e-02
3.331120684742927551e-02
3.919734805822372437e-02
4.916998092085123062e-03
8.465871214866638184e-03
-6.191794201731681824e-02
1.860464364290237427e-02
-2.068158611655235291e-02
6.043700873851776123e-02
8.673070371150970459e-02
4.991046339273452759e-02
-1.192799396812915802e-02
3.095276886597275734e-03
4.428432881832122803e-02
-1.032486464828252792e-02
-3.206968307495117188e-02
8.922328054904937744e-02
-5.353143438696861267e-02
6.818448007106781006e-02
-3.505931422114372253e-02
-3.165393834933638573e-03
3.074678126722574234e-03
-5.025393515825271606e-02
1.042135879397392273e-01
4.581224918365478516e-02
-7.242880016565322876e-02
5.329310894012451172e-02
4.914057999849319458e-02
3.040765039622783661e-02
-2.028154768049716949e-02
-1.132104266434907913e-02
-9.968619793653488159e-03
1.046224012970924377e-01
4.509520158171653748e-02
-1.209199503064155579e-01
-2.755065681412816048e-03
-3.852132707834243774e-02
-1.335679925978183746e-02
-2.754902699962258339e-03
-1.081392355263233185e-02
-3.121296316385269165e-02
-2.819450199604034424e-02
-3.901516273617744446e-02
2.786242589354515076e-02
-3.322157636284828186e-02
-6.966013461351394653e-02
2.094165980815887451e-02
-3.324444219470024109e-02
-1.680437102913856506e-02
-4.039458557963371277e-02
3.713363781571388245e-02
3.902270644903182983e-02
-2.994409078382886946e-05
2.182246185839176178e-02
5.767383612692356110e-03
6.816349923610687256e-02
8.076535537838935852e-03
-2.064903080463409424e-02
3.621211647987365723e-02
-2.374286204576492310e-02
-6.384805589914321899e-02
5.124121531844139099e-02
4.012979194521903992e-02
-6.979442387819290161e-02
4.708617553114891052e-02
1.677484251558780670e-02
-1.286033634096384048e-02
-5.645601823925971985e-02
4.157051444053649902e-02
3.009774163365364075e-02
1.137351691722869873e-01
7.916083186864852905e-02
-2.029516547918319702e-02
-1.572638866491615772e-03
-5.767899751663208008e-02
-2.889437042176723480e-02
7.970634847879409790e-03
2.455604262650012970e-02
9.024082124233245850e-02
-5.085208453238010406e-03
3.693279623985290527e-02
1.990164071321487427e-02
