-0.1129857972264290
-0.0010747293708846
-0.0406631752848625
-0.1073956489562988
-0.0778808295726776
-0.0136951971799135
0.0452641323208809
0.1274065226316452
0.0032984991557896
-0.0158960036933422
-0.1287848651409149
-0.0334516130387783
-0.0323558077216148
-0.0673726350069046
0.0431409217417240
0.0264836493879557
-0.0970639064908028
-0.1047578081488609
0.0208847187459469
-0.0187771487981081
-0.0568436831235886
0.0535687431693077
0.1050761267542839
-0.0115381432697177
0.0753037333488464
-0.0666966959834099
-0.0058471993543208
-0.0898447632789612
0.0291000474244356
-0.0221060048788786
0.0422426015138626
-0.0959068164229393
0.0025830194354057
-0.0031733918003738
-0.0065030627883971
-0.0379529707133770
-0.0471122004091740
0.0251990426331758
-0.0609899424016476
0.0145646296441555
0.0541717112064362
-0.0339663103222847
-0.0348463505506516
0.0503018535673618
-0.0069011976011097
-0.0515547618269920
-0.0649943277239799
0.0212732106447220
0.1093541160225868
0.0219854693859816
0.0043258955702186
-0.0629879832267761
-0.0322027057409286
-0.0878230482339859
0.0843947008252144
-0.0399125963449478
0.0320445522665977
-0.0507409274578094
-0.0909757092595100
-0.0386078879237175
-0.0458979681134224
0.0750073343515396
0.1007725745439529
0.0474104434251785
-0.0856807902455330
0.0206782948225737
0.0672085061669350
0.0598455332219601
-0.0428265556693077
0.1194492354989052
-0.0339089184999466
-0.0634543597698212
-0.0260910466313362
0.0465746074914932
-0.0586993210017681
-0.0303759463131428
0.0257675237953663
-0.0199541859328747
-0.0834961459040642
-0.0945519953966141
0.0379437319934368
-0.0512563101947308
-0.0276443492621183
0.1079069599509239
-0.0544326454401016
-0.0487901717424393
-0.0361631214618683
-0.0818263292312622
0.0479729957878590
0.0440077409148216
-0.0708337947726250
0.0462783165276051
0.0099263377487659
0.0878524556756020
0.1227054744958878
0.0920647233724594
-0.0497284792363644
-0.0618766024708748
-0.1415165066719055
0.0762853696942329
-0.0720607489347458
-0.1352347582578659
0.0576387234032154
0.1211096495389938
0.0183639675378799
0.0171580035239458
-0.0111662484705448
-0.0998852327466011
-0.0215170588344336
-0.0880615115165710
-0.1201326549053192
-0.0584097169339657
0.0381511189043522
-0.0772037506103516
0.0185410734266043
-0.0451243147253990
0.0745190903544426
-0.0996115431189537
0.0162349324673414
-0.0295491535216570
-0.0513920709490776
-0.0450735762715340
-0.0489498414099216
-0.0834751129150391
0.0883699506521225
-0.0174823105335236
-0.0284956637769938
0.0040871896781027
0.0073199733160436
-0.0060486714355648
-0.0441653355956078
-0.0569941103458405
-0.0176311731338501
-0.0025513749569654
-0.0557318963110447
-0.0286017600446939
0.1076557710766792
0.0634172856807709
0.0595476441085339
-0.0191688593477011
-0.0069025456905365
-0.0400921218097210
-0.0069071915932000
0.0219863466918468
-0.0814806520938873
-0.0052280821837485
0.0768225416541100
-0.0427004322409630
-0.0954667776823044
-0.0699216201901436
0.0956741794943810
0.0199661925435066
0.0454413257539272
0.0219861585646868
-0.0511381439864635
0.0104059679433703
-0.0564659126102924
0.0092309424653649
-0.0582527518272400
0.0007643178105354
0.0523813664913177
-0.0271335225552320
-0.0491524189710617
-0.0179613381624222
-0.0842881947755814
0.0378950387239456
-0.0235889106988907
-0.0544241704046726
-0.1168790683150291
-0.0504675209522247
0.0642908066511154
-0.0122549589723349
-0.0345978774130344
-0.0023034280166030
0.0422446243464947
-0.0336708910763264
0.0316398441791534
0.0940520986914635
-0.0385031215846539
-0.1273685246706009
0.0282383989542723
-0.0930394232273102
-0.0870653390884399
0.0080721015110612
-0.0343132019042969
-0.0665387287735939
0.0418895259499550
0.0253876429051161
-0.0276161450892687
-0.0702891498804092
-0.0157818309962749
0.0241975784301758
0.0112784979864955
-0.0631729289889336
0.0546454079449177
0.0471149682998657
-0.0366266407072544
-0.1022820174694061
-0.0367560088634491
-0.0504358299076557
-0.0151254273951054
-0.1259020864963531
-0.0881284475326538
-0.0257394015789032
0.0298209302127361
0.1420022696256638
0.0916321277618408
0.0957026034593582
-0.0547765158116817
-0.0097945053130388
-0.0020268303342164
-0.1243651360273361
-0.0160659477114677
0.0183853879570961
-0.0550708696246147
-0.0898117199540138
-0.0340722315013409
0.0121001508086920
-0.0663563460111618
0.0165232289582491
-0.0707245692610741
0.0361991338431835
-0.1195058077573776
0.1203291416168213
-0.0422579944133759
-0.0266345571726561
0.0890156626701355
0.0553740672767162
-0.0100683625787497
0.1050166860222816
0.0557134002447128
0.0042713722214103
0.0411006957292557
-0.0218344200402498
-0.0040148557163775
-0.0886587128043175
-0.0867556035518646
0.0576418191194534
0.0175937488675117
0.1042548269033432
-0.0578806772828102
0.0668202787637711
-0.0803058966994286
-0.0621365047991276
-0.0525601990520954
-0.0469673164188862
-0.0978761240839958
-0.0860453620553017
0.0652387812733650
0.0580382272601128
0.0338979326188564
-0.0181676764041185
-0.1136001050472260
0.0385507047176361
-0.0589410737156868
-0.0161881279200315
0.0349779464304447
-0.0538521930575371
-0.1175771877169609
-0.1099074259400368
0.0565726049244404
-0.1387529075145721
-0.0187111329287291
0.1234353855252266
-0.0058944011107087
0.1448176056146622
-0.1167586892843246
0.0933385863900185
0.1186264455318451
0.1115079373121262
-0.0307998321950436
-0.1357900947332382
-0.3106049895286560
-0.0190172754228115
0.0798412188887596
-0.2622958421707153
-0.1195663586258888
-0.1032848879694939
0.0524000264704227
0.0475427247583866
0.0430853553116322
-0.1073175072669983
-0.1816495656967163
-0.1117191314697266
-0.0196226853877306
0.0100485673174262
-0.0938301905989647
-0.0671868994832039
-0.0951558724045753
-0.1808578968048096
-0.2680859565734863
-0.0816779062151909
0.1044504493474960
0.0944743528962135
-0.0170703865587711
-0.1235508844256401
-0.0395300723612309
-0.0495424643158913
0.0295730009675026
-0.1433113962411880
-0.1149439737200737
0.0513020418584347
0.1858146041631699
-0.2679487764835358
-0.1125475689768791
0.0691075995564461
0.0338609777390957
0.0472398735582829
0.0135531201958656
-0.0937034264206886
-0.0213939826935530
-0.1499786823987961
0.1796966791152954
0.1227744445204735
-0.0965522229671478
0.1258230954408646
-0.0227722302079201
0.3496373295783997
-0.0369392186403275
-0.1239890679717064
0.0351248905062675
-0.0120486076921225
-0.0379116162657738
0.0167146567255259
0.0471969358623028
-0.0169493518769741
0.0884884372353554
0.0302892345935106
0.0492061190307140
0.0788536667823792
-0.0480299815535545
-0.0778366699814796
0.0192386414855719
-0.0608945004642010
-0.0294528920203447
0.0117378747090697
-0.0454069338738918
-0.0032329738605767
0.0339555740356445
-0.0166535694152117
0.0004062063526362
-0.0195589531213045
-0.0086924331262708
-0.0122807510197163
-0.0329976342618465
-0.0653990507125854
-0.0530975498259068
-0.0030715763568878
0.1112952828407288
-0.0921189039945602
0.0785737484693527
0.0866441428661346
-0.0131647437810898
0.0564622618257999
-0.0395702756941319
0.0066465656273067
-0.0098315011709929
-0.0048032468184829
-0.0229977760463953
0.0269250907003880
-0.0131240971386433
-0.1076857820153236
0.0228304751217365
0.0446537472307682
-0.0193236730992794
-0.0471866168081760
0.0000501694521517
-0.0407165102660656
0.0502168051898479
-0.0173102077096701
-0.0459579229354858
-0.0867650881409645
-0.0079672187566757
0.1129087433218956
-0.0126231797039509
-0.0239418074488640
-0.0078313974663615
0.0257571842521429
-0.0434549674391747
0.0105660827830434
-0.0373230129480362
-0.0612858310341835
0.0121560804545879
0.0324364379048347
-0.0221045427024364
-0.0597670599818230
0.0636301562190056
-0.0309511180967093
0.0251035280525684
0.0467299856245518
0.0226081684231758
-0.0078712031245232
-0.0490498989820480
0.0204439200460911
-0.0094533897936344
0.0586906671524048
0.0043817805126309
-0.0302802734076977
0.0603817962110043
-0.0393574424088001
0.0476541183888912
-0.0696198269724846
-0.0616488717496395
0.0728288292884827
0.0173950232565403
-0.0811654999852180
0.1033878326416016
-0.0371433533728123
0.0498989708721638
-0.0458099320530891
-0.0958667024970055
0.0304158646613359
-0.0504342056810856
0.0364590771496296
-0.0446949154138565
0.0069391275756061
0.0658403486013412
0.0970313847064972
0.0197361595928669
0.0202651266008615
0.0064694508910179
0.0706501230597496
0.0438808389008045
0.0231267828494310
-0.0967868119478226
0.0395130850374699
0.0286053586751223
0.0594752281904221
-0.0526584424078465
0.0064829154871404
-0.0148289902135730
0.0332037322223186
-0.0250769574195147
0.0564659573137760
-0.0467825494706631
0.0088637080043554
0.0312066134065390
-0.0260163713246584
0.0086661661043763
0.0668912455439568
-0.0358071401715279
-0.0041720727458596
0.0273107066750526
-0.0608216039836407
0.0329076647758484
0.0038047479465604
-0.0326116196811199
-0.0188171453773975
0.0439884699881077
-0.0000362946047971
-0.0227963514626026
-0.0345717296004295
0.0639996305108070
0.0179772302508354
-0.0512084960937500
-0.0427946038544178
0.0133413271978498
0.0237435121089220
0.0114317694678903
-0.0116485487669706
0.0827384591102600
0.0292872507125139
0.0274010766297579
-0.0092811146751046
0.0301196742802858
-0.0080293528735638
-0.0031881905160844
-0.0647278055548668
0.0069772023707628
-0.0766561478376389
0.0740794464945793
0.0558677352964878
-0.0578416958451271
-0.0900223925709724
-0.0547165684401989
0.0834249556064606
-0.0502138175070286
0.0136210089549422
-0.0614444017410278
-0.0521634183824062
0.0294890981167555
-0.0041173114441335
0.0430695712566376
0.0331861115992069
-0.0038696590345353
-0.0109580913558602
0.0236531551927328
0.0371414311230183
0.0307373721152544
-0.0106875216588378
0.0909838750958443
-0.0034255115315318
-0.0578129254281521
-0.0290604457259178
0.0564531832933426
-0.0298968330025673
0.0386421792209148
-0.1278040558099747
0.0427806563675404
0.0405354835093021
-0.0672979429364204
0.0256229322403669
0.0643417611718178
-0.1048188060522079
0.0827334672212601
0.0853592231869698
-0.0022892334964126
-0.0132709918543696
-0.0409218482673168
-0.0082790888845921
-0.0632745847105980
0.0313747189939022
0.0093201603740454
0.0232538115233183
0.0590002350509167
0.0652300938963890
-0.0415341779589653
-0.0545595511794090
-0.0189099498093128
0.0281980969011784
0.0065385922789574
0.0126042123883963
0.0673605501651764
-0.0419723130762577
0.0666560381650925
-0.0975822061300278
-0.0103969741612673
-0.0410946197807789
-0.0450984314084053
-0.0159622021019459
0.0319018550217152
0.0124671105295420
-0.0133838374167681
-0.0584791265428066
-0.0304777026176453
-0.0156003870069981
-0.0363568440079689
0.0613514222204685
-0.0795138850808144
-0.0409027449786663
0.0520561300218105
-0.0309308934956789
-0.0436806529760361
0.0418448336422443
0.0028915416914970
-0.0503708906471729
-0.0396754741668701
-0.0415837317705154
0.0013101146323606
0.0311033520847559
0.0122045706957579
0.0257983598858118
0.0105646774172783
-0.0161782298237085
-0.0588369406759739
0.0200195740908384
0.0553045496344566
0.0516099072992802
-0.0340132229030132
0.0082293087616563
0.0277494676411152
0.0588594414293766
-0.0607370808720589
0.0173301156610250
-0.0578692965209484
-0.0860829949378967
-0.0060586556792259
0.0489021651446819
-0.0305526368319988
0.0293219592422247
-0.0428807325661182
0.0365355908870697
0.0512306988239288
0.0167174674570560
-0.0495565459132195
0.0493489243090153
0.0004818030574825
-0.0446431078016758
0.0329627618193626
0.0271754488348961
-0.0323850847780704
0.0116084627807140
-0.0031490763649344
-0.0427194274961948
0.0295543167740107
-0.0099178152158856
-0.0446236021816730
0.0056840414181352
0.0432761907577515
-0.0047667440958321
-0.0432901680469513
-0.0086815180256963
0.0318074040114880
-0.0090483501553535
-0.0067890002392232
0.0141959106549621
-0.0215307977050543
-0.0331563204526901
0.0176984742283821
-0.0018186146626249
0.0285627897828817
-0.0172586888074875
0.0226300489157438
-0.0451790429651737
0.0115212695673108
-0.0200174171477556
0.0076853116042912
0.0070891585201025
0.0533040277659893
0.0023611264768988
0.0613346956670284
-0.0387147441506386
0.0206955000758171
0.0313526727259159
-0.0017845156835392
0.0053480975329876
0.0431921556591988
-0.0776447728276253
-0.0336076468229294
-0.0356986373662949
-0.0133724026381969
0.0012146023800597
-0.0289945341646671
0.0963999405503273
0.0285961423069239
0.0257993731647730
-0.0638692826032639
-0.0298527926206589
-0.0581057295203209
-0.0214595049619675
-0.0107843792065978
0.0252752956002951
-0.0457371734082699
-0.0686530843377113
0.0154932895675302
0.0339348390698433
0.0416927188634872
0.0056556588970125
0.0089440364390612
-0.0584651008248329
0.0425379499793053
-0.0951175540685654
0.0256254579871893
0.0296753421425819
-0.0108134318143129
-0.0406440645456314
0.0659544393420219
-0.0183885954320431
0.0257453974336386
0.0371637754142284
0.0550184324383736
0.0636581033468246
-0.0036436298396438
0.0551624894142151
0.0407472327351570
-0.0269537810236216
0.0347257964313030
-0.0317632257938385
-0.0137299718335271
-0.0164102204144001
-0.0020138751715422
-0.0118940863758326
0.0326783396303654
-0.0316382534801960
0.0212046615779400
0.0318099185824394
-0.0290123857557774
0.0462098121643066
0.0541303008794785
0.0485932044684887
-0.0286409258842468
0.0349357686936855
-0.0189914703369141
0.0232766121625900
-0.0319448933005333
-0.0543322600424290
-0.0309204161167145
0.0465457588434219
-0.0059224474243820
0.0413442440330982
-0.0561223998665810
0.0518587045371532
0.0757860988378525
0.0108607010915875
-0.0083189709112048
0.0049899481236935
0.0643466114997864
-0.0523097664117813
0.0105229197070003
-0.0060322377830744
0.0197133552283049
-0.0112931514158845
0.0589267089962959
0.0410047285258770
-0.0332254506647587
0.0380460359156132
-0.0763942971825600
0.0621148869395256
0.0310429316014051
-0.0378666184842587
-0.0290163811296225
-0.0383009016513824
-0.0381320342421532
0.0032920781522989
-0.0165680218487978
0.0328797250986099
0.0063747041858733
-0.0498211123049259
-0.0586544200778008
-0.0255293324589729
0.0327819585800171
-0.0170308239758015
0.0786812081933022
0.0116656944155693
0.0695936083793640
-0.0506711602210999
-0.0092795128002763
0.0148159889504313
-0.0323457643389702
0.0095872394740582
0.0007304734899662
-0.0281966459006071
0.0662685111165047
0.0743683874607086
-0.0667430236935616
-0.0077043990604579
-0.0236578918993473
0.0476513504981995
0.0222617723047733
-0.0120591735467315
0.0082664834335446
0.0717650279402733
-0.0114123569801450
0.0096942195668817
0.0504989959299564
-0.0122680282220244
-0.0369004011154175
-0.0147583885118365
-0.0615846700966358
-0.0437406972050667
0.0406721457839012
0.0056147635914385
0.0028915319126099
0.0505925640463829
0.0216481424868107
-0.0514225475490093
0.0736225992441177
-0.0491198450326920
-0.0443860739469528
-0.0337601415812969
-0.0219861529767513
0.0025848820805550
0.0566571056842804
0.0420247651636600
0.0255829524248838
0.0435992553830147
0.0582424178719521
-0.0310293249785900
0.0026233915705234
0.0673619359731674
0.0769634991884232
-0.0577899999916553
-0.0158223789185286
-0.0228282809257507
-0.0253251120448112
-0.0119359772652388
-0.0014983426081017
-0.0481966249644756
-0.0363684631884098
0.0777887552976608
0.0046597584150732
-0.0230242330580950
0.0141481859609485
-0.0442020334303379
-0.0354472324252129
-0.0753265768289566
-0.0217661224305630
-0.0471915341913700
0.0034652536269277
-0.0233243554830551
0.0367396213114262
-0.0190751403570175
0.0562952645123005
0.0591281950473785
-0.0374830029904842
-0.0482600145041943
0.0056055798195302
-0.0125711625441909
0.0345017500221729
-0.1122711971402168
-0.0682353153824806
-0.0362186245620251
-0.0585094206035137
0.0482464879751205
0.0166096799075603
0.0403678752481937
-0.0041501536034048
0.0730112493038177
-0.0205479208379984
-0.0205112639814615
0.0644554421305656
0.0291215498000383
0.0168503504246473
-0.0142427552491426
-0.0599974542856216
0.0477724261581898
-0.0590575784444809
-0.0672156289219856
0.0359877981245518
0.0259382463991642
-0.0021430950146168
0.0164291691035032
0.0422277189791203
0.0200871508568525
0.0984429940581322
-0.0047776405699551
-0.0057176509872079
-0.0582619160413742
-0.0510061569511890
0.0432649217545986
0.0795836076140404
-0.0108585981652141
0.0305753443390131
-0.0296623464673758
-0.0865306183695793
-0.0469505116343498
0.0828735008835793
0.1077628508210182
-0.0117676062509418
-0.0494586527347565
-0.0625157579779625
0.0336037017405033
