-6.346815265715122223e-03
-2.506471425294876099e-02
-3.473390266299247742e-02
7.605299353599548340e-03
-1.773142069578170776e-02
-6.464035063982009888e-02
-1.923276484012603760e-02
-8.887007087469100952e-02
-1.665870286524295807e-02
2.328061312437057495e-02
8.652859251014888287e-04
5.475387908518314362e-03
-8.615012280642986298e-03
4.847798123955726624e-02
2.711706608533859253e-02
-1.266599050723016262e-03
9.485469199717044830e-03
2.054368704557418823e-02
1.079330593347549438e-01
2.444264106452465057e-02
-1.338748913258314133e-02
-1.630773476790636778e-04
1.951236836612224579e-02
-4.726830124855041504e-02
-2.199865877628326416e-02
4.285489767789840698e-02
-4.715605173259973526e-03
-3.571551665663719177e-02
5.661805719137191772e-02
-4.541457071900367737e-02
1.106718778610229492e-01
-2.163746394217014313e-02
-8.153708651661872864e-03
-4.413083661347627640e-03
5.068375170230865479e-02
-1.051868777722120285e-02
2.937643229961395264e-02
7.308587897568941116e-03
-3.789630951359868050e-03
1.137512363493442535e-02
1.588437892496585846e-02
6.707754917442798615e-03
-5.363025888800621033e-02
7.736423867754638195e-04
-1.004089601337909698e-02
2.156545035541057587e-02
-4.721834510564804077e-02
-2.063575957436114550e-04
1.343621592968702316e-02
-1.102808164432644844e-03
1.690938835963606834e-03
1.089616194367408752e-01
2.640292607247829437e-02
-2.545603783801198006e-03
-3.299501165747642517e-02
-2.052179723978042603e-02
1.753688906319439411e-03
-4.674853757023811340e-03
9.599129855632781982e-02
1.115521881729364395e-02
1.056367997080087662e-02
-4.566662013530731201e-03
1.640713401138782501e-02
1.114204991608858109e-03
2.276322990655899048e-02
-4.511597380042076111e-02
2.900153398513793945e-02
-9.362323209643363953e-03
8.029635995626449585e-02
3.040800616145133972e-02
-2.660214900970458984e-02
2.380171976983547211e-02
9.393059462308883667e-02
-8.085141889750957489e-03
2.600551769137382507e-02
-1.253462862223386765e-02
-8.590382523834705353e-03
-1.512711495161056519e-02
4.013770446181297302e-02
1.281043589115142822e-01
-1.514244708232581615e-03
-4.592476040124893188e-02
-9.034019894897937775e-03
3.614428266882896423e-02
-8.105828613042831421e-02
-1.243059989064931870e-02
1.217477582395076752e-02
-9.097404778003692627e-03
-1.195685192942619324e-02
9.784470312297344208e-03
7.821231149137020111e-03
-1.878260821104049683e-02
7.522463053464889526e-02
2.217239513993263245e-02
2.409746684134006500e-02
-2.893640287220478058e-02
8.621898479759693146e-03
3.443060675635933876e-03
5.166874453425407410e-02
1.521087624132633209e-02
-4.253879562020301819e-02
-5.828184261918067932e-02
-1.019713841378688812e-02
-4.722286015748977661e-03
6.911797914654016495e-03
-4.073777422308921814e-02
-5.584240425378084183e-03
8.367540314793586731e-03
1.694150082767009735e-02
-4.053745418787002563e-02
1.737267128191888332e-03
-1.801194064319133759e-02
-1.649256050586700439e-02
-5.026407539844512939e-02
-2.201427705585956573e-02
-7.573412265628576279e-03
8.242364856414496899e-04
-6.083250045776367188e-03
-1.786427758634090424e-02
-3.486559540033340454e-02
3.344152122735977173e-02
-3.441305831074714661e-02
3.154667466878890991e-02
2.426236635074019432e-03
1.096438802778720856e-02
1.879247091710567474e-02
-7.978069595992565155e-03
2.591252699494361877e-02
1.611744239926338196e-02
-1.137065440416336060e-01
-4.019774869084358215e-02
-2.864364162087440491e-02
1.182563044130802155e-02
1.751620694994926453e-02
-6.823755055665969849e-02
3.986506536602973938e-02
9.565961547195911407e-03
2.136166580021381378e-02
1.269549578428268433e-01
-2.199347503483295441e-02
4.470187705010175705e-03
3.729806467890739441e-02
-3.931497223675251007e-03
-1.894637383520603180e-02
1.716980710625648499e-02
6.772985309362411499e-02
-1.522532477974891663e-02
6.274266634136438370e-03
-6.841170601546764374e-03
-1.310918387025594711e-02
5.934667959809303284e-02
7.623726502060890198e-03
2.084760367870330811e-02
-6.432675756514072418e-03
2.744050230830907822e-03
-1.988665200769901276e-02
5.703834444284439087e-02
1.109363976866006851e-02
-8.522940799593925476e-03
-4.779969155788421631e-02
2.251636609435081482e-02
-5.160931497812271118e-02
4.692323505878448486e-02
-9.506804868578910828e-03
3.995687887072563171e-02
2.645832486450672150e-02
6.649577617645263672e-02
-2.337111905217170715e-02
1.705637201666831970e-02
3.273515775799751282e-02
2.298937924206256866e-02
-3.581975027918815613e-02
7.550167851150035858e-03
8.618161082267761230e-03
1.264644600450992584e-02
2.256138436496257782e-02
-5.366228148341178894e-02
2.119671553373336792e-02
1.395168453454971313e-01
-4.417188931256532669e-03
1.820812188088893890e-02
-2.223351411521434784e-02
4.431148525327444077e-03
-3.045000508427619934e-02
-3.552318736910820007e-02
2.263714969158172607e-01
-2.593934834003448486e-01
2.412751130759716034e-02
-1.566943712532520294e-02
-4.499580338597297668e-02
3.281738609075546265e-02
-6.452606525272130966e-03
-3.161403583362698555e-03
-2.943244576454162598e-02
4.261301830410957336e-03
3.458929061889648438e-02
-8.000174164772033691e-02
1.816539652645587921e-02
8.328840881586074829e-02
1.449056807905435562e-02
1.309340167790651321e-02
1.844347268342971802e-02
-2.724697887897491455e-01
-4.877162165939807892e-03
4.192481935024261475e-02
-5.696215480566024780e-02
2.836732752621173859e-02
8.807406760752201080e-03
1.517372671514749527e-02
-6.644687801599502563e-02
1.185511425137519836e-02
-3.783969581127166748e-02
1.807556953281164169e-03
-1.033483631908893585e-02
-7.363684475421905518e-03
-2.360874973237514496e-02
1.548169273883104324e-02
-2.106403186917304993e-02
-1.493787951767444611e-02
-6.608372181653976440e-02
2.257619239389896393e-02
-6.728626489639282227e-01
-2.552904747426509857e-02
-4.422752559185028076e-02
6.381713598966598511e-02
2.895420603454113007e-02
1.633282378315925598e-02
-1.147205010056495667e-02
2.668553777039051056e-02
7.930609397590160370e-03
2.581305801868438721e-02
2.675263397395610809e-02
-3.892035409808158875e-02
-1.571581000462174416e-03
2.390387654304504395e-02
2.701463876292109489e-03
-3.853954747319221497e-02
1.645924150943756104e-02
1.064140629023313522e-02
1.988092251121997833e-02
-2.428905293345451355e-02
1.142313610762357712e-02
-1.607575118541717529e-01
-1.731771975755691528e-02
-8.164638653397560120e-03
3.434626385569572449e-02
4.519619978964328766e-03
-7.384798955172300339e-03
2.274660021066665649e-02
-1.597566716372966766e-02
-2.438787836581468582e-03
-1.446732599288225174e-02
1.579398289322853088e-02
-5.112697836011648178e-04
-3.821039572358131409e-02
1.912663504481315613e-02
1.356482356786727905e-01
5.445132777094841003e-02
-4.551515355706214905e-02
4.004665464162826538e-02
4.307554289698600769e-02
-6.343758199363946915e-03
-1.153347119688987732e-01
-8.690064400434494019e-02
-1.645135134458541870e-02
2.312145195901393890e-02
4.086210206151008606e-02
8.637673407793045044e-02
-8.010755293071269989e-03
-7.544094324111938477e-02
-5.106225609779357910e-02
2.221987815573811531e-03
-8.811930194497108459e-03
6.385631859302520752e-02
5.554121453315019608e-03
1.911589875817298889e-02
5.505870282649993896e-02
1.256127655506134033e-02
-1.854564808309078217e-02
-6.811562180519104004e-02
-3.004349768161773682e-02
2.882626652717590332e-02
-3.863051161170005798e-02
-5.500739067792892456e-02
-6.102367118000984192e-02
-4.542296379804611206e-02
7.109189778566360474e-02
3.617094084620475769e-02
-3.869769722223281860e-02
-2.892037853598594666e-02
-9.743012487888336182e-03
-6.438415497541427612e-02
1.897653681226074696e-03
3.545559942722320557e-02
-4.815394803881645203e-02
-1.480863615870475769e-02
9.459413588047027588e-03
1.018384546041488647e-01
-1.131496764719486237e-02
-1.216879673302173615e-02
-2.827477268874645233e-02
-3.775431588292121887e-02
9.116665124893188477e-01
-2.427754737436771393e-02
3.000598587095737457e-02
-9.306222945451736450e-02
-2.640406601130962372e-02
1.002043560147285461e-01
5.057365167886018753e-03
5.688586831092834473e-02
-9.684811346232891083e-03
-1.099626347422599792e-01
2.608930133283138275e-02
1.220556255429983139e-02
-4.917089268565177917e-02
1.921294443309307098e-02
1.029430050402879715e-02
-8.339005708694458008e-02
-1.614515483379364014e-02
3.220853954553604126e-02
3.961238265037536621e-02
-4.616508726030588150e-03
1.447102706879377365e-02
1.421216223388910294e-02
3.887591138482093811e-02
1.564005948603153229e-02
6.411108188331127167e-03
2.853650832548737526e-03
-1.528569404035806656e-02
5.769364908337593079e-02
3.134826570749282837e-02
-2.190782688558101654e-02
2.297894796356558800e-03
-1.162263142759911716e-04
-1.420984603464603424e-02
2.914912439882755280e-02
1.060332879424095154e-01
-2.139473333954811096e-03
-4.828735068440437317e-02
3.272895514965057373e-02
1.037214999087154865e-03
2.265283279120922089e-02
-4.252878203988075256e-02
-1.853348687291145325e-02
-1.319412328302860260e-02
-2.454314194619655609e-02
-6.192974280565977097e-03
-4.217634350061416626e-02
2.104319259524345398e-02
1.090289279818534851e-01
-8.226630277931690216e-03
-7.956371456384658813e-02
-1.176052726805210114e-02
-6.500533223152160645e-02
2.818731218576431274e-02
-7.496199011802673340e-02
1.379777677357196808e-02
5.998876690864562988e-02
-1.882897131145000458e-02
4.734463524073362350e-03
4.936677590012550354e-02
7.223778869956731796e-03
-4.107008874416351318e-02
8.511303924024105072e-03
-5.360167101025581360e-02
-4.555217456072568893e-03
8.694942109286785126e-03
2.321634069085121155e-02
4.447120428085327148e-02
-3.749495744705200195e-02
3.640416264533996582e-02
-4.206185787916183472e-02
-2.423739433288574219e-02
-2.086823992431163788e-02
-2.273911423981189728e-02
8.880053460597991943e-02
3.491110727190971375e-02
-3.604475874453783035e-03
1.889694295823574066e-02
-2.545776031911373138e-02
-2.715854160487651825e-02
1.573759317398071289e-02
7.835983484983444214e-02
2.485691756010055542e-02
-1.160823106765747070e-01
5.636435374617576599e-02
1.459493022412061691e-02
2.584903500974178314e-02
-3.099050931632518768e-02
-2.097327820956707001e-02
1.111622247844934464e-02
3.268017619848251343e-02
-6.460311356931924820e-03
2.885790914297103882e-02
-3.772323951125144958e-02
6.904746871441602707e-03
5.327808856964111328e-02
1.630690135061740875e-02
1.102612633258104324e-02
-5.196906998753547668e-02
5.525809898972511292e-02
6.384977698326110840e-02
-3.582477197051048279e-02
5.164073780179023743e-02
2.759286388754844666e-02
-1.443922966718673706e-01
3.843534737825393677e-02
1.594910770654678345e-02
-1.020688749849796295e-02
-3.717277571558952332e-02
1.885946393013000488e-01
-7.082867436110973358e-03
-1.233079936355352402e-02
1.180994883179664612e-01
-6.913380231708288193e-03
-9.419891983270645142e-03
-4.300816915929317474e-03
-2.071839198470115662e-02
-3.439249470829963684e-02
1.488735340535640717e-02
2.942926622927188873e-02
-1.743775908835232258e-03
2.123539894819259644e-02
4.028541594743728638e-02
7.407404482364654541e-03
-1.299841050058603287e-02
6.035280972719192505e-02
1.745249703526496887e-02
-3.981525450944900513e-02
3.114530816674232483e-02
5.201600957661867142e-03
-7.331699132919311523e-03
-2.448697574436664581e-02
1.898526400327682495e-02
-3.317246958613395691e-02
-5.498263984918594360e-02
-2.472623251378536224e-02
-8.587068878114223480e-03
-1.521167578175663948e-03
2.225954830646514893e-02
4.565664380788803101e-02
-5.740192905068397522e-02
-1.390412636101245880e-02
5.155375227332115173e-02
3.732396662235260010e-02
-9.225001931190490723e-02
-2.470097690820693970e-02
4.795410856604576111e-02
2.368071489036083221e-02
-9.439484775066375732e-02
4.731750115752220154e-02
-5.271760001778602600e-02
-7.728892844170331955e-03
2.419746853411197662e-02
-3.779717953875660896e-03
3.709118440747261047e-02
-9.626358747482299805e-03
-2.486247383058071136e-02
7.077777385711669922e-02
2.205133810639381409e-02
-6.197054684162139893e-02
-2.325249090790748596e-02
2.198187634348869324e-02
-4.492589831352233887e-02
9.416857734322547913e-03
3.781124576926231384e-02
5.509706959128379822e-02
-4.444635938853025436e-03
3.004504600539803505e-03
-4.281150549650192261e-02
-2.717937342822551727e-02
5.989003181457519531e-02
-4.771993309259414673e-02
3.416156396269798279e-02
3.827022388577461243e-02
-2.417343668639659882e-02
4.378404095768928528e-02
5.974967963993549347e-03
-3.261594334617257118e-03
1.956641674041748047e-02
2.641647867858409882e-02
-3.743017464876174927e-02
2.271683700382709503e-02
-3.858353942632675171e-02
3.663551434874534607e-02
-5.704661831259727478e-02
1.778117753565311432e-02
-7.781558670103549957e-03
-4.008758813142776489e-02
6.961355358362197876e-02
3.472721576690673828e-02
-4.300644248723983765e-02
2.845204062759876251e-02
-2.480370365083217621e-02
4.471643641591072083e-02
4.831349849700927734e-02
-2.711771242320537567e-02
-9.583331644535064697e-03
4.961635172367095947e-02
1.897924020886421204e-02
3.123426623642444611e-02
-5.871119722723960876e-02
1.865002512931823730e-02
4.048739001154899597e-02
8.388097397983074188e-03
-2.700026147067546844e-02
-5.298753967508673668e-04
5.163160711526870728e-02
4.680409282445907593e-02
-3.310402855277061462e-02
4.297155514359474182e-02
-2.789889276027679443e-02
-8.447907865047454834e-03
-9.315707534551620483e-02
1.937381573952734470e-03
3.962613269686698914e-02
1.028578728437423706e-01
-9.202153235673904419e-02
3.974421415477991104e-03
-3.138785064220428467e-02
2.365903370082378387e-02
-5.150582268834114075e-02
9.568886458873748779e-02
-8.758829906582832336e-03
-6.023007631301879883e-02
-6.275589764118194580e-02
-8.030679821968078613e-02
1.256628520786762238e-02
-6.028229370713233948e-02
5.830895155668258667e-03
3.270549327135086060e-02
-4.973991308361291885e-03
-3.915000241249799728e-03
-1.070750355720520020e-01
7.379473187029361725e-03
-2.834094129502773285e-02
-3.012989088892936707e-02
6.626017857342958450e-03
-3.432783111929893494e-02
-4.141801968216896057e-02
1.120338309556245804e-02
3.109302185475826263e-02
-3.278027102351188660e-02
8.281230926513671875e-02
-7.168999873101711273e-03
-6.358869373798370361e-02
1.821737736463546753e-03
1.031638905405998230e-01
-1.953347213566303253e-02
-5.106659606099128723e-02
-3.391063306480646133e-03
3.022489883005619049e-02
-1.232760027050971985e-03
-2.589006349444389343e-02
-6.554557010531425476e-03
7.177004963159561157e-02
-4.486920684576034546e-02
1.322811935096979141e-02
-4.063544794917106628e-02
1.639168709516525269e-02
2.662584558129310608e-02
-1.778047159314155579e-02
-1.195321753621101379e-01
-2.701434306800365448e-02
3.239903971552848816e-02
-2.316050231456756592e-02
3.283311054110527039e-02
2.915174118243157864e-04
7.892575114965438843e-02
1.296401605941355228e-03
1.275629829615354538e-02
5.844771862030029297e-02
-3.028227947652339935e-03
-3.134419396519660950e-02
1.624637050554156303e-03
1.753580756485462189e-02
7.992497086524963379e-02
-3.423887863755226135e-02
-2.023774385452270508e-02
7.335170637816190720e-03
-1.487512979656457901e-02
2.998686162754893303e-03
-3.838404780253767967e-03
6.248218938708305359e-02
1.586652174592018127e-02
5.159743130207061768e-02
-7.319024298340082169e-03
1.749259419739246368e-02
2.638938464224338531e-02
-1.709880679845809937e-02
3.616768121719360352e-02
2.111990563571453094e-02
-9.093339554965496063e-03
6.004004273563623428e-03
1.283676922321319580e-01
1.072103995829820633e-02
-4.186638817191123962e-02
5.193641409277915955e-02
2.792660892009735107e-02
6.076587364077568054e-02
-3.035427257418632507e-02
-6.596516072750091553e-02
-4.054785147309303284e-02
-7.807236909866333008e-02
2.112828381359577179e-02
8.738657087087631226e-02
2.977120690047740936e-02
-1.963171362876892090e-02
-2.803926914930343628e-02
3.182290866971015930e-02
-1.107594650238752365e-02
-1.766160503029823303e-02
2.975500747561454773e-02
1.045102812349796295e-02
1.770406588912010193e-02
-5.347943864762783051e-03
-3.824986144900321960e-02
-3.169916570186614990e-02
1.885630190372467041e-02
-2.615343965590000153e-02
4.013083502650260925e-02
3.822913020849227905e-02
1.502659264951944351e-02
-1.933123916387557983e-02
-1.245259121060371399e-02
3.809277713298797607e-02
1.523299887776374817e-02
1.879361085593700409e-02
1.945146732032299042e-02
3.449093922972679138e-02
-5.532941594719886780e-02
4.443381354212760925e-02
-6.178656592965126038e-03
-3.157812356948852539e-02
2.643379848450422287e-03
1.536384504288434982e-02
-2.552865818142890930e-02
-2.746821194887161255e-02
-1.131228134036064148e-01
1.933901011943817139e-02
8.656261116266250610e-02
-4.027482122182846069e-03
3.160258010029792786e-02
-1.937325485050678253e-02
4.968338459730148315e-02
3.771460428833961487e-02
-1.354256737977266312e-02
-4.382711648941040039e-02
9.862136095762252808e-02
-1.187404431402683258e-02
-1.387660019099712372e-02
5.892512202262878418e-02
1.322937104851007462e-02
7.158870249986648560e-02
1.671312749385833740e-02
-1.397715881466865540e-02
-2.613803744316101074e-02
-5.913770198822021484e-02
-6.459572911262512207e-02
7.314402610063552856e-02
1.351447105407714844e-01
-1.385864987969398499e-02
4.764850065112113953e-02
-2.146360650658607483e-02
6.675896234810352325e-03
1.062959283590316772e-01
-9.116091579198837280e-02
2.245588414371013641e-02
-4.781801998615264893e-02
-4.018845036625862122e-02
-7.015947718173265457e-03
-4.013444483280181885e-02
-2.717657200992107391e-02
-1.496524177491664886e-02
3.845377638936042786e-02
1.353644579648971558e-02
2.786921523511409760e-02
-1.501558069139719009e-02
4.673064872622489929e-02
8.190207928419113159e-02
2.731927111744880676e-02
2.499880269169807434e-03
-4.783589020371437073e-02
-8.163145184516906738e-02
-3.225215710699558258e-03
-6.091519724577665329e-03
-1.121151074767112732e-02
-7.360752671957015991e-02
6.232393160462379456e-02
-1.337814703583717346e-02
-1.685916073620319366e-02
3.768388926982879639e-02
-1.655212603509426117e-02
3.113685734570026398e-02
3.594003245234489441e-02
-1.971771940588951111e-02
-7.443480193614959717e-02
6.447146087884902954e-02
1.904721255414187908e-03
-1.457481551915407181e-02
-3.508643805980682373e-02
4.847686365246772766e-02
2.194832265377044678e-02
6.571477651596069336e-02
2.704107388854026794e-02
-3.967337310314178467e-02
-1.711964420974254608e-02
-2.999679557979106903e-02
4.583126306533813477e-02
-1.111060474067926407e-02
-1.060136333107948303e-01
3.314203815534710884e-03
5.121779069304466248e-02
2.739097457379102707e-03
3.360183909535408020e-03
-2.765992283821105957e-02
8.780539967119693756e-03
8.528058975934982300e-02
-9.048159420490264893e-02
-4.611159488558769226e-02
7.263598963618278503e-03
5.739337950944900513e-02
4.381042439490556717e-03
2.457134984433650970e-02
-1.087700389325618744e-02
-5.476073175668716431e-02
6.751001626253128052e-02
-3.986538574099540710e-02
-6.188808009028434753e-02
5.501237884163856506e-02
6.990518886595964432e-03
1.656599529087543488e-02
7.265319116413593292e-03
-3.176066279411315918e-02
-7.318238262087106705e-03
1.021170802414417267e-02
4.888075636699795723e-04
-2.704624086618423462e-02
1.709300652146339417e-02
-6.189983710646629333e-02
1.023027487099170685e-02
1.911577768623828888e-02
-5.299270153045654297e-03
-4.495830275118350983e-03
-6.563606858253479004e-02
1.063878312706947327e-01
-3.940844163298606873e-02
-1.286841277033090591e-02
-4.621903877705335617e-03
2.082740887999534607e-02
4.483212530612945557e-02
-8.022629655897617340e-03
4.831804707646369934e-02
3.031110623851418495e-03
-3.120612353086471558e-03
-4.234438296407461166e-03
2.483982965350151062e-02
1.366367097944021225e-02
6.414952874183654785e-02
4.782194271683692932e-02
4.019131883978843689e-02
-2.524214982986450195e-02
-8.281233604066073895e-04
4.995834827423095703e-02
3.323736786842346191e-02
1.006551682949066162e-01
1.073863282799720764e-01
-4.897831380367279053e-02
4.275465384125709534e-02
8.002290874719619751e-02
-1.191308442503213882e-02
4.823137819766998291e-02
1.442578807473182678e-02
8.880427479743957520e-02
4.811203107237815857e-02
-5.488741770386695862e-02
2.781726233661174774e-02
5.509066954255104065e-02
3.798846527934074402e-02
-1.090990379452705383e-02
2.105868421494960785e-03
5.026787146925926208e-02
8.536884933710098267e-02
-6.899465341120958328e-03
-1.402345299720764160e-01
-8.482773788273334503e-03
-3.792392835021018982e-02
-2.883813530206680298e-02
1.163508277386426926e-02
1.558256242424249649e-02
-4.521419107913970947e-02
-3.667697310447692871e-02
-1.112310308963060379e-02
-1.033794760587625206e-04
-5.272327363491058350e-02
-7.304130494594573975e-02
1.692861132323741913e-02
-2.567382156848907471e-02
-3.415289893746376038e-02
-3.160994127392768860e-02
1.446687709540128708e-02
4.801044613122940063e-02
1.815201342105865479e-02
-2.647001668810844421e-02
5.342203751206398010e-02
5.828067660331726074e-02
4.169338569045066833e-02
8.379155769944190979e-03
-1.243411563336849213e-02
-1.282484922558069229e-02
-5.581272393465042114e-02
2.906732074916362762e-02
8.301835507154464722e-02
-2.449997328221797943e-02
5.413726344704627991e-02
1.296005863696336746e-02
-4.353245720267295837e-03
-2.476029098033905029e-02
3.158593922853469849e-02
3.219791874289512634e-02
8.595044165849685669e-02
8.289720863103866577e-02
-3.291109204292297363e-02
-2.214276231825351715e-02
-1.978174969553947449e-02
-2.487539872527122498e-02
-3.410056978464126587e-02
6.006047129631042480e-02
7.451198995113372803e-02
5.814136564731597900e-02
2.459367923438549042e-02
7.494038436561822891e-03
