0.0344411544501781
-0.0441386513411999
-0.0640569627285004
-0.0585401616990566
0.0938530266284943
-0.0188747514039278
-0.0379906892776489
-0.0788280144333839
0.0451770462095737
0.0203291382640600
0.0598800815641880
0.0264565050601959
-0.1155353710055351
-0.0023908757138997
-0.0589372739195824
-0.0576720274984837
0.0396435074508190
0.0568450316786766
0.0067135044373572
-0.0413928404450417
0.0818608403205872
0.0664228945970535
-0.0606987364590168
0.0301461461931467
-0.0309893786907196
-0.0816843360662460
0.0492876432836056
0.0758379548788071
0.0047230790369213
0.0697817429900169
-0.0211346615105867
0.0069097890518606
-0.0532056950032711
0.0891390219330788
-0.0456006638705730
-0.0832884162664413
0.0040518310852349
0.0479172579944134
-0.0477051772177219
-0.0476155914366245
-0.0295264720916748
0.0382660925388336
0.0033065904863179
0.0341412201523781
0.0113851474598050
-0.0328000038862228
-0.0533459298312664
-0.1112810596823692
0.0945891886949539
0.1050109863281250
-0.0325389169156551
0.0413708724081516
-0.0101928533986211
0.0247720349580050
0.0273820981383324
-0.0269434954971075
0.0017079163808376
0.0905012264847755
0.0779539272189140
0.0107882106676698
0.1049362197518349
0.0947094336152077
-0.0444739721715450
-0.0434416793286800
0.0714181810617447
-0.0128342164680362
-0.0636152103543282
0.0666620209813118
0.0602007769048214
-0.1194034963846207
0.0728126242756844
0.0711306259036064
-0.0204088352620602
-0.0824445337057114
0.1031261011958122
0.0133748473599553
-0.0618139207363129
0.0139281302690506
0.0287012457847595
-0.0957566648721695
-0.0782632231712341
0.0223117358982563
-0.1429712176322937
0.0180101841688156
-0.0110310632735491
-0.0059518376365304
-0.0740069821476936
-0.0971854031085968
-0.0682249590754509
0.0428512617945671
0.0557283796370029
0.0060260212048888
0.0515512898564339
0.0063463267870247
-0.0812421813607216
-0.0734757781028748
-0.0024619195610285
0.0248699393123388
-0.0502650775015354
-0.0240768361836672
-0.0287778172641993
-0.0757839605212212
0.0163025613874197
0.0345048010349274
0.0487760938704014
0.0632147789001465
0.0471512787044048
0.0267412215471268
0.0939396694302559
0.0958113521337509
0.0422337092459202
0.0484128668904305
-0.0237856004387140
0.0926697775721550
-0.0424587465822697
0.1333521306514740
-0.0930830836296082
0.1137533858418465
-0.0567899569869041
-0.0161206535995007
0.0463828928768635
-0.0618846751749516
0.0023350827395916
-0.0076290974393487
-0.0798064023256302
-0.0640567913651466
0.0259085409343243
-0.0203970167785883
0.0235383529216051
0.1144534051418304
-0.0029522066470236
-0.0035975875798613
0.1046610176563263
-0.0395957566797733
0.0073664486408234
0.0222177002578974
-0.0649745613336563
-0.0356390438973904
-0.1034026071429253
0.0478841029107571
0.0219777673482895
-0.1386742293834686
-0.0038822672795504
-0.0638923645019531
0.0984371900558472
0.0363336317241192
0.0251421425491571
-0.0424248799681664
0.0382196940481663
0.0088281054049730
0.0550784952938557
-0.1138621047139168
0.0717226639389992
0.0280139520764351
0.0394524633884430
0.0835477113723755
-0.0965338572859764
0.0182208400219679
0.1075384691357613
0.0075167599134147
-0.0024028415791690
0.0216543395072222
0.0395343191921711
0.0073987576179206
0.0953385159373283
0.0812694504857063
0.0421033687889576
0.0120581965893507
0.0030420646071434
0.0822664871811867
0.0145124765112996
-0.0866008475422859
-0.0242188144475222
0.0459973067045212
-0.0231131408363581
0.1176419705152512
0.0082411319017410
0.0282108783721924
-0.0267982352524996
0.0707472041249275
-0.0580652020871639
0.0328447297215462
0.0266194213181734
-0.0453887395560741
0.0561969764530659
0.0050960066728294
0.0036102572921664
-0.0430383384227753
0.0682814866304398
-0.0846929699182510
0.0289568509906530
0.0306714344769716
0.0707157328724861
-0.0673388242721558
-0.0574178248643875
-0.0434798039495945
-0.0358363538980484
-0.0311154294759035
0.0631223991513252
0.1089222431182861
-0.0463455654680729
-0.0542759597301483
0.0672270506620407
-0.0928313955664635
-0.0892320871353149
-0.0893797501921654
-0.0628318861126900
-0.0606668554246426
-0.0045306608080864
-0.0140827046707273
0.0107340300455689
0.0922360569238663
0.1200636327266693
0.0390329249203205
0.0193524248898029
0.0932964533567429
0.1009822487831116
0.0260095838457346
-0.0497964620590210
0.0446764454245567
-0.0128136826679111
0.0327217504382133
0.0876385718584061
0.0366086401045322
0.1096855252981186
0.0894914343953133
0.1022873669862747
-0.1446791142225266
0.0144521612673998
-0.0711489990353584
-0.0767295882105827
0.0784292444586754
-0.1072335839271545
0.0167828220874071
-0.0765891671180725
0.0902618691325188
0.0551637783646584
-0.0806594565510750
0.0070618032477796
-0.0844857990741730
-0.0758262574672699
0.0426029749214649
-0.0192757993936539
0.0410616174340248
-0.0037944035138935
0.1185007616877556
-0.1017731577157974
-0.0115184998139739
-0.0205873157829046
-0.0257048700004816
-0.0916528329253197
0.0865762233734131
0.0339302271604538
-0.0915379077196121
0.0146775627508759
-0.1056523919105530
-0.1041757985949516
-0.0642348676919937
-0.0498352758586407
0.0290237013250589
-0.0394884198904037
-0.1506507545709610
0.0797555893659592
-0.0327452495694160
-0.0402228757739067
0.0755779892206192
-0.0440084114670753
0.2029218524694443
-0.0904567763209343
-0.0009374117362313
0.0814279019832611
0.1268159151077271
-0.1784542649984360
-0.1071214899420738
0.0382006205618382
-0.2481130659580231
-0.0759186744689941
-0.0437621288001537
0.0984459966421127
-0.1083476319909096
-0.0096837151795626
-0.0660788118839264
-0.1589586138725281
-0.2279430031776428
0.1172136664390564
-0.1405441462993622
0.0025525926612318
-0.1140898689627647
0.1215125024318695
0.0130447149276733
-0.0659972205758095
-0.0832126885652542
0.1168838590383530
-0.0486595109105110
-0.1370396018028259
-0.2333601713180542
-0.1752451658248901
-0.0361152775585651
-0.0348392166197300
-0.1131466627120972
-0.1116675511002541
0.1803592890501022
0.2246526479721069
-0.1602775305509567
0.0233303345739841
0.1652959436178207
-0.0190198309719563
0.1369474083185196
0.0796484947204590
-0.2408116161823273
0.0324426181614399
-0.2284367233514786
0.0453462079167366
0.0726770758628845
-0.0986546576023102
0.1174836605787277
0.1514875143766403
0.2082582712173462
0.0955216586589813
-0.2268822342157364
-0.0103674950078130
-0.0767260864377022
-0.0605933591723442
0.0608742646872997
0.0873002111911774
-0.0335582271218300
-0.0193372443318367
0.0358836241066456
0.0024683093652129
0.0474080741405487
0.0188904330134392
0.0190650448203087
-0.0437850058078766
0.0819024145603180
0.0193729847669601
0.0206035692244768
-0.0415761023759842
0.0508888252079487
-0.0116947907954454
0.0110409660264850
0.0884947404265404
0.0263146273791790
0.0106457732617855
-0.0769129097461700
0.0248703025281429
-0.0073862182907760
-0.0102925701066852
0.0319265350699425
-0.0603524222970009
0.0538429245352745
-0.0666372179985046
0.0257842969149351
-0.0121258664876223
0.0121694607660174
-0.0405047386884689
0.0157244410365820
-0.0291289314627647
0.0167080182582140
0.0689274519681931
-0.0575439073145390
-0.0352189317345619
0.0097102802246809
0.0380175076425076
0.0008640006417409
0.0117818862199783
-0.0398672111332417
-0.0305171348154545
-0.0403037965297699
-0.0523820668458939
0.0199647061526775
0.0331895276904106
-0.1048080399632454
0.0074164220131934
-0.0469734780490398
0.0304335411638021
-0.0491106286644936
-0.0233694612979889
-0.0297752898186445
-0.0366820953786373
0.0457488708198071
-0.0764943659305573
0.0707664489746094
0.0559814609587193
-0.0186953470110893
-0.0263777095824480
0.0127693545073271
0.0395523160696030
0.0353459641337395
0.0499120876193047
0.1309854090213776
0.0848720818758011
-0.0400248207151890
-0.0027856528759003
0.1307827234268188
-0.0157167967408895
-0.0306953079998493
0.0374308452010155
0.0193134304136038
-0.0107116457074881
-0.0233495514839888
0.0451035387814045
0.0397203192114830
0.0702950656414032
-0.1073459461331367
0.0554646924138069
0.0547342337667942
-0.0380677357316017
0.0322701148688793
0.0056848763488233
-0.0020590403582901
-0.0359663590788841
-0.0370729230344296
-0.0497279278934002
-0.0656056925654411
-0.0560652911663055
-0.0489925034344196
-0.0326408483088017
-0.0050961119122803
-0.0294528808444738
-0.0153033751994371
-0.0175658501684666
-0.0161364469677210
0.0629265755414963
-0.0337633490562439
0.0306808892637491
-0.0105307158082724
0.0566779710352421
0.0694669485092163
0.0118389250710607
-0.0463261008262634
0.0315490849316120
-0.0188253093510866
0.0882399454712868
-0.0463544465601444
0.0840938910841942
0.0230764839798212
-0.0378632582724094
0.0218599010258913
0.0056910063140094
-0.1107943579554558
-0.0635349303483963
0.0556274875998497
-0.0068762097507715
-0.0006088009686209
0.0183924604207277
0.0106911594048142
-0.0041045565158129
-0.0170915182679892
-0.0003020973235834
0.0281836297363043
-0.0106809288263321
0.0127681102603674
0.0702362433075905
0.0840857923030853
0.0477215386927128
0.0083968276157975
-0.0064492737874389
-0.0403360053896904
-0.0017641846789047
-0.0116673931479454
-0.0525504536926746
-0.0192831959575415
-0.0357108451426029
0.0527938865125179
-0.0392217859625816
0.0342461019754410
0.0097642699256539
-0.0351563841104507
0.0476266145706177
0.0130174336954951
-0.0097460914403200
-0.0346700884401798
-0.0364002659916878
0.0695996209979057
0.0216497685760260
-0.0569459609687328
0.0266731884330511
-0.0457503981888294
0.0250748898833990
0.0460235066711903
-0.0448943711817265
-0.0671473369002342
-0.0062420032918453
-0.0568803362548351
-0.0049793277867138
-0.0034338454715908
-0.0221836324781179
-0.0103326616808772
-0.0055338614620268
0.0128357280045748
0.0035531197208911
0.0193397328257561
0.0390567667782307
0.0435138009488583
0.0044778194278479
0.0632175281643867
-0.0818871930241585
0.0098709473386407
-0.0096017923206091
-0.0194428972899914
0.0076642795465887
-0.0702719166874886
-0.0057010701857507
-0.0856453925371170
0.0773593559861183
0.0552484802901745
0.0350421443581581
0.0009194361045957
0.0635418444871902
0.0311004500836134
0.0699220448732376
-0.0269734114408493
0.0086947521194816
-0.0446459166705608
0.0039314115419984
-0.0342823751270771
-0.0381226465106010
-0.0466583259403706
-0.0598207600414753
-0.0672183483839035
0.0064072208479047
-0.0167088657617569
-0.0516335517168045
-0.0397420898079872
0.0454765148460865
-0.0196489877998829
-0.1064660996198654
-0.0481459051370621
-0.0336210578680038
0.0224249921739101
0.0240671057254076
0.0066748242825270
-0.0586228147149086
0.0071862381882966
-0.0526996478438377
-0.0648749619722366
0.0396508872509003
-0.0322130769491196
-0.0024858349934220
-0.0089797861874104
0.0276688691228628
0.0185376629233360
0.0295493304729462
-0.0157950557768345
-0.0439840257167816
0.0659806430339813
0.0468327403068542
-0.0294826198369265
0.0902381315827370
0.0436288714408875
0.0326994918286800
0.0775199830532074
-0.0400776006281376
-0.0296419374644756
0.1017916202545166
0.0118309697136283
0.0436293520033360
-0.0572588928043842
0.0727116465568542
-0.0132833374664187
-0.0703849345445633
-0.0008578381384723
0.0103738615289330
0.0406533628702164
-0.0432969108223915
0.0421596653759480
-0.0477695241570473
0.0406552143394947
0.0031726772431284
0.0279063079506159
0.0285451821982861
-0.0295344274491072
-0.0351019352674484
0.0704022720456123
0.0602810122072697
0.0455259755253792
0.0467119105160236
-0.0113244932144880
-0.0509883537888527
-0.0414579696953297
-0.0210385210812092
0.0125676719471812
0.0336959622800350
-0.0841912031173706
-0.0397535264492035
0.0561728440225124
-0.0478031970560551
-0.0775832161307335
0.0097126485779881
0.0433627478778362
0.0322295911610126
0.0317823030054569
0.0641272217035294
-0.0120313968509436
0.1066232323646545
-0.0395912304520607
0.0100188516080379
-0.0775002762675285
-0.0397106371819973
-0.0268759932368994
-0.0456092357635498
-0.0365096703171730
-0.1057107746601105
0.0691128298640251
-0.0178571622818708
0.0533179640769958
0.0438223481178284
0.0399726964533329
-0.0553567297756672
-0.0042453012429178
0.0833877176046371
0.0151244504377246
-0.0218525994569063
-0.0351047478616238
-0.0220190118998289
-0.0521398894488811
0.0718446746468544
0.0402860045433044
0.0429293736815453
-0.0191339757293463
-0.0157887190580368
-0.0709815248847008
0.0702142119407654
-0.0266463495790958
0.0832338854670525
0.0579478144645691
-0.0365300066769123
0.0439159125089645
0.0570827871561050
0.0497154407203197
-0.0137963350862265
-0.0331320613622665
0.0069855479523540
0.0416146107017994
0.0287839528173208
-0.0434420593082905
-0.0118013415485620
0.0010447353124619
-0.0641520842909813
-0.0425163209438324
0.0494950972497463
0.0227718930691481
0.0273226629942656
0.0508425422012806
-0.0514944382011890
0.0110927987843752
-0.0325010716915131
0.0242284946143627
0.0116005241870880
-0.0594719611108303
0.0088683059439063
-0.0419176705181599
-0.0192180797457695
-0.0327110104262829
0.0277520213276148
0.0931917876005173
-0.0033648079261184
-0.0304602496325970
0.0092629427090287
-0.0176903177052736
-0.0368603207170963
0.0250214822590351
0.0277037303894758
0.0295170638710260
0.0301647093147039
-0.0482684969902039
-0.0217953752726316
0.0083099408075213
-0.0072470996528864
-0.0408713854849339
0.0180460549890995
-0.0466112680733204
-0.0004470777639654
-0.0425970144569874
-0.0023699046578258
0.0786418318748474
-0.0038194190710783
0.0280479583889246
0.0238345600664616
-0.0254000388085842
0.0299568194895983
0.0162946134805679
0.0210903659462929
-0.0116641214117408
-0.0449105463922024
-0.0021710577420890
0.0419811159372330
-0.0500389374792576
-0.0121534354984760
0.0121899023652077
-0.0173106025904417
0.0126873953267932
-0.0819075182080269
0.0005933571374044
-0.0072573963552713
0.0076893148943782
0.0022619019728154
-0.0169280767440796
-0.0608339533209801
-0.0034173594322056
-0.0548210106790066
-0.0374526306986809
0.0071253888309002
0.0219532139599323
0.0033640991896391
0.0219611171633005
-0.0071246977895498
-0.0502916537225246
0.0270903669297695
-0.0621540993452072
-0.0466671250760555
0.0097862072288990
-0.0018998258747160
-0.0266182571649551
0.0080107152462006
0.0450147129595280
-0.0393143780529499
-0.0060826535336673
0.0034067276865244
0.0238326713442802
0.0592717304825783
0.0398734658956528
0.0002815582265612
-0.0179012287408113
0.0117730796337128
0.0081702182069421
-0.0123319812119007
0.0285991113632917
0.0806411728262901
-0.0394201911985874
-0.0355897434055805
-0.0681370198726654
-0.0211285501718521
0.0449652783572674
-0.0430269874632359
-0.0704602524638176
-0.0070775756612420
0.0532561615109444
0.0406161397695541
0.0351069569587708
0.0411756560206413
0.0329813249409199
0.0289514027535915
-0.0589514970779419
-0.0541808567941189
0.0096092559397221
0.0072652567178011
0.1071432083845139
0.0673685073852539
0.0650537312030792
-0.0589374192059040
-0.0006749662570655
0.0060142618604004
-0.0186599753797054
0.1132462769746780
0.0291066374629736
-0.0051353042945266
-0.0869679078459740
-0.0079227741807699
0.0095068113878369
-0.0043675401248038
-0.0579927489161491
0.0454555451869965
-0.0401998125016689
-0.0014651624951512
-0.0190469101071358
0.0312934406101704
0.0682427138090134
0.0641301125288010
0.0329551473259926
-0.0206855293363333
0.0869391560554504
0.0552137084305286
0.0102561954408884
0.0410745330154896
0.0506594702601433
0.0189383886754513
0.0247941650450230
0.0956513956189156
-0.0374801456928253
0.0380581505596638
0.0580006539821625
-0.0604497492313385
0.0003538028977346
0.0758053511381149
-0.0107567589730024
-0.0254670474678278
-0.0791582241654396
0.0072304601781070
0.0321804024279118
0.0456524938344955
0.0145614342764020
0.0309777818620205
0.0976561754941940
-0.0160409640520811
-0.0067734061740339
0.0493702441453934
0.0518815554678440
0.0950270891189575
0.0250215679407120
0.0110025936737657
-0.0072428062558174
0.0081961816176772
0.0287854932248592
0.0714969485998154
-0.0226946361362934
-0.0530148595571518
0.0142965698614717
0.0145395779982209
0.0040615918114781
-0.0306203328073025
-0.0961953178048134
0.0709571763873100
-0.0205524582415819
0.0390310361981392
0.0036813609767705
0.0582105070352554
-0.0115816164761782
-0.0477101914584637
0.0249480530619621
-0.0550619214773178
0.0017583681037650
0.0594298802316189
-0.0135931456461549
-0.0007468361873180
0.0565554611384869
0.0334089770913124
-0.0473569743335247
0.0459841229021549
-0.0117788668721914
0.0226473324000835
-0.0307933595031500
