0.0410606563091278
-0.0330486707389355
-0.0717191547155380
-0.0813327357172966
0.0977268889546394
0.0073439460247755
-0.0321926921606064
-0.0893793776631355
0.0126539524644613
0.0017976502422243
0.0752708613872528
0.0249044951051474
-0.1025602743029594
-0.0049395454116166
-0.0401775464415550
-0.0331509001553059
0.0174169205129147
0.0649723932147026
0.0185120534151793
-0.0426530502736568
0.0607716813683510
0.0369765758514404
-0.0726123228669167
0.0364871807396412
-0.0100607685744762
-0.0673290342092514
0.0740679055452347
0.0553294010460377
-0.0038869048003107
0.0765116885304451
-0.0353113040328026
0.0025380288716406
-0.0438542328774929
0.0618456639349461
-0.0669775530695915
-0.0901295021176338
-0.0177921950817108
0.0435597635805607
-0.0578351579606533
-0.0368639975786209
-0.0264666266739368
0.0548939593136311
-0.0185443758964539
0.0209007430821657
0.0139660332351923
-0.0223763789981604
-0.0314354561269283
-0.0924232006072998
0.0885162129998207
0.0770418718457222
-0.0090628648176789
0.0575833246111870
0.0040080980397761
0.0671454891562462
0.0006591400597245
-0.0299382153898478
0.0166209600865841
0.0932979285717010
0.0860244259238243
0.0430943816900253
0.1083128452301025
0.0758092254400253
-0.0723485127091408
-0.0643109381198883
0.0709812417626381
-0.0045775091275573
-0.0520050600171089
0.0711917802691460
0.0467293113470078
-0.1142401918768883
0.0622531585395336
0.0454268269240856
-0.0028797311242670
-0.1106012538075447
0.0879413038492203
0.0296976976096630
-0.0743753165006638
0.0178241524845362
0.0378433018922806
-0.0811175107955933
-0.0962958186864853
0.0465179234743118
-0.1402406394481659
0.0185938086360693
-0.0185411106795073
0.0021240580826998
-0.0525762625038624
-0.0945739075541496
-0.0684233009815216
0.0445124767720699
0.0641835406422615
0.0221823249012232
0.0614490471780300
0.0346560664474964
-0.0914250090718269
-0.0640384033322334
-0.0082677789032459
0.0096114799380302
-0.0237868651747704
-0.0217778291553259
0.0056674969382584
-0.0605086125433445
0.0131299160420895
-0.0086763650178909
0.0283008683472872
0.0878649428486824
0.0323250591754913
0.0613939054310322
0.0844672545790672
0.0915458276867867
0.0665580183267593
0.0423888415098190
-0.0387752689421177
0.0776023343205452
-0.0726088508963585
0.1275559216737747
-0.1007377207279205
0.1241345554590225
-0.0538286827504635
-0.0056943669915199
0.0323846824467182
-0.0401062183082104
0.0140277380123734
0.0104482881724834
-0.0819200277328491
-0.0868883654475212
0.0409361831843853
-0.0006378802354448
0.0493670590221882
0.0841081738471985
0.0045141996815801
0.0326507389545441
0.0983721837401390
-0.0528687015175819
0.0414372384548187
0.0653421729803085
-0.0694796815514565
-0.0455538704991341
-0.0979638621211052
0.0479663349688053
0.0209935177117586
-0.1195749193429947
0.0221044290810823
-0.0934781655669212
0.1247078850865364
0.0597130060195923
0.0238870978355408
-0.0453206077218056
0.0433661192655563
-0.0109353149309754
0.0325340777635574
-0.0776306465268135
0.0699716880917549
0.0211892891675234
0.0561066195368767
0.0473835282027721
-0.0913126692175865
0.0148671269416809
0.0949966311454773
0.0182011015713215
0.0118802748620510
0.0424020215868950
-0.0083842957392335
0.0333024449646473
0.0933126434683800
0.0661316141486168
0.0436235256493092
0.0315537638962269
0.0206566359847784
0.0892807319760323
0.0155354421585798
-0.0765325948596001
-0.0327483192086220
0.0614312365651131
-0.0180290639400482
0.1209654808044434
-0.0072399624623358
0.0498151741921902
0.0032949806191027
0.0739122405648232
-0.0639792159199715
0.0277659893035889
0.0093498835340142
-0.0215601343661547
0.0845545902848244
-0.0217755995690823
0.0162875261157751
-0.0854668617248535
0.0533874891698360
-0.0717612057924271
0.0076279854401946
0.0045315050520003
0.0649830922484398
-0.0593789294362068
-0.0493513606488705
-0.0661008581519127
-0.0656257569789886
-0.0163322333246469
0.0684987530112267
0.1063100695610046
-0.0585848577320576
-0.0647024884819984
0.0636451169848442
-0.0725461021065712
-0.0952294766902924
-0.0725947543978691
-0.0662230402231216
-0.0664285644888878
0.0170535165816545
-0.0225001666694880
-0.0025211870670319
0.0750580728054047
0.1310943663120270
0.0243233852088451
0.0141485221683979
0.1013008877635002
0.1003160625696182
0.0219181124120951
-0.0325402021408081
0.0267536267638206
0.0101709598675370
0.0221368744969368
0.1088201329112053
0.0641118660569191
0.0760059580206871
0.0892978906631470
0.0632136687636375
-0.1370848864316940
0.0355551838874817
-0.0761376917362213
-0.0970541834831238
0.0790879055857658
-0.0943610444664955
-0.0155358351767063
-0.0878227949142456
0.0876568108797073
0.0545520074665546
-0.0755719542503357
0.0065454887226224
-0.0899011045694351
-0.0751811936497688
0.0578567087650299
-0.0536362752318382
0.0506534650921822
-0.0043996362946928
0.1236196830868721
-0.1064171716570854
0.0128974271938205
-0.0319747924804688
-0.0289479736238718
-0.0934456586837769
0.0968889147043228
0.0572100467979908
-0.0805690810084343
0.0181249063462019
-0.1054503098130226
-0.1318923383951187
-0.0705159604549408
-0.1196647882461548
-0.1337012648582458
-0.0105577250942588
-0.1243352666497231
0.0451921150088310
0.0760505050420761
0.0161249265074730
0.0776971280574799
-0.1327677816152573
0.0942756682634354
0.0299294497817755
0.1590761691331863
-0.0041467086412013
0.0212691146880388
-0.3244464993476868
-0.0451204739511013
0.0285852942615747
-0.2441373914480209
-0.0152597837150097
-0.0440311133861542
0.0332087203860283
-0.0528663210570812
0.0500079020857811
-0.0432416200637817
-0.2022899836301804
-0.1361441463232040
0.0962418690323830
-0.1133309975266457
-0.1354619413614273
-0.0739966928958893
-0.0249343439936638
-0.1632597595453262
-0.1961143612861633
-0.0834937319159508
0.1046233400702477
-0.0038897299673408
-0.0631699562072754
-0.1498251408338547
-0.0856908708810806
-0.1289861053228378
0.0744144544005394
-0.0713910311460495
-0.1072032675147057
0.0650878250598907
0.2514505982398987
-0.2137872874736786
-0.0571704357862473
0.0298197381198406
-0.0477370247244835
0.0462451130151749
0.1148644238710403
-0.1717342436313629
0.0821306183934212
-0.2831264734268188
0.1239407286047935
0.0410724245011806
-0.2162278294563293
0.1343940645456314
-0.0035309325903654
0.2883043587207794
-0.0716774538159370
-0.0363734029233456
-0.0099095543846488
-0.0811133608222008
-0.0456498004496098
0.0674543157219887
0.0911769196391106
-0.0374694280326366
-0.0102276857942343
0.0094958571717143
-0.0127540482208133
0.0570998564362526
0.0114522846415639
0.0265762265771627
-0.0405724011361599
0.0670811682939529
0.0234405305236578
0.0267807152122259
-0.0480067096650600
0.0774903446435928
-0.0197594631463289
0.0061176405288279
0.0732164829969406
0.0358967073261738
0.0279166027903557
-0.0976542904973030
0.0242614857852459
-0.0078666489571333
-0.0166056398302317
0.0347950011491776
-0.0481857396662235
0.0698943436145782
-0.0702613741159439
0.0404819250106812
-0.0135701131075621
0.0164066534489393
-0.0295819919556379
0.0190489739179611
-0.0200875289738178
0.0073480363935232
0.0816177576780319
-0.0480140596628189
-0.0532135628163815
0.0008355334284715
0.0498329699039459
-0.0029296942520887
0.0145798325538635
-0.0334661081433296
-0.0204641688615084
-0.0176497846841812
-0.0443758890032768
0.0262781679630280
0.0416776984930038
-0.0935312435030937
0.0259545855224133
-0.0516560487449169
0.0083686532452703
-0.0550341308116913
-0.0185549277812243
-0.0313620418310165
-0.0336433127522469
0.0433334000408649
-0.0575254820287228
0.0648589357733727
0.0451205782592297
-0.0072073945775628
-0.0407849289476871
0.0170351974666119
0.0518963374197483
0.0298552140593529
0.0729129910469055
0.1177867278456688
0.0715067088603973
-0.0229846388101578
-0.0233973935246468
0.1215880438685417
-0.0230384916067123
-0.0145150627940893
0.0427794195711613
0.0314859859645367
-0.0080803735181689
-0.0039256252348423
0.0373693071305752
0.0276138018816710
0.0531382672488689
-0.0995740368962288
0.0749352946877480
0.0621371194720268
-0.0347991585731506
-0.0002920508850366
-0.0052336202934384
0.0049757710658014
-0.0275659319013357
-0.0521509908139706
-0.0393334105610847
-0.0635926574468613
-0.0561852194368839
-0.0629268959164619
-0.0265974868088961
0.0101558333262801
-0.0297598727047443
-0.0223391130566597
-0.0062890369445086
-0.0263555273413658
0.0395397283136845
-0.0340231023728848
0.0288941152393818
-0.0195190981030464
0.0506042502820492
0.0674687474966049
0.0114200422540307
-0.0338442437350750
0.0167456418275833
-0.0330345593392849
0.0822394937276840
-0.0427250564098358
0.0766866952180862
0.0301404893398285
-0.0385461151599884
0.0172748174518347
-0.0010914262384176
-0.0789016559720039
-0.0573817230761051
0.0611366592347622
-0.0043490719981492
0.0108606731519103
0.0052818632684648
-0.0002541225403547
-0.0168759506195784
-0.0088489064946771
0.0107533773407340
0.0350682474672794
-0.0086684860289097
-0.0231483299285173
0.0647638216614723
0.0848436877131462
0.0532783493399620
0.0013462795177475
-0.0132063301280141
-0.0409667864441872
-0.0036698568146676
-0.0194494277238846
-0.0377245023846626
-0.0362122058868408
-0.0306939054280519
0.0651476830244064
-0.0451202727854252
0.0369465649127960
0.0059922826476395
-0.0461184382438660
0.0471243895590305
0.0139174964278936
0.0060492311604321
-0.0360989645123482
-0.0277140904217958
0.0718518719077110
0.0399476177990437
-0.0799669921398163
0.0217496417462826
-0.0563410446047783
0.0286718141287565
0.0419097021222115
-0.0352575741708279
-0.0401571020483971
-0.0055605317465961
-0.0582848489284515
0.0132146561518312
-0.0195368435233831
0.0004936864133924
-0.0070539950393140
-0.0203124210238457
0.0251403469592333
-0.0074913646094501
0.0351068004965782
0.0222105924040079
0.0508793592453003
0.0312326252460480
0.0563118904829025
-0.0805158019065857
0.0088624181225896
-0.0197258461266756
-0.0035882913507521
0.0072554135695100
-0.0924020335078239
0.0079826219007373
-0.0884213149547577
0.0801137685775757
0.0445333942770958
0.0399794019758701
-0.0024132267571986
0.0450126677751541
0.0417069010436535
0.0712273791432381
-0.0236987024545670
0.0123324496671557
-0.0405382849276066
-0.0055348933674395
-0.0382406637072563
-0.0326370783150196
-0.0600542724132538
-0.0597006045281887
-0.0842077732086182
0.0105349244549870
-0.0286639630794525
-0.0450356900691986
-0.0473564118146896
0.0508174635469913
-0.0174311436712742
-0.1066840514540672
-0.0582193732261658
-0.0233683250844479
0.0378934182226658
0.0367483980953693
0.0158751513808966
-0.0467952489852905
0.0213666819036007
-0.0615410022437572
-0.0708299502730370
0.0314040407538414
-0.0388438813388348
-0.0033382182009518
0.0039701522327960
0.0201293248683214
0.0166516248136759
0.0276047382503748
-0.0186922140419483
-0.0436179526150227
0.0584551468491554
0.0502105504274368
-0.0494123585522175
0.0736622437834740
0.0646092444658279
0.0298204533755779
0.0894470810890198
-0.0490828230977058
-0.0469222068786621
0.0980090871453285
-0.0071430280804634
0.0341012924909592
-0.0555714070796967
0.0610862672328949
-0.0312653966248035
-0.0419770143926144
0.0123124029487371
0.0112092243507504
0.0529588982462883
-0.0567598603665829
0.0367969721555710
-0.0439662151038647
0.0466835722327232
-0.0053453203290701
0.0331072360277176
0.0236026197671890
-0.0561136864125729
-0.0378729440271854
0.0782454982399940
0.0581531375646591
0.0358855873346329
0.0441281832754612
-0.0189619865268469
-0.0343238487839699
-0.0297866128385067
-0.0188220534473658
0.0025091760326177
0.0035246072802693
-0.0883082449436188
-0.0421647951006889
0.0529619678854942
-0.0381756387650967
-0.0771055445075035
-0.0035864135716110
0.0291243735700846
0.0325781665742397
0.0255884807556868
0.0636641755700111
0.0133339622989297
0.0917856693267822
-0.0321117267012596
0.0249124374240637
-0.0877519547939301
-0.0258121825754642
-0.0201214570552111
-0.0373740568757057
-0.0448590107262135
-0.1180134788155556
0.0746832489967346
-0.0035812463611364
0.0522566959261894
0.0345133654773235
0.0532257147133350
-0.0515411719679832
-0.0120052965357900
0.0634563565254211
0.0127289462834597
-0.0072892988100648
-0.0263836178928614
-0.0204414110630751
-0.0340472795069218
0.0639644563198090
0.0510225147008896
0.0213788952678442
-0.0365082584321499
-0.0124386036768556
-0.0623620525002480
0.0452374666929245
-0.0543692894279957
0.0901764631271362
0.0568531304597855
-0.0176808424293995
0.0376228690147400
0.0456313751637936
0.0452763922512531
-0.0030823266133666
-0.0330574177205563
-0.0096716666594148
0.0420004688203335
0.0026439046487212
-0.0128342984244227
-0.0211274083703756
0.0049931476823986
-0.0775079280138016
-0.0478844642639160
0.0368300601840019
0.0178911145776510
0.0524914637207985
0.0483323335647583
-0.0509235896170139
0.0089619504287839
-0.0520987734198570
0.0275901760905981
0.0130496788769960
-0.0679113715887070
-0.0007311538211070
-0.0160976219922304
-0.0220866352319717
-0.0390989221632481
0.0293494239449501
0.0810768827795982
-0.0029532848857343
-0.0062845181673765
0.0001273624511668
-0.0321386046707630
-0.0380234234035015
0.0396680161356926
0.0347137674689293
0.0494406856596470
0.0115718720480800
-0.0525788031518459
-0.0157444458454847
0.0117705725133419
-0.0266703758388758
-0.0506343767046928
0.0365453921258450
-0.0531200505793095
-0.0062458789907396
-0.0399575941264629
-0.0003066292847507
0.0991666465997696
0.0038142567500472
0.0087205665186048
0.0169590730220079
-0.0258464850485325
0.0233598630875349
0.0164126437157393
0.0364114679396152
-0.0185203347355127
-0.0360687263309956
-0.0039475122466683
0.0406002290546894
-0.0604840181767941
0.0044003562070429
0.0108282966539264
-0.0041279890574515
0.0269516985863447
-0.0699168890714645
-0.0045864018611610
0.0083166873082519
0.0200029332190752
-0.0092400182038546
-0.0315261259675026
-0.0794073939323425
-0.0096060335636139
-0.0513687320053577
-0.0555279217660427
-0.0063873161561787
0.0134685765951872
-0.0124449525028467
0.0055606369860470
-0.0202308129519224
-0.0653489008545876
0.0376318395137787
-0.0690243393182755
-0.0428965613245964
-0.0073826881125569
0.0011047896696255
-0.0215807110071182
0.0218864176422358
0.0543172620236874
-0.0429506711661816
-0.0008239763556048
-0.0060311402194202
0.0140308067202568
0.0601697564125061
0.0389647223055363
0.0040237321518362
-0.0138525720685720
0.0141533706337214
0.0236078929156065
-0.0271093472838402
0.0280374083667994
0.0659134685993195
-0.0497290194034576
-0.0223279297351837
-0.0772203579545021
-0.0336387716233730
0.0450433082878590
-0.0301977172493935
-0.0698268860578537
0.0160044413059950
0.0384553633630276
0.0561854504048824
0.0127730825915933
0.0282633323222399
0.0283936411142349
0.0178318303078413
-0.0532836429774761
-0.0558440946042538
0.0266062896698713
0.0049669439904392
0.1169335097074509
0.0801058262586594
0.0812658667564392
-0.0743614584207535
-0.0063268202356994
-0.0193758737295866
-0.0364654064178467
0.1126336380839348
0.0247822962701321
0.0008625118643977
-0.0846205726265907
-0.0140585089102387
0.0116425789892673
0.0222878865897655
-0.0376200154423714
0.0358422733843327
-0.0568701028823853
0.0080443629994988
-0.0181949306279421
0.0419738404452801
0.0671542286872864
0.0593187250196934
0.0106963086873293
-0.0228666067123413
0.0847330391407013
0.0555403009057045
-0.0170198194682598
0.0482197888195515
0.0346959009766579
0.0275539550930262
0.0263583939522505
0.0859772562980652
-0.0586661174893379
0.0303230993449688
0.0528609864413738
-0.0610610693693161
-0.0161373279988766
0.0763383433222771
0.0019793496467173
-0.0242044217884541
-0.0464920364320278
0.0205761678516865
0.0360118784010410
0.0620082281529903
0.0107160247862339
0.0243195313960314
0.1030134707689285
-0.0110914437100291
0.0057849483564496
0.0419335886836052
0.0581891052424908
0.0689678266644478
0.0127349188551307
0.0152849098667502
0.0013700518757105
0.0131444465368986
0.0388805307447910
0.0629206746816635
-0.0277411844581366
-0.0490295700728893
-0.0015498208813369
-0.0005283214268275
0.0145653467625380
-0.0292640104889870
-0.0856461673974991
0.0818298533558846
-0.0275110956281424
0.0414169207215309
0.0106961261481047
0.0516098290681839
-0.0090975491330028
-0.0412226095795631
0.0279592778533697
-0.0633059218525887
0.0215321239084005
0.0492166429758072
-0.0308513361960649
-0.0156889576464891
0.0371864326298237
0.0278901085257530
-0.0293322671204805
0.0481074973940849
-0.0175709407776594
0.0212784856557846
-0.0281046088784933
