7.034380454570055008e-03
-4.722824785858392715e-03
-2.311205863952636719e-02
2.527579478919506073e-02
1.164510939270257950e-02
-7.892348803579807281e-03
3.810896771028637886e-03
-5.387206748127937317e-02
6.419003475457429886e-03
2.461716346442699432e-02
-1.447449438273906708e-02
1.427620183676481247e-02
-3.141077759210020304e-04
5.164462700486183167e-02
6.834913976490497589e-03
-7.376169320195913315e-03
-1.128325518220663071e-02
1.432239077985286713e-02
1.463637351989746094e-01
1.416847575455904007e-02
-1.128615438938140869e-02
-1.096124481409788132e-02
2.023346349596977234e-02
-2.573193982243537903e-02
-4.247144330292940140e-03
1.549535617232322693e-02
-3.281679376959800720e-02
-4.181420430541038513e-02
4.437069874256849289e-03
-3.537144744768738747e-03
1.289767771959304810e-01
-2.394707687199115753e-02
-4.474448796827346087e-04
-7.319549564272165298e-03
3.206316381692886353e-02
-2.427424862980842590e-02
-1.595859881490468979e-03
3.091750899329781532e-03
-5.636095069348812103e-03
2.406139299273490906e-02
-5.566138308495283127e-03
1.357019413262605667e-02
-8.270142227411270142e-02
-1.920117065310478210e-02
-1.392120216041803360e-02
-7.180511485785245895e-03
-1.456219004467129707e-03
-1.022369135171175003e-02
-2.638470323290675879e-04
-1.359115447849035263e-02
1.481433864682912827e-02
2.438994310796260834e-02
3.192553296685218811e-02
-1.955128647387027740e-02
-2.618465386331081390e-02
-1.395014673471450806e-02
-7.844532839953899384e-03
1.847820822149515152e-03
2.884058654308319092e-01
6.113223358988761902e-02
-8.840763941407203674e-03
-1.129276864230632782e-02
-1.274039968848228455e-02
2.640539593994617462e-02
4.218503087759017944e-02
-2.405482530593872070e-02
2.334624901413917542e-02
-2.067939750850200653e-02
6.398036330938339233e-02
-1.322882529348134995e-02
7.527769543230533600e-03
2.561844512820243835e-02
3.623029217123985291e-02
-1.767667569220066071e-02
5.527340341359376907e-03
1.086869183927774429e-02
1.481878291815519333e-02
-1.910877786576747894e-02
2.871241234242916107e-02
1.497876048088073730e-01
4.349789116531610489e-03
-1.510222256183624268e-02
6.570556201040744781e-03
5.206107720732688904e-02
-4.648490622639656067e-02
-1.883023045957088470e-02
-6.910780211910605431e-04
3.538583638146519661e-03
1.338903140276670456e-02
-7.903769612312316895e-03
-1.684804633259773254e-02
-2.277605608105659485e-02
5.461534857749938965e-02
1.312199863605201244e-03
1.608188636600971222e-02
-8.693111885804682970e-05
1.133649144321680069e-02
-6.454137619584798813e-03
2.568921446800231934e-02
2.743138000369071960e-03
-1.142009906470775604e-02
-1.058177836239337921e-02
-6.021289154887199402e-03
5.421888548880815506e-03
8.590811863541603088e-03
-3.262617439031600952e-02
5.097030662000179291e-03
4.765067715197801590e-03
2.592868730425834656e-02
-3.207081556320190430e-02
7.010368630290031433e-03
7.380074821412563324e-03
-5.961082875728607178e-03
-6.234402302652597427e-03
-1.400274038314819336e-02
-8.334510028362274170e-03
-2.779359056148678064e-04
-2.761105261743068695e-02
1.052854000590741634e-03
-1.970507018268108368e-02
7.658550981432199478e-03
-1.777937635779380798e-02
-5.159336142241954803e-03
5.669723264873027802e-03
-4.662207886576652527e-02
2.622096426784992218e-02
7.970805279910564423e-03
1.087585836648941040e-02
1.614481583237648010e-02
-7.771829515695571899e-02
-5.798598378896713257e-02
1.870048232376575470e-03
3.432025201618671417e-03
1.709279604256153107e-02
-6.057275831699371338e-02
5.581512115895748138e-03
1.322443503886461258e-02
7.151536643505096436e-03
1.478254981338977814e-02
1.041216123849153519e-02
-1.600163429975509644e-02
2.583521045744419098e-02
1.261609024368226528e-03
3.881106385961174965e-03
2.264124527573585510e-02
1.429257988929748535e-01
-1.554918941110372543e-03
2.266394905745983124e-03
-7.881346158683300018e-03
-2.980625256896018982e-02
3.263724967837333679e-02
4.515512287616729736e-02
1.437054481357336044e-02
-4.666546825319528580e-03
1.521347369998693466e-02
-1.742160134017467499e-02
2.895153686404228210e-02
3.993500024080276489e-03
-3.212027251720428467e-02
-3.651758655905723572e-02
3.164721280336380005e-02
-4.475827887654304504e-02
3.856994584202766418e-02
1.405179314315319061e-02
1.358486153185367584e-02
2.416678704321384430e-03
3.259662166237831116e-02
8.702976047061383724e-04
1.100213825702667236e-02
-1.883092336356639862e-02
1.662439107894897461e-02
-2.853843569755554199e-02
-5.136880557984113693e-03
4.612233024090528488e-03
3.800647705793380737e-02
1.001326646655797958e-02
-2.172349207103252411e-02
1.535191945731639862e-02
6.726331263780593872e-02
-2.323120273649692535e-02
2.618467807769775391e-02
-1.394933648407459259e-02
-3.474781289696693420e-02
-1.589025557041168213e-02
-2.207397483289241791e-02
1.986894309520721436e-01
-1.626293361186981201e-01
2.090133726596832275e-02
7.495075464248657227e-03
-4.512466490268707275e-02
7.991060614585876465e-03
1.081066671758890152e-02
-1.410436630249023438e-02
-2.510516345500946045e-02
1.765199564397335052e-02
2.850355766713619232e-02
-7.136240601539611816e-02
2.116856537759304047e-02
7.866998016834259033e-02
2.077537938021123409e-04
3.153626108542084694e-03
2.048145420849323273e-02
-1.480964869260787964e-01
-1.011659204959869385e-02
2.675748616456985474e-02
-1.757653616368770599e-02
1.590416766703128815e-02
1.008395664393901825e-02
2.392976358532905579e-02
-7.912704348564147949e-02
3.293431922793388367e-02
-2.371253818273544312e-02
1.109854783862829208e-02
-1.057054009288549423e-02
4.010203992947936058e-04
-1.603016816079616547e-02
1.877565286122262478e-03
2.214278280735015869e-02
6.304697599261999130e-03
-5.392376706004142761e-02
9.284514933824539185e-03
-7.613325119018554688e-01
-2.008578181266784668e-02
-3.516149893403053284e-02
2.746400982141494751e-02
1.049679704010486603e-02
-9.434187784790992737e-03
2.109695971012115479e-02
-1.480026636272668839e-03
1.761738024652004242e-02
3.022162057459354401e-02
3.783874586224555969e-02
-4.070698842406272888e-02
1.626622118055820465e-02
-1.304614916443824768e-02
1.734905876219272614e-02
-1.870476268231868744e-02
1.504231616854667664e-02
1.019410789012908936e-02
2.236860990524291992e-02
1.947787706740200520e-03
-1.659953594207763672e-02
-1.442403495311737061e-01
-1.539999246597290039e-02
-7.718067150563001633e-03
1.369938440620899200e-02
-2.012303844094276428e-02
7.270553149282932281e-03
2.144378423690795898e-02
-1.068881712853908539e-03
-1.703529246151447296e-02
1.586114987730979919e-03
2.687285281717777252e-02
-1.689543575048446655e-02
-2.358462102711200714e-02
1.447313930839300156e-02
2.921195514500141144e-02
1.019197180867195129e-01
4.847725853323936462e-03
4.390087444335222244e-03
2.425614930689334869e-02
-7.761723548173904419e-02
2.785413339734077454e-02
-5.997853077133186162e-05
-2.947803819552063942e-03
1.384070026688277721e-03
-2.389517799019813538e-02
-2.134286798536777496e-02
-9.126165509223937988e-02
-1.756258122622966766e-02
1.885012350976467133e-02
7.131829857826232910e-02
-3.103809803724288940e-02
6.387032568454742432e-02
7.132492493838071823e-03
-1.053287461400032043e-02
-1.001422572880983353e-02
-7.078986614942550659e-03
-7.444028742611408234e-03
-2.158343605697154999e-02
-8.203988894820213318e-03
2.212817594408988953e-02
5.776301771402359009e-02
-7.052142173051834106e-02
3.227134421467781067e-02
6.373005360364913940e-02
5.883604288101196289e-03
6.708189845085144043e-02
8.741796016693115234e-02
-3.687405586242675781e-02
3.314010053873062134e-02
-1.194004155695438385e-02
-3.657707571983337402e-02
-3.163720667362213135e-02
4.021713882684707642e-02
-1.062926743179559708e-02
-1.161378473043441772e-01
-1.192807406187057495e-02
6.852841377258300781e-02
2.171564102172851562e-02
6.902179215103387833e-03
-5.666810553520917892e-03
9.361261725425720215e-01
3.537826612591743469e-02
-5.183188989758491516e-02
7.640152238309383392e-03
-3.814002871513366699e-02
1.213306933641433716e-01
-8.105092681944370270e-03
7.356083020567893982e-03
-5.510440468788146973e-02
-3.541875258088111877e-02
1.936763897538185120e-02
7.093434222042560577e-03
-4.056045413017272949e-02
3.072752803564071655e-02
-1.828001439571380615e-02
-1.191739342175424099e-03
-6.517264246940612793e-02
-1.133879553526639938e-02
1.404913607984781265e-02
3.674822673201560974e-02
1.862961100414395332e-03
4.521163925528526306e-02
3.525113314390182495e-02
-1.659216359257698059e-02
1.500607654452323914e-02
1.872070506215095520e-02
-4.641410708427429199e-02
5.024334043264389038e-02
1.359620224684476852e-02
2.627211622893810272e-02
-1.105527672916650772e-02
-5.727641284465789795e-02
-1.743694534525275230e-03
-6.779704242944717407e-02
3.929787129163742065e-02
-5.722970888018608093e-02
-6.002523750066757202e-02
-3.581479657441377640e-03
-9.163480997085571289e-02
-2.075600996613502502e-02
-4.586999490857124329e-02
-3.680296242237091064e-02
7.540331780910491943e-02
-1.042992621660232544e-01
-4.114583507180213928e-02
-3.561527281999588013e-02
-2.940459363162517548e-02
8.603886514902114868e-02
1.561056077480316162e-02
-1.035388335585594177e-01
3.814865276217460632e-02
4.797706007957458496e-02
-4.726010560989379883e-02
8.947423845529556274e-02
1.433150377124547958e-02
-8.922274224460124969e-03
1.362140290439128876e-02
4.786685109138488770e-02
4.937988147139549255e-02
-1.309685967862606049e-02
-1.603033207356929779e-02
4.443841800093650818e-02
3.763448912650346756e-03
-6.632256787270307541e-03
-1.791692338883876801e-02
-6.552721606567502022e-04
1.616904884576797485e-02
-3.930240124464035034e-02
-2.144660986959934235e-02
9.830643981695175171e-02
-1.671962998807430267e-02
-1.059505972079932690e-03
3.289888426661491394e-02
-1.771559379994869232e-02
-3.437927365303039551e-02
-2.815467305481433868e-02
-2.218768186867237091e-02
-1.223966293036937714e-02
-2.194749191403388977e-02
-8.414973854087293148e-04
1.679165288805961609e-02
9.660927578806877136e-03
1.081858109682798386e-02
7.050936110317707062e-04
1.415785215795040131e-02
3.419030830264091492e-02
-4.301059618592262268e-02
2.748571336269378662e-02
6.896980106830596924e-02
7.278110831975936890e-02
6.753071397542953491e-02
1.387668401002883911e-02
2.038217522203922272e-02
5.844627693295478821e-02
1.083881855010986328e-01
8.025500178337097168e-02
3.698424901813268661e-03
-2.404083497822284698e-02
2.112642861902713776e-02
-3.429725021123886108e-02
-1.355130076408386230e-01
2.154784277081489563e-02
5.502147600054740906e-02
2.188402786850929260e-02
-1.086882431991398335e-03
-5.589507147669792175e-02
8.895946294069290161e-02
4.920638352632522583e-02
5.840311944484710693e-02
3.361837938427925110e-02
-4.716571420431137085e-02
4.897285252809524536e-02
1.179037522524595261e-02
-3.095506317913532257e-02
-1.548056770116090775e-02
-8.087520487606525421e-03
-1.123933494091033936e-02
2.215532585978507996e-02
2.778963185846805573e-02
3.284842893481254578e-02
9.638559073209762573e-02
-7.649826351553201675e-03
-2.006912836804986000e-03
-5.833140760660171509e-02
4.998669028282165527e-02
-2.097645215690135956e-02
5.104484409093856812e-02
2.275401912629604340e-02
1.621251925826072693e-02
1.981366984546184540e-02
-1.367044541984796524e-02
-1.995336823165416718e-02
1.137407962232828140e-03
-1.829856261610984802e-02
-4.647190123796463013e-02
-4.153321683406829834e-02
4.529030993580818176e-02
2.530771866440773010e-02
9.125496260821819305e-03
5.329647660255432129e-02
-3.878825111314654350e-03
6.265497952699661255e-02
3.063370706513524055e-03
-8.102264255285263062e-03
-5.979252234101295471e-02
-4.230957478284835815e-02
7.924455404281616211e-02
-7.272553443908691406e-02
4.896922409534454346e-02
-2.021447569131851196e-02
7.090599834918975830e-02
-6.212819367647171021e-02
-1.649248413741588593e-02
3.645851463079452515e-02
-8.310958743095397949e-03
-4.529812186956405640e-02
4.271858930587768555e-02
9.279287420213222504e-03
-3.174573183059692383e-02
-1.382807362824678421e-02
2.029943093657493591e-02
-5.205227434635162354e-02
4.474011436104774475e-02
-3.957973793148994446e-03
2.984846755862236023e-02
5.244421213865280151e-02
-2.985411696135997772e-02
-1.803587004542350769e-02
-1.998341456055641174e-02
4.032859206199645996e-02
1.061797607690095901e-02
1.065957918763160706e-02
1.052944287657737732e-01
-6.172721832990646362e-02
1.683324016630649567e-02
-5.755380913615226746e-02
6.633369624614715576e-02
-5.598255083896219730e-04
-1.698241801932454109e-03
-3.570626676082611084e-02
-8.999631553888320923e-02
1.688741176621988416e-04
3.887339308857917786e-02
-3.828025609254837036e-02
3.838474303483963013e-02
-2.460077777504920959e-02
4.181196168065071106e-02
5.298839882016181946e-02
4.268717393279075623e-02
-8.375465869903564453e-03
2.875270694494247437e-02
2.674422413110733032e-02
4.824266955256462097e-02
1.563259633257985115e-03
-2.610604837536811829e-02
-1.611251942813396454e-02
-2.194316498935222626e-02
7.523871213197708130e-02
1.457056030631065369e-02
-8.790835738182067871e-02
5.177287384867668152e-02
9.977576322853565216e-03
-2.542126365005970001e-02
-5.192582309246063232e-02
7.162889931350946426e-03
-3.199330344796180725e-02
2.959560975432395935e-02
-1.278277393430471420e-02
-3.580313920974731445e-02
-1.770158112049102783e-02
-1.766926422715187073e-02
-1.095783784985542297e-01
-3.471066430211067200e-02
-1.696870476007461548e-02
-3.398177213966846466e-03
-2.478528767824172974e-02
1.094803120940923691e-02
-1.054331194609403610e-02
-1.577955670654773712e-02
1.235875114798545837e-02
-3.076743148267269135e-02
6.323162466287612915e-02
-5.770603939890861511e-02
4.042367450892925262e-03
1.039361394941806793e-02
-4.102447628974914551e-02
-1.720781028270721436e-01
-4.911990091204643250e-02
6.072096875868737698e-04
5.490710213780403137e-02
-7.597790658473968506e-02
6.632248312234878540e-02
-3.233703598380088806e-02
2.367597771808505058e-03
-3.510741889476776123e-02
4.281719774007797241e-02
-7.288075983524322510e-03
-4.644927382469177246e-02
-3.792645037174224854e-02
-2.121155895292758942e-02
5.949523299932479858e-03
6.482935696840286255e-02
4.283866379410028458e-03
2.140308357775211334e-02
1.016162559390068054e-01
1.636252366006374359e-02
-5.002232640981674194e-02
-4.963335022330284119e-02
-3.821142762899398804e-02
2.711932361125946045e-02
1.432418171316385269e-02
2.097441442310810089e-02
-1.307886373251676559e-02
2.966498583555221558e-02
-3.636445151641964912e-03
1.243574172258377075e-02
1.115750055760145187e-02
1.029693987220525742e-02
-2.588010579347610474e-02
-6.020659953355789185e-02
-5.471629276871681213e-02
4.636785946786403656e-03
-4.591964185237884521e-03
-2.224456518888473511e-02
-3.954634070396423340e-02
-5.095694214105606079e-03
9.727089107036590576e-02
6.225832924246788025e-02
4.032751917839050293e-02
-5.335752293467521667e-02
2.389395236968994141e-02
4.047902300953865051e-03
7.013925909996032715e-02
2.173323184251785278e-02
-1.724735833704471588e-02
1.286557316780090332e-02
-1.118631195276975632e-02
1.722740754485130310e-02
4.548164829611778259e-02
2.282204292714595795e-02
6.559324538102373481e-05
4.601098224520683289e-02
-7.956659421324729919e-03
-1.273355446755886078e-02
-3.428517654538154602e-02
-1.984643749892711639e-03
1.086881104856729507e-02
-7.203879207372665405e-02
1.152172498404979706e-02
2.162833325564861298e-02
5.230244994163513184e-02
-6.426841020584106445e-03
2.103430218994617462e-03
2.937378361821174622e-02
-1.978374645113945007e-02
9.151960723102092743e-03
-6.551523692905902863e-03
4.116676375269889832e-02
-1.835776492953300476e-02
-1.030398160219192505e-02
1.516008470207452774e-02
5.746280774474143982e-03
3.882871242240071297e-03
3.007203806191682816e-03
5.337524414062500000e-02
-8.198379538953304291e-03
-2.557406015694141388e-02
-1.899146847426891327e-02
1.388494297862052917e-02
-6.357708014547824860e-03
-1.539879199117422104e-02
-7.016144227236509323e-03
-6.677424162626266479e-02
2.750835008919239044e-02
1.608087867498397827e-02
-1.912082545459270477e-02
1.240798272192478180e-02
-5.275490134954452515e-02
4.577969759702682495e-02
1.581084728240966797e-02
-1.181603316217660904e-02
-4.531567916274070740e-02
4.797831922769546509e-02
1.579859554767608643e-01
9.746503084897994995e-03
-2.650061249732971191e-02
5.676354467868804932e-02
-1.741715706884860992e-02
-2.772720158100128174e-02
-1.165108755230903625e-02
-4.808561503887176514e-02
-3.289229935035109520e-03
-4.805526230484247208e-03
2.702732384204864502e-02
8.853912353515625000e-02
2.390878275036811829e-03
8.390735089778900146e-02
4.593187011778354645e-03
1.045259609818458557e-01
-2.928858436644077301e-02
2.724356483668088913e-03
-2.375270053744316101e-02
-4.264381714165210724e-03
2.053983695805072784e-02
-8.544220589101314545e-03
-4.966328293085098267e-02
-4.173875972628593445e-02
-2.341399900615215302e-02
3.391598910093307495e-02
7.118265330791473389e-02
-3.936601860914379358e-04
3.258697688579559326e-02
4.540482908487319946e-02
-5.426035821437835693e-02
-7.549176365137100220e-02
3.635420650243759155e-02
-1.322501222603023052e-03
-1.642815396189689636e-02
6.702905148267745972e-02
-2.513034455478191376e-02
1.967597939074039459e-02
4.500179551541805267e-03
4.527051001787185669e-02
-1.927382498979568481e-02
4.421740770339965820e-02
3.665271028876304626e-02
3.266285359859466553e-02
4.025161266326904297e-03
-1.294320169836282730e-02
2.662577107548713684e-02
3.018032060936093330e-03
1.231546979397535324e-02
3.854835871607065201e-03
3.181959316134452820e-02
8.041215129196643829e-03
-6.387521326541900635e-02
1.220334973186254501e-02
-1.206741761416196823e-02
9.661791473627090454e-02
-2.511976985260844231e-03
3.585616871714591980e-02
-2.256860397756099701e-02
-1.734697446227073669e-02
-4.161340184509754181e-03
-1.992586301639676094e-03
-5.144111439585685730e-02
-1.892969571053981781e-02
1.678853109478950500e-02
-3.196449950337409973e-02
3.169211372733116150e-02
7.708368450403213501e-02
4.863009974360466003e-02
2.824948355555534363e-02
-8.715086616575717926e-03
-2.725199237465858459e-02
6.047520413994789124e-02
-2.141275629401206970e-02
-3.859169408679008484e-02
8.550781756639480591e-03
4.450453072786331177e-02
1.088001206517219543e-02
8.825323544442653656e-03
-6.515040248632431030e-02
-5.262069031596183777e-02
2.700340747833251953e-02
6.103758141398429871e-02
-4.092262312769889832e-02
3.846205770969390869e-02
-1.864481158554553986e-02
2.378239110112190247e-02
2.387281879782676697e-02
5.921283736824989319e-02
1.746792532503604889e-02
-2.499724552035331726e-02
1.877051591873168945e-02
1.647153496742248535e-01
-4.902281239628791809e-02
-5.854367092251777649e-02
7.119341939687728882e-02
9.803917258977890015e-02
2.307078987360000610e-02
-1.768894307315349579e-02
3.106904402375221252e-02
-4.325518384575843811e-02
1.802858896553516388e-02
6.591223180294036865e-02
-3.269211947917938232e-02
6.485389173030853271e-02
6.703951954841613770e-02
4.339911974966526031e-03
3.248675167560577393e-02
5.035336595028638840e-03
-5.028418824076652527e-02
-3.286148607730865479e-02
1.390725653618574142e-02
2.110368013381958008e-02
1.744739264249801636e-01
-4.284808877855539322e-03
2.109881862998008728e-02
1.463474798947572708e-02
-3.039233270101249218e-04
7.452674955129623413e-02
-2.536127716302871704e-02
1.392138004302978516e-02
-3.354378417134284973e-02
5.432483181357383728e-02
6.465314328670501709e-02
1.525282952934503555e-02
2.778765745460987091e-02
-2.027218416333198547e-02
-2.506330795586109161e-02
3.582413122057914734e-02
3.493751585483551025e-02
-2.684736251831054688e-02
1.054676342755556107e-02
4.128411039710044861e-02
8.116143941879272461e-02
-3.841601312160491943e-02
4.375185072422027588e-02
-1.143456250429153442e-01
3.012400120496749878e-03
3.841642662882804871e-02
-2.437364682555198669e-02
4.105608165264129639e-02
1.803631661459803581e-03
-4.088217765092849731e-02
-2.053302899003028870e-02
7.030981127172708511e-03
-4.972097231075167656e-04
3.319568186998367310e-02
-5.486657470464706421e-02
6.242702156305313110e-02
-8.455681055784225464e-02
-4.152861982583999634e-02
-4.955432936549186707e-02
3.883030265569686890e-02
-2.486002258956432343e-02
-4.525901749730110168e-02
-1.417537499219179153e-02
2.090382762253284454e-02
-1.119908764958381653e-01
6.964291911572217941e-03
-1.441242098808288574e-01
1.279924251139163971e-02
-1.267890352755784988e-02
-2.382854558527469635e-02
-8.100877702236175537e-02
2.873652242124080658e-02
-3.739560255780816078e-03
5.769691616296768188e-02
-1.104504801332950592e-02
3.204258531332015991e-02
-7.339140772819519043e-02
1.271573174744844437e-02
-2.800760418176651001e-02
1.356016006320714951e-02
-1.519332174211740494e-02
-3.471122309565544128e-02
3.247827524319291115e-03
1.073190644383430481e-01
5.020137131214141846e-02
9.623120725154876709e-02
5.949176475405693054e-02
4.703801497817039490e-02
-7.123800925910472870e-03
-5.120610352605581284e-03
-5.084123089909553528e-02
-6.028262432664632797e-03
-1.510672923177480698e-02
1.519194524735212326e-02
4.108814150094985962e-02
1.020429879426956177e-01
1.306948997080326080e-02
-6.758982315659523010e-03
8.961753919720649719e-03
-5.611218139529228210e-02
-3.139698877930641174e-03
-1.235494110733270645e-02
-3.488159179687500000e-02
8.559428900480270386e-02
5.981618538498878479e-02
1.481181476265192032e-02
-2.333993278443813324e-02
-2.220029383897781372e-02
-1.539541129022836685e-02
3.820036351680755615e-02
-3.075870871543884277e-02
6.463739275932312012e-02
2.963305823504924774e-02
2.014552056789398193e-02
