0.00734258
-0.00796146
-0.02740631
0.01415391
0.00528965
-0.02131791
-0.00066754
-0.06725859
-0.01024999
0.03102153
-0.02099104
0.01251046
0.01336273
0.04916977
0.00761244
-0.01062956
-0.00519328
0.01883132
0.13954185
0.01535191
-0.01189176
-0.00014159
0.01861267
-0.03313569
-0.00622521
0.02664664
-0.00912391
-0.04191112
0.00931886
-0.00681901
0.12168109
-0.03610427
-0.00250950
-0.00572401
0.02712134
-0.02644033
-0.00193962
0.00470813
-0.01125146
0.02357852
0.00320810
0.02046479
-0.07623843
-0.01795238
-0.02067212
-0.00484170
-0.01366573
-0.00223631
0.00168787
-0.00956227
0.02084444
0.02661985
0.03005422
-0.00461464
-0.03165889
-0.01021089
-0.00555798
0.00324324
0.27073506
0.04648060
-0.00007634
-0.01152211
-0.01642554
0.00996637
0.04311386
-0.02304455
0.03453909
-0.02719390
0.05732617
-0.00787257
-0.00635228
0.03233346
0.03674585
-0.01009183
0.01482101
0.00217292
0.00374542
-0.02291290
0.03335285
0.16655853
-0.00338997
-0.03244790
0.01143030
0.04832926
-0.04574873
-0.01650486
0.00272038
-0.00038220
0.01097445
-0.00116299
-0.01728294
-0.03297738
0.04682512
0.01208537
0.02732796
-0.00886150
0.01236472
-0.01184204
0.02936436
0.00650612
-0.02623853
-0.01371168
-0.00157098
0.00222129
0.00922011
-0.02680841
0.00863971
0.00584370
0.02550607
-0.02784830
-0.00631130
0.00299481
0.00275681
-0.00990598
-0.01526794
-0.00322388
-0.00394081
-0.03255847
-0.00520071
-0.01892753
0.01419138
-0.02698351
-0.00886196
0.01068400
-0.01517170
0.02961004
0.00590601
0.01370575
0.02250400
-0.06774670
-0.04020448
0.00207777
0.00099821
0.01202337
-0.06895652
0.01630381
0.02172709
-0.00068839
0.00542511
0.00256841
-0.01036555
0.02348242
0.00130196
-0.00005210
0.00466509
0.13070297
-0.01619401
0.00683487
0.00085884
-0.01514223
0.03467949
0.03670843
0.01208521
-0.00289848
0.01215375
-0.01811906
0.04279909
0.00162508
-0.03493347
-0.01693719
0.02848687
-0.03463868
0.03420811
0.00768535
0.01133218
0.01410043
0.03159637
0.00496613
0.01367502
0.00022803
0.02396568
-0.02500828
-0.00476302
0.01069912
0.04208909
0.01382085
-0.02293591
0.01606409
0.05454894
-0.02240713
0.03355806
-0.02900083
-0.03288466
-0.01450399
-0.02299330
0.21093331
-0.19473290
0.02129296
0.00578039
-0.02769851
0.01844257
0.00760491
-0.01485598
-0.03608076
0.02341787
0.02108881
-0.05270798
0.01322010
0.08937296
-0.00427616
-0.00094664
0.01625531
-0.17384149
-0.00900301
0.02474811
-0.01627197
0.00689407
0.01115716
0.03353770
-0.09513453
0.02840769
-0.02175526
0.01438209
-0.01953874
0.00639231
-0.01161957
0.00960244
0.01408787
-0.00213933
-0.04888183
0.00712587
-0.75949192
-0.02145899
-0.04520710
0.03349499
0.00827205
-0.00132010
0.00835343
0.00642210
0.00793128
0.03471486
0.02140422
-0.01705870
0.02432270
0.00105319
0.01263654
-0.02576544
0.01567017
0.01730924
0.01887756
-0.01936256
-0.01462473
-0.12191939
-0.01636183
-0.00488123
0.02065395
-0.01032121
0.00189974
0.02843198
-0.01093765
-0.00899221
-0.00322228
0.02011520
-0.01457976
-0.02909554
-0.00192290
-0.02293706
0.02107171
0.06659065
0.00603959
-0.01643398
-0.06446350
0.11871470
0.03735248
0.08276979
-0.04036073
0.05913628
0.08644342
-0.04869628
0.02069748
0.01148838
0.08147699
0.03470199
0.06147645
0.09162004
-0.02079101
-0.00340158
0.01792582
-0.04691773
0.09593468
0.11725368
0.03597141
0.13152754
-0.07123778
0.06577095
0.04034206
0.06203283
0.06123233
0.10200793
-0.04989879
0.02034174
-0.10676491
0.06658714
-0.02636179
0.03844105
0.04984920
-0.01741816
-0.04593664
-0.01001585
-0.01170161
0.03506413
0.02749287
0.88040578
-0.02375405
-0.03602264
0.00705659
0.03246224
0.12603922
-0.02067465
0.07799944
-0.09199154
-0.04395229
0.09418371
-0.07800887
-0.02812317
-0.00677117
-0.04792953
-0.00731558
0.02566768
-0.03163978
0.02637728
0.01742621
0.00299820
0.00019169
0.02940918
-0.00994107
0.00332380
0.01202652
-0.05224209
0.01940843
0.01618597
0.03118055
-0.03217313
-0.08202861
0.00557458
-0.04986228
-0.00327680
-0.04600324
-0.03864478
0.00557889
-0.06402276
-0.00155592
-0.06598569
-0.03287042
0.09766793
-0.09388354
-0.03053933
-0.01900312
-0.03159911
0.04055262
0.03667617
-0.06638516
-0.00229218
0.02638473
0.00138023
0.07852044
0.01084714
-0.02380118
-0.00434511
0.00726806
0.02999107
-0.00105124
-0.01246038
0.00807924
0.01144372
0.00559076
-0.02966051
-0.05225226
0.03457724
-0.02463045
-0.00948527
0.13744067
0.00050393
-0.00695052
0.03393960
0.00519366
-0.04474024
-0.00216311
-0.04848975
-0.00030637
-0.02807849
0.03032386
0.02219107
-0.00945398
-0.00975838
0.02834635
0.04509077
-0.00684084
-0.03614854
0.00487712
0.02647507
0.06312700
0.05371510
0.03196727
0.01752585
0.08046422
0.10878840
0.08831752
-0.03708825
-0.03136768
0.03618249
-0.00077801
-0.15763627
0.04691183
0.02499803
0.01899339
0.02823492
-0.01874783
0.04783902
0.02733142
0.04727257
0.04112758
0.00264915
0.05713505
0.01031385
-0.00561114
-0.00828750
-0.00235424
-0.00276313
0.04117946
0.04130095
0.01567710
0.09000830
-0.04966953
-0.01303792
-0.01313488
0.02963218
0.02867986
0.07333298
-0.03804825
0.02865710
0.03517126
-0.00771500
-0.02556591
0.00365922
-0.01775714
-0.01088015
-0.06459256
0.02842221
0.01006138
0.00496663
0.04985864
0.00341880
0.03954470
0.00107548
-0.03206830
-0.03925185
-0.09195571
0.04924355
-0.03733557
0.04963889
-0.03427282
0.06108753
-0.03761788
-0.03042109
0.02970824
-0.01291101
-0.05203603
0.03141110
0.06957520
0.03217698
-0.02196531
0.01652866
-0.03188525
0.02394102
0.00477025
0.04380889
0.01485752
-0.00047906
0.02196164
-0.02954092
0.00757218
0.03136297
0.01609249
0.05890135
-0.03422004
0.03244814
-0.03974809
0.04224931
-0.00692606
0.03322629
0.01790576
-0.06728005
-0.00652805
0.08179321
-0.03402289
0.02528785
0.01252429
0.00902527
0.00543736
0.04662227
-0.00463788
0.02630857
0.02554175
0.04531529
0.03510636
-0.04092481
-0.03756185
-0.00492863
0.01554202
0.02589860
-0.06668057
0.01948080
0.03824777
0.00087460
-0.06562664
0.00162988
-0.05059473
0.03384021
-0.04220419
0.00771405
0.00253982
-0.01663810
-0.08222406
-0.03666248
-0.01685557
-0.00102540
-0.06128865
-0.01106246
-0.02837570
-0.03009522
-0.00072357
-0.05216622
0.05945773
-0.07387468
-0.03624205
0.01787105
-0.01902839
-0.12513767
-0.02255814
0.01152164
0.02558681
-0.03063313
0.04644006
0.00827179
-0.01749473
-0.00210927
0.04370690
-0.01055349
-0.04138963
-0.03910454
0.00107409
-0.00243869
0.07863739
0.02892045
0.03528962
0.04806316
0.00511844
-0.04501327
-0.02531655
-0.00169560
-0.00227536
-0.01549021
0.00337450
-0.05405304
0.08568288
0.01253375
0.00142576
-0.00103774
0.01625368
-0.06859802
-0.08347382
-0.01516411
-0.01747935
0.00828418
-0.01396879
-0.00268695
-0.04025497
0.04524406
0.05535799
0.00456701
-0.08300294
0.02375133
0.02683367
0.04369707
0.04877018
-0.02077491
0.02341099
-0.01483882
-0.00462438
0.01057683
0.02958608
0.00995410
0.05153063
-0.00200210
-0.04463574
-0.04234226
-0.00273084
-0.02975586
-0.01962126
-0.01023267
0.02263468
0.00872598
-0.00736063
-0.01093883
0.00952412
-0.02163747
0.04013833
-0.02676584
0.04003168
-0.04610959
0.04479245
-0.03358318
0.04366456
0.01478084
-0.01013474
0.01390320
-0.01753812
-0.02831771
-0.00123203
0.04848435
0.01777114
-0.06049862
0.03737180
-0.13709347
0.02652005
0.00546500
0.02004320
-0.01455627
-0.04613226
0.04652866
0.01502494
0.01979180
-0.01919764
0.03859016
0.15638654
0.02961189
-0.04388095
0.07904482
0.00290184
-0.06148405
-0.05931259
-0.03804936
-0.06830703
0.00506231
0.05479591
0.13796708
0.01214686
0.07066832
0.02022372
0.07175453
-0.05055555
-0.01075426
-0.06589157
-0.01867256
-0.00220368
0.00837644
-0.04212788
0.00493378
-0.03226056
0.01020806
0.08061222
-0.01845160
0.10116997
0.05686182
-0.07229953
-0.01499387
0.04126123
-0.03034929
-0.01009849
0.10465987
0.00321774
-0.01978144
0.01278164
0.01436335
0.04119384
0.00669665
0.03279226
0.03208414
-0.01480074
0.00975632
0.05033113
-0.04357369
0.01404486
0.04470073
-0.02776720
0.00558070
-0.02667141
0.01688070
-0.04937391
0.12696835
-0.01638965
0.00014784
-0.03068722
-0.03584066
0.01491548
-0.01459997
-0.03954904
0.00248729
0.00847313
0.00162651
0.01568191
0.03023785
0.04378114
-0.01993221
-0.01548356
-0.05652311
0.06904098
-0.00542595
-0.01911648
0.02756569
0.05620212
0.02142838
-0.00779864
-0.10785440
-0.04312798
0.01513402
0.03737125
-0.05381948
0.02344091
-0.06398392
-0.00108269
0.03778576
0.05227825
-0.00942465
-0.05113944
0.01357822
0.16534837
-0.02467639
-0.02947737
0.01988960
0.15483183
0.02389885
-0.01686777
0.05256965
0.00119250
0.01528830
0.06956903
-0.02340638
0.04996270
0.02594953
-0.01802001
0.00747906
0.00492756
-0.03692550
0.01713168
0.00506411
0.04875626
0.18434660
0.02429391
0.01599270
-0.02103387
0.03357415
0.05168531
0.00676807
0.01156134
-0.02893808
-0.00592091
0.00825499
0.03887422
0.00557110
0.03877959
-0.00763527
0.04528574
0.06859864
-0.00910060
-0.02188291
0.02660549
0.06830040
-0.01438028
-0.00392518
-0.15090565
-0.05128416
-0.00639764
0.02005381
0.02950107
0.00415466
-0.05573093
-0.02259308
0.05663290
0.02899914
-0.00344478
-0.04304677
0.06298184
-0.10746535
-0.08089437
-0.01967704
0.01320984
-0.00763768
-0.08467299
-0.00812445
-0.02973144
-0.13962005
0.01397600
-0.18162024
0.02212385
-0.01200948
-0.02385164
-0.04869314
0.01233412
0.00630770
0.02502310
0.03981193
0.01758208
-0.06047591
0.05767421
0.00713998
-0.01068431
-0.00120204
-0.07068311
-0.01397037
0.05581696
0.03664695
0.11294576
0.02735231
0.00215045
-0.04184346
0.00714693
-0.02283187
-0.01265862
-0.01957404
-0.02947419
0.01986021
0.06607851
0.01060932
0.01545902
-0.01733356
-0.04103206
0.00417583
-0.01380778
0.01236877
0.03992080
0.01765595
0.05128340
-0.02486398
-0.04380329
-0.00443404
0.01653975
-0.01588711
0.07050775
0.03393478
0.03758973
