0.02453639
-0.01094492
-0.02886721
0.03070689
0.01096493
0.00540852
0.01022758
-0.05381952
0.00386514
0.02577857
-0.01037876
0.01114625
-0.00073892
0.04473658
-0.00063503
0.00091716
-0.02099257
0.02072982
0.17686415
0.00645674
-0.00838615
-0.00889283
0.01508591
-0.00680677
0.00457117
0.00007601
-0.03784934
-0.03774555
-0.02085033
-0.00932492
0.14643398
-0.01184947
0.00488313
-0.01369518
0.02129805
-0.00703875
0.00068110
0.00293502
0.00162974
0.01450498
-0.00955787
0.01483584
-0.09127614
-0.02538317
-0.01401745
-0.03511765
-0.02656738
-0.01507291
-0.00881091
-0.00800782
0.00116044
0.00106325
0.05328203
-0.00772343
-0.01791020
-0.01022583
-0.01332647
0.00951000
0.31386620
0.07236744
-0.01053728
-0.00552033
-0.00524789
0.01671874
0.02592302
-0.00554167
0.02516259
-0.02001216
0.05262996
-0.02142640
-0.00030937
0.01456900
0.02234421
-0.01954089
0.00187468
0.01533695
0.01007176
-0.01143407
0.01644769
0.14485069
0.00461894
0.00249332
0.00305722
0.05027566
0.00286353
-0.00780638
-0.00610447
0.00243224
0.01591855
-0.00808004
-0.02517701
-0.01894410
0.02473061
-0.00158349
0.00756632
-0.00317734
0.02104605
-0.01066438
0.03155616
0.01468471
-0.00856844
0.00129909
-0.01049939
0.00277341
0.01167803
-0.02893283
0.02213262
-0.00500887
0.03170972
-0.02933722
-0.00493604
0.00802802
-0.00567403
0.00301103
-0.01511984
-0.00469104
0.01871140
-0.02400283
0.00202736
-0.00625893
0.01071827
-0.00755948
-0.01211429
-0.00017483
-0.05352017
0.01442702
-0.00544076
0.00337698
0.00042351
-0.05908562
-0.05514679
-0.00115007
-0.00292558
0.01256059
-0.05496673
0.01211351
0.01017846
-0.00915981
-0.00088708
0.01022762
-0.05843185
0.02073003
-0.01103638
0.00851776
-0.00080796
0.17638882
-0.00942952
-0.00509117
0.00048008
-0.01213914
0.03611527
0.04381521
0.01626650
0.01418898
0.00104748
-0.01292278
0.02226572
-0.00633271
-0.04407144
-0.04357507
0.02566075
-0.05509365
0.03813606
0.01449175
0.00038427
0.01849181
0.02231709
-0.00635740
-0.00631074
-0.02030172
0.02157462
-0.01823484
-0.00407753
0.01755955
0.03498348
0.00970919
-0.01712565
0.01480689
0.04805283
-0.02235451
0.03749930
-0.00237232
-0.02624084
-0.00035380
-0.01301056
0.19946569
-0.13714764
0.01478597
0.00818092
-0.03432057
0.01276579
0.01814314
-0.01812285
-0.02256428
0.00881307
0.00844407
-0.06718875
0.01840466
0.07090253
-0.00248436
0.00231473
0.02401468
-0.09860409
-0.02551254
0.01631104
-0.00977198
0.01332000
0.01397920
0.01413891
-0.08403826
0.01940932
-0.02498130
0.01202410
-0.00192698
-0.00890539
-0.03834958
0.00723743
0.01880293
-0.00349210
-0.03127414
-0.00898274
-0.75975198
-0.01710466
-0.03662182
0.01429086
-0.00738147
0.00456902
0.01812109
-0.00094699
0.01533334
0.01059571
0.03456458
-0.04053333
0.01746116
-0.01088943
0.01975331
-0.01083797
0.01123909
0.00464145
0.00798500
-0.01072228
-0.01670567
-0.14744344
-0.00709600
-0.00396878
0.01873943
-0.01046061
0.00337457
-0.00055625
0.00425238
-0.02005488
0.00340230
0.01607415
-0.01112630
-0.01908831
0.00604357
-0.04532997
-0.02653247
-0.05462541
0.08138202
-0.09505354
-0.20425241
0.12923282
0.03311381
0.04224776
-0.09090123
0.09378587
-0.01395151
0.00624214
0.10282961
-0.11558046
-0.04600926
-0.09263839
0.03313110
-0.04610314
-0.01637705
-0.02181796
0.02727165
-0.20041579
0.06852003
0.11015850
-0.11878974
-0.05510151
-0.04005597
-0.04551919
-0.07591874
0.12845118
0.00322967
-0.03413816
0.14429298
0.04157770
0.23739900
0.03236641
-0.04227914
-0.00672441
-0.02652162
-0.06934355
-0.01843207
0.03859105
-0.07163568
0.12228994
0.12901972
0.72905594
-0.10283370
0.09344600
0.07905383
0.08626781
-0.01648775
0.04046656
0.06212242
-0.08182148
-0.05294295
0.08062365
-0.02291024
0.05000151
0.01260163
-0.15281568
0.13996093
-0.02597290
0.02130856
0.02215292
0.02519844
-0.02093096
0.00161765
0.02450805
-0.00023031
0.01658425
0.00258609
-0.02058697
0.05105386
0.00777793
0.01562544
-0.03217445
-0.07343549
-0.00032648
-0.03804374
0.05081329
-0.01786791
-0.07261316
-0.00422518
-0.06911133
0.01358640
-0.07095016
-0.03457092
0.07516572
-0.15173650
-0.02006525
0.00158615
-0.02977683
0.09388278
0.04659837
-0.13493510
0.02465579
0.02347833
0.00233745
0.03029520
0.00368160
-0.01825651
0.01072840
0.00686556
0.05040502
-0.01565340
-0.00987460
0.04016902
-0.00604404
-0.00255760
-0.01578137
-0.01692465
0.04206951
-0.02227355
-0.02175475
0.12007235
0.02655154
-0.01107179
0.02440771
0.02396551
-0.06641394
-0.00793927
-0.00371847
0.01602984
-0.03774662
0.00891715
0.02145306
-0.02326081
-0.01326187
-0.00552976
0.01682442
0.00900464
-0.02025792
-0.02382928
0.03380990
0.06094182
0.05568588
0.03081174
-0.00349341
0.06065384
0.08094124
0.10945845
-0.00697509
-0.00449928
0.02969754
0.02063059
-0.18552479
0.05953306
0.03365036
0.00650754
0.02348720
0.01411822
0.03574091
0.03323457
0.06451673
0.05829635
-0.05573414
0.05377629
-0.01880835
0.00012696
-0.01934203
-0.00111128
0.03927875
0.02351383
0.02546920
0.01142786
0.09365570
-0.03834821
0.00374385
-0.05490128
0.02889682
0.01770660
0.09951362
0.00447469
0.02877284
0.01911736
0.00156604
-0.02682448
0.00207015
-0.00460637
-0.01706624
-0.01803899
0.04736075
0.02071096
-0.00413993
0.02024780
-0.01553020
0.06944071
0.00936672
-0.02297519
-0.03183219
-0.08523408
0.05759546
-0.03752031
0.04859884
-0.02721312
0.05921306
-0.03622041
-0.02392469
-0.00495537
-0.00826622
-0.03000920
0.01051718
0.02648168
0.00487831
-0.03442926
0.02681621
-0.02191241
0.02069238
0.00442774
0.02860257
0.02387300
-0.00336423
-0.03539167
-0.03191953
0.02463011
0.00442725
-0.00397443
0.02724405
-0.02268730
0.02220840
-0.02994938
0.03470450
-0.02604132
0.00983096
0.00287715
-0.06419051
-0.00622110
0.07027741
-0.05896906
-0.00343723
-0.01809705
0.00047299
0.03765427
0.06854171
0.00152331
0.02348494
-0.01788830
0.04569167
0.01979107
-0.03451695
-0.00659317
0.01238580
0.03352689
0.03988910
-0.08970047
0.03591794
0.04006809
0.03393838
-0.03734758
-0.00035465
-0.03138531
0.02391859
-0.03538690
0.00100688
0.00586705
-0.01172246
-0.10971486
-0.02921506
-0.00424874
0.03543776
-0.05697202
0.03266473
-0.02603104
-0.03213481
-0.02926057
-0.06506492
0.07038369
-0.05703358
-0.03083884
0.01541783
-0.04005278
-0.15934679
-0.04457434
-0.01510804
0.03340920
-0.01120564
0.03398706
0.00925751
-0.00648093
-0.04784406
0.03474883
0.00032216
-0.01334589
-0.00775287
-0.00619693
0.00070711
0.09285841
0.00848863
0.02641357
0.05992573
0.03253059
-0.03678852
-0.04718721
-0.04508635
0.01043121
-0.00045603
0.00730468
-0.02864562
0.06744518
-0.01074000
-0.00423850
0.02645085
-0.01499833
-0.06149961
-0.06828833
-0.04485029
0.00149063
0.00558784
-0.00991663
-0.02884053
-0.01078993
0.08522760
0.04277310
0.00005561
-0.05067108
0.03710704
0.00668433
0.05983320
0.04122859
-0.02065268
0.01002470
-0.02860474
-0.00078192
-0.00290360
0.02904182
0.02395007
0.05551480
0.01187085
-0.00225378
-0.03085236
-0.00368178
-0.00083589
-0.05382428
0.02559194
0.02050046
0.01532804
-0.00746838
-0.03067678
0.03394691
-0.02434276
0.04251347
-0.01891429
0.02166835
-0.06732643
0.05444459
0.00199550
0.03683240
0.02960877
-0.00222097
0.00786986
-0.03434282
-0.02728447
0.01717717
0.03775525
0.01580124
-0.04875506
0.02351314
-0.11079068
0.01776751
0.01103819
0.02417966
-0.00916863
-0.01931572
0.03963713
0.02208072
0.01018969
-0.03222946
0.05159152
0.18094179
0.04283717
-0.04312979
0.07267952
0.01249733
-0.04926198
-0.06910784
-0.03114095
-0.04752364
-0.00476715
0.03095566
0.10043147
-0.00841185
0.05413850
0.00495252
0.09846604
-0.04523496
-0.00507355
-0.05291867
-0.02566292
0.01918291
-0.01107566
-0.05638946
0.01317670
0.00962684
0.01004261
0.03801451
-0.00477867
0.07660764
0.01824288
-0.02923734
-0.01962177
0.01695617
-0.04125591
-0.04296369
0.09738532
-0.00711559
0.00596563
0.02016530
0.02582735
-0.00071109
0.02727050
0.00439630
0.00647762
0.02369831
0.02442539
0.04276660
-0.04096498
0.01910162
0.04858839
-0.02829269
0.01341418
-0.03105651
0.02238446
0.02455116
0.11472606
0.00391707
-0.00814215
-0.03525202
-0.04335027
-0.01863761
-0.04576537
-0.04492013
0.01259016
0.02324155
0.00355472
0.00008244
0.04874159
0.03627802
-0.01286005
0.00557474
-0.03139992
0.06748190
-0.04674499
0.00834817
-0.00594226
0.00700873
0.03030815
0.00045510
-0.09064366
-0.05252426
0.02792288
0.01902128
-0.05519469
0.03121704
-0.06783851
-0.00009443
0.00414214
0.04754766
0.03731403
-0.06011475
0.03013740
0.16285773
-0.03383549
-0.04766541
0.03946944
0.14297885
0.02721975
-0.01093357
0.03966673
-0.02154383
0.01975918
0.05092541
-0.03836790
0.08760536
0.04280753
0.00398953
0.02600756
0.00575957
-0.02491210
0.02774586
0.03039438
0.00858520
0.17747729
0.00325245
0.01531855
-0.03055189
0.01789084
0.05568477
-0.01459021
0.03341468
-0.03740549
0.00816303
0.01606155
-0.00774443
0.01744241
0.02284484
-0.02706501
0.01895141
0.03182048
-0.04656299
0.01357300
0.03861742
0.03629876
-0.04029518
0.02675774
-0.16062847
-0.01266333
0.00438705
0.03585769
0.04787274
0.03298270
-0.05355826
-0.00291199
0.05624854
0.01415616
0.00064445
-0.02731589
0.06780450
-0.09826302
-0.07786702
-0.02930216
-0.01490230
-0.02852041
-0.06174003
0.00341310
0.01231688
-0.13918293
0.00658885
-0.19950132
0.01746622
0.01179418
-0.03923200
-0.05099072
0.00033453
0.00039130
0.01374015
0.00208192
0.00583848
-0.06537511
0.02652606
0.01120811
-0.00414443
0.00727331
-0.03146011
-0.02342510
0.05918181
0.03310325
0.10779347
0.05538845
0.02334528
-0.01744184
0.03174395
-0.00402450
0.01341426
-0.03146352
-0.00794159
0.02992410
0.06909648
0.00965009
-0.01744205
-0.00443931
-0.04234266
0.00441377
-0.00854171
0.02351542
0.03892825
0.05982395
0.05746823
-0.01077685
-0.03743177
-0.03588115
0.00698152
-0.02154903
0.06404989
0.01016117
0.03127108
