0.02770878
-0.01202054
-0.07631336
0.09599292
-0.03121858
0.02454040
0.02644784
-0.01625435
0.04387731
0.06276058
-0.03716511
-0.00971379
0.05433755
0.02873389
-0.00119993
0.02066492
-0.01895611
0.05595154
-0.05417242
0.02876026
-0.02065402
-0.06906036
0.13767318
-0.01813654
-0.02580071
-0.01334153
-0.05764615
-0.05040513
-0.00933968
-0.00499737
-0.00216461
-0.04364018
-0.00412776
0.00435905
0.01207055
-0.03457890
0.01321450
0.00948149
-0.01160680
0.04060135
-0.00724180
0.01628576
-0.00979253
-0.00732956
-0.02971681
-0.03692234
0.00231755
-0.01879004
0.03470095
0.00246159
0.03010899
0.17716496
-0.07668530
0.02093998
-0.03916427
-0.00006141
-0.06446462
0.00110022
0.23278065
0.08281506
0.01988398
-0.01396380
-0.06617229
0.05225918
0.04507245
-0.08677622
0.03725367
-0.03738576
0.02300593
-0.07864786
0.05529379
0.03031376
-0.00592312
-0.00624523
-0.02594786
0.02563848
0.05540964
-0.03116985
0.00031948
-0.07995267
-0.01435075
-0.01278849
-0.00915295
-0.04197725
-0.13840972
0.00243828
-0.01485415
0.01371299
0.01830974
-0.02106537
0.01767569
-0.15138662
0.17433274
0.00525356
-0.01275265
-0.04095931
-0.00078225
-0.00103655
0.03342743
-0.00386488
-0.04705109
0.00569210
-0.01571580
0.00467087
-0.00623050
-0.02373329
0.00842174
-0.03426762
0.03061526
0.01265879
-0.03723055
0.00460320
-0.00875459
-0.00964771
-0.00224122
-0.00850252
0.03911081
-0.00410794
-0.02525636
-0.01193246
0.03421045
-0.01616815
-0.02478235
0.03500946
-0.01473911
0.04543215
0.02680656
0.01878542
-0.00072895
-0.09376283
-0.04834076
-0.02362452
-0.03955711
-0.00338418
-0.05184151
-0.02224912
-0.00297457
-0.10731608
-0.01483469
-0.04106735
0.13434395
0.01875492
0.00995082
-0.06549502
-0.00063216
-0.16117217
0.00560710
-0.01574218
-0.02099908
-0.00828353
0.05565913
-0.03474859
0.05441457
0.00836486
-0.01443823
0.00777192
-0.05698674
0.00826932
0.04206614
-0.01478650
-0.01077625
0.19317898
0.01979746
-0.02491101
-0.00291801
-0.08560832
0.12168728
-0.05737258
0.00848078
-0.02366314
0.02493599
-0.05173674
0.02062660
0.03783123
0.03789578
0.03406817
-0.01648080
0.04072458
0.11835838
0.00323213
0.11383637
-0.01139218
0.00090160
0.00847930
0.02034827
-0.06870320
0.05633266
0.00590374
-0.01319689
-0.02835058
-0.08228289
0.02218976
0.01080595
-0.03778760
0.02957365
-0.05272169
-0.13221791
-0.00288067
-0.00109582
0.01334221
0.04472323
0.00049539
-0.12251596
-0.02221165
-0.00991644
-0.01634390
0.00829862
0.02775829
0.02203895
0.11684492
0.00830837
0.00559855
-0.00021404
-0.02294850
-0.00419867
-0.03904014
0.02773593
0.00319278
0.00055432
-0.00497288
-0.01464156
-0.60438812
-0.04292891
-0.02896882
0.01490436
0.00412015
-0.05679221
0.04664440
0.00873623
-0.00512636
0.01215725
0.09388512
0.00128942
0.01081248
-0.05628388
0.02467581
-0.01606932
0.01680216
-0.01535156
0.03750370
0.03579929
-0.00173727
-0.00147650
-0.09331154
-0.04623519
0.00553469
0.01057566
-0.01771053
0.04501056
0.03719330
-0.03082658
0.00908816
0.04580383
0.01826176
-0.03391610
-0.00683475
-0.03496632
0.11891980
0.02176272
-0.02648530
0.08905277
-0.17189914
0.07090647
-0.08783343
0.02685873
0.10583241
-0.18778414
0.00328878
-0.11302950
0.01739707
0.08607882
0.00838922
-0.00566993
0.05540600
-0.00516970
0.02720110
0.11621826
-0.01822683
-0.10053812
-0.03682039
-0.03034059
-0.03350835
0.02273607
-0.12293012
0.07524478
-0.01676900
0.01732535
0.05633227
0.10603447
-0.04421934
0.03667028
0.05199017
0.01412330
-0.14440797
0.13521604
-0.03475291
-0.06409996
-0.06182244
0.06027165
0.09714641
-0.00522452
-0.05150524
0.81739742
-0.02649156
0.02159623
0.00797493
-0.04581016
0.13535129
0.00334067
-0.02334683
0.00984623
-0.02128857
-0.01658056
-0.01047727
0.01643983
0.17931809
0.01654042
0.03102590
-0.01724964
0.05014030
0.06223914
-0.01438266
-0.01298490
0.10614261
0.02309152
-0.01084105
-0.01762672
-0.00041215
0.02816374
0.00092767
0.03326156
-0.01859746
0.01604274
-0.01098360
-0.04995781
0.05272389
0.03322118
0.03411765
-0.00399148
-0.03828695
-0.03611634
-0.00998953
0.00652250
0.09571175
-0.06041570
-0.00216040
0.03815358
-0.00876076
-0.07316528
0.06767808
-0.06763664
-0.01013923
-0.03650433
-0.01735382
-0.05155198
0.02704520
0.00202723
-0.04791909
-0.07569071
-0.02303979
0.01551528
-0.08832101
0.01281677
0.00702262
0.00047371
-0.01479005
0.01736031
0.03537549
0.03577506
0.02405819
-0.05108599
0.05175937
-0.04213366
0.05233582
-0.04002961
0.03471571
-0.12504509
0.02692476
-0.02564342
-0.00297087
-0.00491917
-0.03200617
-0.06841108
0.03622650
0.00238087
-0.02831254
-0.02265814
0.02663825
0.07378542
0.01881653
0.04283206
-0.02542123
0.01837086
-0.04140041
-0.00640586
-0.05363354
0.08477969
0.03178763
-0.05046571
-0.05167327
-0.04790536
0.04416493
0.04464918
-0.02767931
0.03248190
-0.04499694
0.02758344
-0.00074699
0.04462330
-0.00356651
-0.01257101
0.02736917
-0.01982386
-0.02623883
0.01323203
0.03259155
0.01974718
0.01755558
-0.10110330
-0.04397321
0.01262254
-0.05206524
-0.00377291
0.05147405
0.05968839
-0.04345449
-0.00832438
-0.00137978
0.00360597
0.02233204
-0.02357545
-0.03431413
0.02636768
0.02424166
0.03283862
-0.01527946
0.01484429
0.04007586
0.02701355
-0.03923702
-0.01697383
-0.01431939
0.02419147
0.05161888
0.13193862
-0.01863215
-0.02941323
-0.12604323
-0.07612549
0.01083139
0.04950784
-0.01085907
-0.09427929
0.00462639
0.02102897
-0.01156056
0.03766428
-0.00509858
0.03525903
-0.05543989
0.04798410
0.03597071
-0.01185188
0.05334294
0.06573409
-0.02682948
-0.03846208
0.03306375
-0.01174919
-0.02480401
0.02142748
0.04439641
0.00818093
0.04413791
-0.01309258
-0.04509818
-0.02786445
-0.04810270
0.06588339
0.01884891
-0.06122286
0.02390609
0.01981385
0.01662886
-0.03219789
0.09045719
0.03866131
0.04108953
0.02797137
0.00632487
0.01812489
0.05895142
0.00864487
0.00231447
-0.01090083
-0.03015709
0.04042914
-0.02561910
-0.09958559
-0.00161409
0.05696633
0.01366173
0.01464391
-0.00374237
0.01115043
-0.00856606
-0.01502249
0.04045604
0.00851710
0.01475030
-0.01211774
-0.05466935
0.04524621
-0.03855557
0.01249437
-0.04865529
-0.00189587
0.05178631
0.05411784
0.00546499
0.02431478
0.06314836
0.06949042
-0.00020956
0.02538630
0.04289374
-0.00017602
0.03726601
-0.06046595
0.02363614
-0.05820966
0.01259854
0.06870161
0.02145896
-0.14986262
0.03583737
-0.04072074
0.04967155
0.05897102
0.01531280
-0.02777212
0.06541212
0.01940935
-0.08542397
0.00524122
-0.06660143
0.02173525
-0.03057483
0.00668957
0.03472014
-0.03860118
0.00433358
0.04594027
-0.03664111
0.04168769
-0.05828074
-0.03858790
0.03141633
0.01849560
-0.05005755
-0.02852901
0.04025632
-0.06480470
-0.00347716
0.03162461
-0.07121576
-0.02017373
0.01417755
0.06793362
-0.01689279
-0.00273636
0.01416966
-0.00325004
-0.01551667
-0.01899734
-0.08818409
0.02006360
0.01664920
0.00503058
-0.01017492
0.05576045
0.01189224
-0.02138322
0.03346518
0.02828434
0.03817514
-0.01457096
0.00561158
0.08614718
-0.03358502
-0.00430624
-0.02419106
-0.01873162
0.01180488
0.03663034
0.05333613
0.01762094
-0.02834530
-0.02905816
0.00044326
-0.01868659
-0.02589373
0.01146291
0.02600277
0.02442686
-0.03337640
0.00950872
-0.03863629
0.03365505
0.01079969
-0.06514768
-0.04467508
0.00522783
-0.02770985
-0.09500683
-0.02399035
-0.06891070
-0.06007975
0.04887231
0.10716439
0.00779515
0.01029997
0.01809347
0.01125864
0.01699783
0.02491471
-0.00172872
0.02180325
-0.12969144
-0.01295730
0.04278139
0.02359379
0.05384606
0.01756656
0.11017229
-0.05334920
-0.10110645
-0.05324751
0.06289591
-0.00053282
-0.03339293
0.07299985
-0.04399463
0.04044749
-0.02315703
0.06393312
-0.00703057
0.01438074
-0.12309328
-0.02085377
0.01243393
-0.02974846
0.02169183
-0.08437347
-0.01547438
0.01602014
-0.09829884
0.02157702
0.01134922
0.04368177
-0.08027349
-0.02533838
-0.02514189
-0.04924569
-0.00305548
-0.01548638
-0.03165425
-0.04597783
-0.03805948
0.05017526
-0.02863750
0.00973781
0.09795242
0.03035163
0.03792142
0.04183668
-0.01851950
-0.01749260
0.01361989
-0.03723893
-0.09090526
0.01778409
-0.01608404
-0.00803357
-0.03986834
0.01801712
-0.00042865
-0.05949619
-0.01588472
-0.02993100
0.00264076
0.01385146
-0.05445133
-0.00760823
0.02446288
0.02623865
0.08412629
-0.02889014
-0.00501209
0.03746685
-0.12151843
-0.01416349
-0.00441846
0.00659009
-0.01762301
-0.03774057
0.02530249
0.07797684
0.06477977
-0.01626708
0.09347648
-0.01038832
-0.00573856
0.03110778
0.08638335
0.03440936
0.03713061
0.01236822
-0.11373011
-0.04653286
0.12975059
-0.00373383
0.01658873
0.02612384
0.02523281
-0.03327846
-0.03850231
0.00699732
0.03356558
0.00112419
0.00540103
0.01443627
0.00133866
0.02724830
0.01455027
0.01428073
0.02498170
-0.05866214
-0.07634480
-0.02317485
-0.05396837
0.01390924
-0.03950517
0.04628399
-0.04319827
-0.06574482
0.02526442
0.06119522
0.03007511
0.02354154
-0.00747885
-0.01045531
0.03065153
-0.04116558
-0.05161842
-0.04186127
-0.00181421
-0.01279975
-0.02532347
-0.00814494
-0.01186254
0.06625789
0.06602180
0.04082584
0.00249934
0.01057853
-0.04131484
0.02611991
0.05270610
-0.11283073
-0.05452764
-0.01452967
-0.05230169
-0.04489749
-0.02936142
0.01308133
0.02350750
-0.02694304
0.06627876
0.00648830
-0.00223632
0.04473366
0.08930110
0.00997503
0.07592203
-0.02455231
-0.04023634
0.01084600
-0.02813886
-0.06661920
0.03923365
-0.03759621
-0.03454412
0.04768352
0.06845092
0.00264242
-0.03752078
-0.03522515
-0.03657956
0.01154514
0.01852334
0.02592088
-0.05085946
0.06727089
0.02906121
-0.00987546
-0.06731242
0.02647281
-0.03427360
0.02450690
0.00912107
0.04456251
0.01692425
-0.05492150
-0.01403289
-0.03059808
0.02895551
0.02262766
-0.00547397
0.03793686
-0.08884311
0.01246135
0.13390641
0.15000370
0.01459608
-0.00995476
-0.04212261
-0.08211438
-0.01788297
-0.05943729
-0.01206101
0.02050174
