0.02774743
-0.00788619
-0.07358042
0.09844029
-0.02479602
0.02642855
0.02399965
-0.01317477
0.04449425
0.04801311
-0.03340768
-0.00406651
0.04887581
0.00949051
-0.02052769
0.02352167
-0.02452930
0.04491415
-0.04592043
0.03007875
-0.01520717
-0.07119911
0.14330821
0.00489638
-0.01510415
-0.04203127
-0.06311202
-0.04623895
-0.01674841
0.01216918
0.00473745
-0.04117638
-0.00453276
0.00058603
0.00737778
-0.03679975
0.01901168
0.01402488
-0.00518075
0.05904910
-0.01051627
0.01282796
-0.00047923
-0.00686988
-0.02033754
-0.03235856
0.00393320
-0.02668962
0.03239727
0.00439728
0.03094788
0.17179769
-0.06300548
0.00877551
-0.02517932
0.00990096
-0.05148565
-0.00417545
0.27278307
0.09234547
0.01766387
-0.01312795
-0.06749161
0.05916371
0.04308008
-0.08308721
0.03083609
-0.03544354
0.01504523
-0.07854154
0.06466492
0.01806676
-0.01721381
-0.00568403
-0.04280261
0.02680357
0.05601034
-0.04641100
0.00609900
-0.10860039
-0.01235206
-0.00126735
0.00104773
-0.03304311
-0.13834694
0.00723703
-0.01186654
0.00707016
0.02961346
-0.02791393
0.01052308
-0.14470579
0.17362832
-0.00155516
-0.01602345
-0.02105960
-0.00555945
-0.00192927
0.03995167
0.00218767
-0.02848700
-0.00065849
-0.02912343
0.00903736
0.00185172
-0.01128983
0.01411438
-0.02798679
0.01723878
0.01075098
-0.01906944
0.01913829
0.00536359
-0.00784978
0.00864155
0.00327751
0.03760136
-0.00377338
-0.02161346
-0.00545144
0.02413451
-0.01962834
-0.02037412
0.03092491
-0.02249870
0.03628670
0.02275903
0.00009742
0.00972902
-0.08943538
-0.03905760
-0.01927092
-0.03359182
-0.00935361
-0.05511132
-0.01962045
0.01804989
-0.10271391
-0.02996748
-0.02452466
0.14292960
0.01249226
0.01390753
-0.05907249
0.00682648
-0.16448797
0.01717482
-0.00691720
-0.01101132
-0.02215166
0.05870290
-0.03059995
0.04990960
0.01325543
0.00191411
-0.00007041
-0.06408279
0.01170919
0.05189447
-0.00486972
-0.01870204
0.19801165
0.00440369
-0.02379601
-0.00515904
-0.07828560
0.11487868
-0.06498861
0.01322667
-0.02953078
0.01631358
-0.04792068
0.01930429
0.03644244
0.05764238
0.04919380
-0.00250007
0.02830945
0.10693470
-0.00175077
0.09921351
-0.01245037
-0.01066805
0.00666904
0.02991456
-0.10492438
0.12621240
0.00703023
-0.01297738
-0.03873647
-0.10575465
0.01163567
0.00924605
-0.01641124
0.01220049
-0.04188342
-0.11407201
0.00300925
0.01124853
0.01567907
0.03561237
0.00063430
-0.07496312
-0.00710270
-0.00820890
-0.02716080
0.01498510
0.02003901
0.00662060
0.12695168
0.01912573
-0.00027532
-0.00872556
-0.01745269
-0.01728679
-0.04121908
0.01872228
0.03338054
0.01463750
0.01061868
0.00046805
-0.58480608
-0.02464527
-0.01709472
0.01235982
-0.00040365
-0.04137007
0.04884228
0.01068458
-0.00469645
0.01305484
0.10490208
-0.00123284
0.00324639
-0.06901772
0.02257965
0.00672282
0.00718897
-0.01455509
0.02356807
0.04087922
-0.02114585
0.01243445
-0.09569791
-0.04609338
-0.01728393
0.00692376
-0.02838707
0.04303893
0.04463896
-0.03005233
0.01499848
0.05379194
0.01707093
-0.02898885
-0.00023469
0.01798075
0.11683013
0.01844371
-0.02140825
0.04418241
-0.03018968
0.02007599
-0.06031585
-0.00401753
0.02125792
-0.02813322
-0.00387159
-0.09348951
-0.09870915
0.01831357
0.04302656
-0.01258284
0.00485094
0.05372240
-0.01317232
0.01728571
-0.03255200
0.03873105
-0.02557459
-0.01796773
0.07611112
0.09337440
-0.06204323
0.04639868
0.08463039
0.02799655
0.04692136
0.12544008
-0.10184493
0.03700114
-0.09112462
-0.00601473
-0.02438726
0.03113543
-0.01490035
-0.11555409
-0.02080266
0.03799837
0.04743750
0.00893768
-0.04920508
0.89946467
0.00570511
-0.06009285
-0.06449880
-0.03938619
0.16222535
-0.01135259
0.05520591
-0.00897357
-0.00954620
0.06596854
-0.03450603
-0.02622459
0.03160329
0.02782902
-0.05596562
-0.04234090
-0.00849572
0.00518111
0.02981942
-0.03751852
0.07708771
0.00654588
-0.01260301
-0.03581041
-0.01592549
0.01526175
-0.00874260
0.02027061
-0.07002454
-0.00668409
-0.00897537
-0.04856456
-0.00580080
0.02415358
0.00042607
0.00039228
-0.02593188
-0.00664244
-0.04593711
0.05421187
0.08867789
-0.05476667
-0.10968098
0.02508657
0.00561429
-0.06537280
0.07786619
-0.02281366
-0.03815596
-0.03224627
0.02771060
-0.10543048
0.02963256
0.01261096
0.03201415
-0.04555019
-0.02292373
0.02268991
-0.05575644
0.01791821
0.02417917
-0.00798391
-0.00786217
-0.03552484
0.02291373
0.02943776
0.04317166
-0.01586150
0.09823609
0.02008501
0.03837873
-0.04751016
-0.01407313
-0.14711078
-0.02870744
-0.02425309
0.02034210
-0.00982643
-0.06919158
-0.01378094
-0.02239665
0.03017645
-0.03164710
-0.00892845
0.00226263
0.05059234
0.00541666
0.05208275
-0.01071321
0.01139371
-0.05521042
-0.03686233
-0.02631203
0.10484423
0.06740988
-0.06765766
-0.03050317
-0.02440338
0.02154375
-0.02704396
-0.04403554
0.08819496
0.01427098
-0.00074382
0.01061780
0.05311064
0.00619947
-0.06925118
0.08268229
-0.03721729
-0.01919536
-0.00996634
0.01452975
0.01160935
-0.01171396
-0.10469067
-0.04713747
0.04234238
-0.02369064
0.04725294
0.01205339
0.01302081
-0.04703561
-0.00753377
-0.05616064
0.01563497
0.09107350
-0.02949554
-0.02995825
0.03502563
0.01369509
0.02393948
0.01448522
0.02334511
0.06110238
0.04593216
-0.05749892
-0.02490851
0.01620921
0.00980458
0.04466965
0.07302672
0.07511737
-0.03014732
-0.14551675
-0.02916375
0.04233694
0.05045723
-0.01001632
-0.04379634
0.00673654
0.01250621
-0.01561530
0.09002995
-0.02362502
0.06494495
-0.07367774
0.03931507
-0.01403191
-0.01220834
0.03563319
0.01548232
0.00767850
0.03549311
-0.01229024
-0.02047718
-0.04466988
0.03741300
0.05532667
0.02675804
-0.01789987
0.01609991
-0.00585145
-0.00862242
-0.02488041
0.09635228
0.01730231
-0.08404395
0.05845258
-0.02786253
-0.00282495
0.00598550
0.04031029
-0.03641609
0.03755325
0.01869286
0.00305298
-0.02190789
0.01596479
0.03368300
0.02322749
-0.01653252
0.00432550
0.03288912
0.01928335
-0.04450946
0.00913739
0.10919694
-0.01248941
-0.04735076
0.03605997
0.01445617
-0.00780547
0.00379730
-0.04878262
-0.00449615
-0.01003230
0.00184521
-0.00830137
0.04738281
-0.07046307
-0.05306723
0.00105561
-0.05247491
0.05114773
0.09040084
0.05103714
0.00982789
-0.00093673
0.04313214
0.01462254
-0.00272498
0.05789958
0.01926408
-0.00865531
-0.12582269
-0.00321434
-0.06979144
-0.02604313
0.03435877
0.08157968
-0.11016402
0.06498262
-0.04838780
0.05781511
0.02985064
0.02269523
-0.03393749
-0.00097107
0.03936865
-0.04877866
0.00447204
-0.03548369
0.07785419
-0.02374395
0.00458917
0.01262270
-0.04842077
0.04188354
0.00900709
-0.01690002
0.02870361
-0.03070733
-0.02110555
0.00859543
0.05897228
-0.03855816
-0.02473883
0.02816559
-0.08174857
0.04043433
-0.03458812
-0.09563550
-0.02822389
-0.02035571
0.04380061
-0.02766607
-0.01984290
-0.00471087
-0.05598227
0.00244595
-0.00687179
-0.07546408
-0.03452986
0.05101674
-0.00175686
-0.02866681
0.07691758
-0.00305203
0.00190583
0.04881791
0.02212420
0.04100864
-0.00890904
0.04344308
0.07052227
-0.04480506
-0.00234805
-0.02747154
-0.02296100
0.00576203
0.01913579
0.05458383
0.00756876
-0.00653616
-0.03842165
-0.04752335
-0.03512691
0.01301464
0.03532494
0.05155008
-0.00112227
-0.03896643
0.03301132
-0.01576284
0.05392580
-0.01571746
-0.04006280
0.00589434
0.00469524
-0.08089464
-0.08774366
0.01829389
-0.04924718
-0.03181953
0.03013945
0.08259123
0.03214508
-0.00593275
0.00020962
0.01868818
0.08253771
0.08643321
-0.00533858
0.01579461
-0.07412517
-0.01771542
0.03774532
-0.05049079
0.04828784
0.01502956
0.07693835
-0.06074686
-0.04457465
0.00461907
0.07476087
-0.00861321
-0.03603888
0.01459912
-0.04385147
0.02596664
-0.01023941
0.04916358
-0.04346252
-0.00701880
-0.12196068
-0.01709082
0.01579034
-0.00655600
0.00628917
-0.05469502
-0.01960535
0.03381713
-0.05852913
0.03131504
0.05302653
-0.00912283
-0.05707920
-0.02629855
-0.04726584
0.02616280
0.03169473
-0.09560578
0.02388143
-0.03616455
-0.03936732
0.06898148
0.00315864
0.02806973
0.09581514
0.03824471
-0.00577344
0.00272755
0.02555836
-0.00048179
0.03834437
-0.01564586
-0.02783655
0.03272055
0.00294100
0.05944063
-0.01424191
-0.05178091
-0.00931781
-0.07329482
0.00311191
0.05145304
-0.01670807
-0.01879325
-0.03482392
-0.00836080
-0.03070313
0.00865278
0.06891323
-0.04560880
-0.03829751
0.00070812
-0.08590458
-0.04688720
0.02761538
-0.01616875
-0.08268654
-0.02083298
0.02350973
0.06866176
-0.00584386
0.00957235
0.06470789
0.05571241
-0.05264447
0.04458145
0.08550435
0.00487372
0.04736457
0.02395839
-0.13439539
-0.02854772
0.10164598
0.03803880
0.01347696
0.01736352
0.02798810
-0.01289404
-0.03938062
0.04150638
0.04264105
0.04505484
0.06279411
-0.00377971
0.01371304
0.00935620
-0.03155601
0.04131797
0.00538213
-0.08649454
-0.02190089
-0.01819943
-0.02812806
0.04441143
-0.01050909
0.00206532
-0.05263127
-0.02762070
-0.01665319
0.06844008
-0.00705403
0.00386403
-0.03692063
-0.03992800
-0.00475753
-0.04806597
-0.00143530
-0.09344444
0.02683274
-0.01720804
-0.01268349
-0.05595247
0.01518093
-0.00206951
0.02072147
-0.00126478
0.03847146
0.02128879
-0.04770866
-0.03464951
-0.03270335
-0.07261988
-0.02447757
-0.00778237
-0.07693128
-0.02217248
-0.08793258
0.02643182
-0.01768012
-0.00780090
0.00454639
-0.03840004
-0.04869227
0.02293398
0.01167927
-0.01287548
0.01432734
-0.00478357
-0.01520276
0.00360454
-0.06548903
0.01375380
-0.01371398
-0.01720522
-0.03146620
0.00652622
0.03713699
0.03191537
-0.02755103
-0.01857059
-0.01098212
0.05043077
0.02098547
0.01562951
-0.02455372
0.06397775
0.05703976
0.00415680
-0.01100569
-0.00723806
-0.05873711
0.05602875
-0.01707561
0.06648995
0.00918980
0.01766412
0.00668327
-0.03964365
0.01239138
0.00751049
-0.02810761
0.01366649
-0.09305253
-0.03100052
0.13692977
0.17263648
0.00637233
-0.02296504
-0.04390983
-0.06541362
-0.06581205
-0.04657241
-0.03368616
-0.04305027
