-0.0881274640560150
-0.0059918710030615
0.1058018431067467
0.0286732725799084
0.0100889215245843
-0.0129745528101921
0.1037702187895775
0.0300607904791832
0.0637486502528191
0.0306262727826834
0.0709887742996216
-0.0545335970818996
-0.0427609421312809
-0.1016817092895508
-0.0013129019644111
-0.0475394949316978
-0.0092307720333338
0.0178934019058943
0.0218554157763720
0.0580222234129906
0.0379667431116104
-0.0684011578559875
-0.0372111871838570
0.1294944733381271
-0.0520202592015266
0.0544720739126205
0.0075724581256509
0.0448362454771996
-0.0438141562044621
-0.0022962742950767
0.0568522699177265
0.0890575498342514
0.0245256405323744
0.0350909866392612
0.0010319171706215
-0.0080102048814297
0.0721052512526512
-0.1037053316831589
0.0376441702246666
0.0468865744769573
0.0720700174570084
-0.0354339256882668
0.0176578015089035
-0.0862291231751442
0.0759434178471565
0.0477070994675159
0.0200852304697037
0.0074198399670422
-0.0887245684862137
-0.0519097074866295
0.0273573361337185
-0.0854058787226677
-0.0476683266460896
-0.0427815914154053
0.0324485972523689
-0.0756667479872704
-0.0417009927332401
0.0471131727099419
0.0243838578462601
0.0959458574652672
0.0136806266382337
-0.0233421307057142
-0.0062040509656072
-0.0363453999161720
-0.0344512686133385
0.0104509396478534
0.0455371104180813
-0.0821143612265587
-0.0023122378624976
0.0846941694617271
-0.0607691556215286
0.0478716716170311
0.0266773067414761
-0.0255038198083639
0.0979342684149742
0.0422845110297203
-0.0564683154225349
0.1310058087110519
-0.0796535760164261
0.0682137385010719
-0.0235636960715055
0.0211804695427418
0.0513603761792183
-0.0509766601026058
0.0281297136098146
-0.1108106449246407
0.1436227411031723
0.1491761207580566
-0.0083676958456635
0.0503044910728931
0.0281932167708874
0.0263227019459009
0.0034514854196459
-0.0061828233301640
0.0461731068789959
0.1074800938367844
0.1509827226400375
0.0236305147409439
-0.0154544673860073
-0.0706773400306702
-0.1048999205231667
0.0655246004462242
0.0213996041566133
0.0219202134758234
0.0509494096040726
-0.0985221117734909
-0.0724238678812981
0.0439369343221188
-0.0543230175971985
0.0236131250858307
0.0199862942099571
-0.0300568882375956
-0.0628419071435928
-0.1054902076721191
0.0183445252478123
-0.0541522502899170
-0.0170151218771935
0.0546260587871075
-0.0202924814075232
-0.0057204267941415
-0.0196898821741343
0.1245964840054512
0.0512222237884998
0.0842588469386101
-0.0231644213199615
-0.0257641430944204
-0.0755583196878433
0.0477459542453289
0.0072021894156933
0.0992197245359421
0.0891590043902397
0.0044685052707791
0.0224187616258860
0.0605820231139660
-0.0605459809303284
-0.0195761770009995
-0.0877798944711685
0.0641665384173393
-0.1125953420996666
-0.0078604407608509
-0.1182801574468613
0.0922116264700890
0.0490725785493851
0.0388899147510529
-0.0328690819442272
-0.1114443615078926
0.0325320810079575
-0.1289779543876648
0.0560294650495052
0.0126932114362717
-0.0424736589193344
-0.0387252233922482
-0.1084441691637039
-0.0879195779561996
-0.0388393178582191
0.0767878666520119
0.0466657094657421
0.1381728798151016
-0.0074250912293792
0.0213814359158278
-0.0332888402044773
0.0483786538243294
0.0228502973914146
-0.0177243240177631
0.0054652402177453
0.0291767828166485
0.0446843244135380
0.0331439040601254
-0.0534195117652416
-0.0135167865082622
0.0640121623873711
-0.0109203914180398
0.0119920838624239
-0.0503164790570736
0.0101730264723301
-0.0507024936378002
0.0706474706530571
-0.0925840809941292
-0.0949914753437042
-0.0132778203114867
-0.0233306400477886
-0.0737362354993820
-0.0186519455164671
0.1023390889167786
-0.0678426027297974
0.0090177450329065
0.0884022265672684
0.0187134463340044
0.1251341849565506
-0.0166583266109228
-0.0158031042665243
-0.0395547039806843
0.0180515777319670
0.0710193067789078
0.0493056103587151
-0.0523065291345119
0.0641640052199364
0.0579616762697697
0.0414941199123859
0.0613718740642071
0.0780303776264191
-0.0130039760842919
-0.1183665618300438
0.0944044888019562
-0.0208655856549740
-0.0513834431767464
-0.0124914078041911
0.0306182671338320
0.0329747721552849
0.0411967597901821
-0.0876867771148682
-0.0534993298351765
0.0186443198472261
0.0015420662239194
0.0899452120065689
0.0180486459285021
0.0259834844619036
0.1193477809429169
-0.0238088965415955
-0.0321295857429504
0.0803806483745575
-0.0631368011236191
-0.0236621219664812
-0.0589812286198139
0.0398591198027134
0.0617688670754433
-0.0711140781641006
0.0497307404875755
0.0237130615860224
0.0715285092592239
-0.0110997017472982
-0.1073124855756760
0.0225733183324337
-0.0544002391397953
0.0107464687898755
0.0810784623026848
-0.0309007354080677
0.0421409308910370
-0.1067970395088196
0.0212531350553036
0.0727800428867340
-0.0844649299979210
0.0826989784836769
0.0793704390525818
-0.0259463377296925
-0.0828444883227348
-0.0238563157618046
-0.1125679612159729
-0.1280972659587860
-0.0915331691503525
-0.1316239088773727
-0.0023398653138429
0.0940257459878922
-0.0809746086597443
0.0458933971822262
0.0553398877382278
-0.0365458913147449
0.0430481210350990
-0.0789916515350342
-0.0150578673928976
0.0573530495166779
-0.2166980504989624
0.1649371087551117
0.0817025005817413
-0.0664315447211266
-0.0218609627336264
-0.1445852518081665
0.0986283197999001
0.0245400685817003
0.0459326058626175
-0.0552891865372658
0.0890976786613464
-0.2764578759670258
-0.0550558269023895
0.1148328781127930
-0.2083469182252884
-0.1290926486253738
0.0317190662026405
0.0555530041456223
-0.1609637439250946
-0.0897897779941559
-0.0763506740331650
-0.1414861977100372
-0.2209011763334274
-0.0237231682986021
-0.0998002141714096
0.0879088938236237
-0.0559175498783588
-0.0349157303571701
-0.0209875423461199
-0.1717529892921448
0.0779187902808189
0.1343250721693039
-0.0624873898923397
-0.2057804614305496
-0.1601641923189163
-0.0607590973377228
0.0679503306746483
-0.0766907185316086
-0.0625129118561745
-0.0371116064488888
0.0860944464802742
0.1548724770545959
-0.2579390108585358
-0.0659856498241425
0.1374844461679459
-0.1058346778154373
0.1027828976511955
0.0695352926850319
-0.1239646077156067
-0.0212953481823206
-0.2100892364978790
0.0683967620134354
0.0049883639439940
-0.1066641211509705
0.0162980444729328
0.1862172484397888
0.3593912720680237
0.0856208354234695
-0.1681314855813980
-0.0395148806273937
-0.0407556556165218
-0.0056251036003232
0.0018720832886174
0.0121642723679543
0.0321891531348228
-0.0004123966791667
0.0399197898805141
-0.0294360574334860
-0.0700792595744133
0.0334814116358757
0.0267838761210442
0.0246234796941280
0.0954237207770348
0.0046602305956185
0.0314239040017128
0.0563180148601532
-0.0100965676829219
-0.0327402390539646
-0.0572704486548901
0.0188013594597578
0.0172224845737219
0.0410361140966415
-0.0826739072799683
0.0647435560822487
0.0332146659493446
0.0028512887656689
0.0148290293291211
-0.0160011388361454
0.0620129927992821
-0.0289854034781456
-0.0378944315016270
-0.0282052345573902
0.0647607818245888
-0.0251902695745230
0.0546909831464291
-0.0279050357639790
0.0961479917168617
0.0411479063332081
-0.0331628881394863
-0.1070758178830147
0.0266728010028601
0.0722169205546379
-0.0162676703184843
-0.0113256126642227
-0.0212164260447025
0.0054116197861731
0.0414123609662056
0.0290453862398863
-0.0350318886339664
0.0546150468289852
0.0494976527988911
-0.0278082564473152
0.0078029506839812
0.0328940153121948
-0.0160245019942522
-0.0072508291341364
0.1048812940716743
-0.0373091101646423
-0.0454898625612259
0.0178115349262953
0.0514131262898445
-0.0196480825543404
0.0723686739802361
-0.0254416745156050
0.0018104604678228
0.0409953333437443
0.0064825764857233
-0.0412310399115086
0.0622168071568012
0.0316903330385685
0.0091825332492590
0.0053028678521514
-0.0540714859962463
0.0025428486987948
0.0955192595720291
0.0187843199819326
-0.0078611029312015
-0.0425344705581665
-0.0247696191072464
-0.0162983220070601
0.0561184883117676
-0.0182583536952734
-0.0248222220689058
-0.0172742903232574
-0.0775643810629845
-0.0197043251246214
-0.0482105426490307
-0.0413643606007099
0.0679420679807663
0.0642137974500656
0.0077109262347221
0.0577489621937275
-0.0026062107644975
-0.0098708206787705
0.0124716525897384
-0.0493914373219013
-0.0401949435472488
0.0550194308161736
-0.0150958243757486
-0.0235501136630774
-0.0266456529498100
0.0460615754127502
0.0370175316929817
-0.0032003954984248
-0.0232230853289366
-0.0294223260134459
-0.0825232192873955
0.0496389269828796
-0.0892070159316063
0.0395231172442436
0.0280965678393841
-0.0840909630060196
-0.0273269359022379
0.0044420980848372
0.0226077493280172
-0.0390530265867710
-0.0286832433193922
0.0608910247683525
0.0034934615250677
0.0517831742763519
0.0224392041563988
0.0046381186693907
0.0118220290169120
0.0329881012439728
0.0185370985418558
0.0553013868629932
-0.0003238391363993
-0.0521137826144695
-0.0488724671304226
0.0450778417289257
-0.0163741037249565
-0.0347124524414539
0.0366914831101894
0.0670563057065010
0.0121157728135586
-0.0465584024786949
-0.0711106359958649
-0.0547402463853359
-0.0422961488366127
0.0118949832394719
-0.0446259677410126
-0.0236733127385378
-0.0240907873958349
-0.0466908179223537
0.0749164819717407
-0.0303153414279222
0.0884220823645592
-0.0413630940020084
0.0649348944425583
-0.0420546531677246
-0.0241604764014482
0.0292766839265823
0.0362390577793121
0.0508099086582661
0.0040923040360212
-0.0388175919651985
-0.0070417155511677
-0.0157294925302267
0.0438362807035446
-0.0028673461638391
0.0429814420640469
-0.0060182791203260
-0.1027340590953827
-0.0071287904866040
-0.0520820915699005
-0.0432818867266178
-0.0292031466960907
-0.0111544542014599
0.0518915317952633
-0.0307729821652174
-0.0638538151979446
0.0458073168992996
-0.0223126485943794
0.0445390790700912
0.0919231399893761
-0.0201850980520248
-0.0048549589700997
0.0537916719913483
-0.0589481741189957
-0.0468079484999180
0.0528141781687737
0.0565161630511284
0.0130826337262988
-0.0308084022253752
-0.0370785519480705
0.0571756102144718
0.0572169758379459
0.0022792280651629
0.0163360890001059
0.0728759244084358
-0.0154021736234426
-0.0030390927568078
-0.0088858315721154
-0.0254992078989744
0.0223153196275234
-0.0346434861421585
0.0083938082680106
0.0647499561309814
0.0528903007507324
-0.0402268208563328
-0.0042656389996409
0.0087941382080317
0.0060954685322940
-0.0137817738577724
0.0397193208336830
-0.0145830819383264
0.0170271899551153
-0.0149157540872693
0.0042895246297121
-0.0822133272886276
-0.0396762415766716
-0.0849849954247475
0.0118234399706125
-0.0160142164677382
0.0217013340443373
-0.0715357810258865
-0.0206009689718485
-0.0399277769029140
-0.0414436683058739
-0.0631607845425606
0.0576341077685356
-0.0164575763046741
-0.0018987681251019
0.0425662659108639
0.0483753159642220
0.0485671274363995
0.0680547654628754
0.0092883780598640
-0.0300155077129602
0.0415449365973473
0.0606936216354370
-0.0742622017860413
-0.0317748673260212
0.0134217645972967
-0.0670029446482658
-0.0436960458755493
-0.0817439034581184
0.0340380929410458
0.0504444092512131
-0.0231236796826124
0.0011041567195207
0.0094172479584813
0.0420668274164200
0.0363884754478931
0.0536490716040134
-0.0235030632466078
-0.0262623354792595
-0.0249750018119812
0.0138595020398498
-0.0271766129881144
-0.0335261262953281
-0.0529276505112648
0.0068534933961928
0.0072595635429025
-0.0819598361849785
-0.0045318100601435
-0.0240292344242334
0.0108243655413389
-0.0101705454289913
-0.0275425426661968
0.0863955914974213
0.0025223093107343
0.0034890805836767
0.0048921140842140
-0.0564832873642445
-0.0558701418340206
0.0096357502043247
-0.0760353207588196
0.0295412745326757
0.0326638184487820
0.0287443939596415
-0.0492879673838615
0.0061679468490183
-0.0298887975513935
-0.0621114671230316
0.0088007953017950
-0.0523454956710339
-0.0393498055636883
0.0596739463508129
-0.0901559963822365
0.0159305520355701
-0.0166932661086321
-0.0672405883669853
-0.0301943849772215
-0.0136622600257397
-0.0513631105422974
0.0126442089676857
0.0400533154606819
-0.0366177707910538
-0.0408537164330482
0.0281438995152712
0.0702986642718315
0.0651049762964249
0.0684977918863297
-0.0511603802442551
-0.0022126529365778
0.0312222596257925
-0.0148491570726037
0.0541545711457729
0.0137692298740149
0.0016394612612203
-0.0431564375758171
-0.0007713881786913
0.0669492632150650
-0.0247735381126404
0.0020654122345150
0.0294637791812420
0.0215821471065283
-0.0146256741136312
0.0190330818295479
-0.0612057112157345
0.0160741712898016
-0.0270717777311802
0.0491528660058975
0.0410794019699097
-0.0930734351277351
0.0935424864292145
-0.0360625721514225
0.0372181683778763
-0.0486323982477188
0.0779998302459717
-0.0027994436677545
-0.0197129752486944
0.0343516804277897
-0.0014543631114066
-0.0558679811656475
0.0342706590890884
0.0021020625717938
0.0090375337749720
-0.0456392429769039
0.0801258012652397
-0.0652910247445107
-0.0744211301207542
0.0187703873962164
0.0605143643915653
-0.0165728647261858
-0.0006365954177454
0.0014875777997077
-0.0649714767932892
0.0045911851339042
-0.0182770751416683
-0.0493409372866154
0.0478765256702900
0.0992279946804047
-0.0058516408316791
-0.0807539373636246
-0.0152431828901172
-0.0192766953259706
-0.0453604981303215
-0.0082807596772909
-0.0646143332123756
0.0082855951040983
0.0108510917052627
-0.0831622183322906
0.0403326936066151
0.0250365529209375
-0.0238528251647949
0.0182708017528057
0.0079959454014897
-0.0004724354075734
-0.0543634071946144
-0.0146553274244070
0.0289749484509230
-0.0415198318660259
-0.0386376157402992
0.0552965402603149
0.0274973977357149
0.0339777320623398
0.0565202459692955
-0.0338531807065010
-0.0104781286790967
0.0672148168087006
0.0044131488539279
0.0563762858510017
-0.0458946637809277
0.0318660549819469
-0.0461732037365437
-0.1084057688713074
-0.0029380796477199
-0.0228307098150253
0.0522630140185356
-0.0129270711913705
-0.0534958541393280
-0.0378220342099667
0.0188569854944944
0.0738943293690681
0.0472503527998924
-0.0275634136050940
0.0692917108535767
-0.0326926112174988
0.0366717502474785
-0.0138444649055600
0.0898222625255585
-0.0320839621126652
-0.0938483849167824
0.0244580544531345
-0.0805910453200340
-0.0426044538617134
-0.1050692722201347
-0.0166982132941484
-0.0221228189766407
0.0518238656222820
-0.0477855391800404
0.0667152628302574
0.0661403387784958
0.0333020575344563
-0.0496713817119598
-0.0428715273737907
0.0036035955417901
0.0429392382502556
0.0525706782937050
0.0687871500849724
0.1104059889912605
-0.0387624017894268
-0.0404961332678795
0.0143492501229048
0.0579406581819057
0.0291016828268766
-0.0486143454909325
0.0233445800840855
-0.0221619307994843
0.0028358595445752
-0.0180146079510450
-0.0010366925271228
-0.0123904598876834
0.0518535748124123
-0.0292354021221399
0.0030289895366877
0.0610269680619240
0.0239800475537777
0.0943695604801178
-0.0120539488270879
0.0040161716751754
0.0400069840252399
0.0027559639420360
0.0260072425007820
-0.0184409581124783
-0.0580375455319881
0.0555005222558975
-0.0621491223573685
-0.0230986494570971
0.0112143531441689
0.0192686058580875
0.0315376110374928
-0.0152548737823963
0.0824002251029015
0.0383537039160728
0.0706349089741707
-0.0632830262184143
-0.0340948030352592
0.0277755130082369
-0.0047805747017264
-0.0204144436866045
0.0215895157307386
0.0040282891131938
0.1017931103706360
-0.0584765188395977
0.0183998495340347
0.0319922938942909
-0.0229927599430084
0.0696561038494110
-0.0279580745846033
-0.0180178936570883
0.0549231544137001
0.0248855985701084
0.0132861128076911
0.0500983186066151
-0.0223288387060165
0.0277596656233072
0.0559600032866001
0.0326338671147823
0.0548692159354687
0.0179537534713745
0.0685271248221397
0.0157428700476885
0.0598827339708805
-0.0759361833333969
0.0975022464990616
0.0529944486916065
0.0177889112383127
-0.0275201890617609
-0.0558148175477982
-0.0380019173026085
-0.0549936555325985
-0.0484035909175873
0.0493392795324326
-0.0522382967174053
-0.0465890429913998
0.0168664995580912
-0.0195915158838034
0.0425836406648159
-0.0254586655646563
-0.0452216304838657
-0.0569369755685329
-0.0062318160198629
-0.0437146127223969
0.0489925034344196
0.0021102146711200
0.0523803383111954
0.0456416718661785
0.0449101738631725
-0.0260918848216534
-0.0438668020069599
-0.0114122806116939
0.0590874142944813
-0.0546208992600441
0.0220427773892879
0.0638303905725479
-0.0116550186648965
0.0479778982698917
-0.0168303288519382
