0.01435862
0.01386663
-0.06878344
-0.01178188
0.00081987
0.02089303
-0.00005753
-0.06190305
-0.01970943
0.01996888
-0.01215759
-0.01004831
0.00891642
-0.01376460
-0.03733470
-0.01203035
-0.02674962
0.00724490
0.18572007
0.02690746
-0.01381281
-0.00735209
0.01147163
0.01988251
0.01615825
-0.01245109
-0.01685253
-0.01865013
-0.00428469
0.01139981
0.13248897
-0.01955995
-0.00001323
0.00552682
-0.00666912
-0.01130430
0.01149503
0.00679848
-0.00149359
0.05206132
0.00841884
0.02627009
-0.07317273
-0.02121701
-0.03635985
0.01187259
-0.04707590
-0.00792454
0.03640620
-0.00264780
0.01897592
-0.04320496
0.07526799
0.05793847
-0.01444163
0.01863355
-0.01400819
0.01930278
0.41435006
0.11168233
-0.00920315
0.01588052
-0.02531343
0.00227102
0.03065359
0.01354513
0.02606655
-0.01116063
0.02871037
-0.00137450
0.00482887
0.01048524
-0.03611805
0.02052386
-0.02103064
-0.01397209
-0.03218076
-0.04776091
0.02255131
0.06844205
-0.00680563
0.00282192
0.02909823
0.05974066
0.02014359
0.00250516
-0.01148705
-0.00190154
0.02911381
0.00002961
0.02024317
-0.03144391
0.00107724
0.00047161
-0.00043579
-0.01578813
0.03454331
-0.03380810
0.07275776
0.02241700
-0.01506725
0.00381756
-0.01636695
-0.00631342
0.00320004
-0.00103220
0.07669447
0.01258786
0.02449949
-0.02947888
-0.01590463
0.01139408
0.01277584
-0.01712607
-0.02125796
0.00966738
0.02939619
-0.01252365
-0.01267258
-0.00379518
0.01517056
-0.01543909
0.00541796
0.00846979
-0.01976585
0.01156859
0.01963831
0.01419809
0.00422958
-0.01043478
-0.00010646
-0.01619910
-0.01365939
0.01086309
-0.07023354
0.00119688
0.05044264
-0.01161985
-0.06425896
0.01338990
-0.04692728
0.02213733
-0.01177334
0.01240277
-0.00629559
0.15876324
-0.01481513
-0.00946556
-0.01368322
-0.00769607
0.06461629
0.02353534
0.00108433
0.03944976
0.00252540
0.00369612
-0.01295153
-0.00713275
-0.04981776
-0.00546519
-0.00768652
-0.03410925
0.02132893
-0.01923900
-0.02448038
0.05854951
0.01050844
-0.02135461
-0.00177251
-0.02597451
-0.00265860
-0.02000073
0.00566936
0.01581697
0.02926022
0.02566080
0.01110903
0.01073170
-0.03027729
0.00533428
0.00319003
-0.01026066
0.00209390
0.00525407
0.05503247
0.09022221
0.04427284
0.02226505
-0.01140728
0.01842999
-0.03983204
0.02561429
0.00711842
-0.01854049
0.00338773
0.01135915
0.00411555
0.00436262
0.08379390
-0.01362764
0.00414393
0.02597287
0.05655589
0.00540081
-0.01030268
0.00884491
0.03293198
-0.01947232
-0.00178672
-0.06660241
0.01163277
-0.01224559
0.00258140
-0.00727444
-0.00183850
-0.03163888
0.02067063
0.00186849
0.01231788
0.01485673
-0.01511269
-0.74957186
-0.01613071
-0.04185661
0.01743997
0.00072269
0.03778677
0.01254424
-0.00097558
-0.01494304
-0.01424239
0.01718785
0.02146384
-0.00645893
-0.03608255
0.04038491
-0.00244211
-0.00620783
-0.01324780
-0.00745189
0.00974063
-0.00788243
-0.05787737
-0.02119599
-0.01207155
0.01040285
0.02949400
-0.02561809
0.03385955
0.02760094
-0.01008426
0.01853890
0.03495779
0.00910630
-0.01787203
-0.00636262
0.06245163
0.06434265
0.01488735
-0.04235263
0.07333408
-0.00208415
0.01115833
0.03286656
-0.05866034
0.18274336
0.06773829
0.11327972
-0.02975060
0.00608516
-0.08383740
0.17382272
-0.02553656
0.04742520
0.04081537
0.01098812
-0.08447818
-0.09354572
-0.01135533
0.00371648
0.00840622
0.16172691
0.10529834
-0.06305777
0.05063166
0.04611128
0.12346527
0.13731508
-0.00721594
-0.03895238
0.10668557
-0.02155538
0.02674461
0.00599102
0.08727873
-0.00039954
-0.07247537
0.04405402
-0.12019634
-0.02970116
0.06911213
-0.11136100
0.80180228
-0.01385001
-0.03547271
-0.07961746
0.01591559
-0.01637273
-0.15580243
0.08072433
0.03163511
-0.11136673
-0.07221939
0.02573512
-0.08537973
-0.04055366
0.05756276
-0.01703987
0.09616077
-0.07482310
-0.04928913
0.02242193
-0.04934605
-0.01416283
-0.00482073
-0.02235442
-0.06171875
-0.01369967
0.03429647
0.05414766
-0.02299671
0.04593026
0.01682181
-0.02475083
0.00775161
-0.03548798
0.10492830
-0.04082430
0.00204767
0.02844278
-0.00466958
-0.00573160
0.01617095
-0.02000574
0.00632291
-0.10144649
-0.00724962
0.05248086
-0.01016032
0.05995496
0.08365943
-0.08459903
0.00973472
0.03552514
0.01593714
0.01651652
0.04570215
-0.03828400
0.04727738
-0.01786797
0.06311060
-0.00100255
0.03735009
0.01382640
-0.01641971
-0.00400285
-0.03498679
0.00027026
0.03825116
-0.02079152
0.01740713
0.05347186
-0.07748132
0.07196251
0.00143950
-0.01651232
0.02395666
-0.02192690
0.00242872
0.06813478
-0.01694989
-0.06446621
-0.04444898
0.04450702
0.00131917
0.03192455
-0.04510939
0.03021644
-0.02708439
-0.00900783
-0.01913858
0.04743707
0.05972858
-0.02986749
0.06424262
0.01223246
0.13738105
0.07477926
-0.04360128
-0.07046153
-0.00603377
-0.02554172
-0.06927877
0.00255088
0.07309568
0.03131162
-0.02245923
0.05357688
0.03068701
0.09185378
-0.04283075
0.02002244
-0.05858540
-0.00296732
-0.01946464
-0.00897447
-0.01807542
-0.05879492
0.01156092
0.01945738
0.01824513
0.01103101
0.14924796
0.04654406
-0.00030897
-0.03231103
0.01479457
-0.04839202
-0.02524939
0.06072421
0.03001672
-0.04993564
0.03625558
-0.00916546
0.00708298
-0.03638394
-0.03395177
0.03141901
0.00542462
0.01698478
0.01270840
0.00108780
0.04691489
0.00273702
-0.04556997
-0.00434433
-0.01063465
0.01062019
0.01335620
0.03852955
-0.00133484
-0.01828869
-0.03299830
0.00098883
0.02304685
0.06195379
0.01773467
0.01218888
0.01751321
-0.01901108
0.04894343
-0.02378957
0.05706638
-0.01720925
0.08871710
-0.00170764
0.04708959
0.04317633
-0.02823802
-0.08997983
0.02761581
0.07976846
-0.00786686
0.02464289
-0.00716678
-0.04114493
-0.02845853
-0.07723699
0.03251433
0.08785636
-0.03836783
0.04549247
-0.02729864
0.00440531
-0.00982961
-0.00392138
0.02672754
0.09146795
0.00466501
0.03149138
0.05811028
-0.00918788
0.04047512
0.04157107
0.03983277
-0.02516308
-0.01048112
0.02622889
0.06747811
0.06981596
0.00624348
-0.08529440
0.08386055
-0.03966232
-0.01833047
-0.01157061
0.00434138
0.03351411
-0.01873675
0.03996447
0.01527565
0.00535658
0.00483107
-0.00469313
0.02010067
-0.01757964
-0.03012230
0.00224092
0.07401656
-0.03580771
-0.09809786
-0.00736605
-0.03443770
-0.04533086
-0.02300284
0.09400096
0.05966037
-0.01957994
-0.11920092
-0.03948234
-0.04038486
0.00620530
-0.05791421
0.04645427
-0.02555608
0.08099645
-0.07133009
-0.02602670
0.00049218
0.00297712
-0.02925077
-0.00443914
-0.01880208
0.04405086
0.01805099
0.00581522
0.04535394
-0.01903448
-0.02908388
-0.08310553
-0.04593581
0.01475378
0.02603504
0.07653096
0.08901363
-0.01066687
0.01119821
-0.01315451
0.07183678
0.01545758
-0.08739455
-0.01529051
-0.03130285
0.06471021
0.01541132
-0.04289238
-0.04470069
0.06618813
0.05564447
0.00912944
0.01523168
-0.03211431
0.03704207
0.04064353
0.06915621
0.00935599
-0.05516762
-0.03083068
0.00527060
-0.02114940
-0.01115515
0.02330195
-0.02146286
0.08789752
0.02346215
0.02750317
-0.03193329
0.06389280
0.03531398
-0.05576928
-0.02760760
0.03344360
0.13502789
0.08954870
-0.12784252
0.03183208
0.02166685
-0.01949448
-0.05891601
0.04896313
-0.01158765
0.09936398
0.01177715
0.02789574
-0.00907985
-0.01786247
-0.03037906
0.06733137
0.01197179
0.00853408
-0.04136545
-0.06170855
0.01589829
0.04475764
-0.09044179
-0.05786604
0.01063819
0.02151106
0.04293043
0.05765489
0.03604849
-0.01976227
-0.05330538
0.02930458
0.03700257
0.10260911
0.05017897
-0.01014296
0.01480519
-0.02912691
0.04916302
-0.11293829
0.01884021
0.02545055
-0.03952751
-0.05196499
0.05688758
0.00101632
0.11173957
-0.00490900
0.05019664
-0.02316484
-0.00127129
0.02327161
0.03280714
-0.00544108
0.00491615
-0.05247013
-0.06103894
-0.00956866
-0.00312822
-0.00144769
-0.02240302
-0.00870691
0.00811581
0.01086352
-0.01236051
0.05259193
-0.01758598
-0.03257101
0.04074754
0.01108787
0.02648103
-0.00105285
-0.04672316
-0.09102703
0.06121150
0.01781475
-0.04425554
0.02397379
-0.00459546
-0.03533576
0.02074843
0.04013255
-0.09272223
-0.00703860
-0.11873872
0.01987730
0.00859065
0.00069355
0.02655089
0.01831372
0.04813723
0.04343174
-0.00157929
-0.01326704
-0.01108187
-0.13179986
-0.02902353
-0.03825676
0.01589734
0.03451620
0.02457195
0.03494374
-0.00101740
-0.06059493
0.00337477
0.05970028
-0.05592541
-0.02627111
-0.05333694
-0.06826654
-0.00151911
0.00344249
0.01486141
-0.06630230
0.06484300
-0.00514135
-0.00976263
0.03987648
-0.03470869
0.02159680
-0.02151809
0.00434215
0.03884170
0.02332125
-0.03201407
0.01902771
0.10318657
-0.09838828
0.01163156
0.01377042
-0.00679254
-0.05711724
0.00185285
-0.05781229
-0.00120603
-0.04276236
0.02505541
0.03431366
0.02815496
-0.03605676
0.05138296
-0.00858995
0.01382948
-0.00965335
-0.00556772
-0.03994578
0.08835094
-0.08157588
0.00440800
-0.00586681
-0.00823654
0.06378096
0.02785954
-0.02590362
-0.00674252
0.02510856
0.05209544
0.03457143
0.00124054
-0.01849272
0.00830215
-0.01742026
0.07256647
0.06765259
0.02909034
0.03081154
0.04357124
-0.12734407
0.03034588
0.00765038
0.03530519
0.06218651
-0.03121262
0.06213413
-0.04666725
-0.01996905
-0.01549536
-0.04676788
0.01971577
-0.01700833
-0.00856509
0.00263994
-0.01157978
-0.02219408
0.01152810
0.01681121
-0.06209545
-0.05789802
0.01204611
0.06030878
-0.07020073
-0.00990766
-0.09799659
0.01727097
0.01326368
0.02570743
-0.01311834
0.05047604
-0.01112359
0.05972431
-0.02527973
-0.01523136
0.02043388
0.03887247
0.02227318
-0.01252690
-0.04638012
0.02765994
0.00295212
-0.02512604
0.04344953
0.01493368
0.01144831
0.01250644
0.01990569
0.01995099
-0.01240226
0.02337531
0.00452228
0.05511796
0.03782393
0.09484047
0.00821662
0.03142177
0.02345997
-0.00706694
-0.04390842
-0.01021746
-0.04074312
0.03850710
0.12843375
-0.02713723
0.00665165
0.06189077
-0.04391018
0.05505120
-0.00987222
0.02026379
-0.03224971
-0.04968506
