0.0570359192788601
-0.0590741112828255
0.0804190635681152
0.0876075178384781
0.0541817322373390
0.0195811018347740
-0.0658957809209824
-0.0691619515419006
-0.0715125352144241
-0.0646285265684128
-0.0465515740215778
0.0128727359697223
0.0940742641687393
0.0862846374511719
0.0661665350198746
0.0984711050987244
0.0445856750011444
0.0171042792499065
-0.0521138086915016
0.0351708866655827
-0.0410098209977150
-0.0240842513740063
0.0719018727540970
-0.0947909057140350
-0.0165570229291916
0.0172903593629599
-0.0481238961219788
0.0043886406347156
-0.0430742092430592
0.0752808898687363
0.0450126491487026
-0.0905982255935669
0.0332744121551514
0.0383123084902763
0.0241856463253498
-0.0132114030420780
0.0958802103996277
0.0531967729330063
-0.0136166270822287
-0.0866175815463066
0.0374763980507851
-0.0553533732891083
-0.0843936577439308
0.0087422262877226
-0.0767762064933777
-0.1159019768238068
0.0394653938710690
-0.0273078549653292
-0.0399864986538887
0.0626572966575623
-0.0270049609243870
-0.1187730580568314
-0.0781138017773628
0.0307197030633688
-0.0856908708810806
0.0904539301991463
-0.0324119590222836
0.0088010756298900
-0.0104409297928214
0.0126867704093456
-0.0945480838418007
-0.0360964052379131
-0.0379739366471767
-0.0664550736546516
0.0334045179188251
-0.0117668416351080
0.0762135908007622
-0.0995522588491440
0.0587043911218643
-0.0585644841194153
-0.0410239063203335
0.1075823977589607
0.0482408925890923
0.0867948606610298
-0.0632698461413383
0.0319214649498463
-0.0513560697436333
0.0272294320166111
0.0778604298830032
0.0800532326102257
0.0300024393945932
-0.1019280329346657
0.0702031627297401
-0.0195258390158415
0.0518866591155529
0.0607672296464443
0.0462165437638760
0.0515248887240887
0.0520498864352703
-0.0150141241028905
-0.0284752342849970
0.0100334109738469
-0.0712222754955292
0.0455474629998207
0.0049155368469656
0.0250071194022894
0.0228307414799929
0.1014963909983635
0.1220390647649765
-0.0777576342225075
-0.0509632006287575
0.1446299701929092
0.0516760274767876
-0.1612718552350998
-0.0367579497396946
-0.0402545519173145
0.0093432832509279
-0.0421412028372288
-0.0604040250182152
0.0025459751486778
-0.0122773544862866
0.1018132269382477
0.0246532056480646
0.0275707319378853
-0.0238448046147823
-0.0031962876673788
0.0180420819669962
-0.0660292953252792
0.1128686368465424
-0.0000032486927921
0.0398875698447227
0.0125635247677565
0.0761048346757889
0.0686492249369621
0.0113158402964473
0.0032156996894628
0.0259753614664078
-0.0172676108777523
-0.0970378667116165
-0.1104890704154968
0.0385780669748783
0.0738647580146790
-0.0297537744045258
-0.0061129722744226
0.0423889681696892
0.0456087067723274
-0.0459185726940632
0.0363719090819359
0.0132865635678172
-0.0555870272219181
0.0479229949414730
0.0017572478391230
-0.1203584074974060
-0.0725096613168716
-0.0690909549593925
0.0262715592980385
-0.0876784250140190
0.0308198276907206
0.0453539937734604
-0.0624099820852280
0.0018572642002255
0.0342287011444569
-0.0257840491831303
0.0397187545895576
0.0167582910507917
-0.1069264709949493
0.0461509712040424
-0.0974591970443726
-0.0081550357863307
-0.0985959842801094
0.0379122309386730
-0.0831051617860794
-0.0219471398741007
0.0267305206507444
-0.0806926041841507
0.0289290379732847
-0.0496930852532387
0.0199602507054806
-0.0420216992497444
0.0684549286961555
0.0996347963809967
-0.0762593448162079
-0.0540444515645504
-0.1141945645213127
-0.0668278038501740
0.0603461600840092
-0.0938626751303673
-0.0944037884473801
0.0331113710999489
-0.0196088943630457
0.0120432507246733
0.0216364022344351
0.0457430630922318
-0.1076978817582130
-0.0545518063008785
0.0819637253880501
-0.1255374848842621
0.0432560406625271
-0.0632251277565956
0.0701936855912209
0.0433918423950672
-0.0685912221670151
-0.0444286726415157
0.1225963383913040
0.0017284095520154
0.1228535249829292
0.0348691157996655
0.0602015517652035
0.0143306637182832
-0.0112551925703883
0.0167066622525454
0.0939361602067947
-0.0445221476256847
0.0907526463270187
0.0705782398581505
0.0455612130463123
0.0276121105998755
0.0174007713794708
0.0387041755020618
-0.1026231870055199
-0.0427755564451218
0.0620652474462986
-0.0923359617590904
-0.0813140794634819
-0.0136182149872184
-0.0339647419750690
-0.1076607033610344
0.0096552399918437
-0.0028491027187556
-0.0633595585823059
-0.0625626370310783
-0.0076366667635739
-0.0106237251311541
0.0244574192911386
-0.0721216574311256
-0.0867439061403275
-0.0634030774235725
-0.0258562695235014
-0.0485619790852070
-0.0130055611953139
0.0165446661412716
-0.0449540764093399
0.0099776051938534
-0.0325451269745827
0.0833761319518089
-0.0928199514746666
0.0422523915767670
0.0564413741230965
0.1082860454916954
0.0424913689494133
-0.0859644338488579
-0.0691239908337593
0.0878959149122238
-0.0852488875389099
0.0372433029115200
-0.0606976598501205
0.0985897928476334
0.0992866232991219
-0.0140142170712352
-0.0746280476450920
0.0379267148673534
-0.0221297238022089
0.0641811117529869
0.1040887534618378
0.0680561289191246
0.0686306431889534
-0.0083787953481078
-0.0199489090591669
-0.1178671047091484
-0.0925541892647743
-0.0054575847461820
-0.0580728389322758
-0.0860623493790627
0.0418120846152306
0.0300611425191164
0.2363509237766266
-0.0631790012121201
0.1434457451105118
0.0496113561093807
0.1086342856287956
-0.0107110179960728
-0.1563258171081543
-0.3320130705833435
-0.0566478669643402
0.0163047816604376
-0.2555245459079742
-0.1129509061574936
-0.1164019554853439
0.0765607282519341
0.1393676847219467
0.1148650869727135
-0.0907988026738167
-0.1755041778087616
-0.1082430928945541
0.0156668964773417
-0.0360932461917400
-0.1670714318752289
-0.0700386166572571
-0.0761296972632408
-0.1700706332921982
-0.2084193825721741
-0.1503568291664124
0.0612270981073380
0.1106168255209923
0.0549457110464573
-0.0769422724843025
-0.0380009226500988
-0.1018093004822731
0.0633659884333611
-0.0829562023282051
-0.1120791211724281
0.0849668085575104
0.1935705244541168
-0.2148020118474960
-0.0443174578249454
0.0366313047707081
0.0562372691929340
-0.0119685800746083
-0.0365394502878189
-0.0935740768909454
0.0041566905565560
-0.1343987733125687
0.1705703288316727
0.1693362891674042
-0.1139594763517380
0.2183608412742615
-0.1197762787342072
0.2770216763019562
-0.0775415524840355
-0.1155172660946846
0.0051225628703833
0.0635180324316025
-0.0413115993142128
-0.0073977853171527
-0.0354310572147369
0.0255330633372068
-0.0482256375253201
-0.0246778186410666
0.0142011791467667
-0.0486399084329605
-0.0547687113285065
-0.0483736507594585
-0.0054855048656464
-0.0481801740825176
0.0476986840367317
0.0148304775357246
0.0220511667430401
0.0212234370410442
0.0329204462468624
0.0617856420576572
-0.0380528979003429
-0.0012300638481975
-0.0511663854122162
0.0270352195948362
0.0013856003060937
-0.0349948145449162
-0.0663162991404533
0.0627367943525314
0.0837340652942657
-0.0822554677724838
0.0097075589001179
0.0001469920098316
0.0003820033743978
-0.0074577308259904
0.0438710302114487
-0.0771115720272064
0.0099352532997727
0.0031069850083441
0.0263867750763893
0.0389133021235466
-0.0074797933921218
-0.0966799557209015
-0.0487042106688023
0.0200424231588840
0.0586257278919220
0.0850665047764778
-0.0062921843491495
0.0018432256765664
-0.0009264484979212
0.0169015992432833
-0.0569136552512646
-0.0231372825801373
-0.0455799996852875
-0.0366993285715580
-0.0312464032322168
-0.0501583181321621
-0.0400802716612816
-0.1076010689139366
-0.0084760924801230
-0.0644029825925827
0.0419186837971210
0.0456578694283962
0.0351462028920650
0.0076968139037490
0.0679703876376152
-0.0521356761455536
0.0142490426078439
-0.0107376258820295
-0.0450244285166264
-0.0601714178919792
0.0589022114872932
0.0142379803583026
0.0255013015121222
-0.0342561826109886
0.0276591125875711
-0.0179817602038383
-0.0694315135478973
-0.0177652146667242
0.0120411971583962
-0.0347795039415359
0.0180211979895830
-0.0151373613625765
0.0277129765599966
0.0087162684649229
0.0329633541405201
-0.0056146406568587
-0.0656836181879044
0.1004139408469200
-0.0510619096457958
-0.0013459057081491
-0.0005058530950919
-0.0109691023826599
0.0106355054304004
0.0195564553141594
0.0527805760502815
0.0060657653957605
0.0247184876352549
-0.0121469357982278
-0.0523933023214340
-0.0147140994668007
-0.0403530113399029
-0.0071987276896834
-0.0278174597769976
-0.0290040858089924
0.0260998792946339
-0.0475122444331646
-0.0134897371754050
0.0065314685925841
-0.0791874304413795
0.0346509926021099
0.0269585475325584
0.0166507698595524
0.0667359232902527
0.0703489705920219
-0.0273535996675491
-0.0515216812491417
0.0185772757977247
0.0263349171727896
-0.1151675879955292
-0.0647370442748070
-0.0251699090003967
-0.0372338145971298
-0.0403617359697819
0.0304492730647326
-0.0566270910203457
-0.0463085211813450
0.0767644792795181
-0.0343022421002388
-0.0512720718979836
-0.0561785474419594
0.0262230131775141
0.0743126422166824
0.0069865724071860
0.0111102657392621
0.0287832748144865
-0.0486028417944908
0.0689513981342316
0.0617919750511646
0.0589083470404148
0.0264371596276760
-0.0161073394119740
0.0684500560164452
-0.0229156948626041
-0.0160074569284916
0.0576180405914783
-0.0074063069187105
-0.0467659197747707
-0.0721290633082390
-0.0536418072879314
0.0526664517819881
0.0393960885703564
0.0238847192376852
-0.0373585298657417
-0.0664922967553139
-0.0661465600132942
-0.0238969400525093
0.0419499538838863
-0.0939128696918488
-0.0458509512245655
0.0426512658596039
-0.0035411124117672
-0.0278518423438072
-0.0465217866003513
0.0840128138661385
0.0419432371854782
0.0337691195309162
-0.0413764826953411
0.0435293093323708
-0.0214756485074759
-0.0635991469025612
0.0433738045394421
0.0123321153223515
-0.0301979705691338
0.0089321816340089
0.0434942021965981
-0.0319415368139744
-0.0417946763336658
0.0292444974184036
-0.0169812440872192
0.0229422543197870
-0.0398968048393726
0.0903290733695030
-0.0753273218870163
-0.0645788311958313
-0.0147157413884997
-0.0250622685998678
-0.0539871193468571
-0.0425420105457306
-0.0440245307981968
0.0639226436614990
-0.0662515535950661
-0.0220813546329737
-0.0893473178148270
0.0177254714071751
0.0384496487677097
0.0592709295451641
0.0092312069609761
0.0796824544668198
0.0199512131512165
0.0352936983108521
0.0427467599511147
0.0744778141379356
0.0124989366158843
-0.0351000614464283
0.0587385669350624
-0.0182691682130098
0.0121379951015115
0.0797628536820412
0.0096387546509504
0.0896517336368561
0.0136104216799140
-0.0281429104506969
-0.0583300441503525
0.0364055000245571
-0.0201131738722324
0.0110302511602640
0.0608891136944294
-0.0249554365873337
0.0490868948400021
-0.0324983447790146
0.0086782583966851
0.0479795560240746
0.0560275427997112
-0.0351555682718754
-0.0103620961308479
0.0077881533652544
0.0468492843210697
0.0133873019367456
-0.0381289869546890
-0.0197182688862085
-0.0354424379765987
-0.0763836130499840
0.0450357794761658
0.0310953911393881
-0.0703050792217255
-0.0011032598558813
-0.0565200969576836
0.0333581529557705
-0.1001550406217575
0.0102157890796661
0.0651417300105095
-0.0408692695200443
0.0110072279348969
-0.0254091043025255
0.0377770438790321
-0.0023687742650509
-0.0280047841370106
0.0241397432982922
0.0689022317528725
0.0606082230806351
-0.0353366695344448
0.0454935804009438
0.0498824007809162
-0.0139191113412380
-0.0481144562363625
0.0685399696230888
-0.0188327133655548
-0.0246581230312586
0.0059807724319398
-0.0006716374773532
0.0252700634300709
0.0491943061351776
0.0625145658850670
0.0490672886371613
-0.0077475383877754
0.0154122393578291
0.0666628628969193
-0.0006231961306185
0.0625518113374710
0.0521158277988434
0.0272997748106718
-0.0492364317178726
-0.0048022647388279
-0.0464300811290741
-0.0345886088907719
0.0296339076012373
-0.0447782650589943
0.0918061435222626
-0.0166612174361944
-0.0195196159183979
0.0076409648172557
-0.0217869821935892
0.0711622387170792
-0.0341772697865963
0.0008466318831779
-0.0072052916511893
0.1213427409529686
0.0332285575568676
-0.0450285114347935
-0.0487857311964035
-0.0696348398923874
0.0798149183392525
-0.1119855493307114
-0.0405746735632420
0.0285736937075853
0.0708897113800049
0.0083219809457660
-0.0268324092030525
-0.0204333681613207
-0.0589879676699638
-0.0270915441215038
-0.0582866296172142
-0.0277802217751741
0.0214700065553188
-0.0329304710030556
-0.0194421093910933
0.0079115862026811
0.0552874095737934
-0.0186847746372223
0.0639864727854729
-0.0061606499366462
-0.0363014079630375
0.0130837177857757
-0.0045979730784893
0.0269020982086658
-0.0853637009859085
0.0302265677601099
-0.0460234023630619
-0.0391124747693539
0.0061206757090986
-0.0234254058450460
-0.0481112599372864
0.0365585274994373
-0.0128712235018611
-0.1021827757358551
0.0149160576984286
-0.0199567675590515
0.0115248393267393
-0.0430141240358353
-0.0273574609309435
-0.0032077266369015
-0.0611558631062508
0.0073612118139863
0.0371102280914783
-0.0205429047346115
-0.0111009320244193
0.0406135059893131
0.0359025187790394
0.0100077865645289
0.0290970858186483
0.0267569422721863
-0.0406574085354805
-0.0926033705472946
-0.0071953027509153
-0.0215046182274818
0.0711390525102615
0.0329432450234890
0.0667085722088814
0.0646580085158348
0.0540057495236397
0.0906060189008713
-0.0399893820285797
0.0521602444350719
-0.0687111839652061
0.0071484353393316
-0.0266755893826485
0.0456732138991356
0.0676358118653297
-0.0192467067390680
-0.0338744521141052
0.0167131703346968
-0.0055927424691617
0.0297462530434132
0.0283003244549036
-0.0008903928101063
0.0015134636778384
-0.0585568547248840
0.0521693117916584
-0.0591231398284435
-0.0701420903205872
0.0800926014780998
-0.0463137887418270
0.0468114949762821
0.0237962864339352
-0.0292664226144552
0.0604775287210941
0.0015681665390730
0.0175328403711319
0.0566600747406483
-0.0299156978726387
-0.0251778773963451
-0.0368141010403633
-0.0511178858578205
0.0414177179336548
-0.0074622253887355
-0.0444401316344738
0.0105448402464390
0.0707381367683411
0.0707217976450920
0.0842172950506210
0.0172389242798090
-0.0200150664895773
0.0220410730689764
-0.0183730628341436
0.0212133899331093
0.0278737712651491
0.0155379856005311
0.0425780639052391
-0.0017932013142854
0.0600663013756275
-0.0747834891080856
0.0151781467720866
-0.0055328118614852
-0.0618126243352890
-0.0798015221953392
-0.0169538520276546
0.0370714478194714
-0.0709358453750610
0.0592133812606335
-0.0382546484470367
0.0159675888717175
0.0249762497842312
0.0962507650256157
-0.0252030957490206
0.0491656661033630
-0.0778709501028061
0.0669868141412735
0.0593324340879917
-0.0198175050318241
-0.0296207368373871
0.0180595479905605
-0.0511639751493931
0.0310101490467787
-0.0072522317059338
-0.0170908030122519
-0.0181616190820932
-0.0355793051421642
0.0468089617788792
-0.0128608448430896
0.0323009341955185
0.0080388439819217
-0.0635322555899620
0.0077799204736948
-0.0201288927346468
-0.0217088349163532
-0.0213652234524488
-0.0313528999686241
0.0216113999485970
-0.0109303444623947
0.0270142219960690
0.0298562049865723
0.0184346232563257
0.0163309536874294
0.0492212586104870
-0.0142847383394837
0.0310181621462107
-0.0250981152057648
-0.0346094965934753
-0.0434784553945065
-0.0620033070445061
0.0310854185372591
-0.0546613447368145
-0.0363112874329090
-0.0197329018265009
-0.0495394207537174
0.0640309154987335
-0.0497851595282555
-0.0323734767735004
0.0425803251564503
0.0231562852859497
-0.0530362762510777
-0.0485431440174580
0.1043931692838669
-0.0340455919504166
-0.0016565959667787
0.0231571607291698
-0.0378350652754307
0.0174680072814226
0.0052450848743320
0.0153144802898169
0.0014209246728569
0.0389240495860577
-0.0569566786289215
0.0457670688629150
0.0061151366680861
0.0200395844876766
-0.0408885665237904
-0.0531697049736977
-0.0521885789930820
0.0271210707724094
-0.0291203949600458
0.0749550387263298
0.0277875643223524
-0.0774665847420692
0.0299974679946899
0.0264473706483841
-0.0262772981077433
0.0203972011804581
0.0483541488647461
-0.0092534963041544
0.0344465821981430
0.0269847065210342
0.0382430702447891
0.0282522086054087
-0.0338644050061703
0.0151021201163530
-0.0509281642735004
0.0044373399578035
0.0388308838009834
0.0147422701120377
-0.0119924731552601
-0.0647677630186081
0.0788238868117332
0.0204604193568230
-0.0463254079222679
-0.0784173309803009
-0.0419820696115494
0.0095490487292409
-0.0657547339797020
0.0373034514486790
0.0292489156126976
0.0266786180436611
