-0.0202936958521605
-0.0676105096936226
0.1202272027730942
0.0918224826455116
0.0510997846722603
0.0614233091473579
-0.0202044229954481
-0.0844185799360275
-0.0050196722149849
-0.0552464574575424
-0.0599738173186779
0.0250424537807703
0.0360397212207317
0.0131026348099113
0.0045763365924358
0.0679276809096336
0.0932983160018921
0.0540691390633583
-0.1164886131882668
-0.0190803389996290
0.0070851566269994
-0.0680252313613892
0.0378195084631443
-0.0307884439826012
-0.0456257686018944
0.0852434933185577
-0.0769007205963135
0.0093483608216047
0.0212454292923212
0.0557374209165573
0.0876656994223595
-0.0574846379458904
0.0854058861732483
0.0198460705578327
-0.0027958503924310
0.1124429851770401
0.0799962952733040
-0.0316733047366142
-0.0476351119577885
0.0163657441735268
0.0030687847174704
-0.0925024598836899
-0.0265091080218554
-0.0086486609652638
-0.0599760599434376
-0.0624246262013912
0.1274776905775070
0.0314595662057400
-0.1260263621807098
0.0634608492255211
0.0018079223809764
-0.0630257949233055
-0.0641668438911438
0.0615354143083096
-0.0986184477806091
0.0374628938734531
0.0316915474832058
-0.0499970652163029
-0.0026800106279552
0.0960791781544685
-0.0432532429695129
-0.0110938120633364
-0.0581321194767952
-0.0545070655643940
0.0161706730723381
0.0655670538544655
0.0606657899916172
-0.1049415022134781
0.0662397369742393
-0.1113999560475349
-0.0617571286857128
0.1077918559312820
0.0784757956862450
0.0290482137352228
-0.0112826703116298
0.0802644491195679
-0.0446598120033741
0.0040422640740871
0.0780343189835548
0.0956871286034584
-0.0052912859246135
-0.1213938593864441
0.0574690848588943
0.0072935600765049
0.0251880288124084
0.0038488348945975
0.0985112339258194
0.1085802838206291
-0.0317444913089275
0.0625093355774879
-0.0542653463780880
0.0639885365962982
-0.0823216289281845
0.0539920702576637
-0.0977920070290565
-0.0305859316140413
0.0631281882524490
0.1383747905492783
0.1045646294951439
-0.0779096633195877
-0.0210192091763020
0.1424029171466827
0.0787735432386398
-0.0249908920377493
-0.0967870578169823
-0.0649607181549072
0.0663433894515038
-0.0820888057351112
0.0072667584754527
-0.0186673887073994
-0.0379736647009850
0.0540052093565464
-0.0282409898936749
-0.0530080720782280
0.0318571627140045
0.0347432270646095
-0.0003941130999010
-0.0704999491572380
0.0281578581780195
0.1061147749423981
0.0414503589272499
0.0785090103745461
0.0231795925647020
0.0879001542925835
0.0452336594462395
-0.0435723587870598
-0.0169926900416613
-0.0295094195753336
-0.0770897641777992
0.0063497577793896
0.0666053369641304
0.0452608764171600
-0.0058065173216164
-0.0818668529391289
-0.0073679471388459
0.0045009967871010
-0.0756527408957481
0.0872652381658554
0.0450609400868416
-0.0468657948076725
0.0473852641880512
0.0042275171726942
-0.0438499860465527
-0.0792467817664146
-0.0067609418183565
-0.0119222374632955
-0.1165775284171104
0.0574221350252628
0.1034099906682968
-0.0629057884216309
-0.0229442473500967
0.0157545823603868
-0.0579185746610165
0.0450779497623444
-0.0030393938068300
-0.0152040524408221
0.1085287407040596
-0.0543139316141605
-0.0246186479926109
-0.0717672035098076
-0.0034131396096200
-0.0533721521496773
-0.0604872778058052
-0.0290791373699903
-0.0817976444959641
-0.0286781974136829
-0.0528854243457317
0.0010298683773726
-0.0551206804811954
0.0535595193505287
0.0268791653215885
-0.0447840690612793
-0.0143970148637891
-0.0820029750466347
-0.0206952169537544
0.0891575738787651
-0.0114186210557818
-0.1210575625300407
-0.0129825314506888
-0.0302262119948864
0.0939868390560150
-0.0090656680986285
0.0492535196244717
-0.0135036129504442
-0.0912675783038139
0.0787013247609138
-0.0607025101780891
0.0790880769491196
-0.0651848986744881
0.1158856078982353
0.0278594307601452
-0.1115044578909874
-0.0247355364263058
0.0643732175230980
0.0762660354375839
0.0572313889861107
0.0323417969048023
0.1047885790467262
-0.0622635707259178
0.0523242540657520
0.0790168270468712
0.0704190209507942
-0.0443707928061485
0.0732949674129486
0.0157392956316471
0.0390107259154320
0.0457399114966393
-0.0012669285060838
0.0739759206771851
-0.0514549650251865
-0.0606636926531792
0.0412626564502716
0.0065316208638251
-0.0516960769891739
0.0487663559615612
-0.0625434592366219
-0.0155510781332850
0.0582976341247559
-0.0554776787757874
-0.0644071102142334
-0.0574387870728970
-0.0723202303051949
-0.0028428274672478
-0.0238341894000769
-0.0530567429959774
-0.0067735076881945
-0.1007141396403313
0.0842197611927986
0.0365083403885365
0.0060328012332320
0.0060601821169257
-0.0427318178117275
-0.0251797214150429
-0.0637720003724098
0.0381688848137856
0.0056157284416258
-0.0488473027944565
0.0142687447369099
0.0301196910440922
0.0422149002552032
-0.0537906438112259
-0.0990794152021408
0.0900845825672150
0.0206571705639362
0.0030250393319875
-0.0821832492947578
0.1091766655445099
0.1030390858650208
-0.0753563120961189
-0.0720118433237076
0.0206908900290728
-0.1075566634535789
0.0919205397367477
0.0750680491328239
0.0460683293640614
0.0765000283718109
-0.0157367326319218
0.0205122474581003
-0.1085884645581245
-0.1638661772012711
0.0379375517368317
-0.1365882307291031
0.0481360033154488
0.0306958351284266
-0.0255232322961092
0.1831073611974716
-0.1108452081680298
0.1499157994985580
0.0548915714025497
0.0795078426599503
0.0470338612794876
-0.1104770898818970
-0.2725944817066193
-0.0825193896889687
0.0382019020617008
-0.2429901808500290
-0.1771357506513596
-0.0931733325123787
0.0518961586058140
0.0674934610724449
0.1069332808256149
-0.1624500304460526
-0.1592392027378082
-0.0937561467289925
0.0000482087161799
-0.0728034377098083
-0.0692314952611923
-0.1251177489757538
-0.1125151365995407
-0.1753392666578293
-0.2422837913036346
-0.0764539167284966
0.1468312889337540
0.0793442726135254
-0.0463275685906410
-0.1124416962265968
-0.0806083977222443
-0.1248685419559479
0.0656948015093803
-0.1557450592517853
-0.1603665500879288
0.1084546446800232
0.2201532274484634
-0.2041563838720322
-0.0539174079895020
0.0825883820652962
0.0001833509741118
0.0438462086021900
0.0401138998568058
-0.1035048440098763
0.0319844000041485
-0.1501450240612030
0.1834580898284912
0.1125926449894905
-0.0695850178599358
0.1034189462661743
-0.0368758961558342
0.3062571585178375
-0.0897983759641647
-0.1283770054578781
-0.0069353738799691
0.0210016928613186
-0.0090754460543394
0.0626810714602470
-0.0723407641053200
-0.0308409556746483
-0.0576349981129169
-0.0605011545121670
0.0340765304863453
0.0567638389766216
-0.0782465487718582
-0.0336501523852348
-0.0520263873040676
-0.0023957102093846
0.0421409159898758
-0.0672690868377686
0.0067557794973254
-0.0387695543467999
0.0327445529401302
0.0248910989612341
-0.0807130485773087
-0.0045013194903731
0.0199883952736855
0.0596378184854984
0.0225306861102581
-0.0126403532922268
-0.0611838214099407
0.0545747838914394
-0.0282371528446674
-0.0315600894391537
0.0321206599473953
0.0277862437069416
0.0253698509186506
-0.0133862271904945
-0.0276378057897091
-0.0335570238530636
0.0195467136800289
0.0160171203315258
-0.0438533313572407
0.0626941919326782
0.0033942805603147
-0.0573973618447781
0.0529693327844143
0.0629622191190720
-0.0516316518187523
-0.0356583222746849
0.0203858185559511
0.0166916120797396
0.0265023428946733
-0.0853877440094948
-0.0394178330898285
0.0775650814175606
0.0155484853312373
-0.0369439013302326
-0.0132909500971437
-0.0228600203990936
0.0271870829164982
0.0218692403286695
0.0266521517187357
0.0098013114184141
0.0893051847815514
-0.0573220700025558
0.0029560914263129
0.0667497888207436
0.0421701744198799
0.0066116414964199
0.0426548011600971
0.0157028920948505
-0.0204499568790197
-0.0521327406167984
-0.0102932341396809
0.0552920959889889
-0.0378801710903645
-0.0514320395886898
0.0770663246512413
0.0560994558036327
0.0580017380416393
0.0328941866755486
0.0721525326371193
-0.0686462819576263
0.0015283513348550
-0.0646731108427048
-0.0121648618951440
0.0760160684585571
-0.0131960446015000
-0.0564790032804012
-0.0498133823275566
-0.0861625447869301
0.0377768017351627
0.0104446336627007
-0.0672415271401405
-0.0101137235760689
-0.0456140376627445
0.0510959476232529
0.0630669370293617
0.0549801178276539
-0.0505633316934109
0.0070710475556552
0.0217862986028194
0.0356133431196213
0.0020566687453538
0.0044516045600176
-0.0301232878118753
-0.0079873474314809
-0.0286696609109640
0.0466718934476376
-0.0673151835799217
0.0207748003304005
-0.0284039005637169
0.0727381035685539
-0.0810995474457741
-0.0556589625775814
-0.0863715857267380
-0.0219773650169373
-0.0544792935252190
-0.0015192774590105
0.0260698180645704
0.0330885313451290
-0.0282470658421516
0.0048943897709250
0.0797606036067009
-0.0005249239038676
0.0339789986610413
0.0016495942836627
-0.0287583377212286
0.0354742854833603
-0.0246895719319582
-0.0199644342064857
0.0178749077022076
0.0080986395478249
0.0382701754570007
-0.0056020645424724
-0.0043588886037469
0.0097743999212980
-0.0001170870600617
0.0270882323384285
0.0175730232149363
0.0229588169604540
-0.0031168714631349
0.0227158758789301
0.0317889973521233
0.0397486612200737
0.0300730559974909
0.0250230673700571
-0.0236887708306313
0.0321290865540504
0.0044751390814781
-0.0037251703906804
0.0290992371737957
0.0273634009063244
0.0316761024296284
-0.0751573145389557
0.0156037313863635
-0.0165260620415211
0.0257665347307920
0.0399967171251774
-0.0349505841732025
0.0603578835725784
0.0477072782814503
-0.0076206941157579
0.0943111553788185
-0.0348815061151981
0.0421987660229206
0.0669213533401489
-0.0346161648631096
-0.0077685625292361
0.0562335811555386
0.0768040269613266
-0.0569963045418262
-0.0256087016314268
0.0450527779757977
0.0395304635167122
0.0299558173865080
0.0105864610522985
0.0363514646887779
-0.0185071192681789
0.0630556344985962
0.0054291291162372
0.0440800301730633
0.0180639550089836
0.0194325018674135
0.0197464656084776
-0.0113660693168640
0.0202364139258862
-0.0553118735551834
-0.0648662522435188
-0.0493591390550137
-0.0100335991010070
-0.0133908363059163
-0.0084021287038922
0.0160265043377876
0.0149510269984603
-0.0235103182494640
-0.0115543333813548
-0.0426649861037731
0.0268585328012705
0.0543677210807800
-0.0001858370378613
-0.0253641251474619
-0.0062516271136701
0.0774020329117775
-0.0413532666862011
0.0575715638697147
-0.0456465743482113
-0.0473276712000370
0.0015321505488828
0.0353483483195305
0.0871898606419563
-0.0527194738388062
-0.0198891758918762
0.0172243807464838
0.0320814587175846
0.0416212156414986
-0.0332161113619804
0.0538000948727131
0.0522081926465034
-0.0494007207453251
-0.0328557826578617
0.0110364528372884
0.0548586621880531
-0.0009132983977906
-0.0582552216947079
0.0493084080517292
-0.0162950158119202
0.0780792608857155
-0.0092803603038192
-0.0373638421297073
-0.0414330027997494
-0.0507566183805466
-0.0418117344379425
0.0127521669492126
-0.0254859644919634
0.0136926155537367
-0.0266022495925426
-0.0487313717603683
0.0396809428930283
-0.0675235018134117
0.0637200027704239
-0.0378368869423866
0.0635966286063194
0.0290635582059622
-0.0240575410425663
0.0754161626100540
-0.0514002516865730
0.0460080392658710
-0.0641843527555466
0.0316909886896610
0.0619515813887119
-0.0679336264729500
0.0545522570610046
-0.1043622419238091
-0.0309076812118292
-0.0105140442028642
-0.0030485924798995
-0.0408794134855270
-0.0794830694794655
-0.0726765841245651
-0.0016892768908292
-0.0155076235532761
0.0309920664876699
0.0520817786455154
0.0055168606340885
0.0009113367996179
-0.0052713109180331
0.0378914140164852
0.0515174753963947
0.0861646756529808
0.0232674088329077
0.0514216534793377
-0.1028641611337662
0.0447624474763870
-0.0662428885698318
0.0443086847662926
-0.0600484982132912
0.0373990051448345
0.0697936862707138
0.0383000746369362
0.0269815847277641
0.0462406352162361
0.0101784169673920
0.0454973988234997
0.0370124876499176
0.0837710946798325
-0.0368406102061272
0.0102676767855883
0.0093972254544497
-0.0106783043593168
-0.0112150367349386
0.0148923983797431
0.0468026325106621
-0.0995220988988876
-0.0265716314315796
0.0035077405627817
0.0484609939157963
-0.0201937761157751
0.0048919194377959
0.0423583313822746
-0.0499375909566879
0.0759715586900711
-0.0487697161734104
-0.0774982273578644
0.0449115261435509
-0.0866314321756363
0.0123949814587831
-0.0187102816998959
-0.0230502579361200
-0.0584713332355022
-0.0119519354775548
-0.0226546619087458
0.0479936152696609
-0.0226182173937559
-0.0853690579533577
-0.0586645714938641
-0.0269235409796238
0.0174115579575300
0.0516982376575470
0.0282515771687031
-0.0217820294201374
0.0629100203514099
0.0289655756205320
0.0080484440550208
0.0138029400259256
-0.0432429574429989
0.0170270036906004
0.0147790713235736
0.0611940994858742
0.0586143359541893
-0.0282011367380619
-0.0655384808778763
-0.0491796061396599
-0.0254207532852888
-0.0010803377954289
0.0086780255660415
-0.0103094913065434
-0.0166407134383917
-0.0368004739284515
0.0916625335812569
-0.0631113722920418
-0.0974147692322731
0.0371958650648594
0.0224809478968382
-0.0114972004666924
-0.0304786656051874
0.0233888179063797
-0.0391079001128674
0.0346690267324448
0.0168652199208736
-0.0071072727441788
-0.0042587583884597
0.0438727736473083
-0.0521211922168732
-0.0465227477252483
-0.0169556923210621
-0.0086620012298226
0.0615451261401176
-0.0403234213590622
0.0378863960504532
-0.0882911831140518
-0.0603618063032627
0.0219779293984175
-0.0328004248440266
-0.0542810484766960
0.0398709513247013
-0.0410452373325825
0.0423561856150627
-0.0695369243621826
-0.0828679800033569
-0.0103125674650073
0.0027760134544224
-0.0289833247661591
-0.0000084359999164
0.0154471723362803
0.0567615702748299
0.0614718832075596
-0.0564969927072525
0.0448205992579460
0.0175219979137182
0.0136166885495186
-0.0069006602279842
0.0229151826351881
0.0206448454409838
0.0145457992330194
-0.0011882442049682
0.0324080958962440
-0.0150185655802488
-0.0195916052907705
0.0393807813525200
-0.0229740757495165
-0.0327326990664005
0.0224430933594704
0.0461102463304996
-0.0548922345042229
0.0485134534537792
0.0380994342267513
0.0470966175198555
-0.0249900612980127
-0.0167420879006386
0.0306079387664795
-0.0157264601439238
-0.0125321866944432
-0.0833334177732468
-0.0721084922552109
-0.0151688130572438
0.0050156018696725
-0.0524035841226578
-0.0413380637764931
0.0136762820184231
-0.0866124778985977
-0.0703620240092278
0.0159933175891638
0.0359242223203182
0.0255042053759098
0.0139664718881249
-0.0310502871870995
0.0795470103621483
0.0217875074595213
-0.0188677478581667
-0.0458411946892738
-0.0568311624228954
-0.0554827041924000
0.0120616238564253
0.0338875427842140
0.0023019153159112
-0.0100195473060012
0.0229827910661697
-0.0193036887794733
0.0018580600153655
-0.0197236798703671
-0.0572605915367603
-0.0256049763411283
0.0731113404035568
-0.0331491939723492
-0.0382537133991718
-0.0494813844561577
-0.0254112575203180
-0.1004428267478943
-0.0396780073642731
-0.0106624355539680
0.0603109523653984
-0.0491470508277416
-0.0869624540209770
0.0149161657318473
-0.0382481962442398
-0.0421218313276768
0.0309676621109247
0.0011838052887470
-0.0288940966129303
-0.0433191433548927
0.0653366893529892
0.0233353246003389
0.0137077439576387
-0.0302484277635813
0.0710583776235580
-0.0558997243642807
0.0416423268616199
-0.0163550749421120
0.0371688604354858
-0.0233286116272211
-0.0246490947902203
0.0420126467943192
-0.0572212934494019
-0.0378121398389339
0.0333187952637672
0.0068297493271530
-0.0487340465188026
-0.0622141547501087
0.0405384078621864
0.0348921492695808
0.0776360183954239
0.0356084555387497
-0.0457943677902222
-0.0351070612668991
-0.0355994291603565
0.0390551723539829
-0.0428073070943356
0.0105185545980930
-0.0854573547840118
0.0160096064209938
-0.0171500537544489
-0.0360273942351341
0.0735512748360634
-0.0639241114258766
-0.0510004200041294
0.0114809712395072
-0.1073819994926453
0.0696463286876678
-0.0132343210279942
-0.0278506167232990
0.0695983245968819
-0.0519593991339207
-0.0517469421029091
0.1028131768107414
-0.0264315195381641
-0.0075853993184865
-0.0025749690830708
-0.0402649007737637
0.0308279301971197
-0.0281209666281939
0.0743320882320404
0.0738487988710403
0.0723294168710709
0.0802694410085678
-0.0682305470108986
0.0691639482975006
0.0224059596657753
-0.0139990337193012
-0.0089572547003627
0.0413604415953159
-0.0135964164510369
-0.0357451885938644
-0.0056537818163633
0.0654279589653015
