0.0390410162508488
-0.0672630369663239
0.1008199453353882
0.0723508819937706
0.0525539852678776
0.0773496180772781
-0.0485574081540108
-0.1092930138111115
-0.0693903416395187
-0.0404800027608871
-0.0253786239773035
0.0512640662491322
-0.0005037399823777
0.0349578931927681
0.0564205721020699
0.0753488689661026
0.0495097748935223
0.0360798500478268
-0.1212434768676758
-0.0481467880308628
-0.0075521147809923
-0.0377380587160587
0.0348163731396198
-0.0194445122033358
-0.0387278199195862
0.1227940991520882
-0.0276047941297293
0.0257652737200260
-0.0334088467061520
0.0801238119602203
0.0271640885621309
-0.0362942218780518
0.1006481200456619
-0.0021825749427080
-0.0335870236158371
0.0870580673217773
0.0901594832539558
-0.0096643129363656
-0.0616299882531166
-0.0266250632703304
0.0255157072097063
-0.0267994254827499
-0.0163119100034237
-0.0157526880502701
-0.0700110793113708
-0.0908511951565742
0.1055677980184555
0.0434652082622051
-0.1092304885387421
0.0414032265543938
-0.0324674248695374
-0.0491309687495232
-0.0208447650074959
0.0442820936441422
-0.0894883424043655
0.0759932324290276
0.0358700118958950
0.0054083312861621
0.0835595279932022
0.1058095172047615
0.0133380545303226
-0.0467799678444862
-0.1054489165544510
-0.0977091789245605
0.0201882887631655
0.0694384127855301
0.0645248740911484
-0.0609080195426941
0.1037821099162102
-0.1056200712919235
-0.0393856763839722
0.0814109966158867
0.0694907009601593
0.0254527516663074
0.0121627403423190
0.0683904215693474
-0.0907766744494438
0.0193640757352114
0.1073691472411156
0.0766220316290855
-0.0644382536411285
-0.0827608481049538
0.0573885850608349
-0.0313666276633739
0.0592921599745750
-0.0003035203553736
0.0878720730543137
0.1334684193134308
-0.0470744185149670
0.0992125868797302
-0.0395247265696526
0.0443491414189339
-0.0881509855389595
0.0454094670712948
-0.1027248799800873
0.0210826229304075
0.0674991160631180
0.1442320942878723
0.1433519721031189
-0.0550480447709560
-0.0154786780476570
0.1244822815060616
0.0833295956254005
-0.0812766999006271
-0.0908160954713821
-0.0390466600656509
0.0345824845135212
-0.0249493699520826
0.0261924974620342
0.0056710257194936
0.0208391472697258
0.0822961032390594
0.0123666133731604
-0.0377358458936214
-0.0335104353725910
0.0377638190984726
0.0121232299134135
-0.0385011732578278
0.0029922572430223
0.0951567739248276
0.0177269391715527
0.0810842737555504
0.0685749873518944
0.0904940143227577
0.0021955252159387
-0.0855317041277885
-0.0432611592113972
-0.0523770973086357
-0.0244472362101078
-0.0050905249081552
0.0789814665913582
0.0791753083467484
0.0478293932974339
-0.0909875854849815
0.0332994870841503
-0.0052637979388237
-0.0975587069988251
0.0496892966330051
0.0007447452517226
-0.0575474947690964
0.0096551170572639
0.0163263268768787
-0.0550069212913513
-0.0665748268365860
0.0250420477241278
0.0346948988735676
-0.1090810745954514
-0.0208725444972515
0.1008111014962196
-0.0853402391076088
-0.0048453989438713
0.0603655874729156
-0.0263934135437012
0.0953779742121696
0.0431816540658474
-0.0608169510960579
0.0970722660422325
-0.0772805958986282
-0.0287132337689400
-0.0419239141047001
0.0342599377036095
-0.0548839755356312
-0.0602472238242626
0.0228501688688993
-0.0425736680626869
0.0183901954442263
-0.0613341368734837
0.0351913124322891
-0.0382318086922169
0.0822808817028999
0.0146231641992927
-0.0978248566389084
-0.0654359832406044
-0.0524415895342827
-0.0814257785677910
0.0628807246685028
-0.0559295453131199
-0.1349698305130005
0.0001319557195529
-0.0522087849676609
0.0584347248077393
0.0333413518965244
0.0863250792026520
-0.0169725138694048
-0.0832841023802757
0.0812647938728333
-0.0538397803902626
0.0243301950395107
-0.0250830538570881
0.0774329677224159
0.0403920114040375
-0.1305188089609146
-0.0369396880269051
0.0871797800064087
0.0489863976836205
0.0630257874727249
0.0114297326654196
0.0999192148447037
-0.0095781981945038
0.0646590217947960
0.0341317020356655
0.1123441532254219
-0.0885255932807922
0.0757748708128929
0.0201454628258944
0.0062897657044232
0.0518557280302048
-0.0152253070846200
0.0559643954038620
-0.0985733345150948
-0.0785412564873695
0.0726293474435806
-0.0120209828019142
-0.0551399327814579
0.0351387299597263
-0.0304943379014730
-0.0181557964533567
0.0849713012576103
-0.0229678098112345
-0.0226233322173357
-0.0179324373602867
-0.0700671300292015
0.0579755976796150
0.0278560873121023
-0.0574800930917263
-0.0257963649928570
-0.1114050969481468
-0.0050355382263660
0.0222644489258528
0.0272367466241121
-0.0100330766290426
-0.0549611896276474
-0.0187150519341230
-0.1008817180991173
0.0223281513899565
-0.0249760709702969
-0.0300656612962484
0.0344104655086994
0.0394649244844913
0.0031752909999341
-0.0405320487916470
-0.0688244551420212
0.0553448535501957
0.0289554316550493
0.0477511286735535
-0.0551851689815521
0.0400470942258835
0.0729103311896324
-0.0683126822113991
-0.0608099587261677
-0.0171679705381393
-0.0646748319268227
0.1091401651501656
0.0444382093846798
0.0490605458617210
0.0460397563874722
-0.0278723165392876
0.0223751030862331
-0.1077178865671158
0.0133338365703821
0.0259741749614477
-0.2003228217363358
0.0631926730275154
0.1624655127525330
-0.0610480383038521
0.0460386686027050
-0.1095945239067078
0.0848433896899223
0.0689350590109825
0.0328399762511253
-0.1198649853467941
0.0060093710198998
-0.3381705880165100
-0.0004135303024668
0.1848540753126144
-0.2315326780080795
-0.1026300564408302
0.0040198820643127
-0.0197399668395519
-0.1044245958328247
-0.0707230344414711
-0.0283588618040085
-0.1610813736915588
-0.2433373630046844
-0.0821234658360481
-0.0840775817632675
0.0076309721916914
-0.0150451855733991
-0.0511727705597878
-0.1017014980316162
-0.2352495491504669
0.0245148316025734
0.1090137958526611
-0.0517615713179111
-0.0877790972590446
-0.0645763278007507
0.0485650263726711
0.0653362050652504
-0.0344045311212540
-0.0024880620185286
-0.0454543530941010
-0.0022436494473368
0.0948248505592346
-0.3087940812110901
-0.1564733535051346
0.0807119831442833
-0.0337226577103138
0.0732507109642029
-0.0887437984347343
-0.1088609322905540
-0.0333361551165581
-0.2230259776115417
0.1468762904405594
0.0580141544342041
-0.1096717864274979
0.1375705003738403
0.1198597326874733
0.3453750610351562
0.0915542915463448
-0.1607262343168259
0.0092254010960460
0.0235249120742083
-0.0161002036184072
0.0518421865999699
-0.0771583914756775
-0.0286075826734304
-0.0685675963759422
-0.0366119146347046
0.0374931506812572
0.0442325361073017
-0.0560933724045753
-0.0396107472479343
-0.0412508919835091
0.0113117899745703
0.0321724414825439
-0.0561409704387188
-0.0052657895721495
-0.0277829598635435
0.0252641532570124
0.0204289965331554
-0.0650628507137299
-0.0055645341053605
0.0358006134629250
0.0450879968702793
0.0053010149858892
-0.0231651458889246
-0.0537776611745358
0.0648197531700134
-0.0362709052860737
-0.0079279681667686
0.0373291969299316
0.0188008118420839
0.0275968648493290
0.0258501544594765
-0.0324834361672401
-0.0146535811945796
0.0074927983805537
0.0315529741346836
-0.0390332713723183
0.0426300913095474
0.0149627663195133
-0.0661510601639748
0.0600449331104755
0.0391735769808292
-0.0557470172643661
-0.0472760796546936
0.0148052936419845
0.0392824932932854
-0.0071170646697283
-0.0801014006137848
-0.0367213040590286
0.0953440666198730
0.0170265156775713
-0.0214108768850565
0.0007165293791331
-0.0125000765547156
0.0295403841882944
0.0177291184663773
0.0029791321139783
-0.0011393653694540
0.0791702121496201
-0.0417419709265232
-0.0074006305076182
0.0479505695402622
0.0567501746118069
0.0113456873223186
0.0468814037740231
0.0070145968347788
-0.0364091582596302
-0.0614845156669617
-0.0423170737922192
0.0420530997216702
-0.0420193523168564
-0.0661349520087242
0.0809573829174042
0.0583892874419689
0.0509845316410065
0.0356688089668751
0.0601970739662647
-0.0646729245781898
0.0051877428777516
-0.0756063535809517
-0.0047636707313359
0.0625224187970161
-0.0105624468997121
-0.0611587651073933
-0.0427215024828911
-0.1012508943676949
0.0563026778399944
0.0192943252623081
-0.0696858540177345
-0.0073655522428453
-0.0278812665492296
0.0356014110147953
0.0504761524498463
0.0684334337711334
-0.0473483577370644
-0.0002591188240331
0.0541195198893547
0.0263221859931946
0.0209146868437529
-0.0129772759974003
-0.0169016402214766
-0.0266637522727251
-0.0345537923276424
0.0339761972427368
-0.0730530247092247
0.0232706982642412
-0.0159963965415955
0.0609624832868576
-0.0927108377218246
-0.0445338860154152
-0.1090147346258163
-0.0287334714084864
-0.0637378394603729
-0.0028591775335371
0.0326303876936436
0.0393151715397835
-0.0150281321257353
0.0029246583580971
0.0668207705020905
0.0216787531971931
0.0321546681225300
-0.0064296470955014
0.0009347533923574
0.0648786276578903
-0.0106486203148961
-0.0460773818194866
0.0122234998270869
-0.0009237883496098
0.0281741246581078
-0.0121242171153426
-0.0152633190155029
0.0014725794317201
-0.0147953853011131
0.0402390696108341
-0.0024515378754586
0.0301359687000513
-0.0181119665503502
-0.0056454502046108
0.0542588159441948
0.0367711931467056
0.0146600343286991
0.0192572250962257
-0.0520401895046234
0.0240889862179756
0.0051136445254087
-0.0011286458466202
0.0393038988113403
0.0252031087875366
0.0470713488757610
-0.0803810432553291
0.0306011736392975
-0.0308770872652531
0.0522427782416344
0.0686673820018768
-0.0092269703745842
0.0791594982147217
0.0420354902744293
-0.0249933656305075
0.0764946043491364
-0.0117199616506696
0.0325892530381680
0.0331853888928890
-0.0220663268119097
-0.0387588292360306
0.0324275791645050
0.0651577934622765
-0.0590856708586216
-0.0038047395646572
0.0549277625977993
0.0096156299114227
0.0219426024705172
0.0088758161291480
0.0265882853418589
-0.0085723567754030
0.0465901382267475
-0.0121137537062168
0.0479461215436459
0.0109737524762750
0.0331381857395172
0.0210822466760874
-0.0099520869553089
0.0534820929169655
-0.0748433768749237
-0.0637919604778290
-0.0487629957497120
0.0156542267650366
-0.0229512732475996
-0.0238801632076502
0.0337038934230804
-0.0173700023442507
-0.0088963247835636
-0.0246871430426836
-0.0078204767778516
0.0465390570461750
0.0510137677192688
0.0005347030819394
-0.0160260479897261
-0.0196216627955437
0.0435003787279129
-0.0184736736118793
0.0701845064759254
-0.0423136465251446
-0.0444666408002377
-0.0170088782906532
0.0172955915331841
0.0728346928954124
-0.0426663942635059
-0.0209055952727795
0.0161384698003531
0.0366756990551949
0.0635539442300797
-0.0634141415357590
0.0359821282327175
0.0324216075241566
-0.0803869217634201
-0.0039183171465993
-0.0017413437599316
0.0180610790848732
-0.0079656522721052
-0.0345863066613674
0.0330508165061474
-0.0103366654366255
0.0633662790060043
-0.0360477939248085
-0.0304632857441902
-0.0398980751633644
-0.0404182113707066
-0.0107886977493763
0.0132513819262385
-0.0231296326965094
-0.0341273695230484
-0.0275587439537048
-0.0344710573554039
0.0368389487266541
-0.0971582531929016
0.0740686953067780
-0.0400131791830063
0.0587602369487286
0.0034443617332727
-0.0170657429844141
0.0566828437149525
-0.0377270989120007
0.0528279505670071
-0.0835941508412361
0.0266297645866871
0.0294529665261507
-0.0878329724073410
0.0622480139136314
-0.1064116358757019
0.0048869489692152
0.0054659554734826
0.0155412200838327
-0.0478120148181915
-0.0781351253390312
-0.0492607355117798
-0.0152752147987485
-0.0201253481209278
0.0311389975249767
0.0298431683331728
0.0307263899594545
0.0027945998590440
-0.0081763369962573
0.0274920612573624
0.0604347586631775
0.0918926671147346
0.0140581224113703
0.0393096804618835
-0.1040578484535217
0.0395924262702465
-0.0541428141295910
0.0232318043708801
-0.0412552356719971
0.0232752338051796
0.0740533396601677
0.0366053804755211
0.0045134024694562
0.0577872730791569
0.0332477167248726
0.0209800004959106
0.0466038808226585
0.0765821114182472
-0.0414907112717628
0.0096224434673786
-0.0034742772113532
-0.0188494250178337
-0.0114903366193175
0.0319342277944088
0.0476740486919880
-0.0826683044433594
-0.0338669307529926
0.0439579524099827
0.0462900847196579
-0.0225671026855707
0.0036251805722713
0.0560446530580521
-0.0458746105432510
0.0967909768223763
-0.0305578391999006
-0.0731994733214378
0.0453874431550503
-0.0838097780942917
0.0118577601388097
-0.0348997823894024
-0.0368413180112839
-0.0757996290922165
0.0014481280231848
-0.0338395759463310
0.0456732511520386
0.0026110226754099
-0.0545190274715424
-0.0485063828527927
-0.0568552576005459
0.0283913183957338
0.0579330883920193
0.0205226689577103
-0.0048799049109221
0.0502034723758698
0.0505369491875172
0.0011262422194704
0.0128022497519851
-0.0329287312924862
0.0108147356659174
0.0074189510196447
0.0323994122445583
0.0519461184740067
-0.0342208929359913
-0.0658806413412094
-0.0471958033740520
-0.0070886132307351
0.0006315059144981
-0.0370793268084526
0.0047243703156710
-0.0348637215793133
-0.0222551357001066
0.0821208059787750
-0.0557569712400436
-0.0832194015383720
0.0061072106473148
0.0365382581949234
-0.0053252177312970
-0.0407422408461571
0.0427739508450031
-0.0046419454738498
0.0132299121469259
0.0053279544226825
-0.0266857203096151
-0.0160723552107811
0.0431547760963440
-0.0484219901263714
-0.0282563269138336
-0.0000726350044715
0.0147785479202867
0.0661423131823540
-0.0104347364977002
0.0077427742071450
-0.0953743532299995
-0.0669152289628983
0.0138542745262384
-0.0362451635301113
-0.0635080188512802
0.0197129435837269
-0.0285015832632780
0.0121854692697525
-0.0902288109064102
-0.0587116368114948
0.0077589387074113
0.0428155474364758
-0.0226037837564945
-0.0002399786026217
0.0162453148514032
0.0471743494272232
0.0572456270456314
-0.0710358470678329
0.0430533662438393
0.0403388887643814
0.0312682427465916
-0.0402068868279457
0.0230918731540442
0.0146911796182394
0.0057057044468820
-0.0084164310246706
0.0097470879554749
-0.0416442751884460
-0.0349685288965702
0.0339044667780399
-0.0098472749814391
-0.0420301482081413
0.0189181212335825
0.0359487757086754
-0.0354337841272354
0.0490534864366055
0.0542546324431896
0.0398095995187759
-0.0416861437261105
0.0015852219657972
0.0181772597134113
-0.0161336977034807
-0.0435999855399132
-0.0294342115521431
-0.0695096626877785
-0.0117385229095817
-0.0022027974482626
-0.0520937256515026
-0.0056867520324886
0.0497969090938568
-0.1006820723414421
-0.0627917349338531
-0.0099096372723579
0.0463515184819698
0.0534066185355186
0.0040016649290919
-0.0204786453396082
0.0849397704005241
0.0185057632625103
-0.0347670428454876
-0.0341386385262012
-0.0648696571588516
-0.0609314106404781
0.0266789272427559
0.0210053250193596
0.0255356635898352
-0.0096324970945716
0.0148692280054092
-0.0315234810113907
-0.0089760702103376
-0.0290536787360907
-0.0923521742224693
-0.0266807619482279
0.0671727880835533
-0.0046095917932689
-0.0461877696216106
-0.0649715140461922
-0.0319120027124882
-0.0953605845570564
-0.0249181780964136
0.0012865875614807
0.0495035909116268
-0.0619403384625912
-0.1140519753098488
0.0227117259055376
-0.0365403294563293
-0.0458268560469151
0.0353232435882092
0.0067034019157290
0.0108016328886151
-0.0124735413119197
0.0439028404653072
-0.0042607961222529
0.0111576560884714
-0.0201229695230722
0.0611722804605961
-0.0539605170488358
0.0459703207015991
-0.0191461630165577
0.0458441413938999
-0.0233812741935253
-0.0157195869833231
0.0215650610625744
-0.0132494410499930
-0.0387310199439526
0.0351956151425838
-0.0006324258283712
-0.0234780404716730
-0.0658040195703506
0.0551573410630226
0.0451734475791454
0.0617035366594791
0.0346893146634102
-0.0578447133302689
-0.0393393412232399
-0.0432451404631138
0.0442764759063721
-0.0537888668477535
0.0086034769192338
-0.1194289028644562
0.0147591540589929
-0.0096867512911558
-0.0361131057143211
0.0699122622609138
-0.0450656004250050
-0.0570963472127914
-0.0157554969191551
-0.1081594377756119
0.0708961561322212
0.0087433969601989
-0.0364441461861134
0.0523363649845123
-0.0525938048958778
-0.0946483910083771
0.1004560962319374
-0.0461338087916374
-0.0023182169534266
-0.0185159556567669
-0.0517420023679733
0.0710962563753128
-0.0475141294300556
0.0743733048439026
0.0994841083884239
0.0697743669152260
0.0657909289002419
-0.0698079615831375
0.0421675369143486
0.0064473375678062
0.0250943750143051
-0.0022719781845808
0.0310095269232988
0.0012715857010335
-0.0504178814589977
0.0208825524896383
0.0488460287451744
