0.0348966121673584
-0.0556221380829811
0.0861565694212914
0.0792890787124634
0.0278243534266949
0.0702770799398422
-0.0424992851912975
-0.0764629095792770
-0.0899645686149597
-0.0492129921913147
-0.0536944903433323
0.0478005297482014
0.0091615822166204
0.0463582687079906
0.0670479312539101
0.0889849811792374
0.0581093840301037
0.0330233089625835
-0.1019230857491493
-0.0482429452240467
0.0066553968936205
-0.0337208919227123
0.0726549550890923
-0.0343489833176136
-0.0290057733654976
0.1355187147855759
-0.0224747434258461
-0.0010660418774933
-0.0167962145060301
0.0955204889178276
0.0253164060413837
-0.0419544279575348
0.0849969983100891
0.0178118795156479
-0.0098352963104844
0.0775621458888054
0.1107179895043373
-0.0088223563507199
-0.0507803373038769
-0.0231587830930948
0.0369241535663605
-0.0218402445316315
-0.0089179761707783
-0.0233620665967464
-0.0808910578489304
-0.1060027107596397
0.0805252194404602
0.0356942899525166
-0.0977261364459991
0.0367101579904556
-0.0503533631563187
-0.0603952743113041
-0.0170433763414621
0.0205519404262304
-0.0557436160743237
0.0895264446735382
0.0232521500438452
0.0075268154032528
0.0815696865320206
0.0700112879276276
0.0175462253391743
-0.0580104291439056
-0.0971140787005424
-0.1032981649041176
0.0147713404148817
0.0329344086349010
0.0731027945876122
-0.0677783340215683
0.0969954878091812
-0.0857361927628517
-0.0538803674280643
0.0695709809660912
0.0532299317419529
0.0578924603760242
0.0020326264202595
0.0620676875114441
-0.0969911143183708
0.0364293865859509
0.1021192669868469
0.0485200509428978
-0.0534654818475246
-0.0890608876943588
0.0846548527479172
-0.0241813585162163
0.0606344565749168
0.0020758104510605
0.1022160872817039
0.1360275298357010
-0.0287528820335865
0.0910139381885529
-0.0384199433028698
0.0360445678234100
-0.0755501016974449
0.0243847072124481
-0.0835689902305603
0.0316534303128719
0.0990424603223801
0.1353575289249420
0.1265280097723007
-0.0479537136852741
-0.0329196192324162
0.1302184015512466
0.0834493637084961
-0.0680125206708908
-0.0863043516874313
-0.0646565780043602
0.0073828888125718
-0.0575449317693710
0.0313931517302990
-0.0149162169545889
0.0212714914232492
0.0666486769914627
0.0158704798668623
-0.0103958444669843
-0.0304236803203821
0.0184192005544901
0.0153830396011472
-0.0631502941250801
0.0275044664740562
0.0796310752630234
0.0351102054119110
0.0814792513847351
0.0682198479771614
0.0674687325954437
0.0049414206296206
-0.0860463678836823
-0.0304375495761633
-0.0572648905217648
-0.0359790138900280
-0.0138243958353996
0.1030358076095581
0.0856439694762230
0.0258067417889833
-0.0829880908131599
0.0380020700395107
-0.0031388946808875
-0.0997651889920235
0.0395002290606499
-0.0146585321053863
-0.0587381087243557
0.0017386416438967
0.0154985198751092
-0.0829477980732918
-0.0667016580700874
-0.0046206852421165
0.0016529272543266
-0.1062127202749252
-0.0292525757104158
0.0799773409962654
-0.0913549140095711
0.0194666888564825
0.0553086362779140
-0.0420829057693481
0.0918046608567238
0.0187982618808746
-0.0718492791056633
0.0906923636794090
-0.0627559274435043
-0.0539834015071392
-0.0231542959809303
0.0243921838700771
-0.0666232183575630
-0.0563200078904629
0.0074499361217022
-0.0481372773647308
0.0396678298711777
-0.0723252817988396
0.0436903610825539
-0.0546306036412716
0.0876124724745750
0.0397931970655918
-0.1113472133874893
-0.0706116184592247
-0.0644504800438881
-0.0757483765482903
0.0542991571128368
-0.0647438615560532
-0.1434934884309769
-0.0082220472395420
-0.0696476846933365
0.0272248610854149
0.0640621930360794
0.0825651809573174
-0.0402843244373798
-0.0961039513349533
0.0840100869536400
-0.0569801330566406
0.0374597609043121
-0.0016431455733255
0.0714316666126251
0.0500872619450092
-0.1225640699267387
-0.0335796065628529
0.1007799059152603
0.0577055700123310
0.0889569371938705
0.0313232056796551
0.0965852066874504
-0.0264202058315277
0.0421662442386150
0.0374304354190826
0.1119950562715530
-0.0989065468311310
0.0852661952376366
0.0464890636503696
-0.0021824149880558
0.0369341075420380
-0.0114117264747620
0.0325283035635948
-0.0891600549221039
-0.0753871276974678
0.0782408118247986
-0.0340633839368820
-0.0484275333583355
0.0109140574932098
-0.0280946791172028
-0.0550727918744087
0.1007256060838699
-0.0143059920519590
-0.0263603255152702
-0.0213193967938423
-0.0673295706510544
0.0260006766766310
0.0469453074038029
-0.0359659120440483
-0.0498726293444633
-0.1126978844404221
-0.0093676913529634
0.0221331305801868
0.0491866394877434
0.0231161601841450
-0.0688145905733109
0.0241779107600451
-0.0764741972088814
0.0368621982634068
-0.0432943068444729
-0.0217871293425560
0.0447718985378742
0.0643987208604813
-0.0006426750333048
-0.0318863466382027
-0.0927614644169807
0.0857344642281532
-0.0043701916001737
0.0506483316421509
-0.0507872216403484
0.0284506734460592
0.0699810609221458
-0.0638992413878441
-0.0451827235519886
-0.0346383079886436
-0.0521790497004986
0.0866933390498161
0.0364178679883480
0.0572845228016376
0.0335404425859451
0.0108243748545647
0.0077994293533266
-0.1124520823359489
-0.0493398085236549
0.1493487060070038
-0.1611075848340988
-0.0229632966220379
0.0482098981738091
0.0725212469696999
0.1829851567745209
-0.0906544178724289
0.0979035869240761
0.0769952684640884
0.0811840742826462
-0.0369537286460400
-0.0767071470618248
-0.3437665402889252
-0.0128132971003652
0.0491006299853325
-0.2424452900886536
-0.2123097628355026
-0.0111061017960310
0.0948403179645538
-0.0276778414845467
0.0292702652513981
-0.1443335115909576
-0.2360980063676834
-0.1329530030488968
-0.0474940948188305
-0.0788254216313362
-0.0094571784138680
-0.0501935742795467
-0.0691964626312256
-0.1303416192531586
-0.1921784430742264
-0.0197590719908476
0.1216352880001068
0.0252642389386892
-0.0483609661459923
-0.1676578819751740
-0.0629639402031898
-0.0104732848703861
-0.0161087270826101
-0.0782444998621941
-0.1032041832804680
0.0943719074130058
0.1817961037158966
-0.2855288088321686
-0.0353621281683445
0.1126958206295967
-0.0358657650649548
0.0343956239521503
-0.0523409806191921
-0.0540191680192947
-0.0831948444247246
-0.1846945732831955
0.1077384203672409
0.0868602991104126
-0.1205001249909401
0.1011260151863098
0.0192048940807581
0.3506438434123993
0.0452562868595123
-0.1862528026103973
0.0016427328810096
0.0313711054623127
0.0077184848487377
0.0395977012813091
-0.0814345180988312
-0.0218765977770090
-0.0772298425436020
-0.0652123093605042
0.0443105585873127
0.0617480203509331
-0.0765065103769302
-0.0356217920780182
-0.0478718914091587
-0.0085430489853024
0.0237055774778128
-0.0679509565234184
0.0131728416308761
-0.0321447104215622
0.0128520652651787
0.0285416189581156
-0.0891831293702126
0.0077568446286023
0.0312579087913036
0.0503277368843555
0.0198352728039026
-0.0146077470853925
-0.0493951067328453
0.0501889921724796
-0.0345746539533138
-0.0239788666367531
0.0435861423611641
0.0122954649850726
0.0418546162545681
0.0001499625941506
-0.0333343446254730
-0.0205326676368713
0.0260945744812489
0.0290071330964565
-0.0501650236546993
0.0521105080842972
0.0137033034116030
-0.0642359703779221
0.0495924241840839
0.0371085703372955
-0.0606554225087166
-0.0486056506633759
0.0370043665170670
0.0215980522334576
0.0061405757442117
-0.0849906578660011
-0.0442117601633072
0.0823999196290970
0.0092731034383178
-0.0360840000212193
-0.0042455093935132
-0.0211816690862179
0.0211579222232103
0.0109816500917077
0.0297945290803909
0.0083384951576591
0.0951917544007301
-0.0456069484353065
-0.0124326460063457
0.0546113885939121
0.0482721142470837
0.0172159783542156
0.0460940822958946
0.0091191129758954
-0.0186893790960312
-0.0488264821469784
-0.0377646908164024
0.0475015789270401
-0.0430079139769077
-0.0564784444868565
0.0768264830112457
0.0492649413645267
0.0529777333140373
0.0262972395867109
0.0639307275414467
-0.0575631447136402
0.0066629387438297
-0.0721848830580711
-0.0074094464071095
0.0833137631416321
0.0026876002084464
-0.0597166419029236
-0.0436061397194862
-0.0905593186616898
0.0414454229176044
0.0277081355452538
-0.0686102509498596
-0.0112926382571459
-0.0258752983063459
0.0300042647868395
0.0623458176851273
0.0541642792522907
-0.0558832734823227
0.0054302061907947
0.0418027341365814
0.0352480635046959
0.0068722199648619
-0.0023330512922257
-0.0299217570573092
0.0021022758446634
-0.0331865809857845
0.0449713729321957
-0.0790776982903481
0.0022958512417972
-0.0105754453688860
0.0638510882854462
-0.0946002528071404
-0.0598537921905518
-0.1003845706582069
-0.0304174330085516
-0.0432340614497662
-0.0073467688634992
0.0098029393702745
0.0366780608892441
-0.0320777148008347
-0.0026240635197610
0.0670105814933777
0.0088967001065612
0.0225117560476065
-0.0078719519078732
-0.0179845616221428
0.0511657334864140
-0.0317540392279625
-0.0439268723130226
0.0307645648717880
-0.0079761948436499
0.0403654575347900
-0.0313642062246799
-0.0073069012723863
-0.0075322110205889
-0.0050006806850433
0.0460796989500523
0.0019756502006203
0.0253674369305372
-0.0142752220854163
0.0046077445149422
0.0421128645539284
0.0383481755852699
0.0245626401156187
0.0225876998156309
-0.0407282523810863
0.0314023420214653
0.0188342314213514
0.0038070643786341
0.0311609525233507
0.0314555428922176
0.0493941567838192
-0.0694962516427040
0.0254579260945320
-0.0032368819229305
0.0506697893142700
0.0375153496861458
-0.0190532356500626
0.0774597972631454
0.0436377003788948
-0.0116542074829340
0.0940613895654678
-0.0277132187038660
0.0461990274488926
0.0559353530406952
-0.0286324657499790
-0.0263521168380976
0.0451267138123512
0.0678288638591766
-0.0648996084928513
-0.0304090734571218
0.0324361249804497
0.0165827330201864
0.0438599996268749
0.0186540130525827
0.0334781110286713
-0.0219161976128817
0.0699226111173630
-0.0007907941471785
0.0381451807916164
0.0099072167649865
0.0169003605842590
0.0208685379475355
-0.0046840575523674
0.0405261293053627
-0.0631108507514000
-0.0699914470314980
-0.0310870651155710
-0.0027712481096387
-0.0170709658414125
-0.0221419613808393
0.0188322234898806
-0.0015662737423554
-0.0196096394211054
-0.0036996428389102
-0.0336267612874508
0.0218171738088131
0.0385075062513351
-0.0036984144244343
-0.0139037342742085
-0.0217706356197596
0.0608658082783222
-0.0254812352359295
0.0693256407976151
-0.0388043224811554
-0.0470980480313301
0.0147675033658743
0.0411118082702160
0.0928918495774269
-0.0503146015107632
-0.0091436561197042
0.0144899729639292
0.0432807952165604
0.0644261837005615
-0.0388392806053162
0.0420924387872219
0.0408874191343784
-0.0504114814102650
-0.0215537585318089
0.0145255634561181
0.0384812057018280
0.0130618242546916
-0.0515772067010403
0.0505035072565079
-0.0181390419602394
0.0721538066864014
-0.0169484131038189
-0.0281622484326363
-0.0374410226941109
-0.0426882803440094
-0.0387954860925674
0.0077426079660654
-0.0259265210479498
-0.0073170564137399
-0.0351063534617424
-0.0396440885961056
0.0403111837804317
-0.0670000463724136
0.0769530013203621
-0.0372635871171951
0.0585999973118305
0.0158875510096550
-0.0229708496481180
0.0608118064701557
-0.0393380075693130
0.0463558509945869
-0.0774648040533066
0.0268628578633070
0.0575007759034634
-0.0783289968967438
0.0591902658343315
-0.1108393296599388
-0.0264718830585480
-0.0037002498283982
0.0006666742847301
-0.0405447036027908
-0.0964707732200623
-0.0526475757360458
-0.0142379123717546
-0.0179100539535284
0.0201321560889482
0.0226222854107618
0.0087974853813648
0.0075912922620773
-0.0094499131664634
0.0325094163417816
0.0629015639424324
0.0879494100809097
0.0310738552361727
0.0359816886484623
-0.0975849926471710
0.0440112613141537
-0.0657007098197937
0.0335262939333916
-0.0417070351541042
0.0316852666437626
0.0720420330762863
0.0433915108442307
0.0141623811796308
0.0548992641270161
0.0181611664593220
0.0356098264455795
0.0350309759378433
0.0775026828050613
-0.0406495146453381
0.0065531786531210
0.0063577666878700
-0.0214787479490042
-0.0348065644502640
0.0526751615107059
0.0379644148051739
-0.0932720750570297
-0.0425795875489712
0.0203251261264086
0.0372801944613457
-0.0181338917464018
0.0128599926829338
0.0397207550704479
-0.0351433381438255
0.0822213292121887
-0.0520443543791771
-0.0720888227224350
0.0513741299510002
-0.0849697068333626
0.0040032654069364
-0.0361161157488823
-0.0056554432958364
-0.0684302821755409
-0.0085218083113432
-0.0347662307322025
0.0544923208653927
-0.0171333346515894
-0.0599705614149570
-0.0506921149790287
-0.0481185950338840
0.0271065458655357
0.0646803453564644
0.0289073567837477
-0.0044794143177569
0.0556539632380009
0.0393454879522324
0.0081543894484639
0.0117544718086720
-0.0379434116184711
0.0072118290700018
0.0123346382752061
0.0561092868447304
0.0671530663967133
-0.0475571230053902
-0.0759581029415131
-0.0499424003064632
-0.0087174642831087
0.0036362574901432
-0.0110224494710565
0.0031449364032596
-0.0140804313123226
-0.0459896400570869
0.0876661539077759
-0.0483941175043583
-0.0858480855822563
0.0252295099198818
0.0225185640156269
-0.0036418489180505
-0.0353084579110146
0.0315363332629204
-0.0316334031522274
0.0191713962703943
0.0288185980170965
-0.0221772193908691
-0.0166116692125797
0.0507986433804035
-0.0607640296220779
-0.0485577061772346
-0.0064077167771757
0.0038357574958354
0.0636266097426414
-0.0261856261640787
0.0406134389340878
-0.0947706252336502
-0.0557025596499443
0.0254209395498037
-0.0370528921484947
-0.0582554750144482
0.0178392566740513
-0.0496833659708500
0.0145791247487068
-0.0951531603932381
-0.0594452805817127
-0.0127907702699304
0.0288894847035408
-0.0261076670140028
-0.0033154000993818
0.0047274683602154
0.0472874455153942
0.0648466944694519
-0.0567423701286316
0.0391437560319901
0.0257570948451757
0.0089067481458187
-0.0237151961773634
0.0258460380136967
0.0343977808952332
0.0265962556004524
0.0092654507607222
0.0212959088385105
-0.0332748144865036
-0.0280938129872084
0.0342281199991703
-0.0208176001906395
-0.0218478851020336
0.0192642249166965
0.0334612019360065
-0.0414624623954296
0.0402964912354946
0.0485399402678013
0.0580118410289288
-0.0425348766148090
-0.0202598869800568
0.0199404545128345
0.0038754127454013
-0.0306281112134457
-0.0464649833738804
-0.0759177654981613
-0.0156127959489822
0.0113294115290046
-0.0505518279969692
-0.0360022373497486
0.0348118767142296
-0.0978709012269974
-0.0842175930738449
0.0046915290877223
0.0515107885003090
0.0264484956860542
-0.0063578933477402
-0.0222139284014702
0.0744116306304932
0.0287920124828815
-0.0370672605931759
-0.0517437756061554
-0.0691748186945915
-0.0538690164685249
0.0119687840342522
0.0148166697472334
0.0145560083910823
-0.0062241479754448
0.0032861065119505
-0.0290738642215729
-0.0091915521770716
-0.0245939586311579
-0.0547108091413975
-0.0279390979558229
0.0804627165198326
-0.0185899380594492
-0.0437525287270546
-0.0484594702720642
-0.0290323179215193
-0.0839892923831940
-0.0349864289164543
-0.0119604934006929
0.0502814240753651
-0.0566845759749413
-0.0894394218921661
0.0173468459397554
-0.0368682108819485
-0.0331668220460415
0.0429775230586529
0.0023394129239023
-0.0220460332930088
-0.0409953929483891
0.0542639158666134
0.0162181183695793
0.0000483787262056
-0.0086644953116775
0.0682033449411392
-0.0563938654959202
0.0422572717070580
-0.0240798424929380
0.0430527776479721
-0.0206691250205040
-0.0172947663813829
0.0326471216976643
-0.0419165343046188
-0.0417536795139313
0.0216586682945490
-0.0123235760256648
-0.0351283214986324
-0.0674504414200783
0.0574464052915573
0.0403276681900024
0.0697467252612114
0.0261779520660639
-0.0458660759031773
-0.0294145513325930
-0.0507470481097698
0.0251358635723591
-0.0612953007221222
0.0080124055966735
-0.1112302541732788
0.0107952076941729
-0.0027975875418633
-0.0259086377918720
0.0778862908482552
-0.0496900416910648
-0.0479717366397381
-0.0027149275410920
-0.0968899354338646
0.0635039657354355
0.0096848355606198
-0.0423541851341724
0.0535999350249767
-0.0546739660203457
-0.0644231140613556
0.1076463386416435
-0.0445985533297062
0.0040364074520767
-0.0178767926990986
-0.0389130152761936
0.0512716956436634
-0.0225143823772669
0.0763274356722832
0.0769359767436981
0.0585365928709507
0.0802698060870171
-0.0653381198644638
0.0624931640923023
0.0059828772209585
0.0091319857165217
-0.0140038430690765
0.0306804161518812
0.0045143500901759
-0.0477922707796097
0.0031158293131739
0.0491728000342846
