7.863247767090797424e-03
1.928316801786422729e-02
-4.613496735692024231e-02
3.426880389451980591e-02
-1.030171941965818405e-02
-3.717866912484169006e-02
4.072643350809812546e-03
-2.205686084926128387e-02
-4.292468354105949402e-02
5.839402973651885986e-02
-2.068941295146942139e-02
-7.425515446811914444e-03
5.966089293360710144e-02
-3.891643136739730835e-02
-1.678935624659061432e-02
2.547956630587577820e-02
-3.357120975852012634e-02
4.582272469997406006e-02
6.202964857220649719e-02
-6.317629478871822357e-03
-3.001493774354457855e-02
-9.502981603145599365e-02
8.283228427171707153e-02
5.284436419606208801e-02
-1.777929998934268951e-02
-4.057438671588897705e-02
-2.278197184205055237e-02
2.593823149800300598e-02
-4.967540036886930466e-03
-1.427115034312009811e-02
1.840812265872955322e-01
7.530551869422197342e-03
-1.152471452951431274e-02
-7.532155723311007023e-04
-4.319945722818374634e-02
-7.052756100893020630e-02
1.312570367008447647e-02
4.522338509559631348e-02
1.136888470500707626e-02
1.283534765243530273e-01
-5.076202005147933960e-02
1.895966008305549622e-02
2.594294771552085876e-02
2.528764866292476654e-02
-1.271205861121416092e-02
-9.352066554129123688e-03
-2.695186063647270203e-02
1.366299390792846680e-02
1.517665479332208633e-02
-3.229325264692306519e-02
1.023541577160358429e-02
3.367104753851890564e-02
1.034908145666122437e-01
5.846840888261795044e-02
-5.987046286463737488e-03
2.645266801118850708e-02
-6.214467436075210571e-02
3.511464595794677734e-02
2.853988409042358398e-01
2.155817113816738129e-02
5.242227111011743546e-03
-4.931661114096641541e-02
-9.158245520666241646e-04
5.877933651208877563e-02
6.817635614424943924e-03
5.638016387820243835e-03
2.145488932728767395e-02
-2.465871348977088928e-02
-9.107150882482528687e-02
-1.403280626982450485e-02
3.325000405311584473e-02
-7.496517617255449295e-03
6.943517923355102539e-02
-2.335184952244162560e-03
-8.941606432199478149e-02
3.334828838706016541e-02
4.691969230771064758e-02
-5.527840927243232727e-02
-1.708761416375637054e-02
-2.093864418566226959e-02
7.496578618884086609e-03
-2.805917523801326752e-02
4.287848714739084244e-03
-1.872757263481616974e-02
4.225985612720251083e-03
-3.996373154222965240e-03
-2.944743819534778595e-02
-1.091617997735738754e-02
2.017462439835071564e-02
-2.604769915342330933e-02
2.714982070028781891e-02
-8.775393478572368622e-03
-3.465944528579711914e-02
-5.256267264485359192e-02
6.389762274920940399e-04
-3.553370758891105652e-02
4.424108564853668213e-02
-1.577964797616004944e-02
5.062479525804519653e-02
-1.470137480646371841e-02
-4.577188938856124878e-02
-1.087161432951688766e-02
-1.383641967549920082e-03
1.545051950961351395e-02
2.265760675072669983e-02
1.469576638191938400e-02
6.461282819509506226e-02
-1.784433238208293915e-02
-1.518061384558677673e-02
-1.957039494300261140e-04
-6.450314819812774658e-02
-4.746791440993547440e-03
5.083213746547698975e-02
-2.409912087023258209e-02
3.614980727434158325e-02
-4.742897115647792816e-03
4.114665463566780090e-02
-4.628910869359970093e-02
-2.511114440858364105e-02
-4.699335433542728424e-03
1.189406588673591614e-02
-2.683462575078010559e-02
1.624321565032005310e-02
4.246318712830543518e-02
3.012627735733985901e-02
1.347579993307590485e-02
-2.485599741339683533e-02
-5.901983939111232758e-03
6.753942463546991348e-03
-1.331911683082580566e-01
7.921840250492095947e-02
6.451091612689197063e-04
-6.801286246627569199e-03
3.598340554162859917e-03
-8.326053619384765625e-02
4.801784083247184753e-02
1.002336516976356506e-01
-6.867428123950958252e-02
1.380622386932373047e-01
3.246796131134033203e-02
4.068445414304733276e-02
-6.671401206403970718e-03
3.809360787272453308e-02
-2.319517731666564941e-02
3.455500677227973938e-02
1.944689080119132996e-02
1.714157126843929291e-02
-2.816537395119667053e-02
-1.173217315226793289e-02
1.084090117365121841e-02
5.270912777632474899e-03
2.513710781931877136e-02
8.073078095912933350e-02
7.966712862253189087e-02
1.697022095322608948e-02
-2.787314914166927338e-02
-2.061463519930839539e-02
-2.002540975809097290e-02
2.225947380065917969e-02
-3.945240378379821777e-02
-3.753159567713737488e-02
6.817089021205902100e-02
-9.230711311101913452e-02
-1.196294650435447693e-02
-1.752249151468276978e-02
-3.241744264960289001e-02
-1.106732990592718124e-03
-5.498048849403858185e-03
-2.830779179930686951e-02
-2.396677806973457336e-02
8.527776226401329041e-03
1.954087428748607635e-02
1.639987458474934101e-03
6.184084340929985046e-02
2.260892279446125031e-02
-7.137494627386331558e-03
2.321949973702430725e-02
5.403153598308563232e-03
6.573093682527542114e-02
-3.413396328687667847e-02
3.660283610224723816e-02
4.750362131744623184e-03
-1.437630783766508102e-02
-5.187574401497840881e-02
-8.487112820148468018e-03
1.611340790987014771e-01
8.981608785688877106e-03
2.617650665342807770e-02
7.799451239407062531e-03
-6.291171908378601074e-02
-1.587180942296981812e-01
-1.130717899650335312e-02
-4.967907443642616272e-03
1.177792623639106750e-02
-1.054303534328937531e-02
-1.379300374537706375e-02
-1.140153314918279648e-02
-2.806484885513782501e-02
8.740404993295669556e-02
9.253419004380702972e-03
-1.120468378067016602e-01
1.014417503029108047e-03
-1.036889031529426575e-01
1.092160120606422424e-02
-1.100029796361923218e-02
8.102388679981231689e-02
1.606422662734985352e-02
4.684962704777717590e-02
-2.315488643944263458e-02
4.459993541240692139e-02
1.942197792232036591e-02
2.534361369907855988e-02
-4.517311230301856995e-02
-3.247126191854476929e-02
-4.201518371701240540e-02
-9.216319769620895386e-02
2.427584677934646606e-02
1.520577631890773773e-02
3.245312720537185669e-02
9.441231377422809601e-03
-1.642601005733013153e-02
-6.496012210845947266e-01
-3.737945482134819031e-02
1.706900633871555328e-02
3.942519892007112503e-03
-1.495208870619535446e-02
5.394528433680534363e-02
-3.003511345013976097e-03
-3.598945215344429016e-02
2.958238474093377590e-04
9.268541820347309113e-03
5.896057561039924622e-02
-2.985971607267856598e-02
3.838080912828445435e-02
2.447159402072429657e-02
6.401696056127548218e-02
2.785282395780086517e-02
4.384542815387248993e-03
-1.080911234021186829e-02
-4.953835741616785526e-05
4.925877600908279419e-02
-3.580593317747116089e-02
-7.655393797904253006e-03
3.016133047640323639e-02
-2.086731046438217163e-02
-7.633252069354057312e-03
-9.762189351022243500e-03
-5.089223757386207581e-02
1.446292549371719360e-02
9.651852399110794067e-02
-3.490057215094566345e-02
2.213166095316410065e-02
-5.787906423211097717e-02
1.282427273690700531e-02
4.217494279146194458e-02
1.589318551123142242e-02
4.950564354658126831e-02
3.919129446148872375e-02
7.659450918436050415e-02
-7.359673827886581421e-02
3.613290563225746155e-02
-1.007421314716339111e-01
8.232553303241729736e-02
-4.186117276549339294e-02
9.881798177957534790e-03
-7.350536435842514038e-02
-2.195832319557666779e-02
-4.513705894351005554e-02
-1.494562476873397827e-01
-3.914216905832290649e-02
1.348622050136327744e-02
-1.099194586277008057e-02
5.216838791966438293e-02
4.369859024882316589e-02
1.318081766366958618e-01
-9.111150354146957397e-02
4.634331539273262024e-02
-3.061300329864025116e-02
-2.222838811576366425e-02
1.594273606315255165e-03
-2.626664005219936371e-02
-3.957560658454895020e-02
7.452013343572616577e-02
2.413391135632991791e-03
5.574295669794082642e-02
4.861198738217353821e-02
-5.874124169349670410e-02
2.123538777232170105e-02
1.640207320451736450e-02
1.780711859464645386e-02
2.190378122031688690e-02
-7.259746640920639038e-02
7.103845477104187012e-02
-4.709304496645927429e-02
5.598218366503715515e-02
-7.340821623802185059e-02
-1.290443986654281616e-01
-1.385287642478942871e-01
6.949909031391143799e-02
1.839054077863693237e-01
-1.120411138981580734e-02
4.736762866377830505e-02
8.467724919319152832e-01
1.150511577725410461e-01
-4.151232913136482239e-02
5.995790660381317139e-02
-4.542971029877662659e-02
1.079989001154899597e-01
8.320509642362594604e-02
-4.700644314289093018e-02
-5.578561127185821533e-02
6.758625805377960205e-02
4.975005984306335449e-02
-3.492825850844383240e-02
-1.450392790138721466e-02
5.567618086934089661e-02
5.765827745199203491e-02
6.885447353124618530e-02
1.559652620926499367e-03
-3.606242686510086060e-02
2.059491910040378571e-02
-1.415024418383836746e-02
9.423881024122238159e-02
1.563193090260028839e-02
5.414632335305213928e-02
5.885438527911901474e-03
2.855638740584254265e-03
2.999545820057392120e-02
1.778304926119744778e-03
-3.346739336848258972e-02
-3.964772622566670179e-04
2.203805744647979736e-02
-1.174206193536520004e-02
6.082687526941299438e-03
-1.498185843229293823e-02
3.115167841315269470e-02
-7.251186668872833252e-02
2.279923064634203911e-03
-3.676532581448554993e-02
1.844821870326995850e-02
4.096578632015734911e-04
5.707890726625919342e-03
-6.208685040473937988e-02
-6.704209954477846622e-05
1.550241652876138687e-02
7.672058045864105225e-02
3.664025291800498962e-02
-4.009946063160896301e-02
-5.744052305817604065e-02
4.611562192440032959e-02
5.410439189290627837e-05
-3.202863410115242004e-02
-2.916996134445071220e-03
-4.237924516201019287e-02
-1.635221019387245178e-02
-3.220620006322860718e-02
9.700909256935119629e-03
8.364546112716197968e-03
-8.685461431741714478e-02
4.100304096937179565e-02
4.344887286424636841e-02
2.625529840588569641e-02
1.506105437874794006e-02
2.573127299547195435e-02
2.736282534897327423e-02
-4.344338178634643555e-02
8.705388754606246948e-03
-1.786330714821815491e-02
6.123518105596303940e-03
-6.204210594296455383e-02
-1.247811596840620041e-03
2.494058571755886078e-02
-2.907742001116275787e-02
1.562520302832126617e-02
3.236002475023269653e-02
5.304526910185813904e-02
-4.886946082115173340e-02
1.497226487845182419e-02
-1.836868189275264740e-02
-1.952564530074596405e-02
4.525845870375633240e-02
2.795239910483360291e-02
-5.878240615129470825e-02
-3.224261850118637085e-02
-5.040860176086425781e-02
1.474361680448055267e-02
-3.311831504106521606e-02
2.595260180532932281e-02
4.691072925925254822e-02
1.365376263856887817e-02
1.298252493143081665e-01
-5.663694441318511963e-02
3.086785972118377686e-02
2.730266889557242393e-03
-1.444556470960378647e-02
-8.053981699049472809e-03
7.740784436464309692e-02
6.293370574712753296e-02
-8.986328728497028351e-03
-1.218471452593803406e-01
5.316080525517463684e-02
-3.997967019677162170e-02
-2.934087067842483521e-02
1.424161158502101898e-02
1.427313592284917831e-02
5.617553833872079849e-03
1.610545068979263306e-02
-6.151711940765380859e-02
-2.855921536684036255e-02
6.913285702466964722e-02
6.499449163675308228e-02
5.769297480583190918e-03
1.228586863726377487e-02
2.879911474883556366e-02
6.669247895479202271e-02
-8.481205441057682037e-03
3.247882425785064697e-02
1.772039197385311127e-02
-1.058060973882675171e-01
-1.900297403335571289e-02
8.132706396281719208e-03
2.718729712069034576e-02
2.854225412011146545e-02
5.601919442415237427e-02
2.123110182583332062e-02
-6.136858090758323669e-02
1.485408563166856766e-02
-7.268532179296016693e-03
-4.852962121367454529e-02
5.078012496232986450e-02
-2.678902074694633484e-02
-4.150910302996635437e-02
2.955466741696000099e-03
3.604172915220260620e-02
-6.029530987143516541e-02
-1.590056903660297394e-02
7.463606889359652996e-04
-4.580394923686981201e-02
-2.295464463531970978e-02
-2.502819336950778961e-02
3.067174181342124939e-02
3.611528873443603516e-02
-6.515137385576963425e-03
2.259673364460468292e-02
1.194650530815124512e-01
5.345942918211221695e-03
8.651124313473701477e-03
-1.820784248411655426e-02
9.294604882597923279e-03
-9.362089633941650391e-02
5.551319569349288940e-02
4.956948105245828629e-03
-9.195481240749359131e-02
-1.062011998146772385e-02
-1.079221349209547043e-02
-4.777949303388595581e-03
-6.966955494135618210e-03
-5.294470116496086121e-02
2.995566837489604950e-02
3.598259389400482178e-02
1.431349962949752808e-01
1.570968143641948700e-02
3.565391898155212402e-02
-2.869921922683715820e-02
-5.340141709893941879e-03
3.850043565034866333e-02
1.990913972258567810e-02
1.202379260212182999e-02
6.388374418020248413e-02
4.495969624258577824e-04
-4.814535751938819885e-02
-1.361167989671230316e-02
2.429671026766300201e-02
2.823313511908054352e-02
1.795674487948417664e-02
-1.554312463849782944e-02
-2.299711667001247406e-02
-9.702083468437194824e-02
3.369452431797981262e-02
-5.763161182403564453e-02
1.188073027878999710e-02
1.454403437674045563e-02
2.912409044802188873e-02
9.221204370260238647e-02
-7.101318985223770142e-02
6.043831259012222290e-02
4.424936603754758835e-03
1.057724580168724060e-01
2.886358276009559631e-02
1.478980481624603271e-02
-5.051978677511215210e-02
2.958580106496810913e-02
-1.117440685629844666e-02
1.226988714188337326e-02
7.262044399976730347e-02
2.236718311905860901e-02
-3.460461506620049477e-03
3.680700436234474182e-02
-1.484093219041824341e-01
6.053930521011352539e-02
7.890188135206699371e-03
-9.108830243349075317e-03
1.766737177968025208e-02
4.980851709842681885e-02
1.766160689294338226e-02
2.384032681584358215e-02
2.298952080309391022e-02
6.870252639055252075e-02
3.867668285965919495e-02
7.351810485124588013e-02
-9.232931770384311676e-03
-2.373887971043586731e-02
3.622533008456230164e-02
4.084978625178337097e-02
-1.026736199855804443e-02
-1.270001474767923355e-02
-1.358701009303331375e-02
-4.055733606219291687e-02
-1.368156448006629944e-02
-2.199825830757617950e-02
-2.159538120031356812e-02
3.166391327977180481e-02
3.595468774437904358e-02
-1.280420925468206406e-02
-1.652731560170650482e-02
4.280754551291465759e-02
-2.283560810610651970e-03
4.122295230627059937e-02
-8.933293074369430542e-02
8.174180402420461178e-04
-4.791180789470672607e-02
-3.223738446831703186e-02
-2.481050789356231689e-02
4.623034968972206116e-02
-2.148344218730926514e-01
8.809664286673069000e-03
-1.677448861300945282e-02
3.265018016099929810e-02
-3.570683673024177551e-02
-1.029278337955474854e-01
-5.032457411289215088e-03
5.757911130785942078e-02
1.679896004498004913e-02
1.450481172651052475e-02
-7.020448800176382065e-03
-6.609372049570083618e-02
-5.537390708923339844e-02
-2.875499986112117767e-02
3.669096902012825012e-02
1.156865991652011871e-02
-1.421185117214918137e-02
-2.487775683403015137e-02
-3.623795881867408752e-02
-2.724026329815387726e-02
7.932451553642749786e-03
3.563347458839416504e-02
-2.938062697649002075e-02
4.059395194053649902e-02
8.806798607110977173e-03
2.562168240547180176e-02
-1.557736657559871674e-02
2.360559068620204926e-03
-2.632860839366912842e-02
3.663085773587226868e-02
-9.279947727918624878e-03
-6.967014074325561523e-02
-8.046191185712814331e-02
-4.838719218969345093e-02
7.029346376657485962e-02
4.394608363509178162e-02
-2.318286336958408356e-03
4.759337753057479858e-03
5.716458894312381744e-03
-7.317171245813369751e-02
-5.603465065360069275e-02
-4.587626084685325623e-02
1.821266673505306244e-02
-4.629845730960369110e-03
3.019439987838268280e-02
8.239403367042541504e-02
1.199439400807023048e-03
4.790367558598518372e-03
-8.003422617912292480e-02
-2.594447694718837738e-02
-1.868941634893417358e-02
-1.329866498708724976e-01
-2.299860492348670959e-02
-1.524865720421075821e-02
5.685796588659286499e-02
1.531939674168825150e-02
3.165884688496589661e-02
2.812064811587333679e-02
5.387600138783454895e-02
-4.140386730432510376e-02
-2.659203112125396729e-02
2.532821707427501678e-02
-6.594299338757991791e-03
4.558200947940349579e-03
-1.414233265677466989e-04
8.937329053878784180e-02
4.334047064185142517e-02
-3.066091798245906830e-02
4.596514627337455750e-02
-1.140472758561372757e-02
-5.551394447684288025e-02
-7.064559496939182281e-03
7.678633183240890503e-02
1.020861905999481678e-03
6.560443341732025146e-02
-6.036634556949138641e-03
1.206803042441606522e-02
-1.236935053020715714e-02
9.940748102962970734e-03
-2.782486379146575928e-02
-1.196365505456924438e-01
4.733781889081001282e-02
-2.300360798835754395e-02
-6.329435855150222778e-02
-5.474733188748359680e-02
1.169057190418243408e-02
-1.043413486331701279e-02
-8.499842137098312378e-03
-6.343382596969604492e-02
9.630779735743999481e-03
1.339056063443422318e-02
1.176306307315826416e-01
2.187598869204521179e-02
7.243086397647857666e-02
-5.972892418503761292e-02
-1.283455733209848404e-02
-5.136978253722190857e-02
-2.239187993109226227e-02
2.693673409521579742e-02
8.301272243261337280e-02
7.425928954035043716e-03
-6.736044585704803467e-02
8.143004775047302246e-02
-2.191000804305076599e-02
1.211907267570495605e-01
2.000225707888603210e-02
-1.431794371455907822e-02
2.730821259319782257e-02
8.752141147851943970e-03
-3.514455631375312805e-02
1.425986643880605698e-02
2.339564822614192963e-02
2.183073759078979492e-02
6.607057061046361923e-03
-1.130115762352943420e-01
-2.367523871362209320e-02
1.238588802516460419e-02
-9.186084568500518799e-02
-3.301815316081047058e-02
1.675814948976039886e-02
-3.373245149850845337e-02
-2.332116477191448212e-02
-1.304849535226821899e-01
2.950850129127502441e-02
-3.395492956042289734e-02
2.989860810339450836e-02
-4.053052887320518494e-02
2.937990985810756683e-02
-9.946467354893684387e-03
-2.197242155671119690e-02
8.264453150331974030e-03
-6.502522528171539307e-02
1.200295612215995789e-02
-4.295750334858894348e-02
2.289477363228797913e-02
-1.354443933814764023e-02
-1.470857113599777222e-02
1.134834438562393188e-02
4.056706279516220093e-02
6.275992840528488159e-02
-3.595091402530670166e-02
1.036461368203163147e-01
-4.190251231193542480e-03
-7.199136912822723389e-02
-3.842077031731605530e-02
-5.528529733419418335e-02
8.513146638870239258e-02
2.652057260274887085e-02
-2.717901393771171570e-02
2.375630429014563560e-03
1.780490204691886902e-02
-4.611943289637565613e-02
3.466764464974403381e-02
-2.357666147872805595e-03
2.315437304787337780e-04
-3.962593153119087219e-03
4.434257745742797852e-02
3.484593331813812256e-02
-5.194226279854774475e-02
1.509247720241546631e-02
-2.626312710344791412e-02
-2.533544041216373444e-02
4.218260943889617920e-02
3.785188496112823486e-02
6.442796438932418823e-02
3.352857753634452820e-02
3.649878501892089844e-02
2.861804328858852386e-02
-4.752831161022186279e-02
-1.971213519573211670e-02
3.090102411806583405e-02
5.220260843634605408e-02
-2.471972256898880005e-02
5.062054097652435303e-02
2.943503670394420624e-02
-1.217693835496902466e-02
-3.792567178606987000e-02
3.385095670819282532e-02
4.349162802100181580e-02
6.127110496163368225e-02
-1.746611483395099640e-02
-2.130230702459812164e-02
-4.800638649612665176e-03
4.400399699807167053e-02
5.342245846986770630e-02
4.554907232522964478e-02
5.952155590057373047e-02
-4.372715950012207031e-02
1.907913247123360634e-03
-2.554796636104583740e-03
9.498801082372665405e-03
5.552157759666442871e-02
-1.434394717216491699e-02
9.653284400701522827e-02
4.588891752064228058e-03
-4.919194430112838745e-02
3.573680296540260315e-02
2.323943562805652618e-02
-4.512390121817588806e-03
2.063890360295772552e-02
3.312234207987785339e-02
-3.772684931755065918e-02
-1.621460355818271637e-02
3.562630712985992432e-02
7.719377428293228149e-02
-1.805407181382179260e-02
5.311858654022216797e-02
-2.406760118901729584e-03
-2.752379141747951508e-02
1.697848923504352570e-02
-5.708477646112442017e-02
-4.695831984281539917e-02
-1.457274425774812698e-02
2.152597997337579727e-03
9.135659784078598022e-03
2.547269396018236876e-04
2.873994596302509308e-02
-3.634553402662277222e-02
1.461295131593942642e-02
3.602287918329238892e-02
7.810405921190977097e-03
8.609385788440704346e-02
-4.374265670776367188e-02
-6.637600064277648926e-02
5.931416526436805725e-02
-4.659203812479972839e-02
1.446360815316438675e-02
4.833154380321502686e-02
3.114420222118496895e-03
2.727452665567398071e-02
2.343748137354850769e-02
2.678942680358886719e-02
-6.634322926402091980e-04
5.364393442869186401e-02
3.477803990244865417e-02
-8.699417859315872192e-02
-5.742655321955680847e-02
-6.694918265566229820e-04
-2.760806307196617126e-02
-9.083869308233261108e-02
-3.668016567826271057e-02
4.859112203121185303e-02
1.452245377004146576e-02
8.088079281151294708e-03
4.525497928261756897e-02
4.390630498528480530e-02
-4.151912778615951538e-02
-8.388100191950798035e-03
-6.086278334259986877e-02
2.305643260478973389e-02
5.713368952274322510e-02
-4.928465001285076141e-03
2.569577284157276154e-02
-4.681990668177604675e-02
-1.987287588417530060e-02
3.126749023795127869e-02
6.932760775089263916e-02
9.208258241415023804e-03
-3.124531172215938568e-02
9.325604885816574097e-02
-2.029904164373874664e-02
-1.490593329071998596e-02
-1.763639785349369049e-02
1.332030072808265686e-02
-1.422082632780075073e-02
-8.574631996452808380e-03
-5.378207564353942871e-02
4.358211904764175415e-02
-2.225651778280735016e-02
1.054385080933570862e-01
2.530126133933663368e-03
5.862409248948097229e-03
-5.812593176960945129e-02
-3.826885949820280075e-03
2.843395341187715530e-03
3.374375775456428528e-02
5.703386850655078888e-03
-4.901406541466712952e-02
5.713762715458869934e-02
-6.889925897121429443e-02
-2.783060818910598755e-02
9.676007553935050964e-03
5.323667079210281372e-03
2.897860854864120483e-02
2.772828750312328339e-02
-9.364038705825805664e-03
-4.240927519276738167e-04
5.420619249343872070e-02
-1.319967303425073624e-02
-2.236004918813705444e-02
2.476018620654940605e-03
2.681780792772769928e-02
3.432311117649078369e-02
-6.873465329408645630e-02
-7.689176127314567566e-03
3.515006229281425476e-02
6.630160380154848099e-03
5.652802065014839172e-02
