-0.0876675695180893
-0.0732063725590706
0.0146611584350467
-0.0383116416633129
-0.0190852750092745
-0.1593157947063446
-0.0327524878084660
0.1431969702243805
0.0123758800327778
-0.0411416925489902
-0.0834126770496368
0.0207582078874111
0.0299708098173141
0.0097429966554046
0.0020522626582533
0.0612059868872166
-0.0580990239977837
-0.1280161291360855
-0.0598742477595806
0.0204260349273682
-0.0224416647106409
0.0719949156045914
0.1165360510349274
0.0042671733535826
0.0327135138213634
-0.1354842782020569
-0.0518714599311352
-0.0033839866518974
0.0275440011173487
0.0090103317052126
0.0889425426721573
-0.0956823229789734
-0.0135193727910519
0.1046650111675262
0.0426344797015190
-0.1118368282914162
0.0850533172488213
0.0534265823662281
-0.0462775155901909
-0.0196213982999325
0.0244858562946320
-0.0819895192980766
-0.0465651452541351
0.0403704680502415
-0.0307404510676861
-0.0534034222364426
-0.0211376994848251
-0.1228007525205612
0.0288651753216982
0.1476955860853195
-0.0822886079549789
-0.1263789981603622
-0.0981203094124794
-0.0174663625657558
0.0047136140055954
0.0071879811584949
-0.0217862911522388
-0.0224423315376043
-0.0826960727572441
-0.0612778328359127
-0.0603480264544487
0.1056674197316170
0.0992713198065758
0.0426004119217396
-0.0422571301460266
-0.0088912080973387
0.0212097018957138
-0.0370688885450363
0.0214065033942461
0.0335463732481003
0.0641820356249809
0.0970559641718864
0.0093156695365906
0.0719636157155037
-0.0856951698660851
0.0160344149917364
0.0152872288599610
0.0565600059926510
-0.0807492509484291
-0.0497490614652634
0.0829564481973648
-0.0918188467621803
-0.0610683448612690
0.0718751326203346
0.0786195173859596
-0.0142192812636495
0.0046902219764888
-0.1001732200384140
-0.0053768111392856
0.0308919027447701
-0.0572976022958755
0.0330486856400967
-0.0323091298341751
0.0173571333289146
0.1249359920620918
0.0394008345901966
-0.0135006336495280
-0.0284364949911833
-0.0427790544927120
-0.0526292771100998
-0.1526982784271240
-0.0602096840739250
0.0853390023112297
0.0570211820304394
0.0938725396990776
0.0027127640787512
0.0599558874964714
-0.0350040830671787
-0.0473909080028534
-0.0039463061839342
-0.0731683298945427
-0.0194560810923576
0.0663820430636406
-0.0039263721555471
0.0861433669924736
-0.0241665299981833
0.0269915722310543
-0.0067282728850842
0.0681762769818306
-0.1140597835183144
-0.0773190036416054
-0.0793395265936852
-0.0039957202970982
0.0552710331976414
0.0587998144328594
0.0793914571404457
0.0122866919264197
0.0140194632112980
-0.0707235634326935
-0.0188801139593124
-0.0294181462377310
-0.0450242049992085
0.0523414984345436
0.0872500911355019
-0.0801432132720947
-0.0045604207552969
0.0847660750150681
0.0586734674870968
-0.0428058989346027
0.0251734256744385
0.0372032485902309
-0.0428997352719307
-0.0244127921760082
-0.0156302377581596
-0.0674381032586098
0.0119238290935755
0.0056722196750343
-0.0637668892741203
-0.0802102312445641
-0.0579992383718491
0.1042531281709671
-0.0900234803557396
0.0567618757486343
-0.0180860143154860
-0.0561034567654133
0.0048157256096601
-0.0237961597740650
-0.0246979370713234
0.0638929978013039
-0.0562064275145531
0.0312078166753054
-0.0661460906267166
0.0888480544090271
0.0099452789872885
-0.0543598756194115
0.0790611207485199
-0.0109196435660124
-0.0628086104989052
-0.1285026073455811
0.0337480865418911
0.0987360179424286
-0.0763809084892273
-0.0223812907934189
-0.0880737826228142
-0.0634617358446121
0.0372554771602154
0.0289774108678102
-0.0337346717715263
-0.0494153723120689
-0.0185647085309029
0.0233990773558617
-0.1095210686326027
-0.0121482042595744
-0.0892848521471024
-0.0713516771793365
-0.0292168930172920
-0.0065119569189847
0.0918358266353607
-0.0041816006414592
-0.0639991760253906
-0.0630188733339310
0.0176310800015926
-0.0357876643538475
0.0346514880657196
-0.0687580928206444
0.0882560238242149
0.0031575195025653
-0.0516065955162048
0.0659985691308975
-0.0534606687724590
0.0135247819125652
-0.0622281208634377
-0.0444880127906799
-0.0357776805758476
-0.0169905014336109
0.0528778769075871
0.0690064430236816
0.0986968725919724
-0.0427422076463699
-0.0248099714517593
0.0018931740196422
0.0119158048182726
-0.0173969920724630
0.0745218172669411
-0.0673864930868149
-0.0728633552789688
-0.0295018423348665
-0.0230677705258131
-0.0872024223208427
0.0217709187418222
-0.1432883590459824
0.0002501449780539
-0.0950221270322800
0.0382543765008450
-0.0105236209928989
-0.0363975651562214
0.1514019072055817
-0.0248836539685726
-0.1154346540570259
-0.0156754460185766
-0.0934167876839638
-0.0391931235790253
-0.0339585468173027
-0.0683992207050323
0.0437992885708809
-0.0245188381522894
-0.0317219421267509
0.0412674620747566
0.0842949897050858
0.0727196633815765
-0.0942175984382629
0.0268384944647551
0.0494915954768658
-0.0390731841325760
-0.0084543842822313
-0.0674061626195908
-0.0349289737641811
-0.1230397149920464
0.0478734262287617
-0.0736329630017281
0.0326259955763817
-0.0127996476367116
-0.0641606897115707
0.0381519272923470
-0.0490152016282082
-0.0175804346799850
-0.0960240736603737
0.0051167970523238
-0.0461176112294197
-0.1409623920917511
0.0312134250998497
-0.1695081591606140
0.1304258704185486
0.0099616264924407
-0.0051421597599983
0.0781194865703583
-0.0874697044491768
0.1271215826272964
0.0094470027834177
0.0566434897482395
0.1082466766238213
0.0311572942882776
-0.1878110468387604
-0.1187794804573059
0.0180746316909790
-0.2255436480045319
-0.1619680523872375
-0.0197916980832815
0.0467901527881622
-0.0621185563504696
0.0824325531721115
-0.1566587835550308
-0.2027046084403992
-0.1217802986502647
0.0828491598367691
-0.1229740753769875
-0.0104545997455716
-0.1222921982407570
-0.0222181752324104
-0.1182495728135109
-0.1539871543645859
-0.0234728213399649
0.1854271590709686
-0.0029436091426760
-0.1245759800076485
-0.2035794258117676
-0.1790588647127151
-0.0813476666808128
0.0230196397751570
-0.1778449267148972
-0.1740498542785645
0.1717847585678101
0.2825335264205933
-0.1579702496528625
0.0337764546275139
0.1809499114751816
-0.0915330573916435
0.1165908053517342
0.0977694615721703
-0.1776625066995621
0.0659387782216072
-0.2273844927549362
0.0978783592581749
0.0250597950071096
-0.0922418385744095
-0.0149218123406172
0.0528729110956192
0.2596367001533508
-0.0403109230101109
-0.0955798253417015
0.0569309704005718
-0.0408266969025135
0.0843733921647072
-0.0384759753942490
0.0321718342602253
0.0191156342625618
-0.0839724987745285
0.0203357245773077
0.0352857001125813
0.0168031733483076
0.0115625103935599
-0.0157437492161989
-0.0048151565715671
0.0363607965409756
-0.0288235135376453
-0.0254567749798298
-0.0115997549146414
-0.0133245913311839
-0.0501565597951412
0.0209834650158882
-0.0765815749764442
0.0100972251966596
0.0395086258649826
-0.0515616908669472
-0.0287492573261261
-0.0309041403234005
-0.0433550365269184
-0.0023275418207049
-0.0854181796312332
0.0169646684080362
-0.0193827208131552
-0.0709657818078995
0.0515997633337975
-0.0256541557610035
-0.1162607520818710
0.0405146591365337
-0.0676730424165726
0.0983361229300499
-0.0158183909952641
-0.0139536075294018
-0.0477463118731976
0.0294725950807333
0.0138051100075245
-0.0121761178597808
-0.1067437008023262
-0.0737683773040771
0.0197599362581968
-0.0313033312559128
0.0069332197308540
0.0038657784461975
-0.0524623990058899
-0.0377611853182316
-0.0590055435895920
-0.0161874853074551
0.0629516690969467
-0.0568169541656971
-0.0123495915904641
0.0487341359257698
0.0677022710442543
-0.0423699691891670
0.0280059445649385
0.0308003388345242
-0.0208212621510029
0.0053736590780318
-0.0156775098294020
0.0194066204130650
-0.0108841685578227
0.0180000215768814
-0.0104672871530056
0.0843204706907272
-0.0302300993353128
-0.0145696708932519
0.0695546790957451
0.0169879589229822
-0.0209382157772779
-0.0300140697509050
0.0392212606966496
0.0131805622950196
-0.0396743714809418
0.0445589162409306
0.0282104760408401
0.0934768989682198
0.0392469689249992
0.0232569295912981
0.0369479358196259
0.0044802720658481
-0.0182568579912186
-0.0067549608647823
-0.0338021479547024
0.0465077050030231
-0.0210802908986807
0.0570194087922573
0.0516010895371437
-0.0842196568846703
0.0021631643176079
-0.0085719618946314
-0.0416502766311169
-0.0815058127045631
0.0296809114515781
0.0450771190226078
-0.0479102656245232
-0.0627285093069077
0.1219616085290909
0.0626138076186180
0.0254761651158333
0.0363010093569756
-0.0126944007351995
-0.0428611263632774
0.0695614740252495
-0.0751506686210632
-0.0134969577193260
0.0397918000817299
-0.0357455201447010
-0.0955048128962517
0.0130304573103786
0.0104463528841734
-0.0452088713645935
0.0252025052905083
0.0246182586997747
-0.1031484231352806
-0.0031796111725271
0.0392955280840397
-0.0336648561060429
-0.0497583933174610
0.0212510898709297
0.0241584163159132
0.0012021922739223
-0.0277302321046591
0.0380184501409531
-0.0568239092826843
0.0677535757422447
-0.0032775567378849
0.0304821860045195
0.0400411188602448
-0.0284100212156773
0.0742157846689224
-0.0158540755510330
0.0304177738726139
0.0126909632235765
0.0762731209397316
0.0005375748733059
0.0110458629205823
-0.0535588450729847
-0.0528669841587543
-0.0546641461551189
0.0271265525370836
-0.0074580004438758
0.0975436121225357
-0.0210848357528448
0.0034634468611330
-0.0075825015082955
-0.0008552930084988
-0.0144009590148926
0.0554396063089371
0.0584198236465454
-0.0463839694857597
-0.0182169675827026
-0.0053724898025393
0.0021501118317246
-0.0011374781606719
0.0211216192692518
0.0135123906657100
-0.0462093576788902
-0.0380185656249523
0.0012628575786948
0.0038484232500196
-0.0629616677761078
0.0004491032450460
0.0065896487794816
0.0352097004652023
-0.1216175705194473
-0.0678160339593887
0.0704902112483978
-0.0016335134860128
-0.0852465257048607
0.0822963863611221
0.0104635050520301
0.0285272412002087
0.0201054885983467
-0.0238608364015818
0.0505772307515144
-0.0503720827400684
-0.0453436262905598
-0.0317324586212635
-0.0002324705856154
0.0147377913817763
0.0832081288099289
0.0163803808391094
0.0429122671484947
-0.0028008252847940
0.0047551961615682
0.0163407810032368
0.0298967920243740
-0.0105604082345963
-0.0408764705061913
-0.0341250188648701
-0.0598491653800011
-0.0213869195431471
-0.0027921919245273
-0.0443485639989376
0.0185835119336843
0.0123857362195849
-0.0108819510787725
0.0716289952397346
0.0384950377047062
0.0382330082356930
-0.0274761971086264
-0.0105165168642998
-0.0712100118398666
0.0342465713620186
-0.0331462696194649
-0.0315019600093365
-0.0134704662486911
0.0042986008338630
-0.0684013962745667
-0.0666670426726341
0.0265452973544598
0.0402331762015820
-0.0423809364438057
-0.0361365228891373
-0.0067548686638474
0.0127433752641082
0.0936729237437248
-0.0583504177629948
-0.0124690923839808
0.0159321110695601
0.0052994186989963
0.0188229605555534
0.0775254890322685
-0.0435163602232933
-0.0283325146883726
0.0415204241871834
-0.0496404245495796
0.0896551832556725
-0.0243938025087118
-0.0342736542224884
0.0259785335510969
-0.0560792014002800
-0.0025736554525793
0.0599339231848717
-0.0840968042612076
-0.0110410172492266
0.0292447712272406
0.0386614054441452
-0.0167958568781614
-0.0088247321546078
-0.0437720194458961
0.0301001872867346
-0.0680955201387405
0.0190219562500715
-0.0399845540523529
-0.0578727610409260
-0.0862074941396713
0.0285146776586771
-0.0115573825314641
-0.0512935332953930
-0.0262345671653748
-0.0383374728262424
0.0173501800745726
0.0292091239243746
-0.0788320675492287
0.0564978606998920
0.1030059382319450
-0.0536087714135647
-0.0413977280259132
-0.0184230431914330
-0.0492469407618046
0.0563183501362801
0.0282518379390240
0.0045140646398067
0.0000773857609602
0.0452273860573769
0.0391688607633114
0.0489971302449703
0.0003885085752700
0.0204601157456636
0.0108553292229772
-0.0849820002913475
-0.0470341295003891
0.0557713098824024
-0.1118644997477531
0.0137080047279596
-0.0261717680841684
-0.0460136979818344
-0.0387747474014759
0.0143805993720889
-0.0388866513967514
-0.0604558996856213
-0.0279669780284166
-0.0602433942258358
0.0300751216709614
-0.0443849451839924
0.0445192307233810
-0.0100745540112257
-0.0047635929659009
-0.0664693638682365
0.0131918778643012
0.0447769686579704
0.0465736053884029
0.0065147820860147
0.0007421798654832
0.0404531061649323
0.0431137382984161
-0.0504152104258537
-0.0052114147692919
0.0492841601371765
0.0527327544987202
0.0103879515081644
0.0055486913770437
-0.0475181899964809
-0.0019635874778032
0.0070186629891396
0.0276987440884113
-0.0379479937255383
0.0212433990091085
-0.0103575270622969
0.0121822478249669
0.0377412326633930
-0.0352773815393448
-0.0116286817938089
-0.0158837623894215
0.0071934070438147
-0.0388533696532249
-0.0456955619156361
0.0948743820190430
0.0321550890803337
0.0262517910450697
-0.0253971125930548
0.0139105850830674
-0.0104592051357031
0.0299994815140963
-0.0530221350491047
-0.0197125375270844
-0.0027323581743985
0.0336370877921581
0.0045901793055236
0.0037190865259618
-0.0126077728345990
0.0430221222341061
-0.0261166542768478
0.0501559376716614
-0.0354259125888348
-0.0808117464184761
0.0161368530243635
0.0332091599702835
-0.0463681258261204
-0.0073485067114234
0.0291575100272894
0.0239640399813652
-0.0351791791617870
-0.0929143503308296
-0.0458268560469151
-0.0290441196411848
-0.0881126970052719
-0.0275413319468498
0.0704456493258476
0.0562717765569687
-0.0028023966588080
0.0095535703003407
0.0032818592153490
0.0221045576035976
0.0170452594757080
-0.0654273331165314
-0.0365237742662430
-0.0918406397104263
-0.0204021409153938
0.0539543144404888
0.0246467720717192
0.0135121932253242
-0.0447078235447407
-0.0087635675445199
-0.0451187193393707
-0.0436084456741810
0.0319637171924114
0.0128276515752077
0.0391226522624493
0.0010689252521843
0.0032252778764814
-0.0120730437338352
0.0632303878664970
-0.0345249325037003
0.0621774382889271
0.0704491659998894
0.0336602479219437
0.0069392463192344
-0.0034870139788836
0.0570028573274612
0.0248389393091202
0.0323846116662025
-0.0354524664580822
-0.0012326043797657
0.0450096987187862
0.0462628640234470
0.0322599038481712
0.0036073236260563
-0.0546598434448242
-0.0492236986756325
-0.0034416350536048
0.0064380746334791
-0.0296985320746899
0.0050520421937108
-0.0172633640468121
0.0153939770534635
-0.0566094294190407
0.0658474490046501
-0.0538121163845062
0.0021984139457345
-0.0562551021575928
-0.0616860613226891
-0.0109443105757236
-0.0208003446459770
0.0027688727714121
-0.0192273613065481
0.0332510806620121
0.0114201884716749
0.0599477626383305
-0.0008947749156505
-0.0446871854364872
-0.0208605863153934
0.0173083320260048
0.0661897286772728
-0.0575193986296654
0.0412812717258930
0.0003552620764822
-0.0736983045935631
-0.0463891327381134
-0.0029400310013443
-0.0466727428138256
0.0494819395244122
0.0315077491104603
0.0749401599168777
0.0377486571669579
-0.0153766321018338
0.0609047524631023
0.0887440741062164
0.0719596669077873
0.0051743458025157
-0.0421630702912807
0.0051899272948503
0.0403270423412323
-0.0250411704182625
-0.0482831746339798
0.0089138373732567
0.0069906678982079
0.0475081689655781
-0.0329108685255051
-0.0522058978676796
-0.0072683007456362
0.1198271587491035
0.0856371223926544
0.0153170889243484
0.0878542587161064
0.0312806591391563
0.0196376442909241
0.0293937847018242
0.0200467351824045
0.0677636489272118
0.0465554557740688
0.0718547925353050
-0.0012687522685155
0.0405084677040577
0.0467120856046677
-0.0783619806170464
0.0202732421457767
0.0593905076384544
-0.0183887276798487
0.0224122423678637
-0.0774059444665909
0.0093624228611588
-0.0043952427804470
0.0555442944169044
-0.0378441177308559
-0.0263899583369493
0.0060321786440909
0.0212989430874586
0.0122238155454397
-0.0507869943976402
-0.0641563683748245
0.1063501834869385
0.0284890085458755
-0.0645293444395065
-0.0771398693323135
0.0272398162633181
0.0564712323248386
0.0219627283513546
0.0104880258440971
0.0395794697105885
-0.0429947338998318
-0.0096627585589886
-0.0434004180133343
-0.0742499455809593
0.0112324850633740
-0.0829926505684853
0.0536209158599377
-0.0071555050089955
0.0409806184470654
0.0593499690294266
0.0548239611089230
0.0230392590165138
0.0688144788146019
0.0005389218567871
-0.0046039591543376
0.0682154893875122
-0.0181488487869501
-0.0219290144741535
0.0436416678130627
0.0061704441905022
-0.0389733389019966
0.0538421049714088
-0.0735352709889412
0.0208772122859955
-0.0067886332981288
