0.01132609
-0.00654897
-0.08382357
0.07870944
-0.01437764
0.00457306
0.01200222
-0.03580007
0.07846712
0.03687467
-0.01157131
-0.00520183
0.04005870
-0.02057340
-0.01517565
0.03185517
-0.01679035
0.01684918
0.00205160
0.02980993
-0.01251937
-0.06331456
0.11967757
0.00053995
-0.01477340
-0.03282430
-0.06107951
-0.04899548
0.00178540
-0.01542757
0.00983377
-0.05452707
-0.00469295
-0.00266388
0.01404868
-0.01477226
0.01378720
-0.00085205
-0.01091640
0.05456704
0.02985162
0.00982406
0.00925694
-0.01654906
-0.02385578
0.01320110
-0.01622545
-0.02402643
0.03287142
0.02145339
0.01766072
0.15564127
-0.04413675
0.04409970
-0.02708794
0.01982888
-0.02477917
0.00876013
0.30690852
0.11742510
-0.00613349
0.00866887
-0.06060933
0.06373060
0.04343975
-0.08593188
0.04584011
-0.03097765
0.04410193
-0.06091805
0.04253164
0.01667886
-0.03313382
-0.01293709
-0.01473417
-0.00115596
0.03571348
-0.03999580
0.02881673
-0.11528214
0.00642972
-0.00237371
0.02195365
-0.02523335
-0.12712727
0.01051484
-0.03143550
0.01545532
0.03140812
-0.01009062
0.01484566
-0.12438530
0.15713337
-0.00129532
0.00516525
-0.01564584
0.00149463
-0.03146840
0.05370823
0.02971434
-0.01934117
-0.02327383
-0.03183771
0.01074476
-0.00007617
-0.01171587
0.02489127
-0.01310911
0.02224717
-0.01840992
-0.00297258
0.00633198
-0.02512183
-0.03267786
-0.00711107
-0.00840873
0.05294566
0.00020930
0.00143579
-0.00033063
0.04400206
-0.01148270
-0.01383806
0.01811913
-0.03214226
0.02752448
0.04685640
0.01243129
-0.00981812
-0.08285013
-0.05161627
-0.03544779
-0.00603718
-0.00548678
-0.05979425
-0.01580584
0.00942418
-0.07896905
-0.04268485
-0.02381755
0.08545725
0.00713895
0.00872287
-0.04320751
0.01989346
-0.13819355
0.01456165
0.01257741
-0.02722857
-0.02616784
0.07717080
-0.02110685
0.02755869
0.00241408
-0.00464256
0.02062902
-0.06154414
-0.00016824
0.04669869
-0.01608227
-0.00467211
0.13855955
0.02434308
-0.03866566
0.00281230
-0.03468847
0.12819006
-0.05225615
0.01993697
-0.03641823
0.01761125
-0.04810424
0.02730135
0.00842878
0.05506881
0.04977154
-0.02958307
0.02897179
0.10441066
0.00007078
0.05708969
0.00254385
-0.00573134
0.00091718
0.03457558
-0.09481675
0.12991616
0.02650830
-0.02161399
-0.04386893
-0.08769935
0.00236126
0.01026638
-0.01233866
0.01315123
-0.02787936
-0.10640916
0.01598673
0.00091863
0.01940963
0.05310713
0.01230975
-0.03531882
-0.01850027
-0.00611545
-0.03536252
0.02701687
-0.00130926
-0.01145507
0.11096382
0.00822474
-0.01607793
-0.00957691
-0.01130220
-0.02099132
-0.03793266
0.02311066
0.00623084
0.02055971
0.01860546
0.00700290
-0.64416713
-0.02059966
-0.02349337
0.01973616
0.01581291
-0.02524333
0.04363113
0.00301251
-0.01110388
0.01114293
0.11457234
-0.00694858
-0.00262867
-0.05826018
0.01302719
-0.00631852
0.00504737
-0.01629179
0.02159962
0.01308712
-0.01742102
-0.00936973
-0.10267262
-0.02610093
-0.02956625
0.00679582
-0.01049840
0.03656308
0.03405339
-0.04499242
0.03512954
0.05648724
0.00231214
-0.03142134
0.01986484
-0.07891319
0.13840793
-0.04396001
0.02501346
0.06223983
-0.06191211
-0.03716320
-0.04321110
-0.04046930
0.09544422
-0.10082176
0.01195459
-0.07339032
-0.07258537
0.05910716
0.06756586
-0.05654205
-0.00542172
-0.00810251
-0.00312156
0.01881930
-0.03955574
-0.02209042
-0.05755422
0.00100275
0.09405512
0.05899595
-0.16333692
0.00966949
0.06876728
0.05674331
0.07450517
0.11635021
-0.07458042
0.11236738
0.01498200
-0.06523528
-0.08452847
0.04642043
0.01659719
-0.09508084
0.06612203
0.01112509
0.03022477
-0.01733620
-0.12614977
0.84683579
-0.04043320
-0.04751888
-0.03050044
-0.09021591
0.14174575
-0.08823272
0.04805166
0.02552252
-0.05172157
-0.02005149
0.02619611
-0.07108084
0.07777977
0.03506330
-0.02114987
-0.06695139
0.03622024
-0.01679229
0.01504059
-0.02596506
-0.01508487
0.01931877
-0.04496928
0.03797754
-0.01864831
-0.02673685
-0.01938809
0.06684846
0.05653029
-0.03066794
-0.03399172
0.04269625
-0.02089190
0.00572317
-0.01271960
0.03369802
-0.00234657
-0.05707727
-0.04308136
0.03342349
-0.00310136
0.01431534
0.00337627
0.00559125
-0.05514094
-0.00116504
-0.04985645
0.01560979
0.02807344
0.05466841
0.04686449
-0.03853561
0.07522605
0.03516997
-0.01121051
0.07416534
-0.01053247
0.00490354
-0.02826174
-0.01332921
0.05990611
-0.02158592
0.00502251
-0.01038535
-0.02355015
0.00544714
-0.02737594
0.00760408
0.03360385
-0.00392517
-0.02202244
0.02527871
-0.06906888
-0.05620867
-0.04266316
-0.09158356
-0.03862034
0.00640913
0.00367969
-0.09703791
0.00253294
0.09760017
0.00041518
-0.00304508
0.07165430
0.05775179
-0.02237766
0.01523245
-0.00066689
0.06818809
-0.01083701
-0.01904760
-0.01579560
-0.03841861
-0.00248595
0.06555555
0.07947522
-0.02454198
-0.01892827
0.05745271
-0.05056428
0.03088481
0.07641938
-0.03383348
0.00443364
0.05174503
-0.00655386
-0.09466552
-0.00933361
-0.00849358
-0.03583372
-0.01485187
-0.02573950
-0.05612022
-0.01955105
0.05843509
-0.00061330
-0.06801189
0.00354660
-0.11382672
0.02283069
0.00439521
-0.04751592
-0.03358770
0.01636958
-0.01036255
0.05353544
0.03934697
-0.04957263
0.01173371
-0.07396722
-0.03444993
0.00084822
-0.00810151
0.02417736
-0.02668216
0.00371566
-0.01386884
0.03442160
-0.02208197
-0.00726666
-0.07930059
-0.03464800
0.02572631
-0.12973519
0.04196126
0.06470586
-0.00868299
0.02996769
0.07736624
-0.03494731
0.01802142
0.05776209
0.04867179
-0.00166691
-0.10821635
-0.08669738
-0.04716847
0.01811146
-0.04443771
-0.02622523
0.03615650
0.01597745
0.01262322
0.05234919
-0.03786535
0.01821994
0.04900944
-0.04564987
0.02558906
-0.06604695
-0.05399361
0.01737972
-0.00843462
-0.03348372
0.01707381
0.07993545
-0.04564285
0.01339535
-0.02323878
-0.02039100
0.04807090
0.06582410
-0.02869892
-0.07875393
0.02366767
-0.01776377
0.02409113
0.08034871
-0.00191141
-0.01460096
-0.04602514
-0.03065005
0.09114940
0.03175059
0.04325106
0.07112651
-0.05219083
-0.02521680
0.03177198
0.01876085
-0.01527785
-0.03316818
0.02831636
-0.10047685
-0.05490631
-0.03127778
0.02617978
-0.06671148
-0.07062346
0.01664957
-0.04790079
-0.00551626
-0.00292955
-0.02095467
0.00857313
0.01062697
0.08366273
0.04222790
-0.10624096
0.03809799
0.00733150
-0.04958325
0.03183386
0.00215406
0.00885012
-0.09788116
-0.03235898
-0.03964765
-0.01393014
0.05035302
0.13522081
0.03234303
-0.01872975
-0.01741282
0.01161341
0.01542199
-0.06678686
-0.02231176
0.05879130
-0.08192883
-0.07115947
0.01296035
0.06887585
-0.07275514
0.01575476
-0.00061623
0.01313980
0.01906308
-0.00682715
-0.02322757
0.03648501
-0.03016435
0.09064674
-0.00327578
-0.01033362
0.00023950
-0.01830759
-0.03426449
0.06766151
-0.00028773
0.02430128
0.07598109
-0.01069494
0.05162128
0.00440995
0.08882727
0.01496018
0.02513053
-0.00290504
0.04353015
-0.05027504
-0.04507484
-0.01656917
0.01798189
-0.02434049
-0.01210698
0.01657468
0.00716704
0.07689008
-0.00105488
0.02003342
0.03808397
-0.00112608
0.03922393
-0.06084173
-0.01205986
-0.02650387
-0.01049774
-0.05451880
-0.01283828
-0.04751253
-0.03538970
0.07550514
-0.07372597
-0.04068487
-0.00492643
0.02335060
0.08407140
-0.00218383
-0.00421470
0.00265836
-0.03824362
0.04216528
-0.02312576
-0.02968748
-0.06645352
0.05105278
-0.01810035
0.00299723
0.01547852
-0.04881776
0.06506959
-0.01038724
0.00089043
0.02219674
-0.08239787
0.03464719
0.00168031
0.01982302
0.01062378
-0.05831040
0.03561619
-0.04758494
-0.01292374
-0.09829376
-0.06698155
0.01990920
-0.01839678
-0.05689095
-0.01015112
-0.04050856
0.01693229
-0.04840660
-0.08473008
0.01418041
-0.00717970
-0.02801760
-0.02747302
0.06072962
0.00828086
-0.04721858
-0.02401862
-0.00600741
-0.00197630
-0.00358869
-0.03753804
0.01371003
0.04412276
0.00976280
-0.01937285
0.00003765
-0.02345188
-0.01226808
-0.00744340
0.05537432
-0.04865818
-0.13875900
-0.01555004
-0.01358522
-0.01128661
0.03603585
0.02962259
0.06489180
-0.02634827
0.00732161
-0.00646119
0.02423693
-0.00420024
-0.00061412
-0.02302702
-0.00435967
-0.09047164
-0.02632669
0.01755210
-0.03047534
-0.02297826
0.00303182
0.05221277
0.03315847
0.00189137
-0.01845038
-0.03564163
0.02741113
-0.01427000
0.00660450
0.07914924
-0.01864724
-0.04933332
0.01128270
0.03888020
-0.03430119
0.03757299
0.01026361
0.03231068
-0.01704902
-0.03180339
0.06429370
0.03674375
-0.01222975
-0.03892037
-0.08296008
-0.01417314
0.04439911
0.00966491
0.04531262
0.00579157
0.12992880
0.02629992
-0.03539456
0.05610279
-0.03309820
-0.03976447
0.05451445
-0.07858450
-0.06284280
0.01521481
0.03094520
0.01532696
-0.00757527
0.02896264
0.00343840
-0.09594592
0.01150171
0.06696504
0.01376744
0.01096201
0.04351261
-0.03703494
-0.00647125
0.02365681
0.02797563
-0.06548245
0.03772261
-0.02294998
-0.11217786
-0.00698488
-0.01548356
0.06959369
0.04132130
0.00425387
-0.01629332
-0.08660209
0.07389329
-0.03890129
0.02125660
0.00583953
0.00644818
-0.03649546
-0.00463850
-0.02311935
0.00900223
0.01398677
0.03109584
0.01550562
-0.02099091
0.03060039
-0.01307307
0.04304623
0.04583322
0.02681721
-0.05978653
-0.05086430
-0.03811723
-0.06240835
0.00541943
-0.14780608
-0.04468028
0.02353903
-0.01193656
-0.05950670
-0.04047571
0.01876670
-0.04500737
0.06607912
-0.06456596
-0.02142206
0.05049953
-0.10484324
0.00177820
0.02545367
0.10918043
-0.00517747
-0.02397359
0.01958315
0.06207940
-0.02369792
-0.02583796
0.01034486
0.01002316
-0.03092444
0.03403155
0.01441901
-0.03183800
0.01026195
0.02965770
-0.02665025
0.02970131
0.00433279
-0.03966375
0.07422423
-0.07097118
0.01582267
0.01168101
-0.04953965
-0.07203861
0.07696355
-0.01456504
-0.05207114
-0.11715226
0.00390243
0.03912926
0.03628302
-0.01495151
-0.00951124
-0.00893225
0.02093387
-0.07818103
0.00262968
0.06540676
0.08257135
0.01458639
-0.06745789
-0.03137671
-0.02341032
-0.02377390
-0.00175931
0.06450335
-0.10083025
