-0.00001262
-0.00669445
-0.07101432
0.07421393
-0.01803650
0.01132486
0.01140433
-0.03842678
0.08515795
0.04150207
-0.02438542
0.01229623
0.03252057
-0.00297137
-0.01594072
0.03297638
-0.02339467
0.02631275
0.06085982
0.03161217
-0.01230243
-0.05610376
0.12871741
0.03401378
-0.00799270
-0.05701191
-0.07225958
-0.05258710
-0.00250398
-0.00939122
0.05946293
-0.05066582
-0.00207313
-0.00735309
0.02378294
-0.01750880
0.00936104
0.01219762
0.01149058
0.06089025
0.03065982
0.01753307
0.03265109
-0.00443196
-0.01023725
0.00556358
-0.03498686
-0.03653493
0.04256060
0.02408149
0.02132091
0.14779720
0.00514241
0.04649164
-0.02152500
0.03563570
-0.00381062
0.00674740
0.32607833
0.13217859
-0.00264243
0.01719292
-0.06259636
0.04546105
0.03627589
-0.05588418
0.06105925
-0.04473110
0.02570165
-0.05512880
0.04127232
-0.00031071
-0.04395815
-0.02377236
-0.01762431
0.01601574
0.04193279
-0.05813126
0.02690769
-0.12791620
-0.00314095
0.00368244
0.01076299
-0.01818358
-0.08513492
0.03072472
-0.01676435
0.02392242
0.04046559
-0.00229170
0.01627105
-0.10066474
0.11266194
0.00195161
0.00678009
-0.01393127
0.00107860
-0.01961321
0.06934836
0.04305593
-0.03577148
-0.01495891
-0.03086733
-0.00154494
-0.00619139
0.00982806
0.04565023
-0.01941434
0.02043408
-0.00120357
-0.01388345
0.00774841
-0.01491104
-0.04205979
-0.00971118
0.00514925
0.06530240
0.01299626
-0.01462729
0.00046204
0.03287812
-0.01343730
-0.00979809
0.01111553
-0.03911577
0.00512206
0.02007515
0.00890449
0.00498909
-0.06579550
-0.05063223
-0.03871011
-0.01176230
-0.01762031
-0.06696354
-0.00061672
0.03792053
-0.09167935
-0.03103659
-0.02335801
0.03396168
0.00401296
0.00151247
-0.05177225
0.01379186
-0.09804633
0.03629332
0.01287618
-0.01034211
-0.01922553
0.08319394
-0.04399094
0.02588363
0.02985884
-0.00473003
0.03594419
-0.07531904
-0.01063719
0.05142582
-0.00741180
-0.01064935
0.11422399
0.00028480
-0.03825222
0.00755241
0.00051567
0.12388521
-0.06013393
0.01981173
-0.04949072
0.01514692
-0.04588489
0.01731617
0.01941581
0.05730638
0.05955620
-0.03213670
0.02792129
0.08931542
-0.00459907
0.04949552
-0.00302038
-0.01067648
0.01184648
0.05060175
-0.07359372
0.16898260
0.03258040
-0.02024905
-0.06155886
-0.09813495
0.00251050
0.02488400
0.00049378
-0.01162140
-0.03492688
-0.08023466
0.01642441
0.02850071
0.03429956
0.01817054
0.00425321
0.01315669
-0.00022470
-0.01745447
-0.03329087
0.02690722
-0.00523534
-0.02191944
0.10473842
-0.00113194
-0.02570375
-0.02865925
0.00268743
-0.02159853
-0.06986779
0.01649941
0.00478262
0.03171882
0.03040454
0.02668191
-0.64698654
-0.02224523
-0.01360871
0.02715285
0.02044205
0.00116644
0.05168043
0.01478290
-0.02769242
0.01041015
0.11369844
0.02586189
-0.02167638
-0.05611087
-0.00545171
0.00748999
0.00570985
-0.01196729
-0.00116822
-0.00742554
-0.02382209
-0.01957337
-0.08096054
-0.02204738
-0.01797367
0.00302176
-0.02768341
0.02937571
0.02422662
-0.02602763
0.03206644
0.05051677
0.00406148
-0.03922704
0.00862468
0.00742924
0.07833249
-0.01622403
0.02242522
0.05974646
-0.10500596
0.05399242
0.06772363
-0.01813308
-0.04743534
-0.01878823
-0.09443001
-0.14570451
-0.01341021
-0.02620862
0.04682264
0.01308842
0.05987100
0.03037792
-0.00352331
0.00936820
-0.04810091
-0.04338639
-0.03907477
-0.01373291
-0.04083188
0.09706533
-0.16149956
0.04842388
0.08380532
0.00985050
0.04588823
0.09154385
0.05152256
0.09290773
0.04771623
-0.02406518
-0.06878389
0.03357758
0.03315103
-0.08596432
-0.05581426
0.10874936
-0.06131007
-0.03044280
-0.00833084
0.84571832
0.10088766
0.01346564
0.07646486
-0.07891835
0.13826880
-0.01684272
-0.05343667
-0.09430137
0.00241944
0.08228093
-0.03256598
-0.11526745
-0.00018039
-0.10108501
0.04225166
-0.12673441
-0.02820622
-0.01755027
0.01164665
-0.05332303
-0.00199380
0.00233637
-0.07263111
0.02582126
-0.01871953
-0.01314682
-0.00267270
0.06862948
0.01749699
-0.03600059
-0.02707008
0.03355865
-0.01289882
0.02565887
-0.02399322
0.04299973
0.00543249
0.00140841
-0.04011910
0.08796620
0.02234378
-0.03494770
-0.03630760
0.00047367
-0.01584352
-0.00492266
-0.06150104
0.04145209
0.00709477
0.04206531
0.01448055
-0.02289080
0.05205040
0.03662327
-0.00133534
0.07350632
-0.00901344
0.00972934
-0.02667607
-0.00724769
0.03597999
-0.01478281
0.01149777
-0.03043122
-0.03456352
0.03110905
-0.01512079
0.03072231
0.03893856
-0.01312799
-0.00834224
-0.00769972
-0.08254217
-0.07392584
-0.03843435
-0.05299064
-0.02709697
-0.00935138
-0.02996657
-0.06190841
0.01538460
0.07926999
0.01566727
0.00091650
0.06293310
0.06952856
-0.01508321
-0.01597191
0.00144485
0.03516765
-0.03364063
-0.03294345
-0.02230214
-0.06098929
-0.00595538
0.04757055
0.09388065
-0.02223065
-0.01881805
0.04988080
-0.04676972
0.05581173
0.04875514
-0.04698810
0.02867318
0.03197096
0.00171463
-0.12175344
0.00183014
-0.02708723
-0.03286967
-0.02714800
-0.01184880
-0.03959148
-0.03090523
0.08868270
0.02639864
-0.04270029
-0.00240206
-0.08246493
0.01053184
0.00783571
-0.01165164
-0.02258825
-0.01464078
-0.00736866
0.05806799
0.01530232
-0.05955577
0.03242602
-0.04124896
-0.01790529
0.00652513
-0.01727066
0.05954100
-0.03045850
-0.00440687
-0.01792215
0.03487907
-0.02451580
0.00455785
-0.09585658
-0.01947761
0.02626645
-0.09174948
0.01319781
0.06925867
-0.00999361
0.01257804
0.04347261
-0.01691552
0.02848969
0.03821775
0.06115179
0.01624946
-0.11138516
-0.11908838
-0.06749846
0.00090349
-0.02670544
-0.03518132
0.02479198
0.01351289
0.02413635
0.02791131
-0.05051094
-0.01199042
0.09099715
-0.01430976
0.01794968
-0.05283347
-0.08109826
0.02453548
0.00096722
-0.00901563
0.04568805
0.09976944
-0.04312623
0.03592323
-0.00745012
-0.03934059
0.05839408
0.04398011
-0.01439336
-0.05402903
0.01558408
0.00021718
0.00610129
0.09304851
0.03657161
-0.03460955
-0.05906380
-0.02044363
0.11623458
0.03999558
0.08333062
0.05970041
-0.06251796
-0.01831245
0.04397034
0.00470600
-0.02249363
-0.02066878
0.01221358
-0.10267981
-0.06613023
-0.02919673
0.01202249
-0.06326289
-0.04801126
0.02275491
-0.02469170
0.02194374
-0.04466116
-0.02602947
0.05032001
0.01975110
0.03958152
0.03388683
-0.10205296
0.01885649
0.01748254
0.00489710
0.03630430
-0.00911436
0.04790879
-0.10591664
-0.02051493
-0.02807766
-0.00991074
0.04235289
0.14000651
0.06314777
-0.02281274
-0.03049401
0.03764576
0.02557669
-0.07501212
-0.02528332
0.06243515
-0.07751101
-0.04756467
0.01723332
0.06406920
-0.06857006
-0.02043059
-0.01893617
0.00386514
0.02507037
-0.00456667
0.00675949
0.03995179
-0.04988007
0.08153085
0.00732486
-0.01583889
-0.00421667
-0.01603047
0.01580439
0.06641895
-0.00252762
0.02537815
0.08024775
-0.00706360
0.04007581
0.00473006
0.06387775
0.03107894
0.00607139
-0.00715511
0.04164219
-0.02489484
-0.07147454
-0.02102283
0.01119672
-0.03894301
-0.02888701
-0.00141753
-0.01832442
0.06564663
0.02451062
0.03370304
0.07353466
-0.00703603
0.04356390
-0.04815732
-0.00761758
-0.02946899
-0.01124270
-0.03451158
0.00211530
-0.07819201
-0.01744957
0.04483462
-0.08880102
-0.05619870
-0.03227619
0.02372051
0.11754281
-0.01615248
0.01830969
0.02576187
-0.03574745
0.02170880
-0.01238693
-0.01253932
-0.06417827
0.02818183
-0.01463127
-0.00261056
0.00174426
-0.02567572
0.04568292
-0.01954400
0.01052390
0.04622553
-0.05518636
0.04133841
0.01796173
0.00957984
0.00857951
-0.04048672
0.01897082
-0.04048076
-0.01587316
-0.09010845
-0.06539042
0.06397659
-0.06823993
-0.02322164
-0.01388592
-0.05912647
0.00080080
-0.05165007
-0.07152573
0.00570933
-0.04009021
-0.02453397
-0.01612454
0.04719131
0.03196568
-0.00487064
-0.02418195
-0.00040759
-0.01551795
0.00495213
-0.04116350
0.00424875
0.04859347
0.01101290
-0.05070700
-0.00413478
0.00003420
0.01231606
0.01708945
0.08291430
-0.07274242
-0.13070045
-0.03192109
-0.03664469
-0.00732624
0.03245896
-0.00089138
0.05554663
-0.01423127
-0.01198875
0.03047980
0.01398365
-0.00213970
0.01371334
-0.03112223
-0.04378328
-0.10117418
-0.02245107
0.02856061
-0.00458560
0.02115213
-0.05079396
0.02899655
0.04349154
0.05092911
-0.03834701
-0.04943829
0.02157866
-0.01777426
0.01972045
0.06527672
-0.03088750
-0.06259554
-0.02598035
0.03537262
-0.03076374
0.02289073
0.01482162
0.03614990
-0.05774007
-0.03707962
0.02472485
0.00210622
0.01545945
-0.02597247
-0.07763795
-0.01895649
0.06288120
-0.01126064
0.03723071
0.01365787
0.15244779
0.04246945
-0.05357820
0.04403958
-0.02178347
-0.01767681
0.03991157
-0.08395938
-0.05032141
-0.01660160
0.03318629
0.02595301
0.01328576
0.04506243
-0.00167656
-0.10643277
0.02224687
0.03290528
0.03117696
0.03477711
0.01112232
-0.04776776
-0.00812928
0.02262411
0.03626678
-0.00833423
0.06979749
-0.05106883
-0.12327602
-0.01602652
-0.04420841
0.05795068
0.04023397
-0.00943268
0.00359545
-0.07838370
0.08703226
0.00452861
0.04394560
0.01278407
-0.01038629
-0.03261452
-0.00162356
-0.08839255
0.00007070
-0.00129418
0.03428826
0.03279365
-0.02576511
0.01639454
0.01020005
0.04526686
0.06182421
0.03894945
-0.03958395
-0.01985427
-0.04080910
-0.05589551
-0.01431797
-0.09881835
-0.03240997
-0.00547776
-0.00454638
-0.05455134
-0.04196265
-0.00145764
-0.03835110
0.05805143
-0.08428447
-0.02674490
0.02061076
-0.09403224
-0.00048869
0.01518196
0.09800894
0.01083268
-0.05005091
0.02381417
0.05837796
-0.00592533
-0.01851428
-0.00308200
0.01885980
-0.07547414
0.02415610
0.03771716
-0.03292112
0.01146578
0.01584317
-0.00207677
0.03470530
-0.02296077
-0.05562472
0.03749610
-0.04610693
0.00825719
0.04743519
-0.02395958
-0.06913098
0.04997583
-0.01031235
-0.02344887
-0.10366571
0.00265275
0.04402388
0.04715940
-0.01152545
-0.00345013
-0.01801967
0.01195928
-0.04249379
-0.01163056
0.09274296
0.06892396
0.02060011
-0.02617755
-0.04297923
0.00229575
-0.02579030
-0.02250759
0.05607380
-0.10971866
