0.1304338872432709
0.0661108121275902
0.0169591903686523
0.1046037673950195
-0.0186645500361919
-0.0493202358484268
-0.0492839217185974
-0.0397682227194309
0.0740235671401024
0.1454623043537140
0.0076668537221849
0.0025139003992081
0.0885200351476669
0.1061099693179131
-0.0753213167190552
-0.0746306180953979
-0.0420859083533287
-0.0866442397236824
0.0475387759506702
-0.0741756930947304
-0.0124838398769498
0.0287309139966965
-0.0053041055798531
-0.0296894051134586
-0.0997260212898254
-0.0258539039641619
-0.0273547954857349
0.0554599650204182
-0.0794657096266747
0.0776786878705025
-0.0655108764767647
-0.0281615294516087
0.0671671181917191
0.0364289470016956
0.0150791313499212
0.0429284833371639
0.0845482125878334
0.0150702735409141
0.1128677576780319
-0.0932770743966103
-0.0671812146902084
0.0484665296971798
0.0585708245635033
0.0208132993429899
0.1031324192881584
-0.0287725813686848
-0.0716162845492363
-0.0084968023002148
0.0512250214815140
0.0284562725573778
-0.0584611855447292
0.0197669770568609
0.0538604296743870
-0.0748470276594162
-0.0343038029968739
-0.0458223000168800
-0.1373665183782578
0.0435784459114075
0.0457657910883427
-0.0368055514991283
0.0016852268017828
-0.0020733121782541
0.0487495511770248
0.0107688922435045
0.0372822880744934
-0.0593427829444408
0.0311000104993582
0.0363566577434540
0.1133878827095032
0.0073362267576158
0.0477328486740589
0.0247149709612131
-0.0595656484365463
0.0518300198018551
-0.0573201477527618
-0.0795276761054993
0.0058855814859271
-0.0708334147930145
0.1123052388429642
0.0288602672517300
-0.0864610075950623
0.0252392552793026
0.0152165060862899
-0.0618852712213993
0.0290663074702024
0.0425931103527546
-0.0698163807392120
-0.0186596810817719
0.0272903721779585
-0.0666362494230270
0.0516162589192390
-0.1289393156766891
-0.0767618864774704
-0.0420116931200027
0.0621348246932030
-0.0446607209742069
-0.0703409612178802
0.0456248335540295
-0.0664977803826332
0.0792660564184189
-0.0130797512829304
-0.0253423769026995
-0.0439227148890495
-0.0813026800751686
-0.0697619467973709
-0.0118139116093516
-0.1211085766553879
-0.0414020121097565
0.0256001763045788
0.1077414825558662
0.0505859740078449
0.1177690774202347
0.0894824862480164
0.0671932771801949
-0.0648056566715240
0.0422557443380356
0.0500463321805000
-0.0832262188196182
-0.0730382502079010
0.1012232005596161
-0.0232518333941698
-0.0287275779992342
0.0790563076734543
-0.0031532968860120
-0.0515898205339909
0.0726745501160622
0.0621617250144482
-0.0503533892333508
0.0124162212014198
0.0484204143285751
-0.0087107317522168
0.0505878999829292
0.0673963204026222
0.0199735257774591
0.0645296797156334
-0.1318030208349228
0.0117564331740141
0.0007152709877118
-0.0027837669476867
0.1049463301897049
0.0680492073297501
-0.0535713322460651
-0.0916774570941925
0.0883399695158005
-0.1205491870641708
-0.0468757301568985
-0.0075323414057493
0.1325722187757492
-0.0133255748078227
0.0542809851467609
0.0720640569925308
-0.0150876287370920
-0.0420379489660263
0.0323826596140862
0.0903577506542206
0.1012669429183006
-0.0392946712672710
-0.0668557733297348
-0.0550768598914146
-0.1160315498709679
0.0956212580204010
-0.0227656587958336
0.0679057538509369
-0.0231669954955578
-0.0308537967503071
-0.0770563632249832
0.0737682804465294
0.0927021056413651
0.0253481324762106
0.0214298591017723
-0.0419384948909283
-0.0986443608999252
0.1174878403544426
0.0350645370781422
-0.0239797476679087
0.0053258789703250
-0.0875020921230316
0.0897461995482445
-0.0087473401799798
-0.0471812635660172
-0.0542234815657139
0.0167805682867765
0.0101876435801387
0.0495004840195179
0.0716572478413582
0.1048701480031013
-0.0775039345026016
-0.0028094293083996
0.0167912058532238
0.0712028369307518
0.0711747482419014
-0.0286530610173941
0.0654786676168442
-0.0659428611397743
-0.1205374374985695
-0.0487177856266499
0.0213681235909462
0.0399024523794651
-0.0419062823057175
-0.0194458626210690
0.0051220669411123
0.1083034425973892
0.0233877375721931
-0.0587240718305111
0.0815837159752846
-0.0310930740088224
0.0332709848880768
0.0540152490139008
-0.0322720818221569
0.0325469560921192
0.0183580741286278
0.0400107018649578
-0.0466907657682896
-0.0066325315274298
-0.0061217080801725
0.0756088867783546
-0.0373480394482613
-0.0052050179801881
0.0059750713407993
0.0954239070415497
-0.1182227581739426
0.0626792237162590
0.0134523771703243
-0.0851088017225266
-0.0246812012046576
-0.0702360793948174
0.0307713299989700
-0.0197730828076601
-0.0513725057244301
-0.0459195934236050
0.0688748955726624
0.1554260551929474
-0.0397124178707600
0.0829898640513420
-0.0586390271782875
0.0188529472798109
0.1343272179365158
-0.0259893741458654
-0.0133931366726756
0.0219712648540735
0.0087352311238647
-0.0714966505765915
0.0667970106005669
-0.0022804266773164
0.0051910788752139
0.0700929537415504
0.0217823833227158
-0.0761599168181419
0.0441315732896328
0.0277971923351288
0.0312762148678303
0.0387211143970490
-0.0448526069521904
-0.0611189566552639
-0.0130573734641075
-0.0374361090362072
0.0201080441474915
-0.0557411909103394
-0.0562420673668385
0.0010802414035425
0.1123936697840691
-0.1678456664085388
0.0457706227898598
0.1330468952655792
-0.0167556647211313
0.0479432158172131
-0.1153043210506439
0.0496358536183834
0.0694848671555519
0.0357872620224953
-0.0818115845322609
-0.0521965473890305
-0.2667388021945953
-0.0216952692717314
0.1256587207317352
-0.2284125387668610
-0.1760958731174469
-0.0433648675680161
0.0287749338895082
-0.0071475198492408
-0.0053357067517936
-0.1352937817573547
-0.2087056338787079
-0.2062501162290573
-0.1058689355850220
0.0268264878541231
0.0032016078475863
0.0239220131188631
-0.0797364115715027
-0.0756460502743721
-0.2413060516119003
-0.0566840171813965
0.1019151359796524
0.0683480948209763
-0.0346519239246845
-0.1474144160747528
-0.0527199096977711
0.0488979369401932
-0.0517949983477592
-0.1434376090764999
-0.0843055248260498
0.0621151775121689
0.1529512852430344
-0.3119964301586151
-0.0739577636122704
0.1948387026786804
0.0061112758703530
0.0917170792818069
-0.0631905645132065
-0.1595147550106049
-0.0953980162739754
-0.1337667405605316
0.1572982817888260
0.0825663655996323
-0.0607497170567513
0.1078853383660316
0.0711292475461960
0.3629015684127808
0.1007681190967560
-0.1865768283605576
0.0037713148631155
-0.0160732809454203
0.0003953423001803
-0.0294115934520960
-0.0362762324512005
0.0009556196746416
-0.0392910391092300
0.0065709468908608
-0.0213144402951002
0.0012530644889921
0.0216646511107683
0.0621313117444515
-0.0251757297664881
0.0049276715144515
-0.0019009805982932
0.0040906788781285
0.0104094557464123
0.0323010124266148
-0.0053801839239895
0.0535644143819809
-0.0301002282649279
0.0418055243790150
0.0054749120026827
0.0241926945745945
0.0194891244173050
0.0385575108230114
-0.0635461807250977
0.0358266681432724
-0.0639729946851730
0.0066284658387303
-0.0570883303880692
-0.0337092503905296
0.0375034511089325
0.0134193450212479
0.0154792871326208
-0.0152270272374153
-0.0372799858450890
0.0826965793967247
0.0385976694524288
-0.0556362308561802
-0.0492125190794468
0.0336660370230675
0.0016862349584699
-0.0128739690408111
0.0063539850525558
-0.0061681293882430
-0.0000982822020887
0.0020764870569110
-0.0333616808056831
0.0631602853536606
0.0528074093163013
0.0895290672779083
-0.0847090259194374
-0.0651955902576447
0.0131251616403461
0.0282535906881094
-0.0071465224027634
0.0485523231327534
0.0164237599819899
-0.0248025171458721
0.0661976337432861
0.0749836266040802
0.0139969382435083
0.0754458457231522
-0.0116919903084636
-0.0324956886470318
-0.0303575564175844
0.0787307471036911
-0.0535663664340973
0.0418735742568970
0.0016990497242659
-0.0052017765119672
-0.0061617996543646
-0.0043385229073465
-0.0381512418389320
0.0302452724426985
-0.0146623458713293
-0.0703035369515419
-0.0587423369288445
0.0508037284016609
0.0168535150587559
0.0440932847559452
0.0122678279876709
-0.0353194996714592
0.0178479216992855
0.0093622663989663
-0.0610718503594398
0.0635450035333633
0.0171267613768578
0.0521343797445297
0.0857865735888481
-0.0622538365423679
0.0278543625026941
-0.0425913669168949
0.0174684561789036
0.0246462374925613
-0.0619502812623978
-0.0767218247056007
0.0175820142030716
-0.0633587762713432
-0.0722776576876640
-0.0230293981730938
0.0349533595144749
-0.0489961877465248
0.1054145321249962
0.0006693798932247
-0.0044307210482657
-0.0441451333463192
-0.0133943734690547
0.0029811731074005
-0.0394911356270313
-0.0407810024917126
-0.0470375455915928
0.0092591075226665
0.0531281121075153
0.0657707899808884
-0.0597502700984478
-0.0108199203386903
0.0557680390775204
-0.0437148027122021
0.0348537005484104
0.0633201822638512
0.0230390038341284
0.0469631440937519
-0.0018348090816289
-0.0621537007391453
-0.0214232336729765
0.0496395193040371
0.0031704807188362
-0.0511223003268242
0.0501702763140202
0.0406774692237377
-0.0815688744187355
0.0481028370559216
-0.0216312613338232
0.0416442342102528
-0.0948961153626442
-0.0272682271897793
-0.0498939789831638
0.0410789512097836
-0.0124833406880498
0.0349383428692818
-0.0313018672168255
0.0027847660239786
-0.0264873579144478
-0.0026306053623557
-0.0222940538078547
0.0156958810985088
-0.0441906414926052
-0.0454615987837315
0.0027685137465596
-0.0125873619690537
0.0525658652186394
0.0284276492893696
0.0190211329609156
-0.0169751401990652
0.0567080192267895
0.0108764432370663
0.0325145125389099
0.0280482526868582
-0.0033209465909749
-0.0028973910957575
0.0775626972317696
0.0016819091979414
0.0014691366814077
-0.0399864688515663
-0.0617899559438229
-0.0427651479840279
-0.0567714869976044
0.0065700379200280
-0.0808692798018456
-0.0475185401737690
-0.0247808117419481
-0.0607441812753677
0.0039478712715209
0.0505006425082684
-0.1048099622130394
0.0429163835942745
-0.0062400721944869
-0.0313523858785629
0.0101509131491184
0.0725971162319183
-0.0355089567601681
0.0940180569887161
-0.0667128264904022
-0.0231013596057892
-0.0469681881368160
0.0247017703950405
0.0074905087240040
-0.0130685744807124
0.0937895551323891
-0.0731440186500549
-0.0022914635483176
-0.0481195896863937
-0.0770150497555733
-0.0560614839196205
-0.0233083777129650
-0.0564795546233654
0.0048311292193830
0.0172023680061102
-0.0382740944623947
0.0426465608179569
-0.0145538235083222
0.0660971328616142
0.0143624180927873
0.1178985312581062
-0.0202774778008461
0.0870090126991272
-0.0026129153557122
0.0065859262831509
0.0262617319822311
-0.0149083612486720
-0.0473397970199585
-0.0556930303573608
-0.0297185834497213
-0.0347483828663826
0.0216698460280895
-0.0004349698428996
0.0743734091520309
-0.0726151540875435
0.0095258997753263
0.0573948882520199
0.0418879315257072
0.0294305216521025
0.0371630229055882
0.0826244056224823
0.0208567939698696
-0.0025479332543910
-0.0549738556146622
-0.0318623296916485
0.0583306588232517
-0.0178638081997633
0.0469438023865223
0.0114608872681856
0.0202456675469875
-0.0183169562369585
0.0186905246227980
0.0033990025985986
0.0615756511688232
0.1027466580271721
-0.0982793644070625
-0.0414674952626228
0.0818833112716675
0.0307952295988798
0.0003293272166047
0.0148758264258504
-0.0151330046355724
0.0191052667796612
-0.0638692453503609
0.0362234078347683
-0.0361362434923649
-0.0308591015636921
0.0385370664298534
-0.0156131712719798
-0.0512398853898048
-0.0753562748432159
-0.0400852672755718
0.0223100762814283
0.0614276379346848
-0.0097545394673944
0.0842519178986549
0.0231422372162342
0.0462598279118538
-0.0240415558218956
0.0576585233211517
0.0647365227341652
-0.0043111699633300
-0.0411406084895134
-0.0550910234451294
-0.0283271726220846
0.0346453078091145
0.0070539186708629
-0.0529562570154667
-0.0502882935106754
0.0570871196687222
0.0493633821606636
0.0280315205454826
0.0466893278062344
-0.0494740121066570
-0.0280287992209196
-0.0728273540735245
-0.0376836955547333
-0.0113521357998252
0.0603390485048294
-0.0247968006879091
0.0262649785727262
-0.0339965447783470
0.0687716379761696
0.0210506953299046
-0.0920678824186325
-0.0928459912538528
0.0909023284912109
-0.0556897930800915
-0.0200535748153925
-0.0522289983928204
-0.0038994613569230
0.0389863625168800
0.0807185471057892
-0.0028746717143804
-0.0006280190427788
0.0130280666053295
-0.0278069023042917
-0.0400953963398933
0.0219353251159191
0.0307451877743006
0.0122066112235188
0.0793538838624954
0.0130784073844552
0.0662384033203125
0.0834921821951866
-0.0591578707098961
-0.0237455647438765
-0.0291584376245737
0.0588989816606045
-0.0383759364485741
-0.0455527752637863
0.0027755689807236
0.0450960993766785
-0.0015821122797206
0.0232554785907269
0.0111851226538420
0.0761716514825821
0.0237452089786530
-0.0315563119947910
-0.0108842849731445
0.0286685824394226
-0.0632902011275291
0.0094821993261576
-0.0706923454999924
0.0427223108708858
-0.0448121055960655
0.0015282098902389
0.0600091293454170
-0.0766635313630104
0.0195067208260298
0.0534264557063580
-0.0017144479788840
-0.0145867373794317
-0.0715771019458771
0.0169393531978130
0.0346805118024349
-0.0177865512669086
-0.0043850447982550
0.1038848310709000
-0.0384550318121910
-0.0377397574484348
-0.0080582154914737
-0.0530060194432735
-0.0324225574731827
-0.0474575348198414
-0.0087090376764536
-0.0348810553550720
0.0017660481389612
-0.0263946969062090
0.0061117536388338
0.1006367802619934
0.0102151939645410
-0.0131719820201397
0.0614443346858025
-0.0627639964222908
-0.0200546607375145
-0.0618582740426064
-0.0678391829133034
-0.0067304782569408
-0.0549869090318680
-0.0466392859816551
-0.0118713863193989
0.0277794934809208
-0.0146161867305636
-0.0407794155180454
-0.0357974320650101
0.0130784027278423
-0.0027932932134718
-0.0458066277205944
0.0414115600287914
-0.0741620510816574
-0.0090419715270400
-0.0152077972888947
0.0021712125744671
-0.0393851734697819
0.0642937943339348
0.0516347549855709
0.0299708098173141
-0.0718997791409492
-0.0016894889995456
0.0723855718970299
-0.0284680556505919
0.0085458373650908
0.0295570362359285
0.0151471281424165
-0.0245511457324028
0.0011143713491037
-0.0465467311441898
0.0225098691880703
-0.0161483678966761
0.0291664451360703
-0.0720323845744133
-0.0216296613216400
0.0065743015147746
-0.0255982279777527
-0.0410025790333748
0.0483300872147083
0.0180816836655140
-0.0151953436434269
-0.1002906858921051
0.0068366099148989
-0.0070018935948610
0.0433223582804203
-0.0462582409381866
-0.0077682584524155
-0.0051498068496585
0.0453376173973083
0.0144615331664681
0.0400261692702770
-0.0000833824378788
0.0251735504716635
0.0783907026052475
-0.0040386011824012
0.0127793624997139
0.0107654267922044
0.0157237797975540
-0.0405361764132977
-0.0777186080813408
-0.0410479083657265
-0.0100933127105236
-0.0169343948364258
-0.0191745478659868
-0.0311641469597816
0.0527386963367462
0.0286896191537380
0.0397852249443531
-0.0276152621954679
-0.0355760306119919
0.0136952586472034
0.0236845929175615
-0.0392703749239445
-0.0546695403754711
-0.0266449470072985
-0.0742859095335007
0.0212545655667782
-0.0152348754927516
0.0237351842224598
-0.0717219412326813
0.0284019466489553
0.0074809235520661
0.0220803413540125
0.0253386888653040
-0.0293029770255089
0.0082927597686648
-0.0300575792789459
0.0026923546101898
-0.0321516916155815
-0.0307623278349638
0.0449619255959988
-0.0015086899511516
0.0034272868651897
0.0752731040120125
-0.0594352185726166
-0.0405128113925457
0.1095323562622070
0.0114952828735113
0.0262284893542528
-0.0315906405448914
-0.0198265202343464
-0.0022254115901887
0.0553223043680191
-0.0125281335785985
-0.0052934037521482
-0.0118677848950028
0.0908255502581596
0.0621549002826214
-0.0333514548838139
0.0716737583279610
-0.0509880594909191
0.0167744942009449
0.0036729874555022
-0.0873932391405106
-0.0853978693485260
-0.0037103216163814
0.0591672398149967
-0.0806974321603775
-0.0171217061579227
0.0317422486841679
-0.0420577563345432
-0.0832124054431915
-0.0769921392202377
0.0530642122030258
0.0278348065912724
-0.0185897219926119
-0.0234802681952715
-0.0326224602758884
0.0479585789144039
0.0032959359232336
0.0090528661385179
-0.0878336653113365
-0.0278999917209148
0.0022167693823576
0.0471082441508770
0.0012658276828006
0.0231983736157417
-0.0582300238311291
0.0565254949033260
-0.0279056802392006
0.0503151230514050
0.0004847930104006
0.0482214093208313
-0.0586214251816273
-0.0538252741098404
-0.0421066395938396
0.0731844902038574
-0.0560150146484375
0.0115922000259161
