0.1088599562644958
0.0493026152253151
0.0201149322092533
0.1027700528502464
-0.0254697017371655
-0.0519361533224583
-0.0446750670671463
-0.0329522266983986
0.0908468589186668
0.1450243145227432
0.0005404238472693
0.0350802168250084
0.0519250109791756
0.0725519508123398
-0.0879972949624062
-0.0959422066807747
-0.0344980694353580
-0.0359031297266483
0.0271759051829576
-0.0744761079549789
0.0369058400392532
0.0316999070346355
0.0065883453935385
-0.0154794072732329
-0.1198038011789322
-0.0436756052076817
-0.0209605060517788
0.0347468927502632
-0.0744773223996162
0.0969070196151733
-0.0177088677883148
-0.0382516309618950
0.0850979685783386
0.0976530015468597
0.0186386350542307
0.0486508719623089
0.1036615893244743
0.0265653040260077
0.0934858992695808
-0.0869971141219139
-0.0560626313090324
0.0137444818392396
0.0490678139030933
0.0077459779568017
0.1137221306562424
-0.0269813463091850
-0.0599704198539257
-0.0112591795623302
0.0746613591909409
0.0461940951645374
-0.0796124339103699
0.0112966056913137
0.0381910949945450
-0.0705944448709488
-0.0277553498744965
-0.0517727658152580
-0.1269222348928452
0.0566242784261703
0.0353800877928734
-0.0433303639292717
0.0061414246447384
0.0053671621717513
0.0381508842110634
-0.0181607306003571
0.0504689738154411
-0.0279355794191360
0.0306862648576498
0.0336761176586151
0.1211381554603577
0.0011408381396905
0.0480535626411438
0.0414710380136967
-0.0337509587407112
0.0516950488090515
-0.0241801775991917
-0.0994633138179779
-0.0287558771669865
-0.0092712221667171
0.0760609209537506
-0.0002852852339856
-0.0917126834392548
0.0301745831966400
0.0153715964406729
-0.0394590161740780
0.0526847876608372
0.0108474809676409
-0.0525251887738705
-0.0216283332556486
0.0202416926622391
-0.0150411678478122
0.0561318881809711
-0.1001234352588654
-0.0777126327157021
-0.0406128950417042
0.0632743760943413
-0.0207519456744194
-0.0193082857877016
0.0258010756224394
-0.0982301682233810
0.0483780577778816
-0.0549489893019199
-0.0551400445401669
-0.0206719152629375
-0.0349728465080261
-0.0738607794046402
-0.0489740297198296
-0.0937359258532524
-0.0697070807218552
0.0430941544473171
0.0920911207795143
0.0220262184739113
0.1303936988115311
0.0860030055046082
0.0653350874781609
-0.0466328002512455
0.0414119809865952
0.0493922159075737
-0.0730279684066772
-0.0658887922763824
0.1204763054847717
0.0224896818399429
-0.0247337352484465
0.0840931013226509
0.0132934404537082
-0.0612299107015133
0.0232456680387259
0.0516425818204880
-0.0907793417572975
-0.0156166609376669
0.1004774570465088
-0.0050565311685205
0.0630365684628487
0.0497766546905041
0.0500916130840778
0.0651640146970749
-0.1147136166691780
-0.0125514119863510
0.0194197390228510
-0.0194655340164900
0.1033128947019577
0.0867245420813560
-0.0616185329854488
-0.0893694385886192
0.0996001884341240
-0.1143064349889755
-0.0789308100938797
0.0220309030264616
0.0755689218640327
0.0149627178907394
0.0736348256468773
0.0891395062208176
-0.0796920061111450
-0.0599331893026829
0.0592407770454884
0.0763673707842827
0.1223834231495857
-0.0548879429697990
-0.0452267266809940
-0.0470850020647049
-0.0801366865634918
0.1048738732933998
-0.0444015301764011
0.0848946422338486
-0.0716925188899040
-0.0205411091446877
-0.0270402710884809
0.0854931399226189
0.0883530825376511
0.0046931095421314
0.0391476713120937
-0.0207467786967754
-0.1137542575597763
0.1092669516801834
0.0318485908210278
-0.0487198978662491
0.0104563236236572
-0.0470135733485222
0.0966344773769379
-0.0401219278573990
-0.0600523501634598
-0.0666587576270103
0.0149896051734686
0.0411894023418427
0.0606612786650658
0.0623452253639698
0.1232776939868927
-0.0648904368281364
0.0111050177365541
0.0320980437099934
0.0390870347619057
0.0731514170765877
-0.0243694242089987
0.0646542534232140
-0.0683415830135345
-0.0946106165647507
-0.0575978979468346
0.0607429891824722
0.0358543954789639
-0.0535589791834354
0.0073154382407665
0.0162865910679102
0.0907479375600815
0.0023445421829820
-0.0945738181471825
0.1045903936028481
-0.0413621217012405
0.0549762398004532
0.0762901827692986
-0.0515950173139572
0.0176609382033348
0.0058103557676077
0.0424381680786610
-0.0217513795942068
0.0186181105673313
0.0050200507976115
0.0653136521577835
-0.0247725211083889
0.0347638763487339
-0.0309080798178911
0.0943250432610512
-0.1328679323196411
0.0325504839420319
-0.0142996935173869
-0.0583051666617393
0.0059580616652966
-0.0408297032117844
0.0375657081604004
-0.0387709178030491
-0.0776016414165497
-0.0078560756519437
0.0753328427672386
0.1376688927412033
-0.0398552790284157
0.0767921432852745
-0.0771206170320511
0.0172474533319473
0.1200905665755272
-0.0435800068080425
-0.0367668196558952
0.0025474103167653
-0.0317744500935078
-0.0795708596706390
0.0924093723297119
0.0239064507186413
0.0158143974840641
0.0755112096667290
-0.0028793544042856
-0.1180452555418015
0.0110229747369885
-0.0004458027251530
-0.0070925033651292
0.0465167202055454
-0.0323545373976231
-0.0715050548315048
0.0411405339837074
-0.0598528422415257
0.0246972832828760
-0.0597565844655037
-0.0944277420639992
-0.0084869796410203
0.0681274458765984
-0.2372294068336487
0.0848419815301895
0.1146931648254395
-0.0826884433627129
0.0296643022447824
-0.1022787243127823
0.1410261988639832
0.0695240125060081
-0.0480454377830029
-0.0333413258194923
0.0313039757311344
-0.2537040710449219
-0.0654133856296539
0.1568823903799057
-0.2578867375850677
-0.1159387677907944
-0.0617525093257427
0.0119113968685269
-0.0952042043209076
-0.0109506566077471
-0.0543426424264908
-0.1392514705657959
-0.2443092912435532
-0.0491390042006969
-0.0245985817164183
0.0530737563967705
-0.0530277602374554
-0.0074495323933661
-0.0608125068247318
-0.1792350262403488
-0.0494508482515812
0.1290118545293808
-0.0074538281187415
-0.0768930315971375
-0.1289504915475845
-0.0687370672821999
0.0695253089070320
-0.0972504913806915
-0.1006540879607201
-0.0970983430743217
0.0720177814364433
0.1217770799994469
-0.2553869485855103
-0.1011833325028419
0.1747562736272812
0.0634707063436508
0.1490847170352936
0.0087802587077022
-0.1630861610174179
-0.0327562838792801
-0.1942115575075150
0.1297764927148819
0.1007093265652657
-0.0559669658541679
0.1219717115163803
0.1713518649339676
0.3220080733299255
0.1507870703935623
-0.2158190310001373
0.0437856018543243
-0.0153059773147106
0.0188922975212336
-0.0358000099658966
0.0121561391279101
-0.0336297154426575
-0.0023146404419094
0.0021286688279361
-0.0420909374952316
0.0765424594283104
0.0157170426100492
0.0506199449300766
0.0105437580496073
0.0260845627635717
-0.0217054821550846
0.0109987175092101
0.0023796991445124
0.0191851500421762
-0.0204919092357159
-0.0463117659091949
0.0037333283107728
0.0811510533094406
0.0178914368152618
0.0288751013576984
0.0520070865750313
0.0301403123885393
-0.0551433116197586
0.0130231464281678
-0.0782136023044586
0.0029455393087119
-0.0799998641014099
-0.0522005334496498
0.0377076491713524
-0.0191072281450033
0.0230601374059916
0.0199787542223930
-0.0319744274020195
0.0641914606094360
0.0116735994815826
-0.0281085819005966
-0.0492306761443615
0.0427571162581444
0.0186609048396349
0.0000640040670987
-0.0276722367852926
-0.0623254105448723
0.0184157006442547
-0.0131235001608729
0.0079080611467361
0.0399061515927315
0.0037965232040733
0.0668627917766571
-0.0537053793668747
-0.0266497712582350
-0.0047633904032409
0.0766228064894676
-0.0455570481717587
0.0866486281156540
0.0371986851096153
-0.0396830886602402
0.0726273953914642
0.0206631924957037
0.0448115691542625
0.0666526928544044
-0.0574059709906578
-0.0199953969568014
-0.0560978278517723
0.0461691729724407
-0.0617288947105408
0.0490428805351257
-0.0152314575389028
0.0472123324871063
-0.0150790046900511
0.0224003028124571
-0.0266958009451628
0.0342942625284195
-0.0288970749825239
-0.0490000322461128
-0.0783907398581505
0.0455034822225571
-0.0251888651400805
0.0287626665085554
0.0122249322012067
-0.0345538742840290
-0.0025208191946149
0.0076967896893620
-0.0447403416037560
0.0195765998214483
0.0384950861334801
-0.0031038848683238
0.0230762735009193
-0.0092181209474802
0.0157647896558046
-0.0404275506734848
0.0394159927964211
0.0330309420824051
-0.0494544990360737
-0.0347365178167820
0.0664641559123993
-0.0628660172224045
-0.0991357043385506
-0.0152293592691422
0.0267242565751076
-0.0712386146187782
0.0945711955428123
0.0299269556999207
0.0025096661411226
0.0055593736469746
-0.0196932852268219
-0.0221154112368822
-0.0561206899583340
-0.0705189332365990
-0.0427378974854946
-0.0168742705136538
0.0640994831919670
0.0837485641241074
-0.0179784651845694
-0.0198025070130825
0.0714978575706482
-0.0374312214553356
0.0510387122631073
0.0644091144204140
0.0491293147206306
0.0220787823200226
-0.0270847324281931
-0.0594669878482819
-0.0121634351089597
0.0921194180846214
0.0712425857782364
-0.0372992530465126
0.0447261072695255
0.0599858164787292
-0.0562101081013680
-0.0035880273208022
-0.0268646124750376
0.0280831158161163
-0.0568479187786579
-0.0054826023988426
-0.0420095324516296
0.0903068482875824
-0.0086310468614101
0.0255248341709375
0.0352205336093903
-0.0504481121897697
-0.0209696181118488
0.0390952415764332
-0.0448852293193340
-0.0034211261663586
-0.0230339374393225
-0.0472313426434994
-0.0179479755461216
-0.0172538254410028
0.0287912022322416
0.0255206301808357
-0.0146104423329234
-0.0305014494806528
0.0478633120656013
0.0179179236292839
0.0365938954055309
0.0122308572754264
0.0239099785685539
-0.0163743477314711
0.0822754129767418
0.0139483539387584
-0.0103034283965826
-0.0282600279897451
-0.0268394425511360
-0.0451390296220779
-0.0514479540288448
0.0086598275229335
-0.0901531949639320
0.0056325010955334
0.0761508047580719
-0.0400278568267822
-0.0200123488903046
0.0784815773367882
-0.0647193789482117
0.0559713989496231
0.0034843164030463
-0.0097756572067738
0.0131953163072467
0.0515601821243763
-0.0438415594398975
0.0742184817790985
-0.0643377080559731
-0.0080010164529085
-0.0110778640955687
0.0320075042545795
0.0593510828912258
-0.0065022297203541
0.0570667050778866
-0.0672463923692703
-0.0004539633810055
0.0073542851023376
-0.0884447321295738
-0.0773808881640434
-0.0533706173300743
-0.0567096397280693
-0.0237807277590036
0.0260306894779205
-0.0231194812804461
0.0324623994529247
-0.0333653353154659
0.0500105768442154
-0.0308176055550575
0.0689477324485779
-0.0083156796172261
0.0325925350189209
0.0130394995212555
0.0054607829079032
0.0451487600803375
0.0109430719166994
-0.0269387960433960
-0.0419971272349358
-0.0077265165746212
-0.0238215904682875
0.0177287720143795
0.0046091396361589
0.0448694378137589
-0.0824529901146889
0.0185566879808903
-0.0152339935302734
0.0401963554322720
0.0659622475504875
0.0239380206912756
0.0627278909087181
-0.0152097651734948
-0.0028862243052572
-0.0577583014965057
-0.0424189604818821
0.0439890623092651
-0.0318389162421227
0.0086823962628841
0.0189230572432280
0.0382403805851936
-0.0485933981835842
-0.0101946601644158
0.0005135132814758
0.0433026030659676
0.0931946709752083
-0.0939554274082184
-0.0380276143550873
0.0749021470546722
-0.0022177044302225
0.0000510445643158
0.0220735762268305
0.0639901980757713
0.0620413720607758
-0.0416642390191555
0.0401628762483597
-0.0582698732614517
-0.0311932731419802
0.0294911358505487
-0.0319988168776035
-0.0435525514185429
-0.0865634530782700
-0.0684193745255470
0.0448977164924145
0.0968535691499710
-0.0151036465540528
0.0763605237007141
0.0453494787216187
0.0455574207007885
-0.0218228381127119
0.0883791670203209
0.0535766370594501
0.0077563500963151
-0.0529816225171089
-0.0618158504366875
-0.0387844406068325
0.0021029259078205
0.0111493533477187
-0.0263890009373426
-0.0121068498119712
0.0736036822199821
0.0371191315352917
0.0412300527095795
0.0438862442970276
-0.0728484839200974
-0.0529742985963821
-0.0513411052525043
-0.0561568364500999
-0.0269500110298395
0.0761328265070915
-0.0169162172824144
0.0570049583911896
-0.0691002830862999
0.0826307237148285
-0.0510062687098980
-0.0461346693336964
-0.0840069875121117
0.0322866328060627
-0.0487706065177917
-0.0042274668812752
-0.0278144665062428
-0.0424593947827816
0.0305034406483173
0.0750683099031448
0.0269123576581478
-0.0000318562670145
0.0574647039175034
-0.0254292581230402
-0.0533882863819599
0.0072958497330546
0.0361139327287674
-0.0327593609690666
0.0793902128934860
-0.0077243573032320
0.0674175992608070
0.0487833246588707
-0.0441906303167343
-0.0306504797190428
-0.0321427993476391
0.0801598578691483
-0.0467130206525326
-0.0431339778006077
0.0295236241072416
0.0422188937664032
0.0102622807025909
-0.0310717485845089
-0.0001282179873670
0.0552703440189362
-0.0292601641267538
-0.0355321392416954
0.0201181098818779
0.0390188843011856
-0.0714764669537544
0.0128039838746190
-0.0243915710598230
0.0230988189578056
-0.0557403042912483
0.0410715416073799
0.0521428324282169
-0.0676182210445404
-0.0211023725569248
0.0717656835913658
-0.0085002686828375
-0.0208021495491266
-0.0573402754962444
0.0514472052454948
0.0896322503685951
-0.0028023861814290
0.0000091383171821
0.0875155478715897
-0.0112103018909693
-0.0497037470340729
-0.0126047655940056
-0.0802828297019005
-0.0481088496744633
-0.0758815929293633
-0.0462625622749329
-0.0118879610672593
-0.0630710795521736
-0.0451842397451401
0.0612551607191563
0.0395161285996437
0.0326816327869892
-0.0082673626020551
0.0106874946504831
-0.0543797090649605
-0.0402544029057026
-0.0400668308138847
-0.0243722256273031
-0.0109679363667965
-0.0495222583413124
0.0199866704642773
0.0133197391405702
-0.0101713445037603
-0.0017031136667356
-0.0485594756901264
-0.0379767455160618
0.0154066318646073
0.0094783809036016
-0.0629886388778687
0.0302462503314018
-0.0577763989567757
-0.0251145586371422
0.0094124358147383
0.0331527739763260
0.0179102700203657
0.0272841323167086
0.0535239465534687
0.0392193943262100
-0.0450589805841446
-0.0058089317753911
0.0585670657455921
-0.0221412684768438
-0.0271647106856108
-0.0563460029661655
-0.0015903511084616
-0.0215228926390409
0.0608808360993862
-0.0249350517988205
0.0417741127312183
-0.0487485192716122
0.0664244815707207
-0.0520140007138252
-0.0324341207742691
0.0071682031266391
-0.0070079616270959
-0.0694373920559883
0.0151879237964749
-0.0332885794341564
-0.0381242707371712
-0.0754117742180824
-0.0333692617714405
-0.0482817329466343
0.0244256369769573
-0.0439794845879078
-0.0230060666799545
-0.0380918160080910
0.0206980686634779
-0.0169772729277611
-0.0186910312622786
-0.0358044095337391
0.0559383183717728
0.0729411169886589
0.0103341285139322
0.0351826772093773
0.0284092128276825
0.0423197224736214
0.0156497620046139
-0.0779885202646255
-0.0486224479973316
-0.0014191827503964
-0.0095513835549355
-0.0176765564829111
-0.0672739520668983
0.0637123510241508
0.0250254515558481
0.0666927173733711
-0.0386017300188541
-0.0311491489410400
-0.0027151023969054
0.0605216212570667
-0.0965496152639389
-0.0425830185413361
-0.0429026670753956
-0.0660978481173515
0.0511056110262871
0.0282238256186247
0.0071476614102721
-0.0653402358293533
-0.0002252928097732
0.0402906797826290
-0.0504520051181316
0.0418735295534134
-0.0453560352325439
0.0433741435408592
0.0230784248560667
0.0011277582962066
-0.0243534706532955
-0.0371991544961929
0.0447602458298206
0.0330685190856457
-0.0479509718716145
0.0485272444784641
-0.0462162159383297
-0.0275553464889526
0.0591292418539524
0.0463478490710258
0.0091735105961561
-0.0520854368805885
0.0385002009570599
-0.0263862442225218
0.0307188611477613
-0.0233297664672136
0.0141420047730207
-0.0229464229196310
0.0775859728455544
0.0307820811867714
-0.0453434772789478
0.0926622375845909
0.0047604278661311
0.0539610162377357
0.0424983426928520
-0.0628210380673409
-0.0607684068381786
0.0044785216450691
0.0449323430657387
-0.0846082195639610
0.0036486545577645
-0.0019574544858187
0.0478444024920464
-0.0779063180088997
-0.0549693219363689
0.0269589386880398
0.0037944370415062
0.0012760116951540
-0.0373196862637997
-0.0480614155530930
0.0111542660742998
-0.0410660393536091
0.0407801903784275
-0.0445652939379215
-0.0402612388134003
-0.0092985657975078
0.0755986869335175
0.0105226458981633
0.0312993004918098
-0.0535489805042744
0.0341046676039696
0.0113732386380434
0.0380704179406166
-0.0050186840817332
0.0212118662893772
-0.0063137141987681
-0.0411429144442081
-0.0351017899811268
0.0686428695917130
-0.0443285517394543
0.0483837984502316
