0.04143164
-0.02473670
-0.03028255
0.02367181
-0.01073576
0.02138635
0.00818412
-0.00987389
-0.04865601
0.01569905
0.01334518
-0.01694185
0.04572503
-0.02392808
-0.01891409
0.00997989
0.00661339
0.02121956
0.11769692
0.03169835
0.00379901
0.02815818
-0.02961231
0.01651052
-0.00385028
-0.01761452
-0.00018087
-0.00490464
-0.02437205
0.01456305
0.04627343
0.02727540
0.01883338
-0.00881353
-0.02043929
0.01579065
0.00906729
0.02073555
0.01687305
0.00028878
-0.01994248
0.01434529
-0.05459845
-0.02175561
-0.02218980
-0.00672998
-0.04812624
0.01246212
-0.01161858
0.00494674
0.01999499
-0.08030783
0.05355746
0.01889029
-0.02306834
-0.00320443
-0.02369659
0.01080679
0.45036039
0.05544379
-0.03198678
0.03992188
0.01043314
-0.02563730
-0.00107083
0.06152951
-0.00602721
-0.01214283
-0.01435341
0.01204547
0.02520952
0.01759909
-0.01035545
0.01857734
-0.02760433
0.02417899
-0.01856359
-0.00825775
-0.01561867
0.03536654
-0.02194242
0.00830875
-0.00627993
0.06067540
0.08152535
-0.00150717
-0.00108392
-0.01919022
0.03826086
-0.03508360
0.00312361
0.01450321
-0.02215425
0.00298970
-0.01169585
-0.01154744
0.01365428
-0.03188520
0.03665292
-0.00910540
-0.01347965
0.01705910
0.00038597
0.02072921
0.02008301
0.00507456
0.04385301
-0.01114956
0.03167850
-0.01475705
-0.00594298
0.04041462
0.04606983
0.01817852
-0.00687724
0.01122244
0.03222516
-0.01852991
0.02346483
-0.00147450
0.01535106
0.00508211
-0.00205315
0.00308285
-0.00696885
0.02232657
-0.03637455
0.00047973
-0.00841168
0.04851814
0.03736407
-0.00440656
-0.03337852
-0.00261894
-0.02156993
0.00318953
0.04304430
0.00731344
-0.07645868
0.01386103
-0.05100973
-0.01897751
-0.00294716
-0.01645414
-0.02079616
0.12405506
-0.03805790
-0.00253839
-0.01209743
-0.00469383
0.04334526
0.00998015
0.00123991
0.04532458
-0.00882222
-0.04773581
0.02435674
-0.00346257
-0.05700786
-0.00901364
-0.00802059
-0.04325879
-0.00856162
0.00114533
-0.01874747
0.06443498
-0.03665384
-0.02210635
-0.01578321
0.01547887
0.02976146
-0.01294270
0.03800613
0.01538460
0.04945816
0.02460951
0.03468293
-0.01528943
-0.06502489
0.00505254
0.02250557
-0.04290292
0.00801340
0.01589093
0.03070174
0.01452209
0.01754528
-0.02033835
-0.00701725
0.04209376
0.02022094
0.02279340
-0.00857836
-0.02404026
-0.00357447
0.02332431
0.05414475
0.01155862
0.04455748
-0.03740356
-0.02060195
0.01280189
0.07401726
-0.02081013
0.02583300
0.00069760
0.00478098
0.02808988
0.00862065
-0.09300511
-0.00219655
0.01018941
0.00435791
-0.00447129
0.01449295
-0.01638656
0.01263900
0.05250163
-0.02144802
0.02802232
-0.03364042
-0.76290083
0.02637572
-0.02408599
-0.01217486
-0.01171405
0.04582164
0.00083938
0.01405096
0.02446926
-0.01340674
-0.04537928
0.01259611
0.01728583
-0.02792657
0.02619773
0.01834644
-0.01592089
-0.01092539
-0.01506319
0.01536976
-0.01630057
-0.02046593
0.01633449
-0.02789200
0.00042238
0.02685978
0.00661419
-0.00374247
0.02228920
-0.00599789
-0.00863841
0.01759100
0.00980701
-0.00604316
-0.03180815
0.02720359
-0.07048042
-0.04055356
0.06678877
0.06555603
0.05929387
0.10865169
-0.05173819
0.03431120
0.03064820
0.17101888
0.06508865
0.06961126
-0.01733737
0.00811495
0.05611012
0.06426267
0.05836887
-0.01822021
-0.03764222
-0.03523609
0.00921635
-0.05453767
0.17029722
0.02251741
0.01129701
0.08312875
-0.03352109
-0.07874042
0.06376948
0.19681965
0.00738125
0.00576989
-0.11016264
0.14540352
-0.09220846
-0.00807998
0.07181681
0.00930419
0.08361688
-0.15241468
0.02361169
-0.06390706
-0.08070205
0.12286083
-0.04350467
0.74985105
-0.10482439
-0.03348374
-0.21063827
0.10985246
0.05642580
0.04534367
0.14610192
-0.00214410
-0.06173509
0.18420137
0.00457931
-0.07262623
-0.06137922
-0.09439339
-0.03966724
0.02707000
-0.02636856
0.02543756
0.04021371
0.05309213
-0.05770435
0.01762675
0.03760239
0.02313504
-0.08941077
0.08306976
0.00933738
-0.08627408
0.05465025
0.03747930
0.01837955
0.02005083
-0.00295267
0.00232615
0.00448939
-0.04005570
0.00822080
-0.01297023
0.02753269
-0.05623164
-0.04557376
0.02578034
0.05504388
0.07406415
0.02061790
0.00723895
0.03305750
0.04917858
-0.07502881
-0.02926864
0.03270330
0.05193949
-0.09386108
-0.00208956
0.00612952
-0.05823166
-0.03605827
0.02134703
0.05373162
0.02505878
0.00291173
0.04586244
-0.02969312
-0.00994323
-0.02100163
0.00277972
-0.04299719
0.02035553
-0.01352528
0.02062069
0.00195710
0.01744498
0.04584589
0.02284900
-0.00895864
0.01649883
0.04448284
0.02844643
-0.00016430
-0.09037774
-0.03645845
-0.01253607
0.01947631
-0.04621835
-0.02235285
-0.04916972
-0.02878999
0.03513850
-0.04647107
0.02239804
-0.01374859
-0.05221834
0.01656342
0.05391218
0.10175806
-0.04999275
-0.08903295
0.04145475
0.01396016
-0.08176582
0.04702169
0.00099505
0.04787771
0.03045259
0.08997179
-0.10759515
0.00290030
0.06596393
-0.00114896
0.02104234
0.00086970
-0.00298182
0.01434761
-0.00032264
0.03679242
-0.03578875
-0.03001840
-0.01334351
0.05300479
0.06201045
0.02128934
0.00165464
-0.05827179
-0.00774366
0.02957973
-0.02793657
0.02126073
0.04154263
-0.03889831
-0.02188158
-0.02264998
-0.04727057
-0.02689898
-0.00339333
-0.01899517
-0.03204008
-0.01575168
0.01212411
0.00139866
-0.01776309
0.01051659
0.06371561
-0.01402515
0.05624428
0.00766169
-0.02048786
0.02948369
0.00047088
-0.01276648
-0.02428771
0.04201848
-0.02962632
-0.05212850
-0.03455371
0.00653498
0.01619831
0.06678825
0.18900560
-0.05833146
0.05337255
0.01656941
-0.05983234
-0.00894238
0.05953472
-0.01009652
0.04391782
-0.03137267
-0.02330582
-0.03078833
-0.04930357
-0.02420159
-0.02510265
0.03067765
0.01671122
-0.07612682
-0.06310885
-0.00631745
0.02633621
0.08135977
0.02329610
0.10606603
-0.04119761
0.00692693
-0.02434777
0.08723155
-0.02519146
-0.02628991
-0.01153917
-0.00280358
-0.02422597
-0.00723309
0.06511785
0.04541723
-0.05543295
0.06472314
-0.09494176
-0.01127193
0.05227380
-0.03513307
-0.04203571
0.01396821
0.02468162
0.01642877
0.00011857
0.05440930
-0.01011137
0.11468222
0.00350770
0.05278039
-0.02264629
0.01420274
-0.01291239
-0.03293218
0.05972328
-0.05823990
0.03861311
-0.04365483
-0.10351241
-0.01354501
-0.00886148
-0.02564912
-0.01713387
0.03914807
-0.02171158
0.05567658
-0.06086825
0.00381944
-0.06678331
-0.03281332
-0.02376680
0.00484213
-0.16809624
0.00491822
0.01081638
0.00035280
-0.03465634
0.01923154
0.04624344
0.01441776
-0.00767211
0.07121971
0.00442402
-0.02199661
-0.05328843
-0.01177086
0.05106533
0.01018677
-0.01427739
0.00430707
-0.06947140
0.01177230
0.01968473
0.07667504
-0.00117503
-0.03348620
0.00027317
-0.01528544
-0.04863363
-0.02581834
0.00137790
0.06103479
0.01745053
-0.02758780
-0.03594528
-0.02889325
-0.02683879
-0.00103649
-0.09546379
0.01206408
0.03775870
0.01734744
-0.06170978
0.04844860
-0.03901095
0.01832375
0.02177028
0.02139044
-0.01627274
0.04347352
0.00253226
-0.03791706
-0.01136869
-0.04720070
0.00716495
-0.01558968
0.06109341
0.00300880
0.07186171
-0.01573389
0.03699148
0.01347178
-0.07049690
-0.01704392
-0.00254050
0.05010320
0.00414100
0.04302021
-0.01680069
0.05437030
-0.00674498
0.01743716
-0.01513175
-0.00889461
0.03997025
-0.01390870
0.04764276
0.08948587
0.01496397
0.02810062
0.00772751
0.03311952
-0.12476372
-0.03158482
-0.01566385
0.01802156
-0.07044766
-0.00245077
-0.02630260
-0.00566512
-0.05335050
0.05713564
0.05186903
0.08674404
0.04425640
-0.01165753
-0.01584121
0.02010432
-0.02298689
-0.10162130
0.02905894
0.01768456
0.03571714
-0.04888171
0.13102978
-0.02106969
0.09593670
0.00602475
0.03715749
0.00825329
0.04434597
-0.03476661
-0.01905980
-0.00895317
-0.00022441
-0.02828412
-0.06213099
0.01120788
0.01253970
-0.12563959
-0.02151328
0.06109088
-0.07112154
-0.00768136
-0.09098917
-0.01767767
-0.10701305
-0.00566937
0.00186468
0.00400259
0.01445947
0.03036137
-0.05006220
-0.09286892
0.06707643
-0.05555339
-0.01118168
-0.00555709
0.02851721
-0.00114326
0.01247872
0.04325261
-0.00322137
0.02691311
-0.02616920
0.04467995
0.03075819
-0.03952815
0.10426917
0.01734423
-0.05140667
0.00311826
0.04007589
-0.04774358
-0.01155037
-0.02271562
0.00707052
0.01495315
0.05403468
-0.06735329
-0.03898822
-0.04461778
-0.06406909
-0.00649846
0.03168633
0.04272330
-0.02007644
0.03895577
0.02393791
-0.01345335
-0.01346771
-0.05644231
0.01223261
0.03640592
0.00441685
-0.05661360
0.03595529
0.00893594
-0.18020825
-0.01154235
0.03693691
0.00942193
-0.04371987
-0.04987951
-0.02260762
0.03300162
0.10416599
0.05367061
0.00750422
-0.01560483
-0.04878234
0.01494640
-0.01879619
0.04354352
0.00446730
0.01406239
0.01527387
-0.02180263
0.01794526
0.02015974
-0.05376371
-0.00935357
0.02675858
0.03568439
-0.02660756
-0.00426487
0.11231420
-0.00267543
0.05331020
-0.03485148
0.05560668
-0.02135780
0.04305923
0.00015579
-0.04361853
-0.07510567
-0.04237227
-0.04009730
0.00344807
-0.00078923
0.01222010
0.09672320
0.03773006
0.10428774
-0.01676252
-0.08366641
-0.02707820
-0.08058794
-0.02271568
0.00043606
-0.02167467
-0.01486378
0.04941934
-0.00684087
0.00223234
0.02866395
0.00696429
-0.01520173
0.00659854
-0.04307445
0.01474778
-0.10401011
-0.00759854
0.01242524
0.03961766
-0.02496351
-0.02469774
-0.02522901
0.02179632
0.02173202
-0.09803742
0.02423642
-0.02551640
-0.01095381
0.11005844
-0.03159702
0.03606403
0.01864429
0.02651008
0.02241966
-0.00830367
0.05603125
-0.02824255
0.04225029
0.00478460
0.01177729
0.02181833
0.01840742
-0.05692882
-0.02712140
0.00698659
0.05263315
0.00248917
0.00392155
-0.02145875
0.02002694
0.05514261
0.07545255
-0.02679887
-0.03914803
0.01325399
-0.00937377
0.01883665
-0.01686390
0.01811611
0.01173774
-0.00412456
-0.03382201
0.03342929
-0.00285404
-0.00352393
-0.02775366
0.02279233
-0.00134986
0.01126079
-0.05393419
-0.05790523
0.09017312
-0.02044480
0.04214536
