-0.0325898900628090
0.0144162960350513
-0.0364589691162109
-0.0674921870231628
0.0083200819790363
0.1159100532531738
0.0961202904582024
-0.0850338861346245
-0.0644987821578979
-0.0402081720530987
-0.1010758057236671
-0.0561265274882317
-0.1062342226505280
-0.0695617198944092
0.0393490716814995
0.0469681620597839
-0.0456615723669529
0.0001957355561899
0.0455528795719147
0.0091016124933958
-0.0108299842104316
-0.0599815621972084
0.0556757934391499
0.0180609896779060
-0.0015324940904975
0.1028906628489494
0.1023286953568459
-0.1040060445666313
-0.0463430099189281
0.0717237889766693
-0.0156878717243671
-0.0713377743959427
0.0315264724195004
-0.0804441869258881
-0.1284376084804535
-0.0181351285427809
-0.0386580601334572
-0.0434514917433262
-0.0706392452120781
0.0213000532239676
0.0912033468484879
0.1091801375150681
-0.0115267429500818
0.0840905383229256
-0.0313724502921104
-0.0534018874168396
-0.0587184205651283
0.1018276438117027
0.0346987694501877
-0.0918965041637421
0.0379901379346848
0.0567685663700104
0.0831810981035233
-0.0977612733840942
0.0262704193592072
0.1079967394471169
0.0377844534814358
-0.0076911724172533
0.1090595051646233
0.1417288780212402
0.0296196136623621
0.0663379728794098
-0.0546917952597141
-0.0006820902926847
-0.0325140021741390
-0.0555658861994743
0.0624361298978329
0.0703181624412537
-0.0044711995869875
0.0338297933340073
0.0252430010586977
-0.0713533386588097
0.0335385538637638
-0.0593087300658226
0.0948123931884766
0.0899811759591103
-0.0199781265109777
-0.0403719246387482
0.0148451942950487
-0.0009714842308313
-0.0802734121680260
-0.0392445437610149
-0.0483691990375519
0.1036328151822090
-0.0498469993472099
-0.1014468446373940
0.0134979858994484
0.1056783124804497
-0.0118206692859530
0.0325703769922256
-0.0271403603255749
-0.0026590018533170
0.0346444509923458
0.0282445084303617
0.0194992572069168
0.0765824466943741
0.0282079186290503
0.0707247704267502
-0.0662930160760880
0.0895704180002213
0.0213326159864664
0.0209407992660999
0.0850241109728813
0.0131555255502462
-0.1425503939390182
0.0033878702670336
-0.1010336279869080
-0.0841707587242126
-0.0010169867891818
-0.0326422378420830
-0.0623584464192390
-0.0311959609389305
-0.0510785840451717
-0.0532079450786114
-0.1223000660538673
-0.0355967283248901
-0.0632277131080627
-0.0203919466584921
-0.0214422605931759
0.0658682733774185
0.0164562296122313
0.1116797775030136
-0.0325239151716232
0.0318103842437267
-0.0051422663964331
-0.0747127979993820
0.0027949025388807
0.0884523168206215
0.0804904401302338
0.0001882492069853
0.0691284090280533
0.0302357021719217
0.1100712940096855
-0.1518807113170624
-0.0529555603861809
0.0155663806945086
-0.0158129651099443
0.0455201715230942
0.0183578301221132
-0.0444732271134853
-0.0845660865306854
-0.0421357341110706
-0.0118028968572617
-0.0509061217308044
0.0456246994435787
-0.0249171033501625
0.0051098451949656
0.0101073365658522
-0.0514013953506947
-0.0781688466668129
0.0398208834230900
0.0906199440360069
0.0144028356298804
0.0387180894613266
0.0833874717354774
-0.0318909510970116
-0.0096482262015343
0.0939295887947083
-0.0693594664335251
-0.0184934940189123
-0.0513184145092964
0.1277143955230713
-0.0961283817887306
0.0644846409559250
-0.0454497672617435
-0.0906000435352325
-0.0158101972192526
-0.0869752094149590
-0.0144722294062376
-0.0521399416029453
0.0067861983552575
-0.0414511710405350
-0.0567180514335632
0.1026788651943207
0.0650831535458565
0.0002965816820506
-0.1073537319898605
-0.0446609780192375
-0.0664968043565750
-0.0905191898345947
0.0301387980580330
-0.0111351525411010
-0.0685492157936096
0.0390188246965408
-0.0024624653160572
-0.0177366025745869
0.0666724145412445
-0.1173534169793129
0.0461349338293076
0.0036628593225032
0.0219231639057398
-0.0935232117772102
0.0921070501208305
0.0151102375239134
0.0498824715614319
0.0287363249808550
-0.0534779801964760
0.0096005443483591
-0.0816599726676941
0.0913060829043388
0.0484141372144222
-0.0770757198333740
-0.0590358227491379
0.0476719141006470
-0.0657672360539436
-0.0373953916132450
-0.0596332661807537
-0.0371670052409172
-0.0661062523722649
-0.0063810599967837
-0.0559364520013332
-0.0995037108659744
-0.0355528220534325
-0.0139492433518171
0.0830890089273453
0.0335465557873249
0.0100233135744929
0.0938373357057571
0.0128001030534506
-0.0248842258006334
0.0585208646953106
0.0005204876651987
0.0669202134013176
0.0811359882354736
0.0072408998385072
-0.0386407226324081
-0.0689673125743866
-0.0047569992020726
0.1291991323232651
0.1171881332993507
0.0554514452815056
-0.0088296504691243
0.0130732934921980
-0.0818116217851639
-0.0083803832530975
-0.0301540549844503
-0.0418188869953156
0.0893874168395996
-0.0330077521502972
0.0714971944689751
-0.0128330904990435
0.0612511001527309
-0.0450720712542534
-0.0396795198321342
-0.0997055470943451
0.0911731123924255
-0.1155220791697502
0.0284929629415274
0.0161175075918436
0.0965780615806580
0.0338976383209229
0.0504950210452080
0.0135599002242088
-0.0328699611127377
-0.0266277920454741
0.0594038590788841
-0.0589566640555859
-0.0185548011213541
-0.1039475724101067
-0.0398413725197315
0.0459698066115379
-0.1827200353145599
0.0749368965625763
0.1072963103652000
-0.0304700303822756
0.0077897850424051
-0.1104651391506195
0.0829517617821693
0.0588639639317989
0.0893326103687286
-0.0588499121367931
0.0640568137168884
-0.2993514835834503
-0.0228778105229139
0.1141374483704567
-0.2429934591054916
-0.0992855951189995
-0.0148168997839093
0.0503990985453129
-0.1408267170190811
-0.0612358227372169
-0.0534336715936661
-0.1990958303213120
-0.2180755138397217
-0.0000100855868368
-0.1028570830821991
-0.0123554700985551
-0.0589702539145947
-0.0435392707586288
-0.0926573351025581
-0.2145507484674454
-0.0010403993073851
0.1269114315509796
-0.0466338433325291
-0.1218278631567955
-0.1959408521652222
-0.0730243921279907
0.0151772573590279
-0.0268683787435293
-0.0950201824307442
-0.0588932782411575
0.0734157711267471
0.1970578581094742
-0.2846842408180237
-0.0871577709913254
0.1065042391419411
-0.0900667905807495
0.0956887528300285
0.0540714375674725
-0.1480870544910431
-0.0059387418441474
-0.2425213307142258
0.1053620055317879
0.0266820285469294
-0.1492812484502792
0.0865582600235939
0.1269785463809967
0.3422071337699890
0.0600396022200584
-0.1378050297498703
0.0171351861208677
-0.0345238186419010
0.0054015736095607
0.0608721598982811
0.0179455876350403
-0.0581640228629112
-0.0301726460456848
0.0067382133565843
-0.0411249063909054
0.0439731180667877
0.0006537553854287
-0.0831455066800117
0.0181958694010973
0.0102043319493532
0.0017232621321455
0.0633245110511780
-0.0644914209842682
0.0293164327740669
0.0486675202846527
-0.0769788995385170
-0.0294879376888275
0.0771191492676735
0.0236971583217382
-0.0406251400709152
0.0153685621917248
-0.0675525292754173
-0.0429849438369274
-0.0380766652524471
0.0643117353320122
0.0050137313082814
0.0200283210724592
0.0716346800327301
0.0812960788607597
0.0569379143416882
-0.0049233790487051
-0.0377593450248241
-0.0287078842520714
0.0359330028295517
0.0374920517206192
-0.0277920793741941
0.0208622980862856
-0.0915358141064644
0.0159292370080948
-0.0621082708239555
-0.0378158874809742
-0.0067293387837708
0.0450074411928654
0.0476103238761425
0.0513498112559319
-0.0323879420757294
-0.0484429225325584
-0.0243241153657436
0.0239298492670059
0.0338765084743500
-0.0718439146876335
0.0098579823970795
0.0483180060982704
-0.0117980893701315
-0.0933507904410362
0.0426256917417049
0.0494721569120884
-0.0839173570275307
-0.0242818575352430
0.0617439597845078
-0.0667379051446915
-0.0576520413160324
0.1158237829804420
-0.0393215455114841
0.0814391076564789
-0.0357449017465115
0.0263888090848923
-0.0729644894599915
-0.1033403351902962
0.0280598029494286
-0.0167896766215563
0.0505230501294136
-0.0751907527446747
0.0623919814825058
0.0665730312466621
0.0300504211336374
-0.0381349809467793
-0.1035367026925087
-0.0446155183017254
-0.0282657686620951
0.0400469526648521
-0.0065955552272499
-0.0095767648890615
-0.0237868987023830
0.0319279693067074
0.0048272907733917
-0.0104348333552480
0.0192511621862650
0.0266615096479654
-0.0363354571163654
-0.0566339232027531
-0.0562667399644852
0.0659977644681931
0.0644174367189407
0.0429963208734989
0.0321957357227802
0.0035788575187325
-0.0183363817632198
-0.0419585406780243
0.0017950321780518
-0.0189960878342390
-0.0321816913783550
-0.0025629966985434
0.0467366948723793
0.0279273632913828
0.0011595358373597
-0.0501767173409462
-0.0754996240139008
-0.0160166043788195
0.0030594449490309
0.0158243402838707
0.0345259942114353
0.0361749418079853
0.0023851748555899
-0.0708863288164139
0.0271810162812471
-0.0520929545164108
0.0243701152503490
0.0461281947791576
-0.0296769160777330
0.0280748978257179
-0.0442670769989491
0.0164050012826920
0.0056391209363937
0.0262526851147413
-0.0535289235413074
0.0159921012818813
-0.0439064502716064
0.0474755167961121
0.0320795290172100
0.0220978539437056
-0.0196825303137302
0.0760426744818687
-0.0077593331225216
-0.0331021137535572
-0.0500766821205616
0.0378745496273041
0.0088374130427837
0.0623421706259251
0.0763035565614700
0.0918631851673126
-0.0190499536693096
-0.0086998334154487
-0.0923026949167252
0.0554393306374550
0.0979396924376488
0.0670871511101723
-0.0459080301225185
-0.0461690835654736
0.0274342671036720
0.0246988590806723
0.0578663237392902
-0.0576349683105946
-0.0323939323425293
-0.0360269397497177
-0.0567537806928158
-0.0607486069202423
-0.0053368662483990
-0.0119512174278498
0.0285352319478989
0.0673251152038574
-0.0257382858544588
0.0277717132121325
0.0355592630803585
0.0001162534244941
0.0357972905039787
0.0550065822899342
0.0672236308455467
-0.0578862838447094
0.0918584465980530
0.0465269982814789
0.0191223602741957
0.0181956943124533
-0.0444916784763336
0.0523291490972042
0.0598260089755058
0.0587012544274330
0.0136199807748199
0.0208296664059162
-0.0882878527045250
-0.0177168920636177
-0.0358972437679768
0.0001510727015557
-0.0426734909415245
-0.0059100510552526
0.0277006812393665
-0.0861494168639183
0.0280183628201485
0.0025821235030890
0.0423013195395470
-0.0331536605954170
0.0515244789421558
-0.0157343503087759
-0.0744390338659286
-0.0530225187540054
0.0384711362421513
-0.0305178780108690
0.0595291480422020
0.0735299363732338
-0.0602780506014824
-0.0424811951816082
-0.0685888975858688
-0.0592416748404503
-0.0306284911930561
-0.0440680459141731
0.0509874448180199
0.0675798803567886
0.0128132831305265
0.0011080483673140
-0.0068283774890006
-0.0170375574380159
-0.0435739122331142
-0.0267965886741877
0.0112488875165582
-0.0127268554642797
-0.0334000997245312
0.0332703553140163
0.0340595468878746
-0.0490105599164963
-0.0172043796628714
-0.0220606774091721
-0.0647845342755318
0.0645630732178688
0.0135826310142875
0.0161723624914885
0.0595134533941746
-0.0394369997084141
0.0736839398741722
-0.0452894270420074
0.0070645837113261
0.0253200531005859
-0.0609830021858215
-0.0343442559242249
0.0372841954231262
-0.0514199882745743
0.0142964422702789
0.0088790208101273
0.0153382793068886
-0.0442462153732777
0.0355310812592506
-0.0686080455780029
-0.0560141354799271
-0.0547468699514866
0.0135172531008720
-0.0070192185230553
0.0055919596925378
-0.0009863323066384
-0.0156369674950838
0.0223151892423630
0.0359303206205368
0.0223907716572285
-0.0307953897863626
0.0640956982970238
-0.0245255734771490
0.0208981297910213
0.0419993251562119
-0.0307603608816862
0.0122315473854542
-0.0832035318017006
-0.0214723646640778
-0.0284975338727236
0.0966522917151451
0.0711780115962029
0.0108531145378947
0.0203482937067747
-0.0002729779225774
-0.0013440685579553
0.0216359905898571
-0.0473735518753529
0.0295356698334217
-0.0537520200014114
-0.0063054598867893
-0.0157289505004883
-0.0226559918373823
-0.0353060550987720
0.0155852111056447
0.0622387081384659
0.0180302839726210
-0.0282002687454224
0.0061246771365404
0.0677860677242279
-0.0368732102215290
-0.0180535763502121
0.0260113626718521
0.0134718287736177
-0.0052785300649703
-0.0570642501115799
0.0449183695018291
-0.0229152310639620
0.0761562064290047
0.0024203821085393
0.0523805022239685
-0.0374781340360641
-0.0720416232943535
-0.0267109014093876
-0.0761776491999626
-0.0018567013321444
-0.0629881694912910
-0.0769729614257812
-0.0007235112716444
0.0434886179864407
-0.0473935939371586
-0.0159935019910336
-0.0997256264090538
-0.0570279620587826
0.0174401160329580
0.0176896471530199
-0.0221214164048433
-0.0191151797771454
-0.0164924636483192
-0.0524982996284962
0.0015789790777490
-0.0005605043843389
0.0282886084169149
-0.0544052571058273
0.0187245029956102
-0.0501360818743706
-0.0558284223079681
0.0369674004614353
0.0624792799353600
0.0133076496422291
-0.0145815722644329
-0.0307478848844767
0.0785110667347908
-0.0015606161905453
-0.0432365052402020
0.0350727476179600
0.0365151911973953
-0.0527311116456985
0.0668926611542702
0.0335082188248634
0.0381816029548645
-0.0557934977114201
0.0609443746507168
0.0584370605647564
0.0003023138560820
-0.0359515286982059
0.0397970788180828
-0.0588684789836407
0.0027599923778325
0.0199121460318565
0.0309719145298004
-0.0520097129046917
-0.0052267881110311
-0.0595989711582661
0.0234062820672989
0.0344666019082069
-0.0266330298036337
0.0396632291376591
-0.0098995044827461
0.0093157682567835
0.0057330201379955
-0.0312969572842121
-0.0431383103132248
-0.0599922761321068
0.0582205057144165
-0.0191121008247137
-0.0698364377021790
0.0682817921042442
-0.0546238981187344
-0.0466138795018196
-0.0485394969582558
0.0167044717818499
-0.0528821125626564
0.0284840352833271
-0.0508330762386322
-0.0393016003072262
-0.0641483888030052
0.0577965863049030
0.0608694776892662
0.0168399699032307
0.0244849324226379
0.0354849621653557
0.0565929301083088
-0.0146411266177893
0.0017528309253976
-0.0341692790389061
0.0189762692898512
-0.0719749853014946
0.0623703524470329
-0.0640523731708527
-0.0461124144494534
-0.0292542763054371
0.0508833117783070
0.0036281193606555
0.0816207081079483
-0.0364984124898911
-0.0278152450919151
0.0563896931707859
0.0513816662132740
-0.0166906677186489
-0.0003003339224961
0.0428284704685211
-0.0522666685283184
-0.0135917430743575
-0.0198022443801165
0.0113652311265469
-0.0480114854872227
0.0447462238371372
0.0106516145169735
-0.0461513511836529
0.0809345319867134
0.0648522600531578
-0.0125955175608397
0.0245369635522366
-0.0595097914338112
-0.0788411423563957
0.0470691546797752
-0.0304844640195370
0.0108806258067489
0.0391548275947571
-0.0613691285252571
0.0238910857588053
0.0269220620393753
0.0544856302440166
-0.0237840544432402
0.0217579640448093
-0.0733741596341133
0.0025139953941107
-0.0351007133722305
-0.0633887425065041
-0.0424581393599510
-0.0399594716727734
-0.0188984964042902
-0.0065317265689373
-0.0263615883886814
-0.0125707769766450
0.0010323469759896
-0.0464932993054390
-0.0465923249721527
0.0467610508203506
0.0244784671813250
0.0664819329977036
0.0275316573679447
-0.0027157429140061
0.0154800629243255
0.0605048872530460
0.0605579465627670
0.0171883273869753
-0.0258480142802000
0.0503673963248730
-0.0332459323108196
-0.0022254397626966
0.0660829320549965
-0.0362823121249676
-0.0347034186124802
0.0107267666608095
0.0230248440057039
-0.0320246368646622
-0.0372883602976799
0.0007953277672641
-0.0417096763849258
0.0328063443303108
0.0136170424520969
0.0408924743533134
-0.0698190331459045
0.0214741565287113
-0.0112470854073763
0.0189541578292847
0.0123952478170395
-0.0273641608655453
0.0147285358980298
-0.0397481098771095
0.0292693395167589
0.0676320791244507
-0.0158604513853788
0.0027097838465124
-0.0285475533455610
0.0182521659880877
0.0735869407653809
0.0259828567504883
0.0181778110563755
-0.0753358006477356
-0.0018389886245131
0.0058780810795724
0.0238662399351597
0.0657331869006157
0.0594025328755379
-0.0448106564581394
-0.0726201534271240
-0.0753216221928596
0.0035821634810418
-0.0399405173957348
-0.0367342978715897
-0.0026963434647769
0.0418353155255318
-0.0292070824652910
0.0171532351523638
0.0172676369547844
0.0361683145165443
0.0124519048258662
-0.0628995001316071
0.0480023175477982
-0.0532489828765392
0.0391224212944508
0.0247999262064695
0.0398677513003349
0.0532764308154583
0.0231215320527554
-0.0439760759472847
-0.0830169394612312
-0.0688209682703018
0.0448307842016220
0.0804158896207809
-0.0061255362816155
-0.0429781675338745
0.0217346381396055
0.0326315090060234
