-0.0478572957217693
-0.0109350131824613
0.0562385655939579
-0.0171077251434326
0.0606148429214954
0.0937583521008492
0.1252787411212921
-0.0640932992100716
0.0204834472388029
-0.0165538433939219
-0.0600194893777370
-0.1224603801965714
-0.0707079842686653
-0.0937173888087273
-0.0025372998788953
-0.0044935992918909
-0.0281607527285814
0.0017223198665306
0.0517153032124043
0.0550013445317745
0.0132110575214028
-0.1026611551642418
-0.0107111167162657
0.0609494857490063
-0.0498766154050827
0.1098561435937881
0.0572753772139549
-0.0398015342652798
-0.0337197184562683
0.0252539198845625
0.0108778420835733
-0.0172681417316198
0.0255905557423830
-0.0681884884834290
-0.1331742107868195
0.0029891324229538
0.0028546724934131
-0.1049687191843987
-0.0339497029781342
0.0424518585205078
0.0718843862414360
0.0570691265165806
0.0110076563432813
0.0595680661499500
0.0376220606267452
0.0258828029036522
-0.0090261213481426
0.0649468600749969
-0.0280869714915752
-0.0835680067539215
0.0900322943925858
0.0131859611719847
0.0415149778127670
-0.0657015442848206
-0.0097980648279190
0.0454234406352043
0.0286293756216764
0.0120083978399634
0.0777533054351807
0.1693394631147385
0.0188143663108349
0.0490705780684948
-0.0132389478385448
0.0132645424455404
-0.0556160025298595
-0.0227922368794680
0.0677453577518463
-0.0074941022321582
0.0053590447641909
0.0668194144964218
-0.0257552172988653
-0.0162906646728516
0.0362768135964870
-0.0827402397990227
0.1122079715132713
0.1126941442489624
0.0002928515314125
-0.0163500197231770
-0.0130602344870567
0.0783806741237640
-0.0563370995223522
-0.0219803825020790
-0.0463299751281738
0.0730493441224098
-0.0524766817688942
-0.1115623489022255
0.0589399561285973
0.1505253165960312
-0.0144333345815539
0.0196973476558924
-0.0143376560881734
0.0201566368341446
0.0285883415490389
0.0346188917756081
0.0075127379968762
0.0893226265907288
0.0552474707365036
0.0738973841071129
-0.0726873874664307
0.0394693464040756
-0.0021928159985691
0.0663774833083153
0.0778543949127197
0.0136022400110960
-0.1263381689786911
-0.0568354390561581
-0.0797666758298874
-0.0335727259516716
-0.0449840500950813
-0.0280281193554401
-0.0045581203885376
-0.0591309294104576
-0.1057158932089806
-0.0881553441286087
-0.0599658116698265
-0.0383540913462639
-0.0810202658176422
0.0144393760710955
-0.0454267822206020
0.0836493670940399
-0.0165373347699642
0.1421130746603012
-0.0141629241406918
0.0704480484127998
0.0165871381759644
-0.0414684675633907
-0.0299122724682093
0.1181115061044693
0.0639182999730110
0.0679329782724380
0.0827797576785088
0.0196604430675507
0.0763937160372734
-0.1088396981358528
-0.0698095560073853
-0.0105677964165807
-0.0380754359066486
0.0642878338694572
-0.0306048002094030
-0.0328125469386578
-0.0748340040445328
-0.0202994905412197
0.0357154756784439
-0.0393357053399086
0.0341827310621738
-0.0944972038269043
-0.0165055226534605
0.0354115664958954
-0.0050489851273596
-0.0416219905018806
-0.0130820916965604
0.0698259770870209
-0.0634151771664619
-0.0408248491585255
0.0356471017003059
0.0376820154488087
0.0523982383310795
0.1196863949298859
-0.0256883278489113
-0.0733342170715332
-0.0697801113128662
0.1429172009229660
-0.0868837386369705
0.0434198901057243
-0.0383345447480679
-0.1195931360125542
0.0157397612929344
-0.0638441815972328
-0.0063134590163827
-0.0677237808704376
-0.0073931389488280
0.0080864867195487
-0.0264824442565441
0.0370906144380569
0.0976779088377953
-0.0054965442977846
-0.0325390659272671
-0.0574594810605049
-0.0954427421092987
-0.0490958914160728
0.0413574986159801
-0.0515339598059654
-0.0991446524858475
0.1181901842355728
-0.0314204953610897
-0.0413994714617729
0.0821608826518059
-0.0668071061372757
0.0792472139000893
0.0488842017948627
-0.0149448988959193
-0.0819969475269318
0.0680593326687813
0.0315316952764988
0.0480405502021313
-0.0349764563143253
0.0012927274219692
0.0717371031641960
-0.0862308666110039
0.0890553370118141
0.1032864749431610
-0.0587914325296879
-0.0772031620144844
0.0853952094912529
-0.0904280543327332
-0.0334118306636810
-0.0679931864142418
-0.0252738501876593
0.0077852490358055
0.0596247799694538
-0.0689833089709282
-0.1316639035940170
0.0034800197463483
-0.0447771325707436
0.1225147694349289
0.0450863465666771
0.0371591262519360
0.1050103828310966
-0.0027209292165935
-0.0360663309693336
0.0516101941466331
-0.0117690758779645
0.0404320396482944
-0.0194792468100786
0.0124372197315097
0.0105301104485989
-0.1009996831417084
0.0544624179601669
0.1438081264495850
0.0699379667639732
0.0525277182459831
-0.0013800658052787
-0.0053450264967978
-0.0825589299201965
0.0150257870554924
0.0558362603187561
-0.0366195663809776
0.0897467732429504
-0.0972206965088844
0.0855634585022926
0.0268965438008308
-0.0124434232711792
0.0233457982540131
0.0025416081771255
-0.1210660710930824
0.0257216356694698
-0.0705775171518326
-0.0144707662984729
-0.0517214015126228
0.0317521505057812
-0.0202042460441589
0.0141159594058990
0.0570464953780174
-0.0535280220210552
-0.0317061059176922
0.1124174147844315
-0.0865816548466682
-0.0777484476566315
-0.1129666715860367
-0.0519047342240810
-0.0304816197603941
-0.1523566544055939
0.0579093173146248
0.1179366111755371
-0.0448572225868702
0.0721598714590073
-0.0944509133696556
0.1182411760091782
0.0222414545714855
0.1007647290825844
-0.0359481573104858
0.0119301779195666
-0.3381358385086060
-0.0719710066914558
0.1087999343872070
-0.2610959410667419
-0.0236165542155504
-0.0633444860577583
0.0186067093163729
-0.0663984268903732
-0.0078350612893701
-0.0099983969703317
-0.1829757690429688
-0.2078778296709061
0.0471843890845776
-0.1041497141122818
-0.0912734866142273
-0.0842872485518456
-0.0087586110457778
-0.1352709680795670
-0.2161144167184830
-0.0902111977338791
0.0897072851657867
-0.0001948463032022
-0.0853777304291725
-0.1318048834800720
-0.0355118028819561
-0.0592499896883965
0.0495686903595924
-0.0688120275735855
-0.0975641682744026
0.0532282814383507
0.1990605294704437
-0.2365097701549530
-0.1162759885191917
0.0575944632291794
0.0005953164072707
0.0762521103024483
0.0498257279396057
-0.1964052319526672
0.0506906546652317
-0.2665421366691589
0.1369431018829346
0.0896457135677338
-0.1700303554534912
0.1949071735143661
0.0670951828360558
0.3140410184860229
0.0041418033652008
-0.1149924844503403
0.0283255167305470
-0.0717591941356659
0.0088978055864573
0.0705596879124641
0.0222172476351261
-0.0573835186660290
-0.0263824630528688
0.0081443637609482
-0.0449683442711830
0.0543079674243927
0.0184043664485216
-0.0766769349575043
0.0122604435309768
0.0432888232171535
0.0047336625866592
0.0481786727905273
-0.0755371600389481
0.0479044280946255
0.0284734163433313
-0.1005760431289673
-0.0245532598346472
0.0852521434426308
0.0592588111758232
-0.0745460987091064
0.0421622470021248
-0.0456963777542114
-0.0416971221566200
-0.0219198223203421
0.0081461230292916
0.0681098252534866
-0.0426700487732887
0.0581302009522915
0.0627409443259239
0.0484040454030037
0.0118453912436962
-0.0018569242674857
-0.0190088469535112
0.0557380281388760
0.0520934611558914
-0.0504425950348377
-0.0183468554168940
-0.0651837065815926
0.0269284434616566
-0.0709742456674576
-0.0461258664727211
-0.0455065220594406
0.0050259325653315
0.0578763708472252
0.0233147721737623
-0.0324701517820358
-0.0314658917486668
-0.0117759685963392
0.0377431772649288
0.0215258281677961
-0.0792956054210663
-0.0120597379282117
0.0320499725639820
0.0044294185936451
-0.0988967269659042
0.0393562801182270
0.0388008467853069
-0.0598185993731022
-0.0254973750561476
0.0354722775518894
-0.0818681567907333
-0.0489009283483028
0.0694523304700851
-0.0513734146952629
0.0887118205428123
-0.0179280284792185
0.0195060800760984
-0.0322805643081665
-0.0943203940987587
0.0259252563118935
-0.0217696633189917
0.0736532956361771
-0.0283788312226534
0.0659955739974976
0.0461200624704361
0.0544336624443531
-0.0556605793535709
-0.0690207034349442
-0.0202998034656048
-0.0432816557586193
0.0518404580652714
-0.0045155207626522
-0.0181813407689333
-0.0741181224584579
-0.0019802241586149
0.0115440376102924
0.0023144050501287
0.0184470526874065
0.0427546128630638
-0.0363803245127201
-0.0641974136233330
-0.0513171739876270
0.0288120061159134
0.0396689213812351
0.0709866285324097
0.0081976652145386
-0.0068393377587199
-0.0517113842070103
-0.0407879501581192
-0.0054769269190729
0.0120162935927510
-0.0325089544057846
0.0004192466440145
0.0235188137739897
0.0557026155292988
-0.0254685804247856
-0.0675770416855812
-0.0646907612681389
-0.0365148410201073
-0.0347052812576294
0.0173089317977428
0.0250636413693428
0.0301577802747488
-0.0214952193200588
-0.0489559359848499
0.0346185602247715
-0.0381685942411423
0.0552075579762459
0.0403399802744389
-0.0305739119648933
0.0296945553272963
-0.0256709493696690
0.0307826194912195
0.0127310035750270
0.0469946302473545
-0.0289879124611616
0.0132000241428614
-0.0368738807737827
0.0380116328597069
0.0403587110340595
0.0374171808362007
-0.0002498564135749
0.0591542907059193
-0.0213545672595501
-0.0416475273668766
-0.0548560507595539
0.0212075486779213
0.0015034531243145
0.0497542433440685
0.0722673907876015
0.0544240549206734
0.0081792138516903
-0.0258841551840305
-0.0819737762212753
0.0710629969835281
0.1096105128526688
0.0392864085733891
-0.0794500559568405
-0.0075484835542738
0.0599021092057228
0.0671526342630386
0.0144197987392545
-0.0451918281614780
-0.0422395020723343
-0.0125731918960810
-0.0492006689310074
-0.0405248031020164
0.0186116062104702
-0.0325247645378113
-0.0345066003501415
0.0470040924847126
-0.0481605455279350
0.0294922888278961
0.0324316248297691
-0.0028933228459209
0.0548787936568260
0.0179199576377869
0.0603635348379612
-0.0121675105765462
0.0894541069865227
0.0543819628655910
0.0690506175160408
0.0130362743511796
-0.0362044349312782
0.0415182560682297
0.0417017191648483
0.0699853152036667
-0.0234931129962206
0.0212238058447838
-0.0603920556604862
-0.0224293265491724
-0.0493305213749409
0.0214069709181786
-0.0109550338238478
0.0119721591472626
0.0135728418827057
-0.0484618693590164
-0.0026359707117081
0.0347416400909424
0.0421067923307419
-0.0349948145449162
0.0220523662865162
-0.0067702224478126
-0.0742920860648155
-0.0518505610525608
0.0058529935777187
-0.0162373781204224
0.0487086325883865
0.0308456197381020
-0.0335990153253078
-0.0395904481410980
-0.0691673383116722
-0.0754903554916382
-0.0401900112628937
-0.0277554076164961
0.0524340383708477
0.0583737790584564
-0.0002704854996409
-0.0018633804284036
0.0136011168360710
-0.0158812068402767
-0.0647989138960838
-0.0295433569699526
0.0153445024043322
-0.0270962025970221
-0.0287237521260977
-0.0145995449274778
0.0314995646476746
-0.0206569619476795
-0.0007661093841307
-0.0133971292525530
-0.0590146072208881
0.0644017457962036
-0.0059075141325593
0.0124053470790386
0.0761869773268700
-0.0427725650370121
0.0742761939764023
-0.0817634314298630
-0.0160630457103252
0.0589522570371628
-0.0789059996604919
-0.0525260083377361
0.0039796214550734
-0.0340354740619659
-0.0103627014905214
-0.0225687418133020
0.0249691158533096
-0.0433086305856705
0.0477273389697075
-0.0700184702873230
-0.0480580255389214
-0.0420154891908169
-0.0005084931035526
-0.0192128811031580
0.0025722528807819
-0.0090184686705470
-0.0469626411795616
0.0062066768296063
0.0482703968882561
0.0304749757051468
-0.0468939356505871
0.0500663369894028
0.0012623694492504
0.0171042308211327
0.0332237780094147
-0.0240436773747206
0.0349982529878616
-0.0692831799387932
-0.0208043362945318
-0.0241047739982605
0.0637617409229279
0.0770555287599564
0.0007964177639224
-0.0085854455828667
-0.0345501191914082
0.0298270452767611
0.0284651629626751
-0.0257023293524981
0.0393456406891346
-0.0502857081592083
-0.0346785895526409
0.0252343341708183
-0.0381773635745049
-0.0298797078430653
0.0389404892921448
0.0499408729374409
0.0082197031006217
-0.0578839853405952
0.0192303769290447
0.0472470037639141
-0.0195365976542234
-0.0391260050237179
0.0335866026580334
-0.0085581056773663
0.0094893677160144
-0.0532712005078793
0.0175376441329718
0.0222258865833282
0.0751510560512543
0.0047383923083544
0.0207526944577694
-0.0231129229068756
-0.0124618932604790
-0.0003562172933016
-0.0634673982858658
-0.0061296774074435
-0.0595211870968342
-0.0744332373142242
-0.0572647675871849
0.0602921992540359
-0.0562648624181747
0.0036199828609824
-0.0650410950183868
-0.0284120403230190
0.0079170186072588
0.0515951104462147
-0.0561438873410225
-0.0019668613094836
-0.0091600362211466
-0.0321328490972519
0.0321399047970772
-0.0351009294390678
0.0331117473542690
-0.0501030460000038
0.0247828047722578
-0.0562355183064938
-0.0197589769959450
0.0472505651414394
0.0424172692000866
0.0332890972495079
-0.0102981757372618
-0.0581553503870964
0.1002047806978226
0.0165939424186945
-0.0670794621109962
0.0021391659975052
0.0566616654396057
-0.0612642318010330
0.0447626560926437
0.0224323458969593
0.0553232207894325
-0.0617027990520000
0.0705088824033737
0.0336759760975838
-0.0417636632919312
-0.0273036472499371
0.0489808432757854
-0.0495332740247250
0.0222618598490953
0.0311536081135273
0.0028317268006504
-0.0478195287287235
0.0254574120044708
-0.0805820897221565
-0.0021068805363029
0.0201318468898535
-0.0487352497875690
0.0293802376836538
-0.0026922153774649
0.0291050337255001
0.0500817783176899
-0.0290123019367456
-0.0814693272113800
-0.0403597280383110
0.0353945605456829
-0.0147059708833694
-0.0698356553912163
0.0493745096027851
-0.0465526953339577
-0.0611943043768406
-0.0503881499171257
0.0248066186904907
-0.0505177006125450
0.0482154339551926
-0.0349827408790588
-0.0291712116450071
-0.0412648357450962
0.0414892025291920
0.0561352074146271
0.0300619881600142
0.0376948826014996
0.0265421010553837
0.0342105031013489
-0.0577474758028984
-0.0001917693298310
-0.0513849705457687
0.0204510539770126
-0.0461834520101547
0.0350828394293785
-0.0697096958756447
-0.0515577979385853
-0.0177190732210875
0.0364652685821056
0.0110736209899187
0.0656227841973305
-0.0448600202798843
0.0089316731318831
0.0583436600863934
0.0861648321151733
-0.0097048934549093
0.0054245376959443
0.0614813342690468
-0.0429313108325005
-0.0191584881395102
-0.0559034571051598
0.0161497239023447
-0.0498333908617496
0.0110706500709057
-0.0261724926531315
-0.0065663601271808
0.0869615674018860
0.0611590743064880
-0.0242125391960144
0.0066367918625474
-0.0826004147529602
-0.0587240345776081
0.0298849195241928
-0.0317110121250153
0.0210783313959837
0.0202769637107849
-0.0557751245796680
0.0287260040640831
0.0415894575417042
0.0732305347919464
-0.0211575534194708
0.0198066253215075
-0.0697922036051750
0.0227562449872494
-0.0436375662684441
-0.0360375083982944
-0.0144080910831690
-0.0057030981406569
-0.0053808735683560
0.0060540116392076
0.0251607634127140
-0.0264233648777008
0.0359902307391167
-0.0628441870212555
-0.0761898234486580
0.0733388215303421
0.0066552725620568
0.0646261870861053
-0.0032798217143863
-0.0308263618499041
0.0164149533957243
0.0458944886922836
0.0681601539254189
0.0199374854564667
-0.0468489453196526
0.0640696883201599
-0.0196116343140602
0.0189705844968557
0.0821320042014122
0.0112267145887017
-0.0578710101544857
-0.0086480248719454
0.0312050301581621
-0.0010823211632669
-0.0393549762666225
0.0599277168512344
-0.0450016260147095
0.0460907407104969
0.0083612203598022
0.0402191132307053
-0.0886394158005714
0.0444494150578976
0.0104618351906538
-0.0019246871815994
-0.0063115656375885
0.0068423249758780
0.0010826362995431
-0.0173133835196495
0.0579595044255257
0.0545344948768616
0.0187520086765289
0.0176973808556795
-0.0332431569695473
0.0416101589798927
0.0884028747677803
0.0437054298818111
0.0167408939450979
-0.0567936711013317
-0.0328834056854248
0.0500513575971127
0.0350377187132835
0.0583294071257114
0.0678165927529335
-0.0722246617078781
-0.0518006533384323
-0.0616983622312546
-0.0039720148779452
-0.0261417012661695
-0.0406660027801991
-0.0099951829761267
0.0594044066965580
-0.0695967376232147
-0.0145941833034158
-0.0064366222359240
0.0436160750687122
-0.0002847924770322
-0.0509541928768158
0.0501737371087074
-0.0452371463179588
0.0463973805308342
0.0475550591945648
0.0142188202589750
0.0721796676516533
0.0257250219583511
-0.0648401007056236
-0.0580344572663307
-0.0551048256456852
0.0107348728924990
0.0629698783159256
0.0262807123363018
-0.0584633722901344
0.0697578415274620
0.0398903861641884
