-0.0587540306150913
0.0129453074187040
-0.0058056898415089
-0.0714932084083557
-0.0036692607682198
0.0870494246482849
0.1205126866698265
-0.0464862175285816
-0.0433263033628464
-0.0269802492111921
-0.1013494879007339
-0.0906797423958778
-0.0766858011484146
-0.0727168992161751
0.0291622821241617
0.0376556813716888
-0.0695884153246880
-0.0474181063473225
0.0574628151953220
0.0249164570122957
-0.0359949506819248
-0.0603777505457401
0.0508858859539032
0.0425473637878895
-0.0008918555104174
0.1023821160197258
0.0910400375723839
-0.0682256668806076
-0.0466338917613029
0.0536907725036144
-0.0051404288969934
-0.0530129782855511
0.0389687567949295
-0.0651803240180016
-0.0950084477663040
-0.0134096182882786
0.0034884391352534
-0.0745444148778915
-0.0504240877926350
0.0295991059392691
0.0774752944707870
0.0909587293863297
0.0025923671200871
0.0661872625350952
-0.0218299049884081
-0.0463195256888866
-0.0495310388505459
0.0723384097218513
0.0349173769354820
-0.0705723240971565
0.0360913686454296
0.0047322413884103
0.0714266598224640
-0.1062820553779602
0.0277023725211620
0.0650081336498260
0.0275134593248367
-0.0214530453085899
0.0952515676617622
0.1362193524837494
0.0273440107703209
0.0799916312098503
-0.0269915219396353
-0.0023719798773527
-0.0720298215746880
-0.0576420687139034
0.0929271280765533
0.0497334599494934
0.0101309968158603
0.0770868882536888
0.0001836118899519
-0.0609372891485691
0.0372979938983917
-0.0356708429753780
0.0916678830981255
0.1037454083561897
-0.0303110964596272
-0.0363907888531685
-0.0123520595952868
0.0135971531271935
-0.0725688859820366
-0.0347267240285873
-0.0228937175124884
0.0788386240601540
-0.0204883739352226
-0.1143360212445259
0.0458065904676914
0.1339669078588486
-0.0086029339581728
0.0488865524530411
-0.0438862480223179
-0.0042586894705892
0.0061470852233469
0.0406257584691048
0.0563014037907124
0.0971632748842239
0.0482954829931259
0.0735962167382240
-0.0667825564742088
0.0825616791844368
-0.0247950423508883
0.0395799092948437
0.0906367748975754
0.0064446930773556
-0.0887339636683464
-0.0228930711746216
-0.1296559721231461
-0.0713688358664513
-0.0155681874603033
-0.0282037723809481
-0.0430257394909859
-0.0498083792626858
-0.0635873749852180
-0.0874204039573669
-0.0952604264020920
-0.0421177744865417
-0.0500080920755863
-0.0335606969892979
-0.0318914763629436
0.0312590897083282
-0.0540596283972263
0.1203418374061584
-0.0040924865752459
0.0125586278736591
0.0278878342360258
-0.0543427988886833
-0.0027715703472495
0.1034110113978386
0.1026889234781265
0.0065248860046268
0.1002886891365051
0.0296393670141697
0.1068129763007164
-0.1346155554056168
-0.0883087590336800
-0.0345431752502918
-0.0208085998892784
0.0621826313436031
-0.0115629360079765
-0.0232756286859512
-0.1086248382925987
-0.0280373021960258
-0.0075333630666137
-0.0480531603097916
0.0161729454994202
-0.0602681972086430
0.0037867799401283
-0.0137616591528058
-0.0581343621015549
-0.0680372864007950
0.0277645569294691
0.1107052415609360
-0.0089727239683270
-0.0015059569850564
0.0810350477695465
-0.0066333017311990
-0.0060758274048567
0.1107080429792404
-0.0900579169392586
-0.0486448146402836
-0.0624162480235100
0.1194787845015526
-0.0937977135181427
0.0814324319362640
-0.0438611246645451
-0.0954963043332100
-0.0373133607208729
-0.0619656741619110
-0.0560680590569973
-0.0488229990005493
0.0285569187253714
-0.0341916456818581
-0.0690956786274910
0.0753103271126747
0.0735123902559280
-0.0083500035107136
-0.0937155112624168
-0.0671392828226089
-0.0984308421611786
-0.1008565053343773
0.0424762032926083
-0.0429877713322639
-0.0820551887154579
0.0585604161024094
-0.0297791063785553
-0.0407797880470753
0.0834010764956474
-0.0863020494580269
0.0732506886124611
0.0024261581711471
-0.0176774673163891
-0.1040115579962730
0.0721273645758629
0.0211236979812384
0.0448918156325817
0.0361477956175804
-0.0401375703513622
0.0298158098012209
-0.0464457236230373
0.0715739578008652
0.0540362782776356
-0.0770637020468712
-0.0993509516119957
0.0764641091227531
-0.0785652622580528
-0.0035122011322528
-0.0458873473107815
-0.0237889531999826
-0.0590386353433132
0.0176267959177494
-0.0602296516299248
-0.1145747005939484
-0.0573539175093174
-0.0366414599120617
0.0917729064822197
0.0039304350502789
-0.0009489000076428
0.1247804611921310
0.0164085626602173
-0.0363488718867302
0.0411650091409683
-0.0284825991839170
0.0630249157547951
0.0378213375806808
-0.0117706516757607
-0.0329863764345646
-0.0487070865929127
0.0353509373962879
0.1320449113845825
0.1000131070613861
0.0519886761903763
-0.0264681149274111
0.0350725948810577
-0.0736148729920387
0.0287724100053310
-0.0152194434776902
-0.0682704001665115
0.0897937715053558
-0.0367864035069942
0.0851736515760422
0.0191773716360331
0.0290760267525911
-0.0136137185618281
-0.0318364426493645
-0.1082884445786476
0.0528474040329456
-0.1221812739968300
-0.0158627554774284
-0.0071728751063347
0.0877731963992119
0.0148306824266911
0.0391807556152344
0.0098240850493312
-0.0304372292011976
-0.0573254078626633
0.0882840454578400
0.0754503086209297
-0.0205690283328295
-0.1046223044395447
-0.1040120348334312
0.0677863582968712
-0.1675149351358414
-0.0152140995487571
0.0909313336014748
0.0125629762187600
0.2046613991260529
-0.0796673595905304
0.1376428455114365
0.1164862439036369
0.0384544916450977
-0.0271504968404770
-0.1985735446214676
-0.2807531952857971
-0.0916724205017090
0.0878868773579597
-0.2403424382209778
-0.1814492940902710
-0.1086868569254875
0.0178780369460583
0.0781768113374710
0.1056155860424042
-0.1158808693289757
-0.1761506944894791
-0.0782176181674004
-0.0770419314503670
0.0094473883509636
-0.0509575344622135
-0.0748589783906937
-0.1069841608405113
-0.2301898747682571
-0.2368238270282745
-0.0750491768121719
0.0913893878459930
0.1158019974827766
0.0151572003960609
-0.0622361339628696
-0.0268989317119122
-0.0607583485543728
0.0406183265149593
-0.1196934431791306
-0.1603547185659409
0.0419452674686909
0.1555547118186951
-0.2135836631059647
-0.0972970724105835
0.0844086855649948
0.0583565682172775
0.0633195042610168
-0.0694241449236870
-0.0662052854895592
-0.0252047050744295
-0.1451422572135925
0.1980956196784973
0.1372594535350800
-0.0634858757257462
0.1542700678110123
-0.0361016169190407
0.3201065063476562
-0.0156466122716665
-0.1184818595647812
0.0326334349811077
-0.0373164750635624
0.0147684626281261
0.0599654838442802
0.0504855811595917
-0.0530097931623459
-0.0412042587995529
0.0060178902931511
-0.0549295917153358
0.0314968675374985
0.0046396180987358
-0.0670835226774216
0.0293507035821676
0.0381085425615311
0.0194767490029335
0.0692815333604813
-0.0643516704440117
0.0548219196498394
0.0188485551625490
-0.0870703235268593
-0.0300607569515705
0.0790808945894241
0.0422012545168400
-0.0823104679584503
0.0248507950454950
-0.0684263110160828
-0.0485770665109158
-0.0272957570850849
0.0642729923129082
0.0292969141155481
0.0089603895321488
0.0553351938724518
0.0497445315122604
0.0551308877766132
0.0004778487782460
-0.0077906590886414
-0.0298620741814375
0.0313980765640736
0.0568768829107285
-0.0176633503288031
-0.0166620146483183
-0.0844604521989822
0.0375942662358284
-0.0768775343894958
-0.0411923862993717
-0.0061182696372271
0.0348314531147480
0.0617442689836025
0.0755482092499733
-0.0368718728423119
-0.0495717190206051
-0.0412425659596920
0.0282530244439840
0.0250673089176416
-0.0857497155666351
0.0088432608172297
0.0416978709399700
0.0042727626860142
-0.0742726400494576
0.0141299506649375
0.0394682288169861
-0.0773375257849693
-0.0250378306955099
0.0569226890802383
-0.0826778635382652
-0.0503923110663891
0.1073772907257080
-0.0464906170964241
0.0691608190536499
-0.0223139747977257
0.0149494716897607
-0.0510866045951843
-0.1036537140607834
0.0094679631292820
-0.0201342310756445
0.0451335608959198
-0.0524700134992599
0.0537267588078976
0.0522623807191849
0.0532179288566113
-0.0411322712898254
-0.0667478591203690
-0.0337861068546772
-0.0399105548858643
0.0518293417990208
0.0005942483549006
-0.0079511795192957
-0.0476848073303699
0.0047936467453837
0.0157447606325150
0.0078331055119634
0.0017314536962658
0.0384865067899227
-0.0274440888315439
-0.0614651404321194
-0.0584468655288219
0.0533769167959690
0.0685145184397697
0.0419191718101501
0.0157675314694643
-0.0147503213956952
-0.0103636877611279
-0.0412551201879978
-0.0151569945737720
0.0074476320296526
-0.0505081899464130
-0.0021721962839365
0.0371418111026287
0.0467884950339794
-0.0161153934895992
-0.0439090691506863
-0.0555442571640015
-0.0180594865232706
-0.0101068932563066
0.0097149033099413
0.0201980359852314
0.0155211640521884
0.0045974650420249
-0.0539097711443901
0.0172837004065514
-0.0368900150060654
0.0458987616002560
0.0474052578210831
-0.0200728587806225
0.0148546183481812
-0.0388059429824352
0.0298388581722975
0.0257014483213425
0.0188034772872925
-0.0544780753552914
0.0164578165858984
-0.0435667671263218
0.0410424657166004
0.0360074974596500
0.0370205454528332
-0.0218264982104301
0.0755678936839104
0.0006061228923500
-0.0254195183515549
-0.0426636077463627
0.0423947498202324
-0.0087479213252664
0.0663881897926331
0.0786644294857979
0.0765249356627464
-0.0020797520410269
-0.0188805591315031
-0.0589226335287094
0.0346364900469780
0.1009384691715240
0.0506124757230282
-0.0568255670368671
-0.0301358588039875
0.0367699787020683
0.0307940952479839
0.0400384925305843
-0.0538333840668201
-0.0697253197431564
-0.0296776462346315
-0.0514727123081684
-0.0471488758921623
0.0354712381958961
-0.0254108440130949
-0.0094791660085320
0.0607370734214783
-0.0378779545426369
0.0176736190915108
0.0146055584773421
0.0013724821619689
0.0410087257623672
0.0347975343465805
0.0592015422880650
-0.0374765656888485
0.0927461534738541
0.0742346420884132
0.0465034171938896
0.0120980422943830
-0.0212068390101194
0.0568542890250683
0.0629393160343170
0.0419896133244038
0.0081704352051020
0.0256667155772448
-0.0869963318109512
-0.0042322915978730
-0.0628625452518463
0.0296428389847279
-0.0227186586707830
-0.0058928173966706
0.0424700826406479
-0.0725433528423309
0.0265596359968185
0.0034623406827450
0.0495142936706543
-0.0408907383680344
0.0395803637802601
-0.0018850555643439
-0.0482623763382435
-0.0458778813481331
0.0326943695545197
-0.0327177606523037
0.0507618226110935
0.0521173067390919
-0.0396631136536598
-0.0402014926075935
-0.0541722476482391
-0.0600772686302662
-0.0463389083743095
-0.0460699349641800
0.0566524937748909
0.0497919470071793
0.0216752383857965
-0.0216671843081713
0.0076748714782298
-0.0270561426877975
-0.0460844412446022
-0.0283533148467541
0.0100403167307377
-0.0052673034369946
-0.0360599458217621
0.0141082881018519
0.0325771905481815
-0.0468983985483646
-0.0194166135042906
-0.0110625261440873
-0.0709748864173889
0.0771528035402298
0.0176792740821838
0.0227274894714355
0.0699455067515373
-0.0442895032465458
0.0598159544169903
-0.0556235164403915
0.0107518350705504
0.0157446879893541
-0.0762467458844185
-0.0402991995215416
0.0178829580545425
-0.0442736148834229
0.0144771775230765
0.0356966704130173
0.0105615751817822
-0.0461785867810249
0.0389912128448486
-0.0789720788598061
-0.0331057682633400
-0.0399359017610550
0.0116337211802602
-0.0034142592921853
0.0003309959429316
0.0086400313302875
-0.0407256074249744
0.0085185514762998
0.0332901068031788
0.0228014439344406
-0.0218814611434937
0.0702460408210754
-0.0325296185910702
0.0386289730668068
0.0392861068248749
-0.0519547984004021
0.0032100512180477
-0.0832225084304810
-0.0199214052408934
-0.0396065004169941
0.0563973300158978
0.0610095448791981
0.0277154240757227
0.0151104619726539
-0.0006980990874581
-0.0170006267726421
0.0345983915030956
-0.0486001074314117
0.0370336472988129
-0.0582053475081921
-0.0256572403013706
0.0090660434216261
-0.0373194962739944
-0.0435874089598656
0.0278903432190418
0.0379153527319431
0.0228400006890297
-0.0411994084715843
0.0026690969243646
0.0631672218441963
-0.0273722521960735
-0.0253345221281052
0.0275890398770571
-0.0005223112530075
-0.0235499851405621
-0.0666923075914383
0.0346103608608246
-0.0137540940195322
0.0938763394951820
0.0298671480268240
0.0421856828033924
-0.0371884778141975
-0.0552070215344429
-0.0509912855923176
-0.0654069930315018
0.0135815106332302
-0.0603876635432243
-0.0636329874396324
-0.0258449390530586
0.0673686489462852
-0.0558289736509323
0.0100316805765033
-0.0844007283449173
-0.0594471581280231
-0.0137602239847183
0.0460729487240314
-0.0219885557889938
-0.0256283897906542
-0.0160643998533487
-0.0623132213950157
0.0149953952059150
-0.0070847533643246
0.0531828626990318
-0.0704035386443138
0.0089584467932582
-0.0519742444157600
-0.0468737110495567
0.0573624260723591
0.0546214170753956
0.0301566366106272
-0.0070026004686952
-0.0476629547774792
0.0778615847229958
0.0140016358345747
-0.0418105088174343
0.0284764617681503
0.0432259961962700
-0.0564235597848892
0.0428724475204945
0.0426374562084675
0.0410764589905739
-0.0545537918806076
0.0791240483522415
0.0811507999897003
-0.0091772694140673
-0.0292791388928890
0.0295500718057156
-0.0524654313921928
0.0150946620851755
0.0174208953976631
0.0078456951305270
-0.0587007589638233
0.0019186390563846
-0.0447895154356956
-0.0028043852653354
0.0422699078917503
-0.0458965450525284
0.0323036275804043
-0.0261974539607763
-0.0059976819902658
0.0174574609845877
-0.0224305782467127
-0.0361176691949368
-0.0570835396647453
0.0648229643702507
-0.0179166216403246
-0.0698738172650337
0.0736016705632210
-0.0590493977069855
-0.0583675131201744
-0.0243557523936033
0.0365417338907719
-0.0374542362987995
0.0383496619760990
-0.0662401542067528
-0.0326765626668930
-0.0567131526768208
0.0652056187391281
0.0627795234322548
0.0426788665354252
0.0504944883286953
0.0188228692859411
0.0488555841147900
-0.0373161733150482
-0.0077462121844292
-0.0532879009842873
0.0126168485730886
-0.0684882327914238
0.0455154590308666
-0.0591856352984905
-0.0642217770218849
-0.0191240850836039
0.0542279221117496
0.0037083106581122
0.0810371711850166
-0.0512751899659634
-0.0067953867837787
0.0574283376336098
0.0732283294200897
-0.0080930078402162
-0.0116700194776058
0.0443181879818439
-0.0494567975401878
-0.0185494199395180
-0.0078972093760967
0.0265065804123878
-0.0428167544305325
0.0414118506014347
0.0024900962598622
-0.0203569717705250
0.0762864798307419
0.0318903736770153
-0.0161452013999224
0.0087680770084262
-0.0613019652664661
-0.0561012998223305
0.0282822940498590
-0.0238544736057520
0.0303376950323582
0.0487811155617237
-0.0696643814444542
0.0393398404121399
0.0379378311336040
0.0646759048104286
-0.0164200421422720
0.0309225562959909
-0.0881243571639061
0.0089330673217773
-0.0306411553174257
-0.0644569545984268
-0.0286360997706652
-0.0222031325101852
-0.0060926815494895
0.0193842034786940
0.0045260190963745
-0.0255251806229353
0.0113956509158015
-0.0555719658732414
-0.0413762368261814
0.0492364689707756
0.0262875016778708
0.0711869075894356
0.0314532630145550
-0.0311188213527203
0.0367979779839516
0.0727663263678551
0.0618323758244514
0.0252068843692541
-0.0252903290092945
0.0819322243332863
-0.0314451418817043
-0.0066859726794064
0.0635004267096519
-0.0019953239243478
-0.0533241108059883
0.0062509765848517
0.0269195139408112
-0.0263648051768541
-0.0475474931299686
0.0317102596163750
-0.0447255447506905
0.0328149907290936
0.0259412080049515
0.0482813455164433
-0.0916288122534752
0.0330083407461643
0.0199768375605345
0.0117510352283716
0.0110729653388262
-0.0072167697362602
0.0334368087351322
-0.0328961052000523
0.0455535203218460
0.0683031380176544
-0.0002393121103523
0.0156832393258810
-0.0409481078386307
0.0121414484456182
0.0795824304223061
0.0585084743797779
0.0272489320486784
-0.0521182194352150
-0.0103669585660100
0.0156590994447470
0.0347005277872086
0.0417205691337585
0.0569871850311756
-0.0448618046939373
-0.0504707694053650
-0.0604801625013351
-0.0035136614460498
-0.0450030229985714
-0.0459369532763958
-0.0166638512164354
0.0362734422087669
-0.0404270701110363
0.0108886631205678
0.0072036883793771
0.0166230946779251
0.0230044610798359
-0.0508791543543339
0.0249525904655457
-0.0445565544068813
0.0391070246696472
0.0345859341323376
0.0413037575781345
0.0343740098178387
0.0541080273687840
-0.0558977536857128
-0.0868394151329994
-0.0859669744968414
0.0379477068781853
0.0777153596282005
0.0115330396220088
-0.0456796288490295
0.0350895151495934
0.0274795033037663
