-0.0033452964853495
-0.0654483214020729
0.0038143454585224
-0.0749482512474060
-0.0130939027294517
0.0907643437385559
0.0880293548107147
-0.0316589362919331
0.0105402767658234
-0.0537580326199532
-0.1371718943119049
-0.0173714905977249
-0.1178042218089104
-0.0073968013748527
0.0238683559000492
-0.0125472731888294
-0.0672332867980003
-0.0544023476541042
0.0609532669186592
-0.1090508624911308
0.0059852688573301
0.0554525852203369
0.0338970050215721
0.0732291564345360
-0.0023600002750754
0.0961133316159248
0.0375898070633411
-0.1230813935399055
0.0344918034970760
-0.0534608997404575
0.0152298863977194
-0.0440454222261906
0.0273007433861494
0.0029617869295180
-0.1508259326219559
-0.0018581785261631
-0.0572420135140419
-0.0662928521633148
-0.0877334251999855
0.1045891568064690
0.0509844012558460
0.0725978836417198
0.0292834397405386
0.1566240787506104
0.0046217134222388
-0.0223791021853685
-0.0788543149828911
0.0565929785370827
0.0498554967343807
-0.0174947883933783
0.0313024446368217
0.0109849851578474
0.0122321536764503
-0.0796214491128922
0.0128745185211301
0.0636832714080811
0.0495079047977924
-0.0603268332779408
-0.0079115265980363
0.1105544939637184
0.0170764103531837
0.0736080706119537
0.0729623734951019
0.0352879278361797
-0.0544406771659851
0.0285877715796232
0.0704379156231880
0.0254960004240274
0.0242222379893064
0.0311785172671080
-0.0122434459626675
-0.0319870002567768
-0.0492038391530514
-0.0213212184607983
-0.0036620141472667
0.0716547816991806
0.0533320568501949
-0.0397762432694435
-0.0182190667837858
-0.1089975610375404
-0.0368758998811245
-0.0982798486948013
-0.0857436582446098
0.1238439306616783
-0.0733676180243492
-0.0977560579776764
-0.0633014887571335
0.0020842449739575
-0.1000624299049377
0.0261973831802607
-0.0447692498564720
0.0470365472137928
0.0384865626692772
0.0800535306334496
-0.0206372383981943
0.0888818204402924
-0.0433902889490128
0.0065863118506968
-0.0856324508786201
0.0698078870773315
0.0080647291615605
-0.0137171102687716
0.0001547161809867
0.1000443696975708
-0.0909504890441895
-0.0312665179371834
-0.0176312886178493
-0.1409224569797516
-0.0213125403970480
-0.0520555973052979
-0.0510949268937111
-0.0593705810606480
0.0654999986290932
-0.0220566019415855
-0.0280844159424305
0.0487357936799526
0.0573368817567825
-0.0691633746027946
-0.0574972033500671
0.0892122015357018
-0.0142420856282115
0.0871272757649422
-0.1114815175533295
0.0075999423861504
0.0824835002422333
-0.0115900570526719
-0.0133778713643551
0.0102279791608453
0.0159849096089602
0.0790956467390060
-0.0262177083641291
-0.0008223934564739
0.1098957732319832
-0.1157322749495506
-0.0409542992711067
0.0321999378502369
-0.0090402662754059
0.0241271592676640
0.0437287837266922
-0.0269634798169136
-0.0204139426350594
-0.0706366375088692
0.0225425288081169
0.0190448164939880
0.0004882550856564
-0.0154596138745546
-0.0225610490888357
0.0288068540394306
-0.0019040384795517
-0.0943680182099342
-0.0222274139523506
0.0933011844754219
0.0185126401484013
0.0138386040925980
0.0129767023026943
0.0473865307867527
0.0395774096250534
0.0395716316998005
-0.0121492538601160
-0.0303380414843559
0.0091030392795801
0.0828026682138443
-0.0759092420339584
-0.0389846265316010
-0.0861948356032372
-0.0327514633536339
-0.0520731769502163
-0.0439403504133224
-0.0743331909179688
-0.0752304941415787
0.0014577915426344
-0.0133321108296514
-0.1389338970184326
-0.0080405632033944
0.0406778044998646
0.0349588058888912
0.0127785000950098
0.0765509083867073
0.0281087085604668
-0.1278444230556488
0.0100329555571079
-0.0114290053024888
-0.0699973851442337
0.1113439649343491
-0.0096502471715212
-0.0549346506595612
0.0538570135831833
-0.0406310595571995
-0.0218797810375690
0.0534189157187939
0.0365950688719749
-0.1201336532831192
0.0911237299442291
-0.0976124629378319
0.0694480240345001
-0.0390798673033714
-0.0491475500166416
0.0623288042843342
-0.1149759590625763
0.0385165810585022
0.0654979124665260
-0.1122212260961533
-0.0935848802328110
-0.0721103996038437
-0.0714108645915985
0.0806953832507133
0.0406035520136356
0.0450231321156025
0.0031006406061351
0.0252609923481941
-0.0468163564801216
-0.1140697896480560
0.0464396253228188
-0.0414746068418026
-0.0314282439649105
0.0117302276194096
0.0357224829494953
0.1118346452713013
-0.0540457330644131
0.0793953388929367
-0.0133971879258752
0.0595937855541706
-0.0429868400096893
0.0880350619554520
-0.0390628464519978
0.0224421098828316
-0.0054082996211946
0.0040167924016714
0.0561573840677738
0.1125492155551910
0.0539375580847263
0.0862447395920753
-0.0269709043204784
-0.1307179331779480
-0.0342130288481712
-0.0098453760147095
-0.1248394772410393
0.0392326787114143
-0.0010751652298495
0.0652353987097740
-0.0814536139369011
0.0916237756609917
-0.0906893685460091
-0.0465888231992722
-0.0887022167444229
0.0209849216043949
-0.1422949582338333
0.0267608743160963
-0.0096294684335589
0.0496871173381805
0.0550757087767124
-0.0351535230875015
0.0085536446422338
0.0157857052981853
-0.1014868170022964
-0.0712296664714813
-0.0092880129814148
-0.0037606391124427
-0.0540124736726284
-0.0069259852170944
0.0863013193011284
-0.2050231993198395
0.1020886376500130
0.1139113977551460
-0.0507504753768444
-0.0022938339971006
-0.1308632642030716
0.0982559397816658
0.0450684539973736
0.0015995663125068
-0.0481627434492111
0.0545587651431561
-0.2271411865949631
-0.0065523157827556
0.1656939238309860
-0.2167622298002243
-0.1485462486743927
-0.0008783804951236
0.0291029326617718
-0.1341742873191833
-0.0708988830447197
-0.1031271517276764
-0.1568611264228821
-0.2428938448429108
-0.0542712919414043
-0.0501308478415012
0.0877327099442482
-0.0231291279196739
-0.0447478629648685
-0.0521033778786659
-0.1887696683406830
0.0334684066474438
0.1569879949092865
-0.0396995618939400
-0.1098477616906166
-0.1841354668140411
-0.0774317905306816
0.0903777107596397
-0.0977193862199783
-0.1108730137348175
-0.0664162188768387
0.0570446811616421
0.1593628525733948
-0.2834627628326416
-0.0827107578516006
0.1909832954406738
-0.0656047239899635
0.1404994577169418
-0.0244092736393213
-0.1427582502365112
-0.0746427327394485
-0.1961375772953033
0.0954821631312370
0.0373258329927921
-0.0521912947297096
0.0159092787653208
0.1779403537511826
0.3434102833271027
0.1254703253507614
-0.1820212900638580
0.0200425200164318
-0.0421391390264034
0.0189637672156096
0.0817987099289894
0.0252791140228510
-0.0763937830924988
-0.0464044995605946
0.0142456460744143
-0.0616112910211086
0.0547138527035713
-0.0084298783913255
-0.0934373363852501
0.0131170712411404
0.0109520368278027
-0.0149340322241187
0.0360265411436558
-0.0729345306754112
0.0325261354446411
0.0341599769890308
-0.0775015801191330
-0.0404310673475266
0.0913666486740112
0.0320695340633392
-0.0542977750301361
0.0109934518113732
-0.0524176172912121
-0.0303504858165979
-0.0353497005999088
0.0305050797760487
0.0458313524723053
-0.0139237623661757
0.0642966777086258
0.0917406007647514
0.0385615117847919
0.0112493811175227
-0.0368524156510830
-0.0172810368239880
0.0500797964632511
0.0539380051195621
-0.0313585698604584
0.0169760994613171
-0.0695501565933228
0.0256046205759048
-0.0807547792792320
-0.0532666780054569
-0.0402777530252934
0.0379891656339169
0.0677069202065468
0.0471913367509842
-0.0284123420715332
-0.0517510510981083
-0.0102957235649228
0.0433660857379436
0.0262227840721607
-0.0873545259237289
0.0005863852566108
0.0378978624939919
-0.0206393599510193
-0.0768503174185753
0.0353077985346317
0.0692567899823189
-0.0786428451538086
-0.0229676142334938
0.0398393608629704
-0.0762832313776016
-0.0466298051178455
0.0813593268394470
-0.0531143844127655
0.0691735446453094
-0.0190912019461393
0.0046484274789691
-0.0591854378581047
-0.1139356493949890
0.0298532992601395
-0.0095095317810774
0.0492296367883682
-0.0561796650290489
0.0711546689271927
0.0677273795008659
0.0221108235418797
-0.0598764754831791
-0.0873539820313454
-0.0088520003482699
-0.0185362175107002
0.0554019510746002
0.0106104938313365
-0.0156907141208649
-0.0395158194005489
0.0447159931063652
-0.0040199994109571
-0.0091627389192581
0.0414771437644958
0.0295231379568577
-0.0279443003237247
-0.0598777309060097
-0.0350575111806393
0.0648050382733345
0.0476256720721722
0.0600878074765205
0.0495044849812984
-0.0045048194006085
-0.0168118812143803
-0.0446261353790760
0.0152618680149317
-0.0254601277410984
-0.0163297764956951
-0.0275855511426926
0.0481343641877174
0.0476695038378239
-0.0273507758975029
-0.0747549757361412
-0.0693471878767014
-0.0161147136241198
-0.0432086698710918
0.0100068477913737
0.0468319952487946
0.0253662820905447
0.0087013980373740
-0.0468818135559559
0.0290625225752592
-0.0402554385364056
0.0473578274250031
0.0347992219030857
-0.0331953503191471
0.0374822616577148
-0.0396278016269207
0.0026758876629174
0.0320010259747505
0.0494076348841190
-0.0170858427882195
0.0250590443611145
-0.0474245585501194
0.0527484156191349
0.0292663704603910
0.0030530553776771
0.0166529640555382
0.0625786855816841
0.0206130426377058
-0.0243966914713383
-0.0329264849424362
0.0485284999012947
0.0141430394724011
0.0664609074592590
0.0794063434004784
0.0657828897237778
-0.0163599662482738
-0.0115980161353946
-0.0967673808336258
0.0573590695858002
0.0982825160026550
0.0595887787640095
-0.0534551367163658
-0.0237904172390699
0.0700257346034050
0.0367036573588848
0.0280494429171085
-0.0823547542095184
-0.0281398296356201
0.0037517754826695
-0.0496880561113358
-0.0488584637641907
0.0135974949225783
-0.0092696798965335
0.0022999597713351
0.0570974536240101
-0.0232856087386608
0.0356539413332939
0.0366211794316769
-0.0347959548234940
0.0459053926169872
0.0245351660996675
0.0683324784040451
-0.0209989827126265
0.1209566444158554
0.0406435169279575
0.0504443906247616
0.0200967025011778
-0.0263054519891739
0.0560743808746338
0.0576263479888439
0.0888543352484703
0.0003286952269264
0.0083706490695477
-0.0501571223139763
-0.0146793015301228
-0.0262634716928005
-0.0082950619980693
-0.0540344156324863
-0.0152918165549636
0.0225706230849028
-0.0643118470907211
0.0199163742363453
0.0255555193871260
0.0380146093666553
-0.0522051714360714
0.0345358476042747
-0.0134627874940634
-0.0893987640738487
-0.0766261518001556
0.0305669847875834
-0.0129831256344914
0.0535968951880932
0.0534939430654049
-0.0421759225428104
-0.0647354274988174
-0.0580703504383564
-0.0546143539249897
-0.0263805966824293
-0.0294852834194899
0.0562219098210335
0.0597641989588737
0.0372156761586666
0.0159263443201780
-0.0110160261392593
0.0134807778522372
-0.0592964403331280
-0.0161612629890442
0.0529021807014942
0.0038692462258041
-0.0249854736030102
0.0305687654763460
0.0297969784587622
-0.0024822894483805
-0.0152631541714072
-0.0263723731040955
-0.0735455080866814
0.0495580099523067
-0.0209250729531050
0.0317047834396362
0.0618391185998917
-0.0460087470710278
0.0782753601670265
-0.0567676611244678
0.0077629634179175
0.0422993600368500
-0.0658290460705757
-0.0340659879148006
0.0398975946009159
-0.0514334328472614
-0.0031504968646914
-0.0114993937313557
0.0226107407361269
-0.0608389340341091
0.0467840209603310
-0.0575883127748966
-0.0562508367002010
-0.0270701143890619
0.0070550302043557
0.0103928893804550
-0.0116074029356241
-0.0214082542806864
-0.0247745309025049
0.0283065587282181
0.0373985692858696
0.0228354837745428
-0.0489721298217773
0.0614482425153255
0.0026374240405858
0.0251814406365156
0.0630459785461426
-0.0329052880406380
0.0116134332492948
-0.0748158022761345
-0.0268798768520355
-0.0458443090319633
0.0868907347321510
0.0931682810187340
0.0107156662270427
-0.0012996824225411
-0.0321543700993061
0.0116273639723659
0.0229389350861311
-0.0080287652090192
0.0424728207290173
-0.0441760309040546
0.0120725492015481
0.0205822680145502
-0.0227308832108974
0.0041583417914808
0.0312573909759521
0.0535911358892918
0.0252198893576860
-0.0378978438675404
0.0094907190650702
0.0445556342601776
-0.0272623971104622
-0.0342551916837692
0.0229241810739040
0.0171997155994177
0.0139730200171471
-0.0402936488389969
0.0012067968491465
-0.0064466246403754
0.0501619540154934
-0.0079044271260500
0.0629902854561806
-0.0441779047250748
-0.0438552200794220
0.0050511788576841
-0.0850871354341507
0.0200952272862196
-0.0484868735074997
-0.0822573527693748
-0.0288034882396460
0.0593038462102413
-0.0539919435977936
0.0177379827946424
-0.0856945291161537
-0.0299645606428385
0.0250343289226294
0.0305801536887884
-0.0341959297657013
-0.0247360598295927
-0.0083189234137535
-0.0568350702524185
0.0274670682847500
0.0020290645770729
0.0286441817879677
-0.0587560012936592
0.0448505282402039
-0.0499897450208664
-0.0659941881895065
0.0581119470298290
0.0410396866500378
0.0396391376852989
-0.0192376803606749
-0.0421875752508640
0.0943292230367661
0.0143702384084463
-0.0554315261542797
0.0243498943746090
0.0466967821121216
-0.0513360314071178
0.0443772971630096
0.0180842056870461
0.0298923682421446
-0.0297953281551600
0.0616205371916294
0.0411357507109642
0.0049789622426033
-0.0039953747764230
0.0527711249887943
-0.0659443438053131
0.0097313495352864
0.0174186751246452
0.0198714416474104
-0.0283844713121653
0.0134841268882155
-0.0919212326407433
-0.0158874057233334
0.0427352190017700
-0.0575144849717617
0.0147494981065392
0.0128992907702923
0.0373544469475746
0.0239955279976130
-0.0214508585631847
-0.0830344781279564
-0.0676691457629204
0.0505382046103477
0.0007656718953513
-0.0623370446264744
0.0439009591937065
-0.0621121563017368
-0.0348281264305115
-0.0490628816187382
0.0098439902067184
-0.0396767780184746
0.0178785957396030
-0.0417810417711735
-0.0359928756952286
-0.0685137808322906
0.0531514286994934
0.0463463254272938
0.0374284721910954
0.0429299399256706
0.0296595897525549
0.0619082935154438
-0.0255528278648853
0.0175342485308647
-0.0520368590950966
0.0326148867607117
-0.0496352910995483
0.0503993518650532
-0.0564412809908390
-0.0556277409195900
-0.0485691912472248
0.0596843734383583
-0.0004987278953195
0.0784015730023384
-0.0343390703201294
0.0077662826515734
0.0489603318274021
0.0507491268217564
-0.0222926642745733
0.0018114342819899
0.0390899032354355
-0.0372543074190617
-0.0304883606731892
-0.0258681531995535
0.0168059114366770
-0.0476905517280102
0.0147923482581973
-0.0306026898324490
-0.0310567803680897
0.0653999671339989
0.0381520725786686
-0.0265562832355499
-0.0049195028841496
-0.0805834233760834
-0.0651113539934158
0.0051836133934557
-0.0553788542747498
-0.0055147670209408
0.0336180515587330
-0.0277356207370758
0.0324923135340214
-0.0070893843658268
0.0469933599233627
0.0026335236616433
0.0298868492245674
-0.0625598877668381
0.0154461106285453
-0.0305817499756813
-0.0516146495938301
-0.0209097787737846
-0.0275708436965942
-0.0184459406882524
0.0060584754683077
-0.0110648050904274
-0.0261412095278502
-0.0143938725814223
-0.0517080873250961
-0.0849997922778130
0.0399590544402599
0.0206844471395016
0.0452990010380745
0.0279189962893724
-0.0160382688045502
0.0201558154076338
0.0706793889403343
0.0842840448021889
0.0112335411831737
-0.0402907654643059
0.0598917640745640
-0.0563827082514763
0.0185554344207048
0.0612459555268288
-0.0122542874887586
-0.0334924571216106
0.0201547276228666
0.0198222491890192
-0.0143000530079007
-0.0459468364715576
0.0216382332146168
-0.0524723529815674
0.0324827805161476
0.0062676034867764
0.0201347414404154
-0.0823626369237900
0.0362592115998268
-0.0236865244805813
-0.0012595769949257
0.0181919392198324
-0.0067137279547751
0.0220996644347906
-0.0156294722110033
0.0385456867516041
0.0585019700229168
-0.0108227934688330
0.0138357682153583
-0.0552478693425655
0.0412961505353451
0.0742815062403679
0.0308912061154842
0.0288088656961918
-0.0758153796195984
-0.0039099976420403
0.0411993749439716
0.0102420896291733
0.0613379776477814
0.0501313842833042
-0.0451372787356377
-0.0373998209834099
-0.0488892123103142
0.0340302288532257
-0.0225795023143291
-0.0335042402148247
-0.0041018817573786
0.0246798899024725
-0.0640060678124428
0.0099642025306821
0.0123092457652092
0.0462374426424503
-0.0077880746684968
-0.0313855893909931
0.0612989217042923
-0.0387197360396385
0.0516171194612980
0.0385433658957481
0.0160071719437838
0.0529519617557526
0.0250847842544317
-0.0313859358429909
-0.0818618535995483
-0.0615789741277695
0.0372828505933285
0.0585573874413967
-0.0118717439472675
-0.0590368956327438
0.0432715117931366
0.0302633941173553
