-0.0221215654164553
-0.0245026703923941
-0.0207985043525696
-0.0780368223786354
0.0147009529173374
0.1113363206386566
0.0955205038189888
-0.0597399473190308
-0.0158686898648739
-0.0170050747692585
-0.1154556199908257
-0.0492682605981827
-0.1317233443260193
-0.0548109412193298
0.0042867157608271
-0.0099962363019586
-0.0478365682065487
-0.0273300241678953
0.0783189609646797
-0.0498989447951317
0.0011066523147747
-0.0117579270154238
0.0320121869444847
0.0310297310352325
-0.0038897397462279
0.0987006202340126
0.0641014128923416
-0.1233322918415070
-0.0005223136395216
0.0125027941539884
-0.0171899199485779
-0.0704566910862923
0.0234689209610224
-0.0548644252121449
-0.1635194122791290
-0.0159740429371595
-0.0771375074982643
-0.0483554154634476
-0.0770214498043060
0.0524862930178642
0.0729396715760231
0.1206332966685295
0.0110546741634607
0.1381394714117050
0.0117554822936654
-0.0111941173672676
-0.0816077739000320
0.0768818259239197
0.0525776334106922
-0.0641087740659714
0.0430167093873024
0.0619841478765011
0.0538705773651600
-0.1033346429467201
0.0230861250311136
0.0806873962283134
0.0453006811439991
-0.0095288408920169
0.0508603230118752
0.1380429416894913
0.0488117337226868
0.0747565627098083
0.0232925023883581
0.0223638899624348
-0.0470475330948830
-0.0076448288746178
0.0528116375207901
0.0692002251744270
0.0076742954552174
0.0307110790163279
0.0011427717981860
-0.0624729394912720
-0.0265405047684908
-0.0743701606988907
0.0638853833079338
0.0796027928590775
0.0371010825037956
-0.0575882643461227
0.0121205607429147
-0.0420452803373337
-0.0693886652588844
-0.0580555982887745
-0.0881497710943222
0.1304990202188492
-0.0895023047924042
-0.1024215817451477
-0.0367424413561821
0.0656532645225525
-0.0549940019845963
0.0199490953236818
-0.0196732431650162
0.0302732829004526
0.0530395172536373
0.0368480570614338
-0.0066878395155072
0.0773450955748558
-0.0165769737213850
0.0288597121834755
-0.1002765297889709
0.1046843752264977
0.0299795065075159
-0.0159248560667038
0.0516851879656315
0.0729161649942398
-0.1458199322223663
-0.0070967692881823
-0.0638830885291100
-0.1167177557945251
0.0062690316699445
-0.0592604205012321
-0.0462647937238216
-0.0582954697310925
-0.0088472124189138
-0.0442131534218788
-0.0918429642915726
0.0107716806232929
-0.0291594043374062
-0.0395052544772625
-0.0544776543974876
0.1079970598220825
0.0150728458538651
0.0998059213161469
-0.0772572457790375
0.0056899068877101
0.0288232155144215
-0.0622285865247250
-0.0035599297843874
0.0638279169797897
0.0558096170425415
0.0474571958184242
0.0090707670897245
0.0010981066152453
0.1055887266993523
-0.1618012338876724
-0.0600288249552250
0.0166265051811934
0.0067767100408673
0.0378166213631630
0.0296355914324522
-0.0465996675193310
-0.0467644333839417
-0.0707282647490501
0.0192827340215445
-0.0099223339930177
0.0337629355490208
-0.0201322026550770
-0.0022052158601582
0.0484799258410931
-0.0279014222323895
-0.0618737153708935
0.0378504320979118
0.0811015889048576
0.0245689079165459
0.0293001588433981
0.0521837808191776
0.0242285002022982
0.0079704085364938
0.0760827809572220
-0.0360788218677044
-0.0158284511417150
-0.0282907038927078
0.1358207762241364
-0.0813618898391724
0.0207752734422684
-0.0759318247437477
-0.0744704678654671
-0.0026939085219055
-0.0741382390260696
0.0031189436558634
-0.0628608912229538
-0.0097448164597154
-0.0128846978768706
-0.0862810313701630
0.0763264298439026
0.0946372076869011
0.0178908016532660
-0.0726905912160873
0.0270753726363182
-0.0298101454973221
-0.0993763580918312
0.0107798036187887
-0.0146025558933616
-0.1001661047339439
0.0949412509799004
-0.0131300743669271
-0.0623532235622406
0.0540407374501228
-0.0762368068099022
0.0230939984321594
0.0382303111255169
0.0405704230070114
-0.1043110117316246
0.1028184890747070
-0.0516962520778179
0.0699196234345436
-0.0236514862626791
-0.0488908998668194
0.0390963517129421
-0.1382056027650833
0.0775002762675285
0.0671656951308250
-0.1142071336507797
-0.0698032230138779
-0.0075308638624847
-0.0475009307265282
-0.0008550650090910
-0.0309109874069691
-0.0011464731069282
-0.0246308837085962
0.0415665395557880
-0.0525472909212112
-0.1205248013138771
0.0192821323871613
-0.0172923579812050
0.0326150991022587
0.0435630679130554
0.0449760258197784
0.1006444990634918
-0.0284380260854959
0.0291698947548866
0.0382088944315910
0.0505530573427677
0.0158820021897554
0.0747236236929893
0.0090847657993436
-0.0004666431923397
-0.0577596426010132
-0.0042663351632655
0.1237893328070641
0.0984963253140450
0.0667946785688400
0.0693479627370834
-0.0189973488450050
-0.0790785029530525
-0.0398771129548550
-0.0178480893373489
-0.0703454464673996
0.0782106816768646
-0.0495660454034805
0.0737986043095589
-0.0201798677444458
0.0715918689966202
-0.0823975205421448
-0.0447536259889603
-0.1177976801991463
0.0582581572234631
-0.1307923942804337
0.0327492766082287
0.0127866780385375
0.0955971851944923
0.0395851992070675
0.0053489776328206
0.0003504435590003
-0.0421255640685558
-0.0742373839020729
0.0113093294203281
0.0354876890778542
0.0960249230265617
-0.1474019587039948
0.0403994098305702
0.0879527404904366
-0.0983707159757614
-0.0268202032893896
0.1614198833703995
0.0527569651603699
0.0302569214254618
-0.1238025724887848
-0.0260285418480635
0.0879385769367218
0.1017370298504829
-0.2231618911027908
-0.0200803913176060
-0.3052586913108826
0.1645659357309341
0.1113982424139977
-0.1612015068531036
-0.0767119005322456
0.0690866485238075
0.0905935093760490
-0.0777832716703415
-0.0763672143220901
-0.0319514237344265
-0.1388080567121506
-0.2090221196413040
-0.1383128911256790
-0.0523506738245487
-0.0140455430373549
0.0580744296312332
-0.1012695133686066
-0.0468874312937260
-0.2267845571041107
0.0844025760889053
0.0779398903250694
-0.0570154413580894
-0.0429007038474083
-0.0616933740675449
0.1195143982768059
0.1225916296243668
-0.0741233304142952
0.0665950924158096
0.0919736176729202
-0.0476504229009151
0.0477204248309135
-0.3959979414939880
-0.1395283639431000
0.0471764802932739
-0.0468596518039703
0.0191186591982841
-0.0789558514952660
0.0120147392153740
-0.1105643287301064
-0.1484954357147217
0.0831308960914612
0.0164682585746050
-0.1087913364171982
0.0261396821588278
0.0552465654909611
0.3885608911514282
0.0610699765384197
-0.1331872195005417
0.0088650919497013
-0.0405083484947681
-0.0046661985106766
0.0841620862483978
0.0289747379720211
-0.0693213418126106
-0.0326909236609936
0.0152380475774407
-0.0466157421469688
0.0360721014440060
0.0061748423613608
-0.0733719542622566
0.0165020078420639
0.0129321552813053
-0.0013036652235314
0.0379772745072842
-0.0761493965983391
0.0261421371251345
0.0453418307006359
-0.0968827828764915
-0.0255038086324930
0.0703889951109886
0.0414001680910587
-0.0525564961135387
0.0145937306806445
-0.0708402842283249
-0.0456295646727085
-0.0458728671073914
0.0559050999581814
0.0249616112560034
-0.0023945015855134
0.0549892373383045
0.0722929015755653
0.0445977523922920
0.0009064785554074
-0.0313675180077553
-0.0279958490282297
0.0448637753725052
0.0203779079020023
-0.0259216967970133
-0.0018232413567603
-0.0891293808817863
0.0112165519967675
-0.0504516996443272
-0.0335680879652500
-0.0309376567602158
0.0107745854184031
0.0381771773099899
0.0227156784385443
-0.0414974540472031
-0.0433822609484196
-0.0162295233458281
0.0242186132818460
0.0318179503083229
-0.0696143954992294
0.0005413946928456
0.0300639402121305
0.0148914149031043
-0.1008211597800255
0.0361791364848614
0.0308546107262373
-0.0879154875874519
-0.0276018381118774
0.0429964363574982
-0.0706037431955338
-0.0560272336006165
0.0989384129643440
-0.0579505525529385
0.0847164615988731
-0.0296783037483692
0.0130915790796280
-0.0507555529475212
-0.0965727269649506
-0.0008498300448991
-0.0058180512860417
0.0716902092099190
-0.0536671169102192
0.0511213988065720
0.0462244637310505
0.0275801792740822
-0.0601579062640667
-0.1053175702691078
-0.0261364914476871
-0.0167163237929344
0.0460421182215214
-0.0104149561375380
-0.0184738840907812
-0.0493354164063931
0.0308979693800211
0.0061598191969097
-0.0112089924514294
0.0504280999302864
0.0518119893968105
-0.0184889193624258
-0.0576148629188538
-0.0326391533017159
0.0549155026674271
0.0312155373394489
0.0633010193705559
0.0261753071099520
-0.0032723706681281
-0.0347765460610390
-0.0363091230392456
0.0063569829799235
-0.0233379732817411
-0.0146816037595272
-0.0078080794773996
0.0414776206016541
0.0340839549899101
0.0004742840537801
-0.0589045211672783
-0.0550912469625473
-0.0302960854023695
-0.0098041333258152
0.0137073416262865
0.0287998411804438
0.0548151805996895
-0.0258953794836998
-0.0459939315915108
0.0247814692556858
-0.0477247573435307
0.0295654498040676
0.0368809513747692
-0.0300495047122240
0.0336988344788551
-0.0282158199697733
0.0063004815019667
0.0068262540735304
0.0290051661431789
-0.0443950295448303
-0.0067666270770133
-0.0281909927725792
0.0587698332965374
0.0410495884716511
0.0107677960768342
-0.0245884191244841
0.0749124139547348
-0.0062040491029620
-0.0331532023847103
-0.0552454739809036
0.0449401624500751
0.0258549172431231
0.0547385700047016
0.0535719580948353
0.0725102648139000
-0.0014993207296357
-0.0329764261841774
-0.0794007554650307
0.0801072642207146
0.1004934906959534
0.0576921477913857
-0.0559202618896961
-0.0044189547188580
0.0436475723981857
0.0301249455660582
0.0547709725797176
-0.0740826800465584
-0.0239477083086967
-0.0316548757255077
-0.0506621934473515
-0.0532912649214268
0.0053528817370534
-0.0137080801650882
0.0105652231723070
0.0615535043179989
-0.0398411825299263
0.0206071250140667
0.0261287130415440
-0.0016943203518167
0.0529128387570381
0.0583147443830967
0.0674597844481468
-0.0526403486728668
0.1027114316821098
0.0284163784235716
0.0407604910433292
0.0139108132570982
-0.0421939529478550
0.0500996224582195
0.0695784240961075
0.0503454059362411
0.0007775970152579
0.0223817378282547
-0.0783021971583366
-0.0271782372146845
-0.0163816716521978
0.0016459762118757
-0.0298540387302637
-0.0007526926347055
0.0150185087695718
-0.0668617784976959
0.0141274910420179
0.0267349332571030
0.0292437020689249
-0.0221358668059111
0.0450491979718208
-0.0159544367343187
-0.0838371440768242
-0.0442049019038677
0.0395935848355293
-0.0156324394047260
0.0542545318603516
0.0673202946782112
-0.0565284192562103
-0.0312728323042393
-0.0656872540712357
-0.0737641453742981
-0.0534938238561153
-0.0446851924061775
0.0530948154628277
0.0470563322305679
0.0069940253160894
0.0190971139818430
-0.0157218649983406
-0.0007788697839715
-0.0642663687467575
-0.0176164172589779
0.0389458984136581
-0.0122325075790286
-0.0380400344729424
0.0066027017310262
0.0311251841485500
-0.0293795801699162
0.0072528622113168
-0.0247627478092909
-0.0603796318173409
0.0560211054980755
-0.0137965260073543
0.0219694282859564
0.0768065825104713
-0.0440071076154709
0.0680752843618393
-0.0700032040476799
-0.0095591414719820
0.0422587394714355
-0.0780278220772743
-0.0512447766959667
0.0121322972700000
-0.0461149662733078
0.0094642518088222
-0.0093468986451626
0.0337159559130669
-0.0473971255123615
0.0437653027474880
-0.0526991412043571
-0.0628377646207809
-0.0256707612425089
0.0196702312678099
-0.0151848001405597
-0.0121341319754720
-0.0201382245868444
-0.0171389989554882
0.0313917696475983
0.0357215441763401
0.0075107761658728
-0.0430925376713276
0.0321762301027775
-0.0186619590967894
0.0303181447088718
0.0465657301247120
-0.0323445238173008
0.0347983948886395
-0.0865913778543472
0.0043886811472476
-0.0192161872982979
0.0807721391320229
0.0591364540159702
0.0184600036591291
0.0053819809108973
-0.0173792801797390
0.0212298948317766
0.0130341136828065
-0.0346739739179611
0.0519654825329781
-0.0559641607105732
-0.0026433458551764
0.0024792563635856
-0.0486164540052414
-0.0171729158610106
0.0368792451918125
0.0571168884634972
-0.0038269141223282
-0.0324629731476307
0.0046535287983716
0.0654531866312027
-0.0289290118962526
-0.0235198754817247
0.0428532660007477
-0.0164810325950384
0.0144648253917694
-0.0584352463483810
0.0269641764461994
0.0147850159555674
0.0830208957195282
0.0226257033646107
0.0576700642704964
-0.0289453938603401
-0.0557449944317341
-0.0136323673650622
-0.0662925094366074
-0.0144797675311565
-0.0656407251954079
-0.0863651111721992
-0.0155110303312540
0.0587853826582432
-0.0712107867002487
-0.0011828215792775
-0.0848709121346474
-0.0550582557916641
0.0041368505917490
0.0316441878676414
-0.0411039106547832
0.0015695997281000
-0.0139150731265545
-0.0345462784171104
0.0039525674656034
-0.0163283757865429
0.0345258712768555
-0.0609243139624596
0.0286151934415102
-0.0602139383554459
-0.0308717954903841
0.0440614819526672
0.0380141250789165
0.0174570567905903
-0.0235613137483597
-0.0377103723585606
0.0937216803431511
0.0179619379341602
-0.0595972575247288
0.0123196039348841
0.0397245436906815
-0.0679285079240799
0.0457621701061726
0.0120631633326411
0.0283106807619333
-0.0476200208067894
0.0561168082058430
0.0424848012626171
-0.0208366625010967
0.0091349836438894
0.0317185781896114
-0.0501704886555672
0.0058395052328706
0.0516940206289291
0.0407063104212284
-0.0514403097331524
0.0122283371165395
-0.0800973996520042
0.0215164944529533
0.0330622643232346
-0.0420779734849930
0.0300527662038803
0.0039892359636724
0.0063854465261102
0.0249214284121990
-0.0279977936297655
-0.0532096698880196
-0.0535922273993492
0.0610500015318394
-0.0167245343327522
-0.0644730031490326
0.0464499033987522
-0.0259720869362354
-0.0490078181028366
-0.0480806007981300
0.0241726059466600
-0.0330010056495667
0.0252796784043312
-0.0394403226673603
-0.0182079486548901
-0.0591974481940269
0.0579414367675781
0.0665384903550148
0.0147137781605124
0.0331681668758392
0.0289077628403902
0.0474197268486023
-0.0361221395432949
0.0039448682218790
-0.0687927976250648
0.0136040234938264
-0.0859481170773506
0.0562869533896446
-0.0691707432270050
-0.0613807179033756
-0.0312460735440254
0.0595661476254463
-0.0100091211497784
0.0854068621993065
-0.0370583571493626
-0.0178444497287273
0.0564058572053909
0.0816120579838753
-0.0228759422898293
0.0041392152197659
0.0625937730073929
-0.0423016101121902
-0.0336425267159939
-0.0529450923204422
0.0090373177081347
-0.0516575612127781
0.0129901887848973
-0.0055562253110111
-0.0299658551812172
0.0919426158070564
0.0838303267955780
-0.0296231564134359
0.0285907275974751
-0.0839538723230362
-0.0607028715312481
0.0545279942452908
-0.0459562242031097
0.0022846928332001
0.0307882614433765
-0.0570707879960537
0.0132008204236627
0.0340807288885117
0.0637574940919876
-0.0375943444669247
0.0269230231642723
-0.0584258772432804
0.0233468115329742
-0.0454236008226871
-0.0338737592101097
-0.0376125462353230
-0.0330538898706436
-0.0187563151121140
0.0011984354350716
-0.0032319398596883
-0.0167249981313944
-0.0022145819384605
-0.0457795374095440
-0.0638490542769432
0.0565828718245029
0.0128053296357393
0.0646970048546791
-0.0000797271713964
-0.0120745887979865
0.0158727299422026
0.0462538972496986
0.0821352228522301
0.0271521937102079
-0.0254511851817369
0.0367770530283451
-0.0509128011763096
0.0270302910357714
0.0666944161057472
-0.0109962439164519
-0.0526751913130283
0.0029970263130963
0.0207323096692562
-0.0308922771364450
-0.0497617982327938
0.0241115614771843
-0.0353580750524998
0.0411855578422546
0.0063455286435783
0.0478780269622803
-0.0811709389090538
0.0301011856645346
0.0002927048190031
0.0340439565479755
-0.0020241825841367
-0.0010154418414459
0.0138275679200888
-0.0372272208333015
0.0477873757481575
0.0631632357835770
0.0238004177808762
0.0023946957662702
-0.0297503694891930
0.0218508969992399
0.0812026113271713
0.0437253750860691
0.0176501460373402
-0.0646624118089676
-0.0284134615212679
0.0258670412003994
0.0019551611039788
0.0612842515110970
0.0655057579278946
-0.0670908838510513
-0.0653468891978264
-0.0612381547689438
0.0192705430090427
-0.0508954413235188
-0.0406750552356243
0.0034121912904084
0.0495967417955399
-0.0612143352627754
0.0121477944776416
0.0027321979869157
0.0445314384996891
-0.0197521205991507
-0.0495485663414001
0.0582553036510944
-0.0338160954415798
0.0585123412311077
0.0488774590194225
0.0294953212141991
0.0461750254034996
0.0158902034163475
-0.0630198121070862
-0.0723915398120880
-0.0601662956178188
0.0316730774939060
0.0718014463782310
-0.0011153013911098
-0.0637486055493355
0.0374440103769302
0.0268636532127857
