-0.0416825562715530
-0.0602065287530422
0.0798877030611038
-0.0158367604017258
0.0555594563484192
0.0888454839587212
0.1024510487914085
-0.0486624762415886
0.0441489629447460
-0.0028249241877347
-0.0644754543900490
-0.0830121636390686
-0.0778982862830162
-0.0522894300520420
-0.0479608699679375
-0.0538307726383209
-0.0075853774324059
-0.0273892022669315
0.0281044486910105
-0.0024938283022493
0.0199696421623230
-0.0639815255999565
-0.0477380305528641
0.0384627431631088
-0.0331361256539822
0.1288291066884995
-0.0152609711512923
-0.0556431226432323
0.0326528064906597
-0.0349105857312679
0.0416584610939026
-0.0249815024435520
0.0272885616868734
-0.0091018155217171
-0.1255883574485779
0.0484631583094597
-0.0249559711664915
-0.0877589583396912
-0.0478402115404606
0.1067268326878548
0.0368602201342583
0.0415620245039463
0.0236810445785522
0.1181287541985512
0.0340309552848339
0.0581979192793369
0.0110174734145403
0.0322475843131542
-0.0562898591160774
-0.0243016742169857
0.0601986311376095
0.0037755158264190
0.0087999040260911
-0.0243466235697269
-0.0460557267069817
0.0290419403463602
0.0626678019762039
-0.0381639823317528
-0.0073642157949507
0.1551453769207001
0.0237953830510378
0.0877382978796959
0.0407989434897900
0.0397066213190556
-0.0940438732504845
0.0338666066527367
0.0412707701325417
-0.0319809913635254
0.0104882996529341
0.0275243986397982
-0.0450891293585300
0.0260599087923765
0.0037303543649614
-0.0579966530203819
0.0793578773736954
0.1221147179603577
0.0633240938186646
-0.0452408567070961
-0.0170201975852251
0.0648156180977821
-0.0080128302797675
-0.0594169050455093
-0.0527303069829941
0.0879797264933586
-0.0675324201583862
-0.0830922350287437
0.0248758643865585
0.1186991035938263
-0.0855924710631371
0.0291653424501419
-0.0425193421542645
0.0657310560345650
0.0196533259004354
0.0470645725727081
-0.0526821054518223
0.0549037195742130
0.0125350831076503
0.0311132464557886
-0.0593708753585815
0.0250517074018717
-0.0047879358753562
0.0570557452738285
0.0506502203643322
0.1019275337457657
-0.0993868336081505
-0.0557262785732746
-0.0181282721459866
-0.0731748417019844
-0.0189252700656652
-0.0464781522750854
-0.0209433641284704
-0.0815207585692406
-0.0504413582384586
-0.0994038730859756
0.0001981766981771
0.0178107712417841
-0.0480566024780273
-0.0085738124325871
-0.0706659629940987
0.1306730806827545
-0.0243973135948181
0.1257843226194382
-0.0843673869967461
0.0539126396179199
0.0851544514298439
-0.0061967023648322
-0.0275199562311172
0.0935225710272789
0.0378345325589180
0.1003736481070518
0.0135053647682071
-0.0178396627306938
0.0614932663738728
-0.1153281033039093
-0.1144708395004272
-0.0094468221068382
-0.0089182853698730
0.0793338492512703
0.0119335977360606
-0.0155348461121321
-0.0224436931312084
-0.0599180161952972
0.0981533676385880
-0.0069717410951853
0.0159096587449312
-0.0668032467365265
-0.0405899174511433
0.0777169913053513
0.0340535826981068
-0.0124751366674900
-0.0508909709751606
0.0446310639381409
-0.0456250160932541
-0.0450040660798550
0.0104066673666239
0.0971159264445305
0.0779197141528130
0.0808084011077881
0.0003255479387008
-0.0829220265150070
-0.0862782374024391
0.1247520223259926
-0.0577683337032795
0.0029324125498533
-0.0790633484721184
-0.1078161671757698
-0.0200759246945381
-0.0665327161550522
0.0218418538570404
-0.0703725740313530
-0.0090498263016343
0.0339998118579388
-0.0422096997499466
-0.0037354726810008
0.1072274297475815
0.0263645574450493
0.0001674754312262
-0.0587502531707287
-0.0727037414908409
-0.0275242421776056
0.0814627110958099
-0.0526806078851223
-0.1015475541353226
0.1391030997037888
-0.0697449818253517
-0.0750842615962029
0.1051320061087608
0.0134206004440784
0.0198185574263334
0.0950425788760185
-0.0247511342167854
-0.0996095389127731
0.0347249209880829
-0.0064333230257034
0.0938442572951317
-0.0635804906487465
-0.0139623368158937
0.1288217902183533
-0.1263321787118912
0.0696314796805382
0.1142458096146584
-0.0725419595837593
-0.0769387930631638
0.0275147724896669
-0.0885885581374168
0.0032642064616084
-0.0441651977598667
0.0072203082963824
0.0461747646331787
0.0800479352474213
-0.0585743375122547
-0.1123450323939323
0.0507603585720062
-0.0537937879562378
0.0817982852458954
0.0248298011720181
0.0768493562936783
0.1058920994400978
-0.0607045181095600
-0.0058575980365276
0.0288405828177929
-0.0058141951449215
0.0138592179864645
-0.0879146084189415
-0.0181112382560968
0.0233110301196575
-0.0885049626231194
0.0903904289007187
0.1310443729162216
-0.0008942644926719
0.0432723872363567
0.0455425232648849
-0.0332281999289989
-0.0442600734531879
0.0174917392432690
0.0678509846329689
-0.0925564169883728
0.0627729669213295
-0.0668264999985695
0.0803530067205429
0.0505972430109978
-0.0226832125335932
0.0247092694044113
-0.0031096572056413
-0.1105720773339272
-0.0258306618779898
-0.0214167088270187
0.0008784231031314
-0.0600098744034767
0.0207913834601641
0.0109607446938753
-0.0688634663820267
0.0519416779279709
-0.0246566031128168
-0.0845584869384766
0.0845231413841248
0.0612603314220905
-0.0149190127849579
-0.0969240069389343
-0.0597341135144234
0.0909055247902870
-0.2110511511564255
0.0840357020497322
0.0596383325755596
-0.0228604357689619
0.1282762736082077
-0.1204312816262245
0.1822297424077988
0.0680721774697304
-0.0183779597282410
-0.0203531682491302
-0.0517297722399235
-0.2356104552745819
-0.0930230394005775
0.0874230265617371
-0.2608014941215515
-0.1639674603939056
-0.0858355239033699
0.0638959631323814
-0.0404836758971214
0.0529287829995155
-0.1164350137114525
-0.1518966406583786
-0.1685825437307358
-0.0286115240305662
-0.0452516973018646
0.0469285137951374
-0.0893593728542328
-0.0454372987151146
-0.1153637021780014
-0.2095099389553070
-0.0373669601976871
0.1518445611000061
0.0301570817828178
-0.0746678709983826
-0.1435490250587463
-0.0771094039082527
-0.0199826676398516
-0.0347747988998890
-0.1477315127849579
-0.1148586124181747
0.1132373511791229
0.1887526661157608
-0.2797836959362030
-0.1035363003611565
0.1425770819187164
0.0255525838583708
0.1402712762355804
0.0336125157773495
-0.1163954138755798
-0.0277234520763159
-0.1682392060756683
0.1495061814785004
0.1074808910489082
-0.0651769563555717
0.0900471955537796
0.1207754239439964
0.3365861475467682
0.0649410113692284
-0.1805152744054794
0.0380004309117794
-0.0489223338663578
0.0033647492527962
0.0854018107056618
0.0240449495613575
-0.0584899634122849
-0.0184856988489628
0.0051128407940269
-0.0193315111100674
0.0580393150448799
0.0038127209991217
-0.0914112031459808
0.0449415668845177
0.0161172263324261
0.0022244467400014
0.0451713912189007
-0.0606822818517685
0.0414775386452675
0.0406555943191051
-0.1132695972919464
-0.0061969989910722
0.0741684362292290
0.0310770366340876
-0.0518218502402306
0.0257395878434181
-0.0502036660909653
-0.0547766275703907
-0.0554909966886044
0.0022719022817910
0.0242923907935619
-0.0052119777537882
0.0506693758070469
0.0795925185084343
0.0327402427792549
0.0090905064716935
-0.0187021326273680
-0.0075922175310552
0.0265295691788197
0.0166674461215734
-0.0323888696730137
-0.0019394261762500
-0.0567393265664577
0.0333958640694618
-0.0289553254842758
-0.0741415768861771
-0.0356738865375519
0.0143397664651275
0.0492165721952915
0.0463349372148514
-0.0338122695684433
-0.0631059855222702
-0.0162197425961494
0.0392622239887714
0.0050748507492244
-0.0528657510876656
0.0054253218695521
0.0309673231095076
0.0186558198183775
-0.0720607340335846
0.0273617357015610
0.0747769474983215
-0.0890026465058327
-0.0443646535277367
0.0538341701030731
-0.0778716951608658
-0.0557814054191113
0.0905066058039665
-0.0481386221945286
0.0881028249859810
-0.0512037165462971
0.0185758620500565
-0.0254746060818434
-0.0904322266578674
0.0107029033824801
-0.0047604972496629
0.0745400786399841
-0.0339841209352016
0.0665006935596466
0.0446212515234947
0.0058614732697606
-0.0773346498608589
-0.0848070681095123
-0.0221945308148861
-0.0150653971359134
0.0227797795087099
-0.0053615570068359
-0.0221350006759167
-0.0570130720734596
0.0226690191775560
-0.0198384243994951
-0.0063348086550832
0.0747290253639221
0.0545067973434925
-0.0391162075102329
-0.0333717130124569
-0.0443512573838234
0.0270973257720470
0.0382596701383591
0.0565240383148193
0.0284136421978474
0.0070340521633625
-0.0253482479602098
-0.0439477488398552
0.0034466048236936
-0.0248968824744225
0.0059128832072020
-0.0219909902662039
0.0463648773729801
0.0371631868183613
-0.0150677273049951
-0.0794831961393356
-0.0930663049221039
-0.0410561002790928
-0.0433115288615227
0.0122476164251566
0.0441576689481735
0.0781137645244598
-0.0195860341191292
-0.0756053104996681
0.0407333076000214
-0.0282250456511974
0.0366247035562992
0.0592042095959187
-0.0053419191390276
0.0235733296722174
-0.0367011837661266
0.0077061150223017
0.0130176423117518
0.0394432246685028
-0.0139392595738173
0.0286666210740805
-0.0214893501251936
0.0337419994175434
0.0356779210269451
0.0294290017336607
-0.0296192318201065
0.0727133452892303
0.0227316338568926
-0.0180737618356943
-0.0276012327522039
0.0291969850659370
0.0318132452666759
0.0634705945849419
0.0495409853756428
0.0491834357380867
0.0147031256929040
-0.0297576896846294
-0.0753742903470993
0.1078785061836243
0.0865584835410118
0.0339054353535175
-0.0722434371709824
-0.0312912240624428
0.0528275668621063
0.0559622757136822
0.0337040312588215
-0.0842810645699501
-0.0236764438450336
-0.0142890792340040
-0.0433597266674042
-0.0073413019999862
0.0168651621788740
-0.0242192111909389
0.0117559311911464
0.0234884582459927
-0.0321137495338917
0.0758813992142677
0.0225543268024921
-0.0380135327577591
0.0518118776381016
0.0393062643706799
0.0789674371480942
0.0022096321918070
0.0738692730665207
0.0315212607383728
0.0456215851008892
0.0296943951398134
-0.0293863043189049
0.0547189339995384
0.0397881045937538
0.0915164202451706
-0.0315845794975758
0.0212500337511301
-0.0584604255855083
-0.0436476729810238
-0.0472048185765743
0.0078206490725279
-0.0130526646971703
0.0291831120848656
0.0135890943929553
-0.0971549600362778
0.0156839229166508
0.0125781260430813
0.0650802850723267
-0.0452870875597000
0.0383099019527435
0.0010569341247901
-0.0598599612712860
-0.0805540978908539
0.0334483198821545
-0.0265962090343237
0.0339817777276039
0.0307774562388659
-0.0269635766744614
-0.0648097321391106
-0.0776613205671310
-0.0572217181324959
-0.0419023893773556
-0.0346169546246529
0.0226747822016478
0.0401851758360863
0.0200909189879894
0.0324211157858372
-0.0188037510961294
-0.0030795764178038
-0.0452728308737278
-0.0425675883889198
0.0176142156124115
-0.0372764021158218
-0.0324939973652363
0.0054362416267395
0.0130991917103529
-0.0174735840409994
-0.0120859518647194
0.0104244407266378
-0.0721714049577713
0.0298961494117975
-0.0067448294721544
-0.0143556771799922
0.0511047430336475
-0.0482528395950794
0.0617883093655109
-0.0565196871757507
-0.0006681886152364
0.0567932836711407
-0.0774085000157356
-0.0712213665246964
0.0093014296144247
-0.0419758483767509
-0.0239849723875523
0.0076140379533172
0.0143523830920458
-0.0555554814636707
0.0163484923541546
-0.0686778500676155
-0.0696871951222420
-0.0309125017374754
0.0148959802463651
-0.0060458853840828
0.0159261524677277
-0.0418409705162048
-0.0535157993435860
0.0067086773924530
0.0148676838725805
0.0054051387123764
-0.0517497472465038
0.0208893660455942
-0.0084941359236836
0.0105196535587311
0.0553201548755169
-0.0232814103364944
0.0143405459821224
-0.0766145437955856
0.0050509502179921
-0.0216794982552528
0.0813267901539803
0.0869095325469971
-0.0062032542191446
0.0059397267177701
-0.0124431038275361
0.0102818710729480
0.0157299451529980
-0.0153692923486233
0.0083571122959256
-0.0535950623452663
-0.0125461984425783
0.0125932851806283
-0.0089039225131273
-0.0218761228024960
0.0285640098154545
0.0716331005096436
0.0173198021948338
-0.0313667841255665
-0.0028261344414204
0.0385559052228928
-0.0322993770241737
-0.0427045375108719
0.0343679040670395
-0.0139735508710146
0.0356018245220184
-0.0476590991020203
0.0182192772626877
-0.0014088881434873
0.0845839381217957
-0.0140074109658599
0.0217773187905550
-0.0283574704080820
-0.0438375920057297
0.0045922761783004
-0.1017317250370979
-0.0032529875170439
-0.0563619956374168
-0.1188116520643234
-0.0361438021063805
0.0382690578699112
-0.0711603984236717
0.0026496867649257
-0.0830250456929207
-0.0342833176255226
0.0060475985519588
0.0404446907341480
-0.0697505399584770
-0.0045699961483479
-0.0201014522463083
-0.0180305894464254
0.0008584246388637
-0.0336370617151260
0.0403023809194565
-0.0090916287153959
0.0250700805336237
-0.0602018870413303
-0.0344840660691261
0.0012251602020115
0.0222488846629858
0.0588778778910637
-0.0047896686010063
-0.0460770018398762
0.0878818258643150
0.0070454347878695
-0.0750443935394287
0.0126756075769663
0.0296830926090479
-0.0534057132899761
0.0404295399785042
0.0048539279960096
0.0207203775644302
-0.0469761416316032
0.0537186041474342
0.0299277845770121
-0.0163060184568167
-0.0217203181236982
0.0270908493548632
-0.0455975048243999
0.0059599317610264
0.0420597121119499
0.0122090876102448
-0.0330855995416641
0.0139545602723956
-0.0672259926795959
-0.0086787864565849
0.0158477630466223
-0.0234447773545980
0.0174319949001074
-0.0113487290218472
0.0280758682638407
0.0015667687403038
-0.0159095674753189
-0.0923326984047890
-0.0862866714596748
0.0554671734571457
-0.0400561802089214
-0.0610227063298225
0.0398513041436672
-0.0322178825736046
-0.0309265609830618
-0.0472428649663925
-0.0111497454345226
-0.0558300279080868
0.0248203203082085
-0.0383506529033184
-0.0031430656090379
-0.0480523891746998
0.0566158667206764
0.0807460397481918
0.0252750795334578
0.0448650978505611
0.0041078589856625
0.0419734418392181
-0.0380475558340549
0.0335095226764679
-0.0421789251267910
0.0277327802032232
-0.0686702057719231
0.0746585130691528
-0.0845249891281128
-0.0694738999009132
-0.0028733650688082
0.0159805808216333
-0.0369392447173595
0.0918508470058441
-0.0286928415298462
0.0052134515717626
0.0662135779857635
0.0775793343782425
0.0031682781409472
0.0069014760665596
0.0456543453037739
-0.0574188455939293
-0.0210933648049831
-0.0578026436269283
-0.0176870189607143
-0.0934529006481171
0.0062037715688348
-0.0345473401248455
-0.0042348410934210
0.0899677574634552
0.0452965013682842
-0.0500344187021255
-0.0029886534903198
-0.0759764015674591
-0.0854357033967972
0.0368763208389282
-0.0223878212273121
-0.0060921022668481
0.0221496727317572
-0.0328488536179066
0.0128339724615216
0.0059009916149080
0.0425467081367970
-0.0149575853720307
0.0257365498691797
-0.0545519404113293
0.0299890618771315
-0.0565402768552303
-0.0336197689175606
0.0029464983381331
-0.0205957815051079
-0.0379804968833923
-0.0042314864695072
0.0083592748269439
0.0012398702092469
0.0184888765215874
-0.0337846055626869
-0.0853257700800896
0.0578038953244686
0.0094641642645001
0.0418298430740833
0.0092305047437549
0.0015248000854626
0.0276680365204811
0.0566996149718761
0.0664252489805222
0.0296098366379738
-0.0467338338494301
0.0662133023142815
-0.0373705811798573
0.0139279579743743
0.0641116946935654
0.0213525574654341
-0.0237634293735027
0.0077873682603240
0.0067437649704516
0.0042013921774924
-0.0422858409583569
0.0480524376034737
-0.0629846602678299
0.0515283755958080
0.0194913372397423
0.0400264263153076
-0.0777485594153404
0.0192225258797407
-0.0267193187028170
0.0203525107353926
0.0158124025911093
-0.0240461416542530
-0.0207541137933731
-0.0359943434596062
0.0383343137800694
0.0460773892700672
0.0057371743023396
-0.0047527705319226
-0.0415123477578163
0.0211640167981386
0.0852383375167847
0.0267735701054335
0.0428227707743645
-0.0652994886040688
-0.0054597165435553
0.0340783223509789
-0.0018189143156633
0.0681593865156174
0.0750597417354584
-0.0815191045403481
-0.0456537082791328
-0.0690851211547852
0.0196365155279636
-0.0271884016692638
-0.0518664531409740
0.0306530557572842
0.0405378900468349
-0.0552594140172005
-0.0166505984961987
-0.0174394845962524
0.0461687445640564
-0.0129052670672536
-0.0468035601079464
0.0294754467904568
-0.0327357687056065
0.0612889677286148
0.0331155844032764
0.0178944189101458
0.0594673454761505
0.0242054034024477
-0.0325615964829922
-0.0440501682460308
-0.0662863329052925
0.0177182219922543
0.0879630073904991
0.0061219898052514
-0.0487904325127602
0.0520380102097988
0.0500371605157852
