0.03533440
-0.02818100
-0.06007254
0.00094788
-0.00344725
0.02480559
-0.00023500
-0.03818006
-0.04125697
0.02562318
-0.02081935
0.02881333
0.01661144
-0.04069052
-0.03643928
-0.00197851
-0.01325678
0.00078972
0.15442298
0.01576463
-0.00612910
0.00007742
-0.01823036
0.01076141
-0.00857742
-0.00905395
-0.02212181
-0.00515900
-0.03152016
0.00777401
0.09464925
-0.00292147
-0.01420234
-0.00823298
-0.00300257
0.01502900
0.00443931
0.02982118
0.01601001
0.01816842
-0.04206313
-0.01746924
-0.07896209
-0.04115736
-0.03365101
-0.00406308
-0.05245751
-0.00199454
0.03420139
-0.00867524
-0.01043058
-0.07609916
0.04984264
0.01883893
-0.04282489
-0.00799873
0.00079271
-0.01045020
0.42962000
0.08414405
-0.02446013
0.00137751
0.03179350
0.00760427
-0.00032111
0.04458563
0.01719069
-0.02302316
-0.00162213
0.01986303
0.03759778
-0.00908782
-0.02424557
-0.00021907
-0.03230379
0.00593828
-0.02642669
-0.04203413
0.02141009
0.04747383
0.00294883
0.01393983
0.00897134
0.06021801
0.07100637
0.04287503
-0.00222169
-0.02014329
0.02545226
0.02102172
0.02358486
0.01275760
-0.00479812
-0.00934865
-0.02626631
-0.00621746
0.04149019
-0.01741483
0.03886448
0.00281125
-0.00953886
0.00325741
-0.03620200
0.01596188
0.02963711
-0.04367364
0.04831175
-0.01517574
0.00443169
-0.05841511
-0.00890368
0.01150122
0.01057931
-0.01344309
-0.00187046
-0.01298663
0.04346785
-0.02337872
-0.01815333
-0.00283178
-0.00048038
-0.02220542
0.00910566
0.01364191
-0.01751515
0.00272686
0.02003138
0.01445823
0.01458509
0.01328561
0.00447969
-0.04697142
-0.03349311
-0.00014357
-0.05402066
0.01913466
0.01024810
0.00542027
-0.05569310
0.04007459
-0.05651449
-0.01769372
-0.01844086
-0.01752615
-0.02558395
0.14838982
-0.02780671
-0.00860446
-0.00473998
-0.04127586
0.04135647
0.00782915
0.00744976
0.04146964
0.01112540
-0.02632307
-0.01085023
0.00679875
-0.05264021
-0.02434345
0.00911362
-0.04078806
-0.01855526
0.01057556
-0.00166538
0.04302019
-0.00626652
-0.00274597
-0.03074835
-0.01043735
0.02233959
-0.01817528
0.00955567
0.02975429
0.03209961
0.02421986
0.03263929
0.00184398
-0.04926060
-0.01550114
-0.02201128
-0.02884937
-0.00696243
0.02108634
0.03334710
0.05727371
0.04142817
-0.00663551
0.00341225
0.02360617
-0.01306915
0.05610953
0.01131448
-0.02186796
0.00007162
0.02409203
0.02411637
0.01808705
0.04809107
-0.02248880
0.00780520
0.02245524
0.08152310
-0.02446904
-0.00364617
0.01102827
0.01690713
0.01827753
-0.01444606
-0.07249901
0.00481521
-0.00384928
-0.00069041
0.01389568
-0.05119216
-0.06419928
0.01500312
0.03393698
0.00285779
0.00801695
-0.01022513
-0.75503612
-0.01701972
-0.04206178
-0.01452695
-0.02621670
0.03450810
-0.00516971
-0.00716194
-0.00120220
-0.00175637
-0.01336126
-0.00701912
0.01478582
-0.03580526
0.02798794
-0.00844525
0.01008619
0.00339723
-0.00906504
0.00840872
0.01219538
-0.04507697
-0.01355778
-0.01239392
0.01772123
0.03764894
0.01508731
-0.00548304
0.03453223
-0.00817936
0.00891337
0.01218617
0.00305739
-0.01479743
0.00069676
0.20375346
0.07806825
0.03194918
-0.01101787
0.01741699
-0.01711393
0.00835339
0.02024862
-0.06519188
0.07530973
0.20287883
0.06667305
-0.14724292
0.00256379
-0.08377326
0.18146183
0.01869279
0.09427093
-0.01730252
0.00668567
-0.12395196
-0.07162529
0.02181086
0.02883880
-0.01839985
0.04467066
0.01610444
-0.06848435
0.01476896
0.05474940
0.14430054
0.15139565
-0.05288874
-0.03137304
0.11051360
-0.02133412
0.02274745
0.03629308
0.04282251
-0.02003414
-0.14528130
0.04386804
0.01032015
-0.04038803
0.06405050
0.04044030
0.77191633
-0.01578926
-0.07475762
-0.06099564
-0.01802118
0.05744359
-0.14636993
0.05258100
-0.03955752
-0.15235765
-0.01717562
0.02725435
-0.10591275
-0.06755799
0.02756537
-0.10950923
0.09255635
-0.01477260
0.00264240
0.03764668
-0.00680957
0.03044252
0.03840081
-0.00560542
0.05521756
0.02130655
-0.05879391
0.02065837
0.04544915
-0.03848118
-0.06361827
-0.02472889
0.01641510
-0.00156930
0.13146296
0.02263976
-0.06040170
-0.03746673
0.04869610
-0.01581083
0.04637005
0.00213155
0.00286554
-0.01165374
-0.00189164
0.03529928
-0.00881123
0.07952601
-0.08390054
-0.02638130
0.01238653
-0.06712013
0.02483263
-0.01220153
0.02982906
0.05846833
0.05886543
-0.00074246
0.02895296
-0.04934473
0.02044877
0.00931675
-0.05031918
0.02473715
0.05643620
-0.04543689
0.03991342
-0.02887222
-0.01184510
-0.05950912
-0.03060448
0.01197851
-0.02564559
0.06042520
0.04927061
-0.02785772
0.04600819
-0.00484034
-0.00090063
-0.02646969
0.01769393
0.00451856
-0.03736173
-0.02678002
-0.00825542
0.01020196
-0.07219196
0.04925735
0.02801823
0.07702753
0.04775945
0.01057174
-0.02807330
-0.00029160
0.03485776
-0.04448013
0.00875692
-0.05983498
-0.05916176
-0.05528427
0.03044148
0.01642550
0.01288798
-0.06479548
-0.00964230
0.01032968
0.05145159
-0.00132755
0.14891653
0.00791392
0.00081318
0.01399190
0.01038556
0.00982716
0.02695096
0.00416214
-0.04761497
-0.00580688
0.02521550
0.01111064
0.07377725
0.06614620
0.00386450
0.05204698
0.08361098
0.00993887
-0.03533753
0.01490860
-0.04445212
0.05259978
-0.00015510
0.04496165
0.00989883
-0.02613755
-0.00958336
0.04427792
0.03954741
0.00958099
0.02786055
0.01248809
-0.01654983
-0.02105292
0.08417220
-0.01074603
-0.03178658
0.14797910
0.06651957
-0.09292538
0.02110256
0.03343214
-0.02925463
-0.02735767
0.01712842
0.00785720
-0.01433247
0.03150654
0.02303690
-0.07091312
-0.04792999
0.06085465
-0.02471234
-0.03420541
0.00678465
0.04787822
-0.04689268
-0.03822437
-0.01692811
-0.02202076
0.03479589
0.05336297
-0.03094249
0.06198738
-0.00521551
-0.04759332
0.01003268
0.03238168
-0.00922538
0.00937833
-0.03536709
-0.01847305
0.02046024
0.03705936
-0.00544001
-0.02793439
0.05776553
-0.00883518
0.06377592
0.02369577
0.03301270
-0.00724993
0.07204598
-0.03537453
-0.04104846
-0.03865576
0.00853392
0.01675363
-0.04901277
0.03227206
0.05974304
-0.05125887
0.01653326
0.04298805
0.01627485
0.02717878
0.04028991
0.04567670
0.03226426
0.04767426
-0.02120849
0.00864534
-0.02503377
-0.01643277
-0.00574037
0.03071053
-0.01072680
-0.03086904
0.05624710
0.02378159
-0.02320296
-0.02879542
0.06000036
0.01623839
-0.02792051
0.09568315
-0.00925136
-0.05844344
-0.09838051
-0.05141770
0.03990236
0.05129018
-0.01819086
-0.05642686
-0.12992831
0.04198785
-0.02450990
-0.03614195
0.02211880
-0.04544928
-0.00758561
0.00199960
-0.00842660
0.02067111
0.00939847
-0.02973095
0.04926110
0.06443487
-0.04757499
-0.00091485
-0.05643230
0.01569680
0.04819027
-0.02370853
0.00807779
-0.01648145
-0.03763683
-0.00297123
-0.04868754
0.00882826
0.05326826
0.05293695
-0.08831599
0.02391685
-0.00890872
-0.07185400
0.01135173
0.01014321
0.05055517
0.03557379
0.03588368
-0.02597082
-0.08885252
-0.00643845
0.00312359
-0.02870126
0.02196788
-0.05877141
-0.02454681
0.04845211
-0.06098181
-0.01895662
-0.02749627
0.06395684
-0.01778493
0.02909803
-0.03763065
0.04795743
0.06192206
-0.03591141
-0.00317340
0.05902047
0.08778399
-0.00842041
0.01874825
0.03249483
0.00894872
-0.08746426
-0.03986597
0.02831025
0.08274311
-0.15070118
0.00145468
-0.04946727
0.02209134
0.06383456
0.00350515
-0.04181593
-0.02897616
-0.02071692
-0.02245529
-0.08966673
-0.03035351
-0.00962009
0.16943248
0.04546868
0.03897165
-0.03135576
0.00881160
-0.00759170
0.03414007
0.01319346
0.02086698
-0.06387859
0.02086855
0.01060022
-0.00209032
-0.02273461
-0.01300778
0.00860540
0.04885460
0.06725174
-0.01892799
0.02610167
-0.04644860
-0.05733338
-0.00205446
-0.01678533
0.00193301
-0.00480567
0.09270903
0.02903780
-0.04585101
0.00817531
0.04269857
0.01256658
-0.04774369
0.01332681
-0.06573314
0.04487220
0.00936549
-0.00963634
0.01010344
-0.01065663
0.03153336
0.02437694
-0.09759431
0.03153122
0.01466621
0.07297745
-0.00342061
0.01353216
0.00417295
-0.06164332
0.01420151
-0.02408284
-0.02074281
0.01970144
-0.02406161
0.01795059
-0.03496445
0.01002086
0.04961946
0.00999327
-0.05367503
0.11096606
0.01925620
-0.03098565
0.04744133
0.12291586
-0.02569644
0.00985933
-0.00729152
0.05843517
-0.01359495
0.00474638
-0.01160794
-0.01687370
0.00142714
-0.00595727
-0.07714626
0.02498788
0.02573752
0.01850858
0.06800327
0.02187013
0.01731406
0.03025684
-0.02928463
-0.07810009
0.00541016
-0.01300284
-0.02277793
0.00098030
0.08032355
-0.02462268
0.01332724
0.17591469
0.01679043
0.04366804
0.06172948
0.02016426
0.02653332
-0.02843899
0.07387652
0.02200161
-0.00637431
0.02665274
-0.01369318
-0.07211303
0.02824623
-0.06277081
0.00148891
0.00710088
0.00674194
-0.04377579
0.06732294
-0.02240964
-0.01206828
0.00622706
-0.02062522
0.02467789
0.06433171
0.03742039
-0.03103963
-0.01203879
0.07289761
-0.03813314
0.03141763
-0.00351068
-0.02157586
0.02250984
-0.01486279
0.00130326
-0.05826487
0.02107603
0.08864754
0.03060249
0.07402128
-0.02687505
0.03961689
0.00725831
0.03003285
-0.09214927
-0.06537607
0.02036700
0.05010352
0.07844379
0.09186079
-0.05577527
0.09229141
0.03365421
0.07052428
0.09399568
-0.01539230
0.07739704
0.10764768
0.03652826
0.01330364
-0.09076826
0.06502404
0.01064093
-0.02492975
-0.01061399
0.01573182
-0.00486376
-0.01758467
0.02150524
-0.02474466
-0.00621354
0.00637576
0.07657926
0.07056703
-0.00034527
-0.00619117
-0.00646385
-0.06135020
-0.01329585
-0.02638606
0.02277766
0.01339115
-0.04045828
-0.02579693
-0.00042608
0.02274830
-0.01972134
-0.00126324
0.00011776
-0.03029027
0.02398414
0.01685036
0.08504418
-0.02011460
-0.03073392
0.05303283
0.02783212
0.01008955
-0.02190110
0.03034601
-0.03865523
-0.03311402
0.05342460
0.02309323
-0.00478176
0.01632260
-0.04052643
-0.01131561
-0.04361751
0.03089301
0.02185579
0.06099645
0.06612822
-0.00955017
-0.11412805
-0.01210125
-0.02374991
-0.05905328
0.04850378
0.06596140
-0.04910119
0.01092099
-0.02484455
