0.00957587
-0.04526341
-0.04396527
-0.01303400
-0.00834230
0.03483869
0.01392616
0.00794852
0.01609855
0.02470048
-0.00164731
-0.01779193
0.04943708
-0.06175818
-0.04224247
0.00124361
-0.00236923
0.01094839
0.04037596
0.01739415
0.01450108
0.02194507
-0.03398718
0.01884112
-0.01593432
-0.00609237
0.00072328
0.02670752
-0.02691287
0.00902106
-0.04854014
0.01631385
0.02399398
-0.01740409
-0.03590454
0.07578086
-0.00701716
0.03436727
0.01120898
-0.06633279
-0.04039385
0.00403174
-0.02165238
-0.05011025
-0.01534294
-0.00417055
-0.06095738
0.00974452
0.01285621
0.01003041
0.02308790
-0.06038058
-0.01680443
0.02389141
-0.01091058
-0.00197066
-0.01675383
0.01008432
0.42499864
0.05354618
-0.02372434
0.03380613
0.00232557
-0.00715976
-0.00792325
0.02355230
0.02214543
-0.00221476
-0.00218707
0.01192712
0.02667336
-0.01845034
-0.03218970
0.01062653
-0.02478494
-0.00164677
-0.04436157
0.01170063
-0.01395217
-0.04627765
-0.02085112
0.01327739
-0.00005252
-0.00053667
0.09301051
0.00547046
-0.01222166
-0.01361560
0.03545508
-0.02585413
0.01787056
-0.01683402
-0.01961161
-0.00266387
-0.02561155
-0.01050537
0.02777461
-0.03189242
0.01782124
0.00547728
-0.01939118
0.00487509
-0.02108468
0.02926340
0.01932365
0.01131009
0.01946227
0.00092557
0.02554325
-0.02312541
-0.01471490
0.02071896
0.00992886
-0.00513064
0.01280811
-0.01036150
0.07110184
-0.03204337
0.01462126
0.00890766
0.01327387
0.00943137
0.00172881
-0.00115835
-0.01292866
0.01560560
-0.00601517
-0.00298386
-0.01087505
0.05729961
0.00991623
0.00597254
-0.02473374
0.01069895
0.01202097
0.00792983
-0.04028365
0.00079755
-0.09863438
0.02123318
-0.07455419
-0.01680740
-0.01017683
0.01113670
-0.01321174
0.03080889
-0.02886816
-0.02248332
-0.00689660
-0.00210943
0.02694279
0.02560278
-0.01748237
0.01891752
0.00537399
-0.01158893
-0.00365872
-0.02994369
-0.05990772
0.00775117
-0.00750558
-0.02237328
0.00491411
0.01282679
-0.02199001
0.04060687
0.01286603
-0.01955438
-0.01931050
0.01881822
0.02557512
-0.00194187
0.03572894
0.01576858
0.04302125
0.00539809
0.05181528
-0.01731285
-0.04522367
0.00571038
-0.00663214
-0.02801380
0.00648686
0.03004433
0.03725721
-0.05599079
0.01871933
-0.00719034
-0.00144611
0.05675474
0.04329236
0.03406586
-0.02430727
-0.00114241
-0.02284602
-0.01424459
0.01199672
0.01227781
-0.07803975
-0.05211061
0.04082294
0.00018037
0.11312704
-0.04073076
0.01007434
-0.01011521
-0.00728133
0.02162266
-0.00668780
-0.03076726
-0.05877101
0.01085023
0.00868297
0.00865302
-0.00033451
-0.03658470
0.01034941
0.06874027
-0.01789417
0.05261092
-0.06882457
-0.77748108
0.02328772
-0.03497892
-0.02295071
-0.02203950
0.01830519
-0.03470121
0.00988389
0.01411552
-0.04785337
-0.02568416
0.00567803
0.02455977
-0.00819075
0.01727543
-0.00640427
-0.00886501
0.00075160
-0.02503220
0.03310544
0.01074595
0.02473965
-0.04602647
0.00602355
0.00491532
0.04036201
0.04099962
-0.00008686
0.02247771
-0.01604071
0.02162854
-0.00762658
0.01796689
0.01067451
-0.01838720
0.12527302
-0.01726763
-0.13332173
0.07585199
-0.00596762
-0.00539163
-0.09622902
-0.01839511
-0.06095051
0.01367113
0.10217945
0.02699333
0.03099237
-0.04783669
0.01451345
0.07330120
0.06968132
0.09427790
-0.12360053
0.11830663
-0.05986749
0.00754664
0.00164866
-0.06974103
-0.07983185
-0.05858789
-0.10080093
-0.01433901
-0.09381333
-0.10137862
0.06827660
0.00373144
-0.07170481
-0.03349684
0.03539314
0.03774692
-0.04421980
0.10584766
-0.08480922
-0.02383571
-0.03425597
0.15002210
0.00850798
-0.01669213
0.03403388
0.01110146
0.85164207
-0.08096093
-0.00926313
-0.07523759
0.02015335
0.04519497
-0.05799910
-0.01117290
0.02886447
-0.06258284
0.05597677
0.07622179
-0.03212738
-0.02066952
0.01899906
-0.10856018
-0.03983345
0.06221210
0.03021545
-0.03183465
0.02265025
0.01805321
0.01020784
-0.04114179
0.02742495
0.03177103
-0.02675063
-0.03506426
0.02993544
-0.02204246
0.01702750
0.03710321
-0.02166653
-0.02081131
-0.05826346
-0.01786426
-0.03770935
0.01271242
0.03773998
-0.04188000
0.02026717
-0.03432243
0.00562353
0.01893782
-0.01862056
-0.00658318
0.00796494
0.05377852
0.00211324
-0.03713648
0.00513209
-0.03049025
0.02318604
0.01291740
0.02349794
0.01033169
-0.03018357
0.09535030
-0.02109989
0.07918463
0.03380088
-0.01800554
-0.00011950
-0.01571940
-0.00172833
-0.01971384
-0.00887402
-0.04547717
0.06586191
-0.01466886
-0.04882797
0.02726885
0.00458490
0.00438024
0.07036894
0.01426183
-0.00639449
-0.06889483
0.05315270
-0.00219018
0.03457517
-0.04866873
-0.04379690
0.01824864
0.04446662
-0.01566938
-0.05083476
0.05266166
0.06605823
-0.02141301
-0.02886550
-0.02018968
0.01515973
0.01638170
0.07037758
0.02319397
-0.00439664
-0.07701027
0.04357199
-0.04825704
-0.01703112
-0.00281329
-0.01732912
-0.00524312
0.01344258
-0.06195386
-0.01598850
0.03165285
0.11055844
-0.00166746
0.00457260
0.04422078
0.04259589
-0.03162136
0.02797850
0.02201322
-0.10366178
-0.00206232
0.01977288
0.03159942
0.08544715
-0.01615623
0.00079447
0.00677104
0.02986087
-0.01770412
-0.07723137
0.00759402
-0.02635968
0.03419942
-0.04564970
0.03331932
-0.04868567
0.03105010
-0.02564932
-0.07427883
-0.01417314
0.01702021
0.06210697
0.02545722
-0.02705321
0.04097682
0.06281769
0.06014790
-0.02813372
0.20109327
0.02359287
-0.11313356
0.04431915
0.02551327
-0.00061937
0.00312841
-0.05472985
0.01077451
-0.05774160
-0.04177149
0.08285212
0.03679769
0.04310763
0.02550045
0.03154181
-0.07587838
-0.05623876
0.02161366
-0.00251296
-0.06239003
0.02455760
0.06345151
0.01287746
-0.03899814
0.01474110
0.02610907
0.10451826
0.00540355
0.01165182
-0.01345609
-0.02966454
-0.04023929
0.06143355
-0.01042889
0.00520415
0.06166179
-0.02751214
-0.02997420
0.02457399
0.10044303
0.01183185
-0.01022179
-0.07499015
-0.01772787
0.01037110
0.03138669
0.04389767
0.01074638
-0.03248578
-0.01901839
-0.07362685
0.00551134
0.06651980
0.01501334
-0.01330831
0.01806199
-0.01993111
0.00230097
0.03452341
0.01362578
0.04828486
0.03560789
-0.03354213
0.02875367
-0.00192668
0.04378121
-0.03486884
0.02479622
0.00319727
-0.02802702
-0.02208727
0.04321567
-0.02026015
-0.01087065
0.04275315
-0.01308526
0.01099861
0.09847757
-0.00669063
-0.00238559
-0.08782464
0.02021031
0.05676689
0.00092040
-0.07205268
0.00823933
-0.15279391
-0.01851986
0.04153227
0.03475201
-0.02226477
-0.06284276
-0.00289206
-0.00818090
0.00351666
0.03372295
0.01842353
-0.00301926
-0.01882784
0.02683493
-0.04611435
-0.01409433
-0.01607884
-0.02744915
-0.02229317
0.03618387
-0.07793637
0.06256465
-0.01715869
0.06911568
-0.01545419
0.01648017
0.05122662
0.00249893
-0.04122617
-0.00165091
-0.04380345
-0.07797505
-0.04239514
-0.05331882
0.03957713
0.00226033
0.03182385
0.00379231
-0.05968129
-0.04889400
-0.06905598
0.01001596
0.05001323
0.00070804
-0.04845697
0.04133334
-0.01077733
-0.04294920
-0.04433106
0.05163148
-0.00549098
-0.09581326
-0.00255209
-0.03781521
0.05332529
0.03259825
0.02893716
0.02535160
0.08569862
-0.04779871
0.05340683
-0.02764549
-0.01796270
0.01737319
0.02348885
0.02351248
0.06306846
-0.08926049
0.05028193
-0.02510415
-0.00514847
0.03813965
0.06482316
-0.04308485
0.00192073
0.00148384
0.03142830
-0.04916332
0.03235318
-0.06786137
0.16517653
0.01714661
0.01370525
-0.05834993
-0.05244818
-0.04003222
-0.04664467
0.00906247
-0.02484167
-0.00947865
0.04559539
0.06349827
-0.01778368
0.04528384
-0.00190046
0.00338564
0.00324527
0.01917593
0.02110935
0.06794599
-0.03533969
-0.02972518
0.04058361
0.00246695
0.11689624
-0.05216998
0.02741135
0.00920296
-0.01001233
-0.01378905
0.06595894
0.00247731
0.01665663
-0.01024331
-0.14336568
-0.03769772
0.02994739
0.01612839
0.00492318
0.03247508
0.04498366
-0.02262158
-0.10619669
-0.01987684
-0.00861910
0.01737479
0.01119258
0.03372741
0.03110943
-0.03727506
0.04807333
-0.02865838
0.00534666
0.00979767
0.03725357
-0.01019539
-0.05205847
0.01667166
0.00556502
-0.00481852
-0.10504181
0.12150796
0.08365756
-0.08459656
-0.03875887
-0.00199006
0.04838183
-0.01502712
-0.01837078
0.01070485
0.04242026
-0.00791678
0.01222661
0.05058806
-0.02660853
0.01533259
0.00548833
0.01394433
0.01329202
0.02849362
0.05195200
-0.01504468
-0.02659551
0.04249634
-0.00005599
-0.02082184
0.03304063
0.03575774
-0.01961478
0.03532897
0.03940313
0.04248604
-0.06732924
0.17185375
0.00176418
0.02016222
-0.06167951
0.04011482
0.05336202
-0.00345732
-0.04467041
0.00000960
-0.00911442
0.06536286
0.06372444
0.02184974
0.01338257
-0.06766280
0.04376044
-0.02102601
-0.03601671
0.06902125
0.00108570
0.07889681
-0.03555884
-0.01915885
0.03288948
0.06256387
-0.02968036
-0.04459531
-0.04954531
-0.01912489
-0.02067588
0.02864475
0.07827633
0.03781208
-0.01068490
0.01910400
-0.02485103
-0.03239309
-0.03917789
0.01820320
-0.01709424
0.04471219
0.00134555
0.01526860
0.00684261
-0.01779925
0.03425296
0.04991697
-0.01986807
0.04086304
-0.01611077
-0.02428740
0.07615780
-0.06003283
0.04638213
-0.00342660
-0.04552517
0.03088162
0.00970797
-0.01049714
0.03653056
0.02925760
-0.02158591
-0.02677238
-0.00910869
-0.00363602
-0.00716393
-0.01052797
0.00561389
0.07272083
-0.00509062
0.00349942
0.00674889
0.02296304
-0.05159575
-0.00902397
-0.01593847
0.00480084
0.03640486
-0.02408730
-0.02342875
0.01033022
-0.01590245
0.11703763
0.03936912
-0.01068839
-0.03747329
0.08023578
-0.03640830
-0.02611700
-0.00949334
-0.02505114
-0.03253249
0.01717877
-0.02432453
0.06954610
0.00066680
0.02684437
0.02906277
0.03594679
0.01907477
-0.01994732
0.05181649
-0.02018310
-0.00252698
0.01485054
0.06080782
-0.02055144
0.01719386
0.02103997
0.02855376
-0.03031930
0.06716231
-0.03051916
0.06642876
0.06212934
-0.06558570
-0.22752386
-0.01101973
0.00168222
0.02098413
0.00181683
0.01987049
0.03199857
0.04233526
0.07090843
