-0.00825082
-0.01735477
0.00746803
-0.01354961
-0.01235473
0.02179397
-0.00324169
0.03756297
0.02026369
-0.00279387
0.00535302
-0.01360455
-0.00930786
-0.00774222
-0.02291519
-0.00830549
0.00155219
-0.01017841
-0.10581977
0.01532988
0.01353879
0.04134159
-0.04527517
-0.02787975
-0.01144065
0.02780418
0.01495848
-0.01210299
0.00627195
0.01270804
-0.19170162
0.02003313
0.02378389
0.00359001
0.00399651
0.05835208
0.00448390
0.00263823
-0.01322942
-0.08544894
-0.00411722
-0.00988427
0.05529234
-0.01960506
0.01172973
0.02050119
0.01307554
0.00618974
0.02559873
0.00291904
0.04052326
-0.02302095
-0.06962933
-0.01561229
0.00732222
-0.01955793
0.00152561
0.00420936
0.44355333
-0.01819425
-0.01029237
0.00060206
0.00503679
-0.03177630
0.00552736
0.03135046
-0.02457701
0.01914537
-0.02750438
0.01280401
0.00999929
0.00049849
-0.02738046
0.01599675
0.00757720
-0.01651955
-0.01852484
0.04663566
0.00172516
-0.10928459
-0.00521385
0.00461327
0.00100409
-0.04538938
0.03851495
0.00144984
-0.00006853
-0.00883295
-0.00435757
-0.01575855
0.01840318
0.00551252
0.00494599
0.00943309
-0.01290389
0.00253619
0.00035017
-0.00942151
-0.04483186
0.00406969
0.00155434
0.02810458
-0.02151552
0.01687865
-0.00799407
-0.00412080
-0.03523650
0.01988818
0.00910162
-0.00565230
0.01828143
0.00865272
-0.01898207
-0.00584691
-0.01353023
-0.00025322
0.01812380
-0.02154486
-0.00273573
-0.02095629
0.00321267
0.00479827
0.00330788
0.00144402
0.00694680
0.02590497
-0.00152425
0.01687545
0.00430644
0.10419715
-0.00664472
0.01647710
0.00238470
0.01980850
0.06331934
-0.02730171
-0.07337499
0.02164196
-0.08603205
-0.00372650
-0.03618624
0.02544749
-0.00891521
0.00564604
0.01360555
-0.13026842
-0.00482169
-0.02247513
-0.02934208
-0.01016336
0.00769886
0.00245419
-0.02861638
-0.04553898
0.01108692
0.00147400
-0.01742036
-0.00635955
-0.01191559
0.02048786
-0.01611592
0.00894871
0.00345978
-0.00974045
0.00696979
0.00742763
0.01208072
-0.00867816
0.00839803
0.03355917
-0.00948654
-0.01666573
0.00967086
-0.01867500
0.00995855
0.00226765
0.00826299
0.01643074
-0.06003347
0.01994677
0.00306216
-0.01177021
0.01702743
0.01428043
0.02165147
-0.18874671
-0.00581226
0.00718758
-0.00664186
0.06757403
0.07619701
0.00370728
-0.01667555
0.00797624
0.00169673
0.00174638
0.04931819
0.00342248
-0.11946364
-0.03548160
0.03485660
-0.00852801
0.09868039
-0.00995762
0.00041534
-0.02100760
-0.00695522
-0.00003872
0.00149015
0.02348029
-0.04449483
-0.01432232
0.03084169
0.01126929
0.02916767
0.03400584
-0.01229659
0.02715534
-0.01494134
-0.01225544
-0.03571801
-0.71919686
0.00075803
0.00696722
0.01871684
0.00993020
-0.02684449
-0.02169864
0.01979435
0.01750090
-0.02875616
-0.03219280
0.03091174
0.00873487
-0.01609724
-0.02065528
-0.02420545
-0.01634547
0.00581591
0.00792324
0.03850347
0.01591595
0.08322244
-0.03781078
0.00522813
-0.00307461
0.00757664
0.04977784
0.04280675
-0.01777160
-0.00299266
0.00804117
0.00982583
0.01403811
0.00768674
0.00236362
0.05167837
0.04550613
-0.02725633
0.05809528
0.02422283
-0.16513805
0.01573789
0.03331768
-0.00334252
0.00472846
-0.02024768
-0.00493306
-0.08138932
0.05868667
-0.00692482
0.05691246
0.03326991
0.02760592
0.02345325
0.04712869
0.03984188
0.01908834
-0.08339098
0.00079605
0.09878227
-0.07375064
0.07638099
-0.14267489
0.02017755
-0.04461282
-0.01951829
0.03733888
0.00944791
0.08811998
0.00272233
0.09386874
0.00585562
-0.07101453
-0.01140545
0.03291591
0.01514782
0.01873092
0.05827779
-0.05227720
-0.09251078
0.00649693
0.86750346
0.04294278
0.01703766
0.14694385
-0.12003347
0.12694483
-0.05667568
-0.09236336
-0.08093613
-0.02402255
-0.04400114
0.00380696
-0.03185458
0.07010020
-0.06519207
0.02939490
-0.09889390
0.04759662
0.01430656
-0.01518860
0.07336465
0.04528772
0.01678333
0.04115616
-0.01620048
0.04572139
-0.03830686
-0.00358174
0.06337135
-0.00271952
0.00783812
0.04028836
0.01244306
0.01808134
0.01285489
0.02466477
0.00016739
-0.01536405
-0.04141078
-0.00367546
-0.09802969
0.01335862
-0.04126684
0.07353663
-0.00120325
-0.04098408
-0.03819641
0.08478268
-0.02743557
0.04030249
-0.00114224
-0.05265880
-0.03761143
0.00104994
-0.00003113
0.01979930
-0.07600094
-0.00724160
0.06358820
-0.09241327
-0.02809748
0.01027594
0.01474178
-0.01368998
0.02883190
-0.00527219
-0.10922728
-0.00543661
-0.06383235
-0.01856136
0.02288939
0.03247167
-0.02685177
0.03450596
-0.04466585
0.03226399
-0.00606480
0.01693024
-0.00832123
0.02905405
-0.01054540
-0.02082746
-0.04310240
-0.03363499
-0.01668357
0.02506944
0.07210050
0.02967727
0.04445267
-0.02697630
0.05842756
0.00985771
0.05707538
-0.11474358
0.06902897
-0.12267603
0.00006002
-0.02317197
0.00806775
0.01905710
0.11733476
0.04805937
-0.05194483
-0.03806503
0.01788380
-0.04623197
0.03116559
0.06610540
0.07957862
-0.03122681
-0.01800445
-0.02582940
0.01158034
-0.03608168
0.02156409
0.04408618
-0.03858589
-0.01486131
-0.02941952
0.03573116
-0.02849552
0.03675219
0.05763370
-0.01616960
0.01296877
0.00847753
-0.08613113
-0.02226558
-0.03479177
0.05321204
0.04748885
0.02151417
-0.02093205
-0.00815476
0.02342238
-0.02842375
0.02130935
0.02400323
-0.01492152
-0.01589224
0.00494116
-0.04232103
0.08969287
-0.02459102
-0.03530688
0.11501538
0.02437425
-0.06145305
0.01857351
0.05159904
-0.10206798
0.02678043
0.00005088
-0.01012836
-0.00130735
-0.00168375
0.07728432
0.03174407
0.03454660
0.07007878
-0.01251094
0.01660893
0.00861360
0.00121923
-0.05988474
0.04954319
0.04318096
0.00075965
-0.05388637
0.04378465
-0.00484995
0.03916632
-0.01635312
-0.04014346
-0.01252256
-0.02938141
0.04717270
-0.04316336
-0.07102980
-0.13436073
-0.00001271
0.04406913
-0.04048331
0.04049291
0.02858784
-0.00814127
0.02156820
0.02228455
-0.00756476
-0.06327918
-0.09685600
0.03831149
-0.02278413
0.00272625
-0.05198948
-0.04039757
-0.06117617
0.00813599
-0.03289531
0.07587392
-0.00634997
-0.00521672
0.00244323
0.06606098
0.03867906
0.04133793
0.01220807
0.00447286
0.00868601
-0.03214649
0.03831034
0.00706607
0.04981174
-0.00474806
0.06298720
0.02714805
-0.08524970
0.00369440
0.06136498
0.04415994
0.06877659
-0.02302480
-0.03377753
-0.02885635
0.02257747
0.04942585
-0.13410379
0.05142901
0.07242768
-0.00776577
0.04378217
0.01836831
-0.05437683
-0.06111239
-0.00385021
-0.02347312
-0.00169145
-0.02276261
0.03786030
0.05059183
0.02292950
-0.00042262
0.00899801
-0.07581711
0.01571726
0.05237177
0.03898397
-0.00121732
-0.00032095
-0.08661593
0.00012323
-0.06520289
0.02554912
0.02390179
-0.05051200
-0.00141495
0.02924472
0.03965389
0.01649351
-0.02284052
-0.07965015
-0.00333236
-0.01610009
0.01670717
-0.01707440
-0.00910630
0.04959605
-0.01118115
-0.00513835
0.07999430
-0.02469648
-0.01597445
-0.01087534
-0.06148931
-0.02573930
-0.03280166
0.03248807
0.03586647
-0.01665956
0.00400425
-0.05705039
-0.00599119
-0.03988330
-0.04593199
0.00550051
-0.02535754
0.01585085
0.00526552
-0.01287535
0.01641349
0.01373346
-0.02125810
0.01246493
0.02529650
-0.02357592
-0.00219646
0.04991350
0.02106426
0.08011152
-0.11927249
0.04103537
-0.01734027
-0.02018725
0.01316888
-0.01096522
0.00277921
-0.03242970
0.01323901
-0.00788468
-0.02679967
-0.00262922
0.04725622
0.17744389
0.00191484
-0.04614787
-0.02896599
0.01431041
0.05062392
0.01853125
-0.04508013
0.01227770
-0.00465047
-0.09592214
0.02955939
0.04598026
0.01565394
-0.08266360
-0.00172035
-0.08034188
0.11673290
0.01915752
0.01535197
0.05680238
0.00472431
-0.03088733
-0.02954439
-0.09058269
0.04155273
-0.04321605
0.05387336
-0.04704202
0.00509847
-0.01338935
0.04058317
0.02384541
0.01296691
0.00231378
0.05148176
0.05488912
-0.03679010
-0.06780226
0.01643359
0.01092530
0.00917891
-0.02443768
-0.01857043
-0.09380287
0.04137035
0.06668005
-0.01738808
-0.03628512
-0.00732240
0.01564491
0.00962050
-0.02168476
-0.05110715
-0.00798356
0.00732809
-0.04823289
-0.02032618
-0.00292411
0.06296690
0.09548756
0.04214376
-0.01668427
-0.03318100
-0.04057048
0.00349751
0.02664652
0.01163603
-0.03466836
-0.01160294
-0.01382021
0.07200667
0.02837629
-0.03027721
-0.03767414
-0.06127885
0.04516102
0.13314013
-0.02484560
0.01327407
-0.02914593
-0.03624908
0.02295739
-0.06035283
0.12852156
0.01574873
0.02913515
-0.00474665
-0.06267423
0.01127032
0.05685239
0.00052092
-0.03213212
0.15814590
0.06411798
-0.05485931
-0.00725493
-0.01677767
-0.00673452
0.00083392
0.10900723
-0.04397815
0.00908752
-0.05487955
-0.03317438
-0.05809356
-0.00007413
-0.07875635
-0.03511782
0.01230570
-0.01708960
-0.02933873
-0.03585554
0.03898920
0.02705076
-0.02023052
0.01934773
0.02082854
0.02525488
0.04443086
0.00697154
-0.03806077
-0.02515922
0.01800139
-0.04320734
-0.00513185
-0.02474041
-0.01013675
-0.08418905
0.02255636
-0.05187587
-0.03921715
-0.02158429
-0.00193319
-0.03754050
-0.03390622
0.00614517
-0.00783862
-0.02640906
-0.00267096
-0.02549550
0.02862392
-0.05235270
-0.02045627
0.03227245
0.06578790
-0.04836661
0.13642445
0.02758292
-0.01697848
-0.01758858
0.08138517
0.04355392
0.05668078
0.07264464
-0.02215198
0.00937767
0.06979026
-0.01073463
0.03545629
0.02604977
-0.00659884
-0.01077086
-0.04395102
0.07911841
0.05257159
0.02571942
0.06032385
0.07733043
-0.03406792
0.02600143
-0.01096870
-0.02468081
-0.01749719
-0.06543606
-0.02284022
0.00862274
-0.03477863
-0.05553983
0.04456813
0.02830334
-0.02309943
0.01312816
-0.01017919
-0.00334613
-0.02075206
-0.00704259
0.01331125
-0.01428317
0.07049562
0.01001832
0.05669422
-0.03990829
-0.01598423
0.00513579
-0.01318804
-0.00346649
0.03710048
0.07290816
-0.03121580
-0.04637072
-0.06441621
-0.01213923
0.00464294
0.01560938
0.04456350
-0.04133859
0.01744516
-0.05150557
-0.09487130
-0.01930971
-0.01232991
0.02993597
-0.02796689
0.05346252
-0.02880503
-0.05793503
0.01581187
