0.00018410
-0.02002595
0.02197283
-0.01192115
-0.01381874
0.00867351
-0.00027597
0.04736934
0.02656029
-0.00165195
0.00601272
-0.01131955
-0.00637803
-0.00063925
-0.02064947
-0.00606090
0.00729749
-0.01517535
-0.10093343
0.02760157
0.01390024
0.05348264
-0.06498583
-0.02993583
-0.01761578
0.03169279
0.01589508
-0.02195382
0.00706058
0.01039852
-0.19125879
0.02343669
0.02235696
0.01000054
0.01700580
0.05786176
-0.00821551
0.00684643
-0.01153815
-0.09599395
-0.00490882
-0.01276331
0.05590412
-0.01766841
0.01011245
0.03064744
0.02555833
0.01648283
0.03763960
-0.00485779
0.04325354
-0.04073402
-0.06557652
-0.01853371
-0.00368146
-0.02341796
-0.00536092
0.00429980
0.42289278
-0.03052987
-0.01381725
0.00812956
0.01229627
-0.03483654
0.00647911
0.03594615
-0.02711101
0.01292838
-0.02121689
0.01680506
0.02108067
0.00130437
-0.01655800
0.01034172
0.01828577
-0.00623503
-0.01117220
0.05852415
0.00319344
-0.07448570
-0.01039982
0.00474185
-0.00233001
-0.04393366
0.04659277
0.00744536
0.01308062
0.00187898
-0.00619839
-0.01732118
0.03350855
0.02770797
-0.01467604
0.01147817
-0.00330291
-0.00416664
-0.00013522
-0.00195907
-0.05163645
-0.00568871
0.00017830
0.03470479
-0.01583069
0.02243305
-0.00357604
-0.00629050
-0.04251781
0.01042952
0.01212246
-0.00280900
0.02126096
0.01307256
-0.02974514
-0.01345412
-0.02124055
0.00329764
0.00333761
-0.02554795
0.00629463
-0.03090775
-0.00122351
-0.00165912
0.00060326
-0.00116424
0.00612976
0.03698052
-0.00398882
0.02430548
0.00661117
0.10470548
-0.01939052
0.01590506
-0.00666047
0.02143518
0.07219578
-0.02349813
-0.08545218
0.02900906
-0.06751197
-0.01386140
-0.05989798
0.02635084
-0.00559806
-0.00841057
0.01976916
-0.11262682
0.00129311
-0.02316836
-0.02990569
-0.02433147
-0.00737843
-0.00029666
-0.03531738
-0.04877064
0.01444959
0.00613048
-0.02510252
0.00020757
-0.02191603
0.00948822
-0.01101913
-0.02073319
0.00263146
-0.00879958
0.01844175
0.01317392
0.00390989
-0.00863755
0.01131667
0.02613623
-0.00587087
-0.01660431
0.01183321
-0.02424745
0.01689853
0.00332639
0.00574899
0.01808201
-0.06237303
0.01888150
-0.00581881
-0.02307205
0.00910838
0.01689255
0.00263791
-0.14771900
-0.07151737
0.00314441
-0.00735911
0.05591919
0.09553799
0.00758932
-0.01179755
0.00229893
0.00974155
0.01751353
0.05474260
0.00140467
-0.13038719
-0.03950071
0.03066743
-0.00885216
0.07417536
-0.01516104
0.00154530
-0.01068232
-0.00925212
0.00353065
0.00961300
0.00375565
-0.04721781
-0.01773898
0.02624210
0.01122696
0.04032002
0.03954814
-0.00719805
0.03007871
-0.00911774
-0.02231320
-0.03430991
-0.72452438
-0.00159117
0.00779644
0.02168805
0.01699678
-0.04251864
-0.01998922
0.01541098
0.01680731
-0.02187340
-0.04422250
0.03279410
0.00826600
0.00213608
-0.02607803
-0.03253983
-0.01902608
0.00723034
0.00436973
0.04777577
0.01420011
0.07112722
-0.02863375
0.00675505
0.00198642
-0.00636239
0.06929908
0.04037920
-0.03481260
-0.00225630
-0.00062369
0.00241217
0.00075122
0.00193521
-0.00530579
0.05897701
0.05674363
-0.09012675
0.07626378
0.01791584
-0.04660436
-0.01284000
0.06293894
-0.04515301
0.01674571
-0.01104051
0.01428906
-0.03271747
0.00764934
-0.02471003
0.04406712
0.00380838
-0.05058123
-0.00292576
0.01424404
-0.01630708
0.02042300
-0.04384180
-0.02289854
0.04129127
-0.03745456
0.07134913
-0.16979569
-0.01909408
0.02948522
0.00492204
0.02305784
0.03894377
0.02365891
0.02072167
0.04661565
-0.04302618
-0.01059647
-0.03134172
0.08498944
-0.04137960
0.06472939
0.03563096
-0.10541261
-0.11148904
-0.07683801
0.89495766
0.02121741
0.01358707
0.05844092
-0.10586058
0.09097114
-0.03760254
-0.05330255
-0.04862883
-0.02378198
-0.01638319
0.02741747
-0.09042086
-0.00911772
-0.09316038
0.01486084
-0.14080979
0.02335982
0.01880304
-0.01501731
0.06886834
0.04984708
0.01068469
0.04553833
-0.00982440
0.04151297
-0.04294555
-0.00596356
0.07099883
0.00089333
0.00296215
0.03103981
0.01983160
0.01649400
0.01947754
0.02690157
0.00118255
-0.02668499
-0.05239323
-0.00520074
-0.11132699
0.01461276
-0.04040760
0.06014391
-0.00634793
-0.04386614
-0.04363741
0.08665399
-0.01333340
0.02263770
0.00171807
-0.05783122
-0.03522689
0.00336456
-0.00676133
0.01992244
-0.07292011
-0.01211000
0.07010948
-0.09148530
-0.03406319
0.01365176
0.01197701
-0.01726086
0.03809059
0.00124690
-0.09892214
-0.00489661
-0.06935877
-0.00336599
0.01656819
0.03208599
-0.02265268
0.04194714
-0.04537930
0.02678387
0.00471957
0.01821093
-0.01288784
0.03464481
-0.00592781
-0.02309623
-0.03889234
-0.02727642
-0.01920323
0.02941445
0.06774480
0.02676450
0.04885001
-0.02322528
0.05242048
0.01389907
0.05357076
-0.11001895
0.07508949
-0.11049099
0.00909040
-0.02495267
0.00614279
0.01731535
0.11054520
0.05074430
-0.05366009
-0.04986522
0.01046963
-0.04879417
0.02210310
0.06448805
0.07732235
-0.03371657
-0.01915794
-0.02682143
0.00872607
-0.03527337
0.02151564
0.04474559
-0.02690579
-0.01759869
-0.02972158
0.03966130
-0.03068046
0.03537859
0.05906242
-0.02254987
0.01890435
0.00721153
-0.07757750
-0.03304666
-0.04419198
0.05931021
0.05216927
0.02298757
-0.02040541
-0.00951390
0.02652856
-0.02828714
0.02312298
0.02671066
-0.01659499
-0.01469668
0.00688615
-0.02709903
0.08335371
-0.03346808
-0.03643539
0.11155161
0.02708904
-0.07270110
0.01646838
0.04717453
-0.10389275
0.02249852
-0.00608646
-0.01262014
-0.01297423
-0.00290965
0.07005671
0.02684688
0.03886526
0.07411118
-0.00909059
0.01580034
0.00225228
-0.00930036
-0.06690479
0.05632846
0.04224123
-0.00206730
-0.05628623
0.04309189
-0.01236972
0.04471282
-0.02521830
-0.04240483
-0.01975665
-0.03036788
0.04080242
-0.04471457
-0.07000022
-0.13519199
-0.00351905
0.03575160
-0.02565962
0.04169976
0.03595716
0.00338894
0.01637741
0.02937890
-0.00630922
-0.05890430
-0.09150901
0.03113497
-0.02278825
-0.00176990
-0.05131215
-0.04270235
-0.04711030
0.01355905
-0.03028273
0.07176781
0.00303093
-0.00500393
0.00161069
0.05676415
0.04472999
0.04262457
0.01699895
0.00097891
0.01208279
-0.03056318
0.04048329
0.01296644
0.04552290
0.00275963
0.06418961
0.02629246
-0.09310925
-0.00094045
0.07042707
0.04066590
0.05288021
-0.01943206
-0.02806419
-0.02982324
0.02556234
0.04733619
-0.14507499
0.04632119
0.07164060
-0.00085935
0.04786625
0.01937055
-0.04178596
-0.06820951
-0.00352757
-0.01698830
-0.00228010
-0.03228426
0.03765581
0.05302311
0.02453528
-0.00009377
0.01449653
-0.07093338
0.00684804
0.04119104
0.04486065
-0.00928560
0.00146913
-0.08095586
0.00454041
-0.07265306
0.02398321
0.01609002
-0.04910471
-0.00184458
0.02699555
0.04234188
0.01292105
-0.02404169
-0.08672349
-0.01288788
-0.01478541
0.01468632
-0.01388904
-0.01420011
0.06342198
-0.00329342
0.00788664
0.08185623
-0.02714515
-0.01885562
-0.01219172
-0.06436528
-0.01891113
-0.04211038
0.02724880
0.03225745
-0.02044684
0.00866175
-0.05264997
0.01102438
-0.03123590
-0.04345893
0.00362793
-0.02413814
0.01638614
-0.00191159
-0.01201623
0.02447541
0.00577793
-0.02615937
0.00543502
0.02237813
-0.02662216
-0.00191203
0.05069091
0.03134423
0.07365693
-0.10205970
0.04898598
-0.01688899
-0.01160198
0.01038858
-0.01613819
-0.00327373
-0.03492446
0.01364552
-0.01510646
-0.02581293
-0.00783017
0.04867256
0.18035661
-0.00169944
-0.04179808
-0.04075967
0.01331825
0.04513445
0.02854897
-0.05074370
0.02133917
-0.00830491
-0.10050689
0.04491898
0.03735634
0.01040990
-0.08662391
0.00194090
-0.08811210
0.10502826
0.01306118
0.01065590
0.04442509
0.01211715
-0.04256632
-0.03751349
-0.09012207
0.04952746
-0.04762102
0.05039929
-0.04659919
0.00634889
-0.02132363
0.04179844
0.02648774
0.00469794
0.00609658
0.04208391
0.04595539
-0.04254009
-0.06436305
0.01412805
0.01325296
0.01174226
-0.02491235
-0.01721512
-0.08656646
0.04115611
0.07144719
-0.02340846
-0.03809753
-0.01013105
0.01556613
0.01627883
-0.02306626
-0.05645428
-0.00920240
-0.00250373
-0.04630011
-0.01507198
-0.00908320
0.05970747
0.09692716
0.03725287
-0.02173644
-0.04006067
-0.04236862
0.01107252
0.03214443
0.01069038
-0.02900890
-0.01660433
-0.02017131
0.07883653
0.02932144
-0.03136016
-0.03306830
-0.06635696
0.03849036
0.13012473
-0.02898673
0.00863479
-0.02842326
-0.04214413
0.01432887
-0.04567289
0.12756602
0.02089662
0.03132679
-0.00162799
-0.05877525
0.01805603
0.04840585
-0.00409331
-0.02335625
0.16815072
0.06018773
-0.06158675
-0.00824326
-0.01372223
-0.00510160
0.00203147
0.11484245
-0.04491009
0.02444819
-0.05719876
-0.03283443
-0.06423445
-0.00292903
-0.06455543
-0.02790149
0.01556448
-0.01312158
-0.03348660
-0.02893802
0.03796726
0.02719729
-0.01231725
0.01876962
0.02484945
0.02721286
0.04621141
0.01465580
-0.03573949
-0.01691232
0.01429689
-0.05183372
0.00237791
-0.02379914
-0.01389317
-0.08458012
0.01845819
-0.06017504
-0.04097606
-0.01525789
0.00490921
-0.03884193
-0.03161529
0.02002897
-0.00045512
-0.02648878
-0.00752642
-0.02832450
0.02335230
-0.05152324
-0.02017352
0.03459670
0.06685792
-0.03772024
0.12728527
0.02957124
-0.01513763
-0.02256403
0.07143106
0.04312763
0.04512599
0.08663092
-0.02716341
0.01415853
0.06009513
-0.01450725
0.04652620
0.02447650
-0.01092625
-0.00315439
-0.03683544
0.07674589
0.04594988
0.03422973
0.04802742
0.08282442
-0.03459371
0.01528806
-0.00784943
-0.03291152
-0.02359055
-0.05587487
-0.02290479
0.01085131
-0.03306899
-0.05948497
0.04280954
0.02901607
-0.02792293
0.01531581
-0.01540709
-0.00197470
-0.02539139
-0.00566131
0.00929855
-0.01835138
0.08225551
0.00597430
0.05989393
-0.04446771
-0.02083253
0.01633555
-0.01447423
-0.01279564
0.03799657
0.06941647
-0.03956508
-0.04521993
-0.06615049
-0.01657853
0.00827542
0.01461593
0.03689753
-0.02511441
0.02507831
-0.04693103
-0.09945256
-0.03171226
-0.01271004
0.02989920
-0.02949064
0.05934790
-0.02648194
-0.05566268
0.01619884
