-0.00001426
-0.01889414
0.02203301
-0.00933653
-0.00567096
0.01266682
0.00576958
0.05209624
0.03852427
0.00037695
-0.00004840
-0.01467441
-0.00403559
-0.00750739
-0.01928517
-0.00709279
0.00998261
-0.01598155
-0.09449395
0.02725351
0.01236747
0.05760262
-0.06448575
-0.03193050
-0.01704369
0.03477773
0.01608422
-0.02036896
-0.00012562
0.00296337
-0.19360073
0.01441905
0.02333481
-0.00062611
0.01373339
0.06032590
-0.01968902
0.00976649
-0.01509180
-0.10507634
-0.00465217
-0.01394398
0.05506461
-0.02791521
0.00833261
0.02979006
0.02520841
0.00682854
0.03163739
0.00045149
0.03753851
-0.04717366
-0.07388081
-0.00684269
-0.00667127
-0.02400567
-0.00367749
0.00928916
0.41367278
-0.02729958
-0.01357262
0.00143541
0.00759867
-0.03003879
0.00923693
0.03127681
-0.02144684
0.00452424
-0.01422487
0.00996136
0.02019768
-0.00278719
-0.02193392
0.00391724
0.02228091
-0.00907001
-0.00493621
0.06222932
0.00613577
-0.06178608
-0.01099914
0.00183184
0.00384614
-0.04880333
0.04961479
0.00323753
0.00788470
0.01141638
0.00228140
-0.01245044
0.02465971
0.02191549
-0.01355619
0.00736048
-0.00178216
-0.00471388
0.00180660
-0.01112136
-0.05880623
-0.00638095
0.00427790
0.03614330
-0.01212201
0.02072173
-0.00420193
-0.00946739
-0.04663452
0.00958059
0.01321454
-0.01008701
0.01142068
0.01369091
-0.03910078
-0.01671880
-0.01769109
-0.00408087
0.00899554
-0.02964292
0.00857514
-0.02113484
-0.00249773
-0.00389771
-0.00884011
-0.00476165
0.00015618
0.03279231
0.00354622
0.01737473
0.00817802
0.11060174
-0.02617231
0.01397583
-0.00238619
0.01778064
0.07219899
-0.02797089
-0.09339824
0.02680420
-0.07822903
-0.00483595
-0.07093558
0.01145761
0.00004000
-0.01145311
0.02016306
-0.10066350
0.00430875
-0.01704788
-0.03179507
-0.02740562
-0.01060026
0.00946553
-0.03973847
-0.05281642
0.01016995
0.00772779
-0.03056086
0.00172472
-0.02532451
0.00819461
-0.00586845
-0.02778271
0.00940723
-0.00652394
0.01709407
0.01226284
0.00968279
-0.00750792
0.01267502
0.02277900
-0.00179567
-0.01631154
0.01279684
-0.02238612
0.02422245
0.00259078
0.00279210
0.00896459
-0.06158720
0.00826101
-0.01012157
-0.02097648
0.00299244
0.01767292
-0.00108794
-0.13505323
-0.08617115
0.00678830
-0.00528370
0.05536869
0.10376296
0.00913383
-0.01028233
0.00098392
0.01332751
0.00902758
0.04671951
0.01183908
-0.14141642
-0.03944042
0.03741921
0.00286973
0.07322568
-0.02859668
-0.00238544
-0.00759946
-0.00644747
0.00785155
0.00654673
-0.00087896
-0.05305795
-0.01841777
0.02958898
0.01166047
0.02781408
0.04071827
-0.00385993
0.03097766
-0.00778616
-0.00997995
-0.03595174
-0.72366589
0.00180754
0.00696998
0.01510267
0.01598787
-0.05050375
-0.02180503
0.01348786
0.01258991
-0.01659495
-0.04021958
0.02632953
0.01054792
0.00392306
-0.03102869
-0.03687376
-0.00510431
0.00748967
0.00792615
0.03834930
0.01635930
0.06471268
-0.03906674
0.00697979
0.00169246
-0.01097359
0.08037817
0.03060323
-0.04079752
-0.00793261
0.01193194
-0.00043941
-0.00154168
0.00004744
0.00129467
0.03802832
0.03970903
-0.05519401
0.05296735
0.04998278
-0.07144947
-0.00154146
0.05777606
-0.04800647
0.00620651
0.00183789
-0.00959318
-0.07682148
0.00500396
-0.01358337
0.06435694
0.01756161
-0.00451592
0.00792180
0.02460550
-0.00868497
-0.03206770
-0.06233259
-0.03216921
0.03840830
-0.03775128
0.08777140
-0.17836820
-0.00654785
0.03656572
0.00843200
0.03206638
0.02600594
0.06725113
0.06977417
0.06526743
-0.02076745
-0.02760966
-0.01182562
0.06409123
-0.04161199
0.02740750
0.05593578
-0.08969039
-0.08426315
-0.04862208
0.88893133
0.05424953
0.02718283
0.08616066
-0.11579815
0.12303452
-0.04858161
-0.07057381
-0.06518436
-0.02558661
-0.00174860
0.01662907
-0.09966472
0.00616960
-0.07737581
0.03233805
-0.11343407
0.02085909
0.01677572
-0.01627380
0.07009371
0.04822344
0.01409214
0.03960764
-0.00451712
0.04468676
-0.03901466
-0.00555677
0.06310008
0.00817889
0.00642667
0.03161904
0.02126298
0.01631953
0.00564206
0.02481421
0.00586494
-0.01869822
-0.04922276
-0.00109569
-0.10107497
0.01535590
-0.03446588
0.07115949
-0.00090456
-0.04661369
-0.03496794
0.07919157
-0.03163273
0.04104545
0.00969177
-0.05094294
-0.04356673
0.01785060
0.00243387
0.00721653
-0.07352255
-0.01105084
0.06749905
-0.09140568
-0.02768369
0.01783941
0.02497480
-0.01256054
0.03816552
-0.00184437
-0.11401056
-0.00389549
-0.06469930
-0.00292252
0.01317185
0.03076993
-0.02078662
0.02892297
-0.05776584
0.03895578
-0.01230837
0.01688498
-0.00977497
0.03482966
-0.01973335
-0.01089553
-0.03000562
-0.03806998
-0.02190329
0.02996487
0.07998772
0.02937881
0.05479378
-0.03094616
0.05452879
0.01382259
0.05837856
-0.12292755
0.06328396
-0.12385339
0.01257243
-0.02401003
-0.00248479
0.01092792
0.10918739
0.04528539
-0.05571991
-0.02634767
0.01124243
-0.05531196
0.03303703
0.06143249
0.06380454
-0.03238823
-0.01881215
-0.04174238
0.02473801
-0.04574200
0.01764568
0.04743831
-0.03778648
-0.01632679
-0.03550642
0.03477669
-0.03364205
0.02860629
0.06536350
-0.02470347
0.00174330
0.00589215
-0.07609145
-0.03166464
-0.02869784
0.05382732
0.04505424
0.01684781
-0.02315202
-0.00518091
0.01981758
-0.03284531
0.02205101
0.03184308
-0.01820762
-0.01585237
0.00383555
-0.04528557
0.08342960
-0.02672460
-0.03197595
0.11441621
0.02858033
-0.06103069
0.00468905
0.05283761
-0.09138679
0.01771290
0.00216537
-0.01727500
-0.00543914
-0.00114718
0.06598602
0.02281677
0.03762184
0.07501525
-0.01655884
0.01647047
0.00833591
-0.00609782
-0.06700227
0.05992564
0.03747766
-0.00008069
-0.05474355
0.04091213
-0.00363626
0.04847603
-0.00916723
-0.04624904
-0.02120573
-0.03513071
0.04923848
-0.04016051
-0.06659621
-0.13329791
-0.00830392
0.04899140
-0.04131036
0.04482326
0.04271587
-0.00762022
0.02067997
0.02046842
-0.00389156
-0.05115721
-0.09205358
0.03585775
-0.02191621
-0.00574532
-0.05022887
-0.04757148
-0.06571479
0.01288477
-0.03289783
0.08114634
0.00257441
-0.00873959
0.00523460
0.06489596
0.03295500
0.03287709
0.00822808
0.00339460
0.00344754
-0.03363657
0.03724386
0.00613905
0.04978174
-0.00964673
0.05820797
0.03293882
-0.09101358
-0.00024168
0.06513844
0.04971248
0.04906978
-0.02081837
-0.03090636
-0.02196432
0.02312929
0.06129708
-0.14203918
0.05041248
0.07211606
0.00537754
0.04133039
0.03364366
-0.06014172
-0.05807998
-0.00354242
-0.03167420
0.00006475
-0.03079398
0.02886291
0.04542713
0.01725036
-0.00278101
-0.00266750
-0.06629099
0.01592554
0.04041731
0.04326857
-0.00055478
0.00341734
-0.08604427
0.00482041
-0.05885771
0.02831073
0.01424522
-0.04646031
-0.00284234
0.02786887
0.04267142
0.00943374
-0.01961283
-0.07194710
-0.01105960
-0.01363716
0.01016490
-0.01657441
-0.01278346
0.05483117
0.00462830
0.00124316
0.08112220
-0.02203476
-0.01073059
-0.01593416
-0.06183514
-0.02503324
-0.03184917
0.02740681
0.04041767
-0.01234624
0.00728952
-0.05935327
-0.01071446
-0.03946391
-0.04421619
0.01184451
-0.02310321
0.01414509
-0.00662046
-0.01528776
0.02386454
0.00945079
-0.02758490
-0.00340925
0.02164977
-0.02377960
-0.00728776
0.04952170
0.02897662
0.07230923
-0.10383576
0.04854368
-0.00548427
-0.02818681
0.00644764
-0.01226445
-0.00324979
-0.03911830
0.00060288
-0.01070809
-0.03192333
-0.00188880
0.05156945
0.18905337
0.00167519
-0.02998317
-0.02668967
0.02244975
0.03439846
0.01655729
-0.04791098
0.01244861
-0.00380353
-0.09310665
0.02987787
0.04187948
0.01197332
-0.09171149
0.00699464
-0.07797819
0.10463183
0.01016204
0.02337255
0.05069533
0.01291867
-0.03792298
-0.03804829
-0.06343279
0.04437931
-0.05381534
0.05368442
-0.04686318
0.00200260
-0.02568880
0.04274907
0.02800713
0.00938822
-0.01869047
0.04764120
0.05345000
-0.03122868
-0.07221004
0.00519334
0.01145974
0.00788100
-0.03924955
-0.01999675
-0.08767967
0.02989157
0.04193243
-0.01668814
-0.03962183
-0.01371050
0.01733031
0.00952709
-0.01632967
-0.04192868
0.00138163
-0.00088003
-0.04771155
-0.02038086
-0.00166251
0.06401520
0.09217614
0.05066021
-0.02312383
-0.04097660
-0.04493624
-0.00161735
0.02565326
0.00686468
-0.02973190
-0.01098773
-0.00920999
0.08040424
0.03052886
-0.02102137
-0.03950848
-0.07369479
0.03961116
0.12876369
-0.02376725
0.00972950
-0.02634746
-0.03531135
0.02764053
-0.05101609
0.13057534
0.01785639
0.03282322
-0.00185392
-0.06231182
0.01404625
0.04174780
-0.00124970
-0.02888349
0.18743631
0.05380889
-0.05672608
-0.00406132
-0.01115528
-0.00632596
-0.00233341
0.10501462
-0.03983016
0.01545973
-0.06835317
-0.02279258
-0.05198583
0.00629391
-0.08987314
-0.03623842
0.00988482
-0.02187071
-0.02715908
-0.03011400
0.03929294
0.02663716
-0.02035882
0.01672778
0.02064918
0.01681260
0.04800134
0.01197281
-0.03311661
-0.02285685
0.01818077
-0.05377171
-0.00481610
-0.02516565
-0.00736562
-0.08282566
0.02516137
-0.04526854
-0.04598413
-0.01340356
0.00157919
-0.03784644
-0.02852146
0.01212341
-0.01281445
-0.03346259
0.00082090
-0.03108535
0.02342091
-0.05277088
-0.01658083
0.02955990
0.06285419
-0.05068872
0.13041891
0.03519735
-0.01164366
-0.02096918
0.06565215
0.03565138
0.05955062
0.07454805
-0.04749159
0.00600015
0.07340354
-0.00382191
0.02003191
0.01994823
0.00082260
-0.00816091
-0.04926480
0.07776421
0.05986861
0.04136407
0.05348848
0.07635108
-0.03372682
0.04556559
-0.01639401
-0.02393633
-0.02053001
-0.06174471
-0.03003681
0.01637346
-0.02756897
-0.04868578
0.04836843
0.03376512
-0.02940779
0.00362772
-0.01072487
-0.00804831
-0.02083734
-0.01152651
0.00124817
-0.01209391
0.07824730
0.00046167
0.05553110
-0.04896032
-0.01215117
0.00457300
-0.01983221
-0.00428914
0.02860100
0.06055310
-0.03281987
-0.04870902
-0.06480689
-0.00994173
0.01172431
0.01570181
0.03662862
-0.04116990
0.01954165
-0.04512279
-0.09864606
-0.00959033
-0.00896663
0.02868391
-0.03181252
0.04860334
-0.02750930
-0.05235318
0.01822175
