0.0855698660016060
-0.0074512665160000
0.1210912391543388
0.0987564101815224
0.0006775130750611
0.0574715249240398
-0.0077528492547572
-0.0828592479228973
0.0063385181128979
-0.0214108228683472
-0.0960294157266617
0.0179779361933470
0.0979973077774048
0.0705163776874542
0.0188344828784466
0.0423023104667664
0.0115612233057618
-0.0171827711164951
-0.0460655651986599
-0.0622058250010014
-0.0212856419384480
-0.0046075088903308
0.0733827427029610
0.0019573657773435
-0.0638319924473763
0.0828203409910202
-0.0433543883264065
0.0312916822731495
-0.0178656037896872
0.0717406347393990
0.0417293012142181
-0.0167328175157309
0.1271891444921494
0.0217529591172934
0.0059342491440475
0.0952412113547325
0.1233658492565155
-0.0384669043123722
-0.0127931376919150
-0.0039079105481505
-0.0010364559711888
-0.0619566366076469
0.0188156142830849
0.0006817234097980
-0.0101830800995231
-0.0798463895916939
0.0215600226074457
0.0596207864582539
-0.0444175191223621
0.0430348888039589
-0.0295930057764053
-0.0312938466668129
-0.0163099747151136
-0.0396131090819836
-0.0274249836802483
0.0520526431500912
-0.0157935190945864
-0.0476812645792961
0.0380121618509293
0.0671082660555840
-0.0564122758805752
-0.0698209479451180
-0.0538201667368412
-0.0773559361696243
0.0251622665673494
0.0009916932322085
0.0909588485956192
-0.1053570657968521
0.1284093558788300
-0.0414381548762321
-0.0755464509129524
0.0519379340112209
0.0007159752422012
0.1115213260054588
-0.0571657344698906
0.0608801431953907
-0.0541150048375130
-0.0389716252684593
0.1123066022992134
0.0756468847393990
-0.0711114630103111
-0.1149252355098724
0.1004886254668236
-0.0234926771372557
0.0322009287774563
0.0205198246985674
0.0898076370358467
0.0972090214490891
0.0172533690929413
0.0078439358621836
-0.0384795479476452
-0.0234541054815054
-0.1031948328018188
0.0484990626573563
-0.0302273947745562
0.0106478501111269
0.0330772101879120
0.1318672150373459
0.0460523962974548
-0.0287248175591230
-0.0121080586686730
0.1238570734858513
0.0598981529474258
-0.0984393432736397
-0.0942021757364273
-0.0905755683779716
-0.0390084944665432
-0.1095739454030991
-0.0041252672672272
0.0169679764658213
-0.0188843812793493
0.0765880942344666
0.0511573255062103
0.0200438834726810
-0.0420756861567497
0.0694221407175064
0.0787060633301735
-0.1340193748474121
-0.0034287036396563
0.0866844579577446
0.0013985215919092
0.0749218240380287
0.0651681125164032
0.0260446183383465
0.0146324830129743
-0.0201828014105558
-0.0107610477134585
-0.0496068634092808
-0.0593401677906513
0.0101241469383240
0.0689276978373528
0.0924175679683685
0.0116388192400336
-0.0571080446243286
0.0578233934938908
-0.0798115953803062
-0.0878450646996498
0.0619244240224361
0.0160231087356806
-0.0072990148328245
0.0445853397250175
0.0425276383757591
-0.1196273118257523
-0.0456032343208790
-0.0978127345442772
-0.0528006963431835
-0.0936084166169167
0.1170662194490433
0.0777488201856613
-0.0730953514575958
0.0183607432991266
0.0845974311232567
-0.0581845417618752
0.0237837322056293
-0.0006589641561732
-0.0186632853001356
0.0800783559679985
-0.0470037311315536
-0.0781782567501068
-0.1080446243286133
0.0715570002794266
-0.0556974969804287
-0.0465837381780148
-0.0548718944191933
-0.0856539383530617
-0.0337468422949314
-0.0332633703947067
0.0642146989703178
-0.0892761796712875
0.0730400308966637
0.0108388671651483
-0.1020013168454170
-0.0308762341737747
-0.0954747647047043
-0.0479004867374897
0.0101280556991696
-0.0814280360937119
-0.0726302191615105
0.0396545566618443
-0.1160735785961151
0.0140201700851321
0.0739844217896461
0.0506372116506100
0.0102487057447433
-0.0718148499727249
0.1053366810083389
-0.0848912596702576
0.0538619048893452
-0.0425297208130360
0.1248676851391792
0.0642234906554222
-0.1118851900100708
-0.0032176242675632
0.0285920128226280
0.0547642484307289
0.0479392223060131
0.0721625164151192
0.1210857406258583
-0.0529828853905201
-0.0162542201578617
0.0653017759323120
0.1316002607345581
-0.0579342842102051
0.0716490522027016
0.0427799038589001
0.0549013353884220
0.0710219740867615
-0.0151683744043112
0.0222893748432398
-0.0146192237734795
-0.0223874244838953
0.0478601865470409
-0.0652883350849152
-0.0649263262748718
-0.0240871272981167
-0.0560355968773365
-0.0865135416388512
0.0510611906647682
0.0135727543383837
0.0330458395183086
-0.1122015565633774
-0.0302877649664879
-0.0373525507748127
-0.0226422809064388
-0.0571836195886135
-0.0510042458772659
-0.0517126321792603
0.0905547440052032
0.0139366416260600
0.0719804242253304
0.0769632831215858
0.0342255756258965
0.0607171393930912
-0.0630770847201347
-0.0139565505087376
-0.0402956344187260
-0.0026149251498282
0.0068427454680204
0.0615116432309151
0.0495248287916183
-0.0383480116724968
-0.0975595712661743
0.0766122639179230
0.0075991847552359
0.0450247451663017
-0.0440964214503765
0.0620571188628674
0.0590092837810516
-0.0607576631009579
-0.0351587049663067
-0.0038466502446681
-0.0714747756719589
0.0618975721299648
0.0550048165023327
0.0046569365076721
0.0316131524741650
-0.1163758635520935
-0.0444719307124615
-0.0777967348694801
0.1094263494014740
0.0071357130073011
0.1072875559329987
-0.2267619371414185
-0.0097619416192174
0.1400336176156998
0.0920508354902267
0.0528285428881645
-0.0319266468286514
-0.0992313399910927
0.1748038232326508
-0.0218832157552242
0.0427603125572205
-0.2591946423053741
0.1246369928121567
-0.0453576110303402
-0.1774847209453583
-0.0770959705114365
0.0217231102287769
0.1698249131441116
0.0650016590952873
-0.0542604811489582
-0.1071730107069016
-0.2629525959491730
-0.1829306483268738
0.0874476060271263
-0.0573591031134129
-0.2044607996940613
0.0861978307366371
0.0944738015532494
0.0227882973849773
-0.0618476979434490
-0.1596299111843109
-0.0259656328707933
0.0600166879594326
0.0833833292126656
-0.2303552478551865
-0.0790918096899986
-0.0109153827652335
-0.0076827318407595
-0.0534109883010387
-0.0219582393765450
0.1173980385065079
0.1829095184803009
-0.2571951448917389
0.0909951776266098
0.0858807936310768
-0.0898166447877884
-0.0830594450235367
-0.0847441405057907
-0.1625902056694031
-0.0919159352779388
-0.1555031836032867
-0.0369166731834412
0.0890966355800629
-0.1888761222362518
0.1885679960250854
-0.1174317076802254
0.2264894545078278
-0.0159429535269737
-0.1638972610235214
0.0258938837796450
-0.0558351650834084
-0.0501127801835537
0.0748309642076492
0.0301025640219450
-0.0322750546038151
-0.0290418677031994
0.0860326141119003
-0.0148475402966142
-0.0686497613787651
0.0615596286952496
-0.0602543577551842
-0.0345024764537811
0.0291322581470013
0.0384423509240150
-0.0629247054457664
-0.0307719483971596
-0.0823990702629089
0.0603722855448723
-0.0527565628290176
0.0269764382392168
0.0022608614526689
0.0290716513991356
-0.0741184279322624
0.0313859134912491
-0.0138712301850319
-0.0258592348545790
0.0142921283841133
-0.0454137101769447
-0.0247398931533098
-0.0475601702928543
0.0247207786887884
-0.0247283894568682
-0.0551045127213001
-0.0733415186405182
-0.0453950166702271
-0.0045040058903396
0.0717317089438438
0.0218031574040651
0.0225672498345375
-0.0167775955051184
-0.0072164954617620
-0.0035343719646335
0.0277884844690561
-0.0196808837354183
0.0141478283330798
-0.0632239878177643
-0.0774815157055855
-0.0021638872567564
0.0113358646631241
0.0381681472063065
-0.0039516575634480
0.0804728791117668
-0.0116933677345514
0.0325527973473072
-0.0622284002602100
0.0039004050195217
0.0441298410296440
-0.0517221875488758
0.0867661312222481
-0.0295497123152018
-0.0014895061030984
-0.0128663536161184
-0.0421348623931408
-0.0894808694720268
-0.0402914062142372
0.0819496288895607
-0.0607457831501961
0.0621854811906815
0.0502714216709137
0.0793858170509338
-0.0401522815227509
0.0073387599550188
-0.0525163337588310
0.0359159372746944
0.0458517111837864
-0.0223830677568913
0.0957648530602455
0.0077497554011643
-0.0738277807831764
-0.0186191909015179
-0.0007483675144613
-0.0387847237288952
0.0273545086383820
-0.0454715751111507
-0.0102003719657660
-0.0112824318930507
0.0104326689615846
-0.0391543321311474
-0.0821302756667137
0.0513304769992828
0.0512780994176865
0.0166704654693604
-0.0268308725208044
-0.0340409912168980
0.0455244630575180
0.0207370724529028
-0.0510780923068523
-0.0628508329391479
0.0534691549837589
0.0061648697592318
-0.0616072081029415
0.0578125119209290
0.0648270696401596
-0.0188587028533220
0.0149910226464272
0.0344838425517082
0.0181396547704935
0.0009297410142608
-0.0315987691283226
0.0536654256284237
0.0514455735683441
-0.0316187776625156
-0.0721310526132584
0.0209730360656977
0.0185878258198500
0.0601717047393322
-0.0593124479055405
0.0034801987931132
-0.0253445804119110
-0.0622623600065708
-0.0006576242740266
-0.0288849193602800
-0.0114272534847260
-0.0413087308406830
0.0552672669291496
0.0229619331657887
0.0449395254254341
-0.0402725785970688
0.0694203674793243
0.0612930543720722
-0.0133155742660165
0.1154890581965446
0.0594112873077393
0.0312465541064739
-0.0428257361054420
0.0643812268972397
-0.0775192677974701
-0.0593207068741322
-0.0336299389600754
-0.0192118808627129
0.0464244820177555
0.0518706627190113
-0.0039270306006074
0.0468776524066925
-0.0150784142315388
-0.0066795144230127
0.0426625832915306
0.0545533075928688
0.0330502726137638
-0.0333689637482166
0.0162070021033287
-0.0110929636284709
0.0033258888870478
0.0148008912801743
0.0180347692221403
-0.0569747351109982
0.0012609532568604
-0.0475531741976738
0.0211950559169054
-0.0498010851442814
-0.1263471394777298
-0.0328530818223953
0.0106256809085608
0.0541525185108185
0.0444655269384384
0.0768173709511757
0.0376565605401993
0.0488814190030098
0.0433381125330925
-0.0176635030657053
0.0340893380343914
-0.0330114699900150
0.0780998393893242
-0.0504759065806866
0.0333135351538658
0.0413562729954720
0.0107069397345185
0.0503787919878960
0.0112911369651556
0.0441093556582928
-0.0799244940280914
0.0414298400282860
-0.0635701268911362
0.0277403984218836
0.0540469698607922
-0.0299857500940561
-0.0330630242824554
0.0926283448934555
0.0327645055949688
-0.0284354537725449
0.0170116052031517
0.0137838814407587
-0.0212573558092117
-0.0619902648031712
-0.0126239797100425
-0.0379877835512161
-0.0431133918464184
-0.0700484886765480
0.0265100281685591
-0.0322593338787556
-0.0338014476001263
0.0323847867548466
-0.0425497367978096
-0.0009490422089584
0.0038896827027202
-0.0806451365351677
-0.0109613602980971
-0.0557509921491146
0.0012197076575831
-0.0481794551014900
-0.0341358892619610
-0.0689548924565315
0.0083539159968495
0.0609403289854527
-0.0203185714781284
-0.0030439551919699
-0.0120564037933946
-0.0524623915553093
0.0062854760326445
-0.0677894279360771
0.0559241175651550
-0.0827301442623138
0.0168276950716972
-0.0624811761081219
0.0335546508431435
0.0073328926227987
-0.0061700236983597
0.0354027636349201
-0.0590251348912716
0.0277249664068222
0.0738023668527603
-0.0217432137578726
0.0059361420571804
0.0234010424464941
-0.0241854581981897
-0.0011057392694056
-0.0563563145697117
-0.0312231238931417
-0.0265475977212191
-0.0319317281246185
0.0284350700676441
0.0418795086443424
-0.0122779440134764
0.0248139351606369
0.0561918057501316
-0.0363968499004841
0.0238413512706757
-0.0642491951584816
-0.0108897369354963
-0.0391335710883141
-0.0349037796258926
-0.0261864215135574
0.0938920155167580
0.0475466586649418
-0.0031904610805213
0.0105405561625957
-0.0356299430131912
-0.0676587298512459
0.0075517962686718
0.0269902944564819
0.0518093295395374
-0.0404860973358154
-0.0187557768076658
-0.0407103262841702
-0.0236729253083467
-0.0478575602173805
-0.0387948229908943
0.0723007768392563
0.0205642282962799
0.0466547459363937
-0.0046288617886603
-0.0124225318431854
-0.0274729728698730
0.0415544584393501
0.0348498336970806
-0.0631403997540474
-0.0549605675041676
-0.0199670288711786
-0.0149485366418958
-0.0312999449670315
-0.0340687148272991
0.0015540895983577
-0.0388831831514835
0.0373504757881165
0.0461633540689945
-0.0043073976412416
-0.0060117850080132
-0.0312228761613369
0.0558068417012691
0.0192991867661476
0.0389108434319496
-0.0442885532975197
0.0893076136708260
0.0610701143741608
0.0278037190437317
0.0470740050077438
-0.0410476140677929
0.0955053791403770
-0.0330778174102306
-0.0324749313294888
-0.0627258494496346
-0.0162038020789623
-0.0560861714184284
0.0631985142827034
0.0448243767023087
-0.0173688624054193
-0.0514021553099155
0.0160856563597918
0.0101132672280073
0.0038522635586560
-0.0758369863033295
0.0434306710958481
-0.0540621131658554
0.0636728703975677
-0.0149478027597070
-0.0217916816473007
-0.0621756874024868
-0.0516802035272121
-0.0222208797931671
-0.0102538587525487
0.0611792244017124
-0.0229725912213326
-0.0288829281926155
0.0663784369826317
0.0650820508599281
0.0205636247992516
0.0545763783156872
0.0520256422460079
-0.0403267778456211
-0.0284016951918602
-0.0169309079647064
-0.0530344322323799
-0.0378722697496414
0.0421577729284763
-0.0397546477615833
-0.0513296462595463
-0.0334078967571259
0.0153374271467328
-0.0247659627348185
-0.0190271660685539
-0.0379963219165802
-0.0407239459455013
-0.0303764771670103
0.0492641478776932
0.0787732303142548
-0.0272031743079424
-0.0141194835305214
0.0180840864777565
-0.0028667417354882
0.0531016699969769
-0.0599457062780857
0.0121183143928647
0.0099353352561593
-0.0353136882185936
-0.0399481467902660
0.0109149403870106
-0.0019041253253818
-0.0316599607467651
0.0676684528589249
0.0218844637274742
0.0163048133254051
0.0556120201945305
0.0528256930410862
0.0495635569095612
-0.0705113410949707
-0.0034804018214345
0.0293301157653332
-0.0198070053011179
-0.0410682670772076
-0.0251949541270733
-0.0056914733722806
0.0589427165687084
0.0232781376689672
-0.0660991519689560
-0.0012837330577895
0.0727176591753960
-0.0033476867247373
0.0252173710614443
-0.0364978276193142
-0.0406931303441525
-0.0151340803131461
-0.0261528529226780
0.0431262850761414
-0.0469683296978474
0.0297830160707235
-0.0272455178201199
-0.0086887208744884
-0.0506854616105556
0.0106999576091766
0.0567107200622559
-0.0415945239365101
0.0263108424842358
-0.0041696182452142
-0.0626205578446388
-0.0241115130484104
0.0331707000732422
0.0228223055601120
-0.0627002045512199
-0.0512693226337433
-0.0382150225341320
-0.0069397105835378
-0.0245953258126974
-0.0255477800965309
0.1020879298448563
0.0649178475141525
0.0527471601963043
0.0420213229954243
0.0422714278101921
0.0360007323324680
-0.0854565650224686
0.0040617925114930
0.0305465888231993
-0.0045428378507495
-0.0598849803209305
-0.0686974078416824
-0.0461878478527069
0.0158136952668428
0.0053813150152564
-0.0018041745061055
0.0006168356630951
0.0492908284068108
-0.0046392683871090
-0.0353971384465694
0.0159133821725845
-0.0106942001730204
0.0396303795278072
-0.0280318185687065
-0.0521191842854023
0.0311164949089289
0.0474526695907116
0.0298747103661299
0.0219820532947779
-0.0217157639563084
0.0038748751394451
0.0136768613010645
0.0030383805278689
-0.0043855924159288
0.0806238204240799
-0.0752890408039093
-0.0655065551400185
-0.0342841781675816
0.0837339535355568
-0.0545625090599060
-0.0359678305685520
0.0021701354999095
0.0325517728924751
0.0391974337399006
0.0429685227572918
0.0595436878502369
0.0284988563507795
-0.0045993211679161
0.0587573349475861
0.0423806942999363
-0.0182279869914055
0.0342012159526348
0.0398318767547607
-0.0151310609653592
0.0417994931340218
-0.0095210112631321
-0.0411327630281448
0.0017851504962891
-0.0795114710927010
0.0539623312652111
0.0369890034198761
-0.0705343782901764
-0.0517038255929947
-0.0234222151339054
-0.0186882484704256
0.0682976990938187
0.0304752346128225
0.0319181308150291
0.0854128301143646
0.0636762529611588
0.0148638309910893
-0.0088175637647510
0.0393014363944530
-0.0188740286976099
0.0681853219866753
-0.0133068868890405
0.0695556178689003
-0.0714215114712715
-0.0738791748881340
-0.0567220598459244
0.0380144305527210
0.0546997934579849
-0.0675478428602219
-0.0357201732695103
0.0259646065533161
-0.0158269386738539
0.0319876633584499
-0.0360976606607437
0.0428657941520214
0.0461284555494785
-0.0642453953623772
-0.0190745536237955
0.0308143589645624
-0.0123081831261516
0.0156096406280994
0.0905245617032051
0.0292645134031773
0.0664791837334633
-0.0253279954195023
-0.0688847675919533
0.0456060804426670
-0.0350657738745213
0.0124966027215123
0.0205346345901489
-0.0119598172605038
-0.0945864990353584
-0.0252725221216679
0.0713817924261093
