0.03120876
-0.00940287
-0.02706296
0.01509700
0.00280544
-0.02072617
0.02026759
-0.00597508
0.01372850
0.00851861
-0.02467112
0.01413235
-0.01142817
-0.00520062
-0.00844773
0.01388207
-0.01227920
0.00517485
0.09909982
-0.00395158
-0.00012259
-0.02775640
-0.01877524
0.00821045
0.00268471
0.00477154
-0.03648311
-0.02445914
-0.01482952
0.00354686
0.13047014
0.00071890
-0.00381671
0.00562777
0.01722800
-0.01101098
-0.02131687
-0.00271002
0.00866836
0.02785290
-0.00828280
-0.00010326
-0.04441027
-0.01280818
-0.03123808
0.01606799
0.00787577
-0.00040898
0.01556105
-0.02251425
0.00481832
-0.04573766
0.05374835
-0.01183254
0.00217540
-0.01454116
-0.00192836
-0.02047341
0.28629419
0.02446558
0.00338524
-0.01237679
0.00694379
0.05194752
0.01708065
-0.00000943
0.03155128
-0.01413180
0.01089926
-0.01465308
0.03014560
0.02469673
0.04084657
-0.02115168
-0.01796985
0.02028574
0.02090232
-0.00497861
-0.00233350
0.13807344
0.01874463
-0.01893039
0.01624459
0.02084447
0.02330196
0.00705799
0.00519353
-0.01754577
0.00068061
0.01144280
0.00959989
0.01665330
-0.04218718
-0.02589657
-0.01137301
0.01543969
-0.00437562
0.00861163
-0.02178748
-0.00119648
0.02597541
0.00833737
-0.02241096
0.00245998
0.02804904
-0.01859016
0.01452115
-0.01456221
0.00638415
-0.02692245
0.02806036
0.00973545
-0.01144149
0.00604978
-0.00849508
-0.00468282
0.01418392
-0.00240566
-0.00301984
-0.00249181
-0.00201895
-0.00805686
-0.01441758
0.00912507
-0.02365660
0.00975264
0.03049218
0.00624364
0.01516246
-0.08139746
-0.00316630
-0.00598649
-0.00092053
0.00033098
-0.03900088
0.01916186
-0.00178212
0.01580317
0.09959409
0.02250389
-0.04202411
0.00839753
0.00690997
0.00011093
0.03442314
0.12525842
-0.00959096
0.00939397
0.00913186
-0.03099641
-0.01718662
0.02393822
-0.00247081
0.02859270
0.01129081
-0.00393209
-0.00621474
-0.00093168
-0.04392620
-0.05439245
0.04244146
-0.05291227
-0.02487403
-0.00378719
0.00795926
-0.01761548
-0.01433745
0.00441550
-0.03569963
-0.04997674
0.00940262
-0.00832901
0.00059364
0.02389324
0.03513937
0.00919546
0.00390104
0.00572244
0.04660147
-0.02180945
-0.02163979
0.00227996
-0.03733061
-0.02169259
-0.04086018
0.25399423
-0.21059747
0.00682627
0.01306037
-0.03777350
-0.01165293
0.01455848
-0.01570722
-0.00502499
0.02530269
0.02997147
-0.03361729
-0.00071690
0.01717724
-0.02345645
-0.04723379
0.01349183
-0.14859398
-0.01693504
0.01107270
0.06389339
0.00331373
0.02644449
-0.01398892
-0.06844656
0.02140119
0.00047451
-0.01269099
-0.01072634
-0.01800513
-0.02832648
0.00312728
0.01901619
0.01787866
-0.01986487
-0.03099732
-0.76603764
-0.01043007
-0.01993090
-0.01661526
-0.01000401
0.01199025
0.02070033
-0.03480508
0.01041329
0.01222449
0.01459252
-0.05355480
0.01718864
0.02731267
0.04592941
-0.00657048
0.01992333
0.01171634
0.00247029
0.00025210
-0.00915649
-0.09141944
0.01801871
-0.00488196
-0.00555875
-0.00956817
0.04419091
0.00426112
0.03547427
-0.01552306
0.01239097
-0.03521976
-0.02301106
-0.01242932
0.01790756
0.05116582
0.08467921
0.06305425
-0.01694362
0.11345509
0.10953945
-0.12000193
-0.04913967
-0.11588944
0.07382800
0.04077597
0.09188011
-0.05986340
-0.12295355
-0.09632403
0.11472554
-0.04291176
0.06286352
0.03683557
0.03965205
-0.00236452
-0.09873010
-0.01504664
-0.03826826
-0.06399580
0.15137286
0.03665400
-0.03750640
-0.03024919
0.05051930
-0.00743338
0.09143311
-0.08537166
0.02073182
0.09741711
-0.07600906
0.04205788
0.02891356
-0.00160189
0.02539608
-0.01713119
0.08125186
-0.05809324
-0.01028145
-0.03278913
-0.10955516
0.81558222
0.07710627
0.03509214
-0.10201948
-0.03065429
0.01343237
-0.06349682
0.02490251
-0.00815168
-0.16014946
-0.03403159
0.03127443
-0.17100661
0.00455556
0.06239272
-0.03724273
0.03454363
-0.10255119
0.05548668
0.02083154
-0.00601268
0.04493276
-0.00116385
0.02190091
-0.02889640
-0.00347936
-0.02430999
0.00290285
0.05122843
-0.01251353
-0.01885191
0.03233930
0.02167359
-0.00840328
0.06692133
0.06913961
0.01262847
-0.00336240
0.00386762
0.00404159
-0.01716294
-0.01629258
-0.05832899
-0.04602879
-0.03972510
-0.02103367
-0.04882774
0.14567038
-0.04937311
-0.04312072
-0.00598640
-0.04650268
-0.02079398
-0.04569746
-0.02076157
0.01489541
-0.01446153
0.03990835
-0.00602673
-0.00592996
-0.05279108
0.00805390
-0.03392692
-0.01201634
-0.01498933
0.03295391
-0.00162650
0.01594534
-0.02723954
0.00693975
0.04428316
0.05322264
-0.08745172
0.06748565
0.11062996
-0.01418508
0.06139125
0.00656467
0.01179403
0.01313841
-0.01081790
-0.07277709
-0.02644890
-0.01260606
0.00732150
0.02818170
-0.10658716
0.03227988
-0.05018949
0.01605408
0.01691487
0.05890853
0.03051983
-0.04283657
0.14382179
0.02310815
-0.03903811
-0.00330968
0.00455965
0.04848224
0.10161775
0.03091112
0.00381741
-0.14577751
0.02818736
0.06605396
0.01497898
0.01186779
0.08268355
0.00619842
-0.03406792
0.00516192
-0.04324629
0.00023263
0.02124297
0.01650296
-0.10037792
0.00798006
-0.00834691
0.01555135
-0.00040033
0.07863802
-0.01931075
-0.04965296
0.06198462
0.01654786
-0.07004381
0.00080913
-0.04256075
0.03938021
-0.01613557
-0.01673593
-0.00812785
0.01723938
0.03496262
0.02716115
0.02875049
-0.02356289
0.00608846
-0.06383985
0.05574182
0.04035638
0.10569622
-0.00898807
-0.01647836
-0.05768892
0.04350840
-0.09304059
0.07940827
0.01329484
-0.06357954
0.02666648
-0.04207760
0.04616814
-0.03520790
0.00342323
0.09836272
-0.01033172
-0.05574936
-0.03679368
0.02581769
0.04774786
-0.03151878
-0.01344877
-0.00292497
-0.01763952
-0.04233729
-0.00414331
-0.03520431
0.04525826
-0.00812975
0.00705107
0.04282694
0.01549121
0.00999335
0.02549715
-0.00980428
-0.02265163
-0.03252274
-0.04744899
-0.07083005
-0.06127061
0.06728944
-0.00179780
0.01079832
-0.02344316
0.02459297
0.08579759
-0.01246542
-0.03197627
-0.00347318
0.00226040
0.00397286
0.00480512
0.01348350
0.00850074
0.00365974
0.00536993
0.03865457
0.01474134
0.00118818
-0.00752224
0.00404215
-0.00946053
0.02894044
0.02855135
0.05181453
-0.03582060
0.00642973
0.01954743
0.01625763
0.00724966
-0.03509594
0.02157389
0.07481745
0.03968764
-0.01597689
0.01585815
0.10522140
-0.03983103
0.00772232
-0.03209184
0.00058808
-0.05928208
0.06228722
-0.00862399
-0.13591225
0.00569353
-0.01810209
-0.07221268
0.02629731
-0.03536159
-0.01054429
0.01584044
-0.01825081
0.06950606
0.01520088
0.02931620
0.10002806
0.08633696
0.02783277
-0.02880694
0.00241763
-0.09412610
0.05021840
0.09800577
0.03546423
-0.01603498
-0.01646690
0.01478345
0.00380901
-0.01099804
-0.00464546
0.06767216
-0.01569713
-0.01431311
0.04126134
0.00427022
-0.00549309
-0.00170504
-0.14505430
-0.03607338
-0.03576304
-0.06655855
0.01856381
0.00970548
0.05583301
-0.03694438
-0.01124101
0.07269050
-0.00190008
-0.01473171
-0.01200626
-0.00879212
0.00813344
-0.02880562
-0.01005790
-0.03869870
-0.00104625
-0.01252000
0.02919043
0.08341446
0.04279879
0.05425114
0.01928069
0.01823607
0.01071579
-0.02917496
0.03603922
0.00786509
-0.01423859
-0.04882407
0.03043962
0.01223513
0.02689505
0.04090900
0.03796939
0.00953598
0.04548711
-0.04235337
0.05749249
-0.01766607
0.06531087
0.05728652
-0.00758266
0.00352796
0.03658586
0.10399845
-0.01970867
-0.01721024
0.04282361
0.02551286
0.01039313
-0.02289379
0.03228064
0.02171803
-0.04725377
0.05196276
0.03079502
-0.01124938
0.06735593
0.00600681
0.01840317
0.08156581
-0.03141242
0.02908671
-0.07892961
-0.03011354
-0.04893630
0.10746173
0.01189410
0.01812925
-0.00990634
-0.02197792
-0.08357222
-0.05329072
-0.06257749
-0.00694353
0.01724488
0.03754702
-0.06293818
0.00748413
0.02717901
0.03355987
-0.00715611
-0.00434759
0.01988870
0.01101674
-0.01869539
0.02336568
0.04892193
0.06889086
0.03294430
0.03790472
0.00094024
-0.06681140
-0.01396168
0.10257434
0.03910495
0.00083223
0.04091482
0.01810459
-0.03667215
0.03849430
-0.03646264
-0.09131502
-0.07715916
0.00131024
0.01404235
-0.04882412
-0.04960624
-0.00139557
0.02762720
-0.02819100
0.02066679
0.00926235
0.00861377
0.03300961
0.00422738
0.10400902
-0.01115848
0.03069606
-0.01477588
0.02869778
-0.02260494
-0.07815850
-0.00007667
0.02218916
0.01197907
0.01080984
-0.02023497
0.03019629
-0.00522019
-0.00660653
-0.00485983
-0.04312887
0.01949345
-0.02158633
0.01420573
-0.03652264
-0.02985893
-0.01831484
0.04386865
-0.06372023
-0.01452332
0.08991463
-0.00695863
-0.01959120
0.04333314
0.03441300
0.00276014
-0.03095938
0.10920643
-0.07656004
0.09994848
-0.01260491
0.03838646
-0.07179452
0.02121311
0.06387658
-0.01303287
0.00462326
0.03531646
-0.02662330
0.01927210
-0.05063764
-0.01675306
-0.00365221
0.07229969
0.02439631
0.05034375
-0.01977270
-0.05221109
-0.02153074
0.00884890
-0.02404511
-0.07362325
-0.01072466
0.00018213
-0.00954241
-0.03675344
-0.02719348
-0.12737344
0.04377382
-0.00941477
0.03151635
-0.04541591
-0.02518168
0.02437287
-0.01669926
-0.04061937
-0.00172349
-0.03878835
-0.01741490
0.02747295
0.00886558
-0.03801229
0.01293201
-0.03089449
0.05572667
0.00777575
-0.00261491
-0.03690252
0.06065429
0.02044800
-0.07641082
0.04251586
-0.17452444
0.03628114
0.01100960
-0.04442079
0.07469337
0.08130619
0.00705427
0.02841181
0.01844136
0.07255913
0.01908616
0.02030177
-0.04073637
0.13848273
-0.04012922
0.00329620
0.02583519
-0.00412484
-0.00628512
-0.04713331
0.02603549
-0.02443468
-0.06957352
-0.04902273
0.02191469
0.02842873
-0.07591376
0.04605931
-0.02370526
-0.02413707
-0.01477865
0.01892051
0.06249216
-0.03493841
0.09190549
0.03422572
0.06715944
0.03988960
-0.04908965
0.07439977
0.04390899
-0.04285820
0.05616341
-0.02539797
0.02386270
0.01267678
-0.05480631
0.01048525
-0.02153492
0.04841821
0.02385044
-0.02850387
0.00816029
-0.00101703
0.05033901
-0.05645241
0.02380214
0.00648002
-0.03930355
0.04901998
-0.04584714
-0.05175633
0.00425855
