0.03764851
-0.01083954
-0.05378032
0.01035850
-0.01059009
-0.02736070
0.02949008
0.01918156
-0.03564510
-0.01396964
0.00363054
-0.02903025
0.03002864
-0.04110313
-0.01165176
0.03819677
-0.02074948
0.03141635
-0.05376827
0.00170799
0.00916432
-0.09403861
-0.01659054
0.02140204
0.01467933
-0.01780429
-0.00420903
0.03181902
-0.00867758
0.02499008
0.08523183
0.03771142
-0.00487179
0.03028820
-0.02891592
-0.01146130
0.01077009
-0.00507470
0.00750268
0.06027529
-0.03430680
-0.00368292
-0.06299239
-0.00428069
-0.02457867
-0.00452987
-0.00251238
0.03376511
0.00518178
-0.03692637
0.01026848
-0.00609242
0.01017501
0.00482529
0.02891803
-0.00306275
-0.01863857
-0.01026994
0.20256373
-0.04860966
-0.01115838
0.01738817
0.01008992
0.07179917
-0.01165560
-0.04083024
-0.00027677
0.02190556
-0.03090593
-0.02523972
0.02351613
0.01974623
0.09414527
0.02480469
-0.07606746
-0.00747966
-0.00199951
0.00342179
-0.05866266
0.09398912
0.00165578
-0.00199385
0.01025842
-0.00335507
-0.00811456
-0.00374822
-0.01725802
-0.06149723
-0.00111273
-0.02348665
0.01944160
-0.02270247
-0.03987612
-0.06671065
-0.03709176
0.01821290
-0.00273371
-0.00177003
-0.01225147
-0.01972278
0.02798315
-0.03623024
-0.00684927
0.01195752
0.04453206
0.00045100
0.00375799
-0.01502314
0.00164302
0.01059792
0.00571696
0.00430526
0.05381567
0.03604716
0.01617774
0.01656927
0.01210542
0.00857706
-0.01962420
0.01407866
0.00193206
0.02024983
-0.00829453
0.01767758
0.03177254
-0.01894838
0.01789097
-0.00818288
-0.00520761
-0.14913741
0.06728832
-0.00147806
0.00249221
-0.00184324
-0.00930917
0.01860403
0.01707300
-0.00780190
0.16281648
0.01265140
0.08544028
0.02177074
0.00950688
0.00690457
0.01541926
0.02977808
-0.04651455
-0.00579269
0.01658709
0.01473406
-0.04461377
0.00265051
0.04673230
0.02440067
0.00993725
-0.03757542
0.02247524
-0.01670656
-0.02720212
-0.03839929
0.01216747
0.03281540
-0.03933776
-0.02616492
-0.03296437
-0.09168950
-0.05515406
0.00082590
-0.07853178
0.00147871
-0.01444455
0.03290150
0.00966697
0.04248974
0.00893806
0.00626942
0.06517042
-0.00200048
0.10672256
0.00420542
0.01602725
-0.00018682
0.00199620
-0.01624058
-0.04526146
0.21684293
-0.22751939
0.00150922
0.02386479
-0.01042437
-0.06925333
0.00168159
-0.02413303
0.00579670
0.02321062
-0.01200741
-0.05690088
-0.05155088
-0.01522415
-0.03804474
-0.02064908
-0.02766174
-0.24865098
-0.01350531
0.01171358
0.05246422
-0.00498165
0.04272254
-0.00714989
-0.00336207
0.02002422
0.04980243
-0.00872459
-0.01600302
-0.01578503
-0.02432487
-0.00521340
0.03198420
0.00158128
0.03208469
-0.06711734
-0.68963754
0.01200821
0.00086069
-0.05296755
-0.04354377
0.02173585
-0.00725661
-0.04693883
0.02320978
-0.03095729
-0.00362756
-0.08959496
0.02381665
0.05321235
0.07863171
0.02125616
-0.01720196
-0.02574608
-0.02274167
0.01728913
-0.00241442
-0.01058250
0.02139938
-0.00905520
-0.00918010
0.03326818
-0.00340017
0.00998819
0.12611412
0.00299400
0.00014760
-0.05579023
0.00335959
0.04115786
0.00470351
0.03713383
0.03148041
-0.03009477
0.04456533
0.08547700
0.12941219
-0.01368228
-0.07099331
0.04466755
0.05479014
0.01042672
0.04170945
0.04577201
-0.07959275
0.00312174
-0.00240610
0.02105767
-0.00726688
0.02900224
-0.08749275
0.04622966
0.04912263
0.03066371
0.06330394
-0.04783826
0.05737643
0.06807790
0.00407736
-0.03029285
0.12680791
0.01208489
-0.01994997
0.07182075
-0.13018043
0.06412035
-0.15881644
-0.01563178
0.04632544
-0.01683464
0.06485566
-0.07287493
0.02393078
-0.04503993
0.03217450
-0.01580061
-0.08517633
0.86928040
0.02879172
-0.00425124
-0.16490321
0.04796791
0.11211640
0.01435544
0.06359965
0.08330171
-0.04630520
0.10466960
0.03406911
-0.05910573
0.01318859
0.00790777
-0.01893109
-0.01783509
-0.02672395
-0.02338137
0.05275837
-0.04831895
0.04017721
0.02229898
-0.04053713
-0.04644659
-0.00887915
-0.01339980
0.05050302
0.01982778
-0.03584265
-0.00305547
0.00196568
-0.02267504
-0.08143903
0.08532201
0.04353968
-0.01242311
-0.00210291
-0.01446457
-0.00843192
0.02872475
0.00596703
-0.02303795
-0.05762649
-0.03686557
-0.01821796
0.00311309
0.07193508
-0.00866909
-0.03232985
-0.00077611
0.06526958
-0.03211638
-0.00220962
0.01977293
0.01143528
0.00477699
-0.03397221
-0.02930891
-0.01646916
-0.01379388
0.03345744
-0.08047356
0.05422874
-0.02992629
0.05892069
0.02088404
0.03123681
0.03200363
-0.02491075
0.05759990
0.00716636
-0.04273834
0.06205508
0.04906215
-0.03904973
-0.01065882
0.04583319
0.02992980
-0.05204690
-0.02483370
-0.02540755
0.01684250
-0.02363211
0.03299732
-0.01512150
-0.03998649
-0.01304493
-0.09232053
0.03226395
0.03098401
0.01602040
0.02474280
0.00348760
0.12421231
0.01680614
-0.04723252
-0.01361791
0.01807391
0.05288823
0.07564355
0.01100389
0.00010998
-0.03596354
-0.01491741
0.02727507
0.06503098
-0.01886311
0.04070417
0.07208949
-0.02951022
0.05460207
-0.03904650
-0.00309993
-0.01531353
-0.02836691
-0.04985926
0.02735750
-0.00147346
0.03364751
-0.00246899
0.05335793
-0.00495225
-0.02879569
0.04540779
-0.00825113
-0.07840836
-0.00231673
0.06271234
0.05438966
-0.01276072
-0.03318547
0.00093718
0.00942663
0.02120569
0.02038136
0.00369577
0.04385700
-0.00031891
-0.04985946
0.04198221
0.00727758
0.02907562
-0.00565107
-0.00894451
-0.08628254
0.05792401
-0.00473824
0.02996255
-0.00928358
0.05842901
0.04073523
-0.00700220
0.05000353
0.01983319
-0.01705461
0.06488904
0.01818204
-0.14171784
-0.06404804
-0.03473185
0.03160787
0.02033549
0.00510011
0.00706213
-0.02080740
-0.00452991
-0.02409266
-0.02733023
0.04473547
0.00045119
-0.05653654
0.09684422
-0.01676074
0.02352668
0.05374550
-0.04246603
-0.01128102
-0.04908268
0.02773191
-0.04860871
-0.06354615
0.10568113
-0.01061888
-0.01800890
-0.06241550
0.01135652
0.02913853
0.04220897
-0.04090893
0.01168875
-0.00422169
-0.04165686
-0.00410360
0.00916329
0.00890297
0.09229968
0.02200891
0.10002908
-0.06264688
-0.02609358
-0.01479580
0.03446430
-0.05665993
0.04114389
0.02529949
0.01178978
-0.04559965
0.02966406
0.02489560
0.00610863
-0.09268948
-0.07134929
-0.00093775
0.07435719
0.00790997
0.03101101
-0.00297986
0.07289939
-0.04579445
-0.03931817
-0.01929493
-0.01531668
-0.02755744
0.01248335
-0.03730692
-0.07356282
-0.00768283
-0.04142290
-0.04094029
-0.01593141
0.01712050
0.05682150
0.01204444
-0.00792556
0.07101689
0.02297462
0.04486151
0.05753883
0.04624011
0.00069690
-0.01482931
0.01056929
-0.04384144
0.10169490
0.11623137
-0.01477404
-0.04061675
-0.01144665
0.02062662
-0.01768302
0.02112703
0.01738880
0.05583101
-0.03495349
-0.00829390
0.05531943
-0.01679015
0.00167178
-0.04503441
-0.05509219
0.00304967
-0.01658643
-0.06033941
0.05536819
0.02149936
-0.02509725
-0.01188129
-0.03199156
0.03845270
-0.01889527
0.04383769
0.01643156
0.07058205
-0.03820635
-0.01481855
-0.04339970
-0.05637163
0.05244965
0.00411287
0.07115103
0.08539705
0.00368671
0.09295504
0.00412695
0.09275479
-0.01653089
-0.00638484
-0.02617869
-0.01836972
-0.05593774
0.01562364
-0.00582702
0.01180463
0.03765502
0.08148000
0.00460323
-0.03190744
-0.03037955
0.03536779
0.04532327
-0.05010412
0.04074667
0.01881877
0.04322672
0.02726362
-0.02887690
0.04051003
0.02270233
-0.03606515
0.01012499
0.02015443
0.00207626
0.02621224
-0.01802611
0.04417709
-0.02121081
0.05656292
0.03274943
-0.02127232
0.03895784
0.06064551
0.01638539
0.04790479
-0.00335257
-0.04098362
-0.01550150
-0.06444474
0.02657104
0.01804833
-0.01310394
-0.07627999
0.02226570
-0.04218363
-0.08349172
-0.03440516
-0.05936565
-0.02405466
0.10211637
-0.04921307
-0.01713144
0.01681956
0.00068769
0.01380308
-0.01212857
-0.02248043
0.00257008
0.05109496
0.06289321
0.07230105
-0.00153204
0.04316407
0.02730126
0.04772410
0.07112908
-0.04309653
-0.02737793
0.07115149
0.08426052
0.02682491
0.08316728
0.04266883
-0.04258232
0.05149186
0.00705952
-0.05522951
-0.05955960
-0.01219174
0.03027416
-0.00832913
-0.01425785
0.03042178
0.01501764
-0.10233979
-0.02384977
0.02997703
-0.00914274
0.02687486
0.00564931
0.08249851
0.00494786
-0.04165225
0.00088883
0.02660357
-0.01584567
-0.07748072
0.01451397
0.03339150
-0.00422490
0.00734321
0.05465245
0.03454705
0.01375889
0.00728643
-0.04368222
-0.06537775
-0.01534249
-0.05755990
-0.02575742
-0.04542664
-0.00013424
-0.01136543
0.00714831
-0.11804211
0.03276214
0.01046881
0.02847642
0.00562905
0.00173456
0.01449184
0.01201792
-0.04170218
0.09421007
-0.05287280
0.07558072
-0.01054770
-0.04412149
-0.06490769
0.00664593
0.06137496
-0.00947471
-0.01881809
0.03473634
-0.02069253
-0.01025756
-0.01658751
-0.02653101
0.04592214
0.06728519
0.00316733
0.08007240
-0.04657950
-0.06635612
-0.04590590
-0.02204508
-0.03791570
-0.11526129
-0.03130216
-0.00807736
0.04243097
0.02442435
0.03659879
-0.02097465
0.04512875
-0.09861691
-0.01603465
-0.02235031
-0.00781043
-0.01702003
-0.00700741
0.00853075
0.02926292
0.04725297
-0.00196774
0.05217288
0.02143827
0.00013899
0.00918554
0.00263643
0.01880184
-0.06437337
0.00489950
-0.01997326
0.06153311
0.06163812
-0.13985632
-0.00093464
-0.12022103
0.07316571
0.02226775
-0.02971287
0.09553067
0.02076789
-0.04579826
-0.02453705
0.04238882
-0.00994092
-0.08690622
0.04906627
-0.01957992
0.15148245
-0.03955529
-0.09011953
-0.01734057
-0.00586559
0.02959655
-0.09879782
0.03624382
-0.09290770
-0.05999402
-0.02698738
-0.07315674
0.04022560
-0.00315926
0.05834650
-0.02771003
-0.03642407
0.00683967
0.02551230
0.02243791
0.01629722
0.02325200
0.02376865
0.00759083
0.07489269
-0.04747585
-0.00693159
0.04931447
-0.02215589
0.01280103
-0.01965870
0.13192981
0.03320309
-0.01969765
-0.00987368
0.00415653
0.02059141
0.04714938
-0.06929644
-0.04799274
0.00297784
0.11408614
0.02988360
-0.00727471
-0.04572181
-0.00151578
-0.03011775
-0.01712694
-0.04409479
-0.03255352
