-0.0437611900269985
0.0941162481904030
-0.0197465624660254
-0.0118944682180882
-0.0633337870240211
-0.0068726502358913
0.0597080737352371
0.0549124069511890
-0.0389064624905586
-0.0239351391792297
-0.0070391399785876
-0.0864679366350174
0.1152091696858406
-0.0163562688976526
0.0652449652552605
0.0194275453686714
-0.0709223002195358
-0.0722378864884377
0.0220366530120373
0.1162035092711449
-0.0922866463661194
-0.0436016991734505
0.0089069558307528
-0.0859865397214890
0.0637514591217041
-0.0187438391149044
-0.0566902160644531
0.0060516986995935
-0.0091873351484537
-0.0893834605813026
0.0197634231299162
-0.0322443284094334
-0.0641739219427109
-0.0206652842462063
0.1342427879571915
-0.0279499106109142
-0.0158308930695057
0.0638342797756195
0.0070755542255938
-0.0278125423938036
0.0200733114033937
-0.0250519402325153
-0.0320270806550980
0.0183314830064774
-0.0372527167201042
-0.0591477528214455
-0.0403997525572777
0.0336975716054440
0.0577533580362797
-0.0614571273326874
0.0178388431668282
-0.0535347461700439
0.0348318181931973
-0.0565329380333424
0.0700551569461823
0.0251873154193163
0.0203032046556473
-0.0575761198997498
-0.1015349179506302
-0.0800933167338371
-0.0923519209027290
0.0539453588426113
0.0587984509766102
0.0835927873849869
-0.1054917648434639
-0.0606179907917976
0.0723306015133858
-0.0115604093298316
-0.0703408718109131
0.1139596551656723
-0.0911567285656929
-0.0409577414393425
-0.0298798177391291
0.1247189939022064
0.0022372091189027
-0.0170303285121918
0.0560357347130775
-0.0614936798810959
-0.1018958985805511
0.0450344346463680
0.1152197271585464
-0.0271032080054283
0.0181462485343218
-0.0029065115377307
-0.0006394023657776
-0.0068746143952012
-0.0527436137199402
0.0098526598885655
0.1228869855403900
-0.0386522002518177
-0.0967960134148598
-0.0482783801853657
-0.0248030349612236
0.0330931395292282
0.1366053074598312
0.0413726605474949
-0.0448718033730984
-0.0563020221889019
-0.0492163375020027
0.0212976913899183
-0.0721917822957039
0.0142316799610853
0.0529755204916000
0.0278523284941912
0.1040869206190109
0.0088217696174979
-0.0292973481118679
-0.0118259778246284
-0.0903345420956612
-0.0747999399900436
-0.0608931928873062
-0.0311603825539351
-0.0243838895112276
-0.0700417682528496
0.0922979190945625
-0.1069415956735611
0.0147988107055426
-0.0319674909114838
0.0547242164611816
-0.0963077545166016
-0.0688143894076347
-0.0662775337696075
-0.0453835017979145
-0.0737241655588150
0.0608761347830296
0.1015449315309525
-0.0288536380976439
0.0602209903299809
0.0147773958742619
-0.0835970714688301
-0.0298260003328323
-0.0433591231703758
-0.0868653804063797
0.0611003227531910
-0.0600726008415222
-0.1102210506796837
0.0836612358689308
0.0681055560708046
0.0611588098108768
0.0384647138416767
-0.0359908789396286
-0.0193164106458426
-0.0056697856634855
-0.0081797447055578
-0.1113485544919968
-0.0511107705533504
0.0905228927731514
-0.0135376043617725
-0.0806218460202217
0.0328744575381279
-0.0315129384398460
0.0429996177554131
0.0505830720067024
-0.0499428808689117
-0.0424717329442501
-0.0445912219583988
-0.0624104663729668
0.0147335818037391
-0.0787014067173004
-0.1157154291868210
-0.0795623511075974
-0.0686662048101425
-0.0075808078981936
0.0370846204459667
-0.0428083576261997
-0.0017468418227509
-0.0395982898771763
-0.0545615591108799
-0.0837913304567337
-0.0944403707981110
0.0626674890518188
0.0584696419537067
0.0353809744119644
-0.0267791524529457
0.0468372255563736
-0.1013090386986732
-0.0064566833898425
-0.0316579975187778
-0.0791358128190041
0.0018478156998754
0.0468454733490944
-0.0581493899226189
-0.0312782749533653
-0.0490584410727024
-0.0540558658540249
-0.0623933449387550
0.0650984868407249
0.0723469629883766
-0.0342344753444195
-0.0707591474056244
-0.1038400456309319
0.0946798324584961
-0.0683746039867401
0.0618477500975132
-0.0007041757926345
0.0963421389460564
0.0111471563577652
-0.0770489275455475
0.0663443729281425
-0.0816812664270401
-0.0212478563189507
-0.0003107036754955
-0.0297582652419806
0.0933228656649590
-0.0051182499155402
0.0453475043177605
-0.0146507881581783
0.0219970215111971
-0.0874491259455681
-0.0117270154878497
0.0787737444043159
-0.0788361951708794
-0.1338738799095154
-0.0993325263261795
0.0371524430811405
-0.0723681524395943
-0.1056969240307808
-0.0222316663712263
0.0199175104498863
-0.0720882192254066
-0.0222680643200874
-0.0007426447700709
-0.0306963492184877
-0.0992261767387390
-0.0542711913585663
-0.0760461241006851
0.0567179173231125
0.0788115784525871
-0.0491886883974075
-0.0231986325234175
0.0334414914250374
-0.0745401978492737
0.0993320122361183
0.0930927693843842
0.1032443866133690
-0.0801949352025986
-0.0436296388506889
0.0279508456587791
0.0387555547058582
0.0783213749527931
0.0482303760945797
0.0106505993753672
0.0151733318343759
-0.0716745033860207
0.0060760551132262
-0.0488406382501125
0.0734062567353249
-0.1060158759355545
0.0727089717984200
0.0483745709061623
0.0822326168417931
-0.0365053787827492
-0.0890113487839699
0.0980181396007538
-0.0269926246255636
0.1185090392827988
-0.1299717724323273
-0.0990388467907906
-0.0681884661316872
-0.0598200000822544
-0.0402279756963253
-0.1110032349824905
0.0133413001894951
0.0439250990748405
0.0034896279685199
0.0774054601788521
-0.0741472244262695
0.1426370143890381
-0.0177724976092577
0.0901125669479370
0.0558435656130314
0.0519780404865742
-0.2627534568309784
-0.0754183903336525
0.0438362807035446
-0.2741302549839020
-0.0404063276946545
-0.0641334652900696
0.0531350597739220
-0.0510344915091991
0.0362634435296059
-0.0666820630431175
-0.2058781534433365
-0.1966358423233032
0.1257517337799072
-0.0962221771478653
-0.1020151451230049
-0.0857215002179146
0.0570499040186405
-0.0975894778966904
-0.1477013677358627
-0.1355522572994232
0.1133517399430275
0.0123449852690101
-0.0501516275107861
-0.2061489373445511
-0.1539477556943893
-0.0839897543191910
0.0211762320250273
-0.1229712665081024
-0.1455840170383453
0.1263234317302704
0.2687335610389709
-0.1888791918754578
-0.0020932019688189
0.1104575321078300
-0.0316738337278366
0.0993175357580185
0.0814367011189461
-0.2419575154781342
0.0488850101828575
-0.2717755734920502
0.0861116498708725
0.0813784375786781
-0.1659665405750275
0.1508082151412964
0.0507886074483395
0.2477350533008575
0.0095031661912799
-0.1228397861123085
-0.0617601796984673
0.0489785857498646
0.0537498816847801
0.0217963978648186
-0.0703172832727432
-0.0096538914367557
0.0293296799063683
-0.0507098212838173
-0.0478317327797413
-0.0460182763636112
0.0319155082106590
0.0679057464003563
-0.1163672655820847
0.0173620842397213
0.0117840003222227
-0.0099146543070674
-0.0278951469808817
-0.0201135762035847
-0.0396237969398499
0.0000065992062446
-0.0263761170208454
-0.0126141812652349
0.0176922753453255
0.0304876323789358
-0.0103635378181934
0.0414563119411469
0.0218101795762777
-0.0041921650990844
0.0112075861543417
0.0040246136486530
0.0117065953090787
-0.0067871701903641
-0.0468379855155945
-0.0299945771694183
0.0690738111734390
0.0074382936581969
0.0248907953500748
-0.0294186603277922
-0.0245642662048340
0.0339524820446968
-0.0054798317141831
0.0388658680021763
-0.1063845977187157
0.0039014513604343
0.0577083453536034
0.0600669421255589
-0.0552094019949436
0.0444258973002434
-0.0479703210294247
-0.0098463222384453
0.0690348744392395
0.0416275672614574
0.0590373761951923
-0.0217152126133442
-0.0189000982791185
0.0265520792454481
0.0360073931515217
0.0330059863626957
0.0518179461359978
0.0689831301569939
-0.0552853010594845
-0.0059349052608013
0.0049328198656440
0.0057777031324804
-0.0475800186395645
0.0170895867049694
-0.0456614792346954
-0.0438573658466339
0.0580723248422146
-0.0300119984894991
-0.0120327621698380
0.0208860728889704
0.0584446974098682
-0.0411759391427040
0.0365963280200958
-0.0441833585500717
0.0849101319909096
0.0292258560657501
-0.0371489338576794
0.0666817650198936
-0.0508699491620064
-0.0507680177688599
-0.0125867389142513
0.0616417862474918
-0.0458767153322697
0.0036340276710689
-0.0625086352229118
-0.0405112244188786
0.0148644652217627
0.0082897236570716
0.0416542366147041
-0.0635228678584099
-0.0376072078943253
0.0329380072653294
0.0219503138214350
-0.0172162093222141
0.0223571751266718
-0.0355614908039570
-0.0454663932323456
-0.0264219772070646
-0.0201976671814919
0.0235320869833231
-0.0370646603405476
-0.0559533797204494
0.0687478259205818
0.0065793702378869
-0.0038285856135190
-0.0013933526352048
-0.0466241873800755
0.0907126143574715
-0.0595201887190342
-0.0484396144747734
-0.0114029953256249
0.0218207407742739
0.0086788386106491
0.0203970633447170
0.0454315990209579
0.0159485787153244
0.0358724519610405
0.0829208567738533
-0.0324646122753620
0.0153589276596904
0.0209693629294634
0.0122998850420117
-0.0944572016596794
0.0622934959828854
-0.0312814451754093
0.0461157672107220
0.0309155005961657
0.0301227085292339
-0.0181875042617321
0.0818845704197884
-0.0033521656878293
-0.0635974332690239
-0.0321362949907780
0.0085535515099764
0.0217526685446501
-0.0812901780009270
-0.0171631108969450
-0.0408520810306072
-0.0251277070492506
-0.0098189534619451
0.0851021260023117
0.0250614453107119
0.0238263215869665
-0.0624602027237415
-0.0079388804733753
0.0187916625291109
0.0372554175555706
-0.0247702933847904
-0.0806198343634605
-0.0339369475841522
0.0729075595736504
-0.0274904519319534
-0.0056730341166258
-0.0009591151028872
-0.0217583458870649
0.0861119404435158
0.0367116704583168
-0.0270354896783829
-0.0274582263082266
0.0008134935051203
0.0764892101287842
0.0490288175642490
-0.0401793979108334
0.0328677259385586
0.0602176114916801
0.0091034611687064
0.0243846196681261
0.0446539334952831
0.0264274850487709
0.0799550712108612
-0.1102369204163551
-0.0539957433938980
0.0348664298653603
-0.0471851751208305
0.0445205606520176
0.0434704422950745
-0.0376729592680931
-0.0048079066909850
0.0433007404208183
-0.0229412093758583
0.0039607943035662
0.0013829143717885
0.0125169428065419
-0.0267733857035637
-0.0298515558242798
-0.0811416655778885
0.0410062223672867
0.0667288526892662
-0.0186222046613693
-0.0392575338482857
0.0098390504717827
-0.0555758886039257
0.0140044456347823
-0.0190465562045574
0.0587682984769344
-0.0217657443135977
0.0271654110401869
-0.0247016046196222
0.0311051551252604
-0.0314428023993969
-0.0042660483159125
-0.0733904391527176
-0.0084144994616508
0.0125605743378401
-0.0368000231683254
0.0104749063029885
-0.0252116285264492
0.0334283001720905
0.0571911372244358
-0.0078846886754036
0.0110133066773415
0.0401813834905624
0.0623668767511845
0.0263836216181517
0.0646577104926109
-0.0299469735473394
0.0645872056484222
0.0873460769653320
-0.0428709462285042
-0.0749363750219345
-0.0479284860193729
0.0394234023988247
0.0232317131012678
0.0321061722934246
-0.0007287882035598
-0.0750986710190773
-0.0455118156969547
-0.0050399727188051
0.0472210980951786
0.0034748276229948
0.0848051235079765
-0.0518643334507942
-0.0152654033154249
0.0289722550660372
0.0264391954988241
-0.0456045009195805
-0.0108579574152827
-0.0562271960079670
-0.0401229076087475
-0.0066583212465048
0.0307327080518007
-0.0201786756515503
0.0429129563271999
0.0318197384476662
0.0638768076896667
0.0481080859899521
-0.0431520529091358
-0.0235745236277580
0.0172375272959471
-0.0680510476231575
0.0669488981366158
0.0438365824520588
0.0440267249941826
0.0193804688751698
-0.0473271496593952
0.0121634667739272
-0.0565711632370949
-0.0487981811165810
0.0619453974068165
-0.0670385211706161
-0.0672639533877373
-0.0094936601817608
-0.0035384043585509
0.0230460613965988
0.0563661083579063
-0.0324404984712601
0.0110290618613362
-0.0554170571267605
0.0031874799169600
0.0180700439959764
-0.0065316068939865
-0.0579126626253128
0.0272976532578468
0.0423878245055676
-0.0232682898640633
-0.0222660843282938
0.0666656270623207
0.0091551011428237
0.0339168161153793
0.0428777448832989
-0.0499695576727390
0.0715826377272606
0.0549748502671719
-0.0265989527106285
0.0142936911433935
0.0208588335663080
-0.0487120933830738
0.0224180091172457
-0.0633861273527145
0.0340260080993176
-0.0068999137729406
0.0036745632532984
0.0006733770132996
-0.0169496852904558
-0.0280156023800373
0.0348319523036480
0.0546647235751152
-0.0325718075037003
-0.0234342850744724
-0.0031683340203017
-0.0390957072377205
-0.0741957351565361
0.0541547238826752
0.0385788045823574
0.0816957429051399
-0.0232289843261242
0.0660661458969116
-0.0366285294294357
0.0374000743031502
-0.0259007103741169
-0.0434535443782806
0.0446192547678947
-0.0332684069871902
0.0355972610414028
-0.0563093163073063
-0.0868766382336617
0.0679847076535225
-0.0328109525144100
-0.0426586456596851
0.1167735084891319
0.0395237356424332
-0.0050510945729911
0.0040190578438342
0.0269524473696947
-0.0263142324984074
0.0383083447813988
0.0111847445368767
0.0304051972925663
-0.0134184928610921
0.0419548042118549
0.0278144143521786
0.0138915264979005
0.0053792148828506
-0.0440083369612694
-0.0350000672042370
0.0239916685968637
0.0111965527758002
0.0453336089849472
-0.0075721358880401
0.0129170259460807
0.0266910940408707
0.0192309375852346
-0.0743096917867661
0.0113125834614038
0.0295531358569860
0.0050276531837881
-0.0005769323906861
-0.0410078577697277
-0.0346502251923084
0.0242456812411547
-0.0815599337220192
0.0307109132409096
0.0534960180521011
-0.0065145492553711
0.0260944534093142
-0.0827113464474678
0.0232510548084974
0.0155072696506977
0.0523326061666012
0.0328412391245365
-0.0031192861497402
-0.0000860486470629
0.0676639601588249
-0.1084850877523422
-0.0871541425585747
0.0004301158478484
0.0423031076788902
-0.0144651858136058
-0.0680632963776588
0.0357236042618752
-0.0414687171578407
-0.0238868016749620
-0.0986691713333130
-0.0502347089350224
-0.0060531571507454
-0.0435752831399441
0.0341376215219498
-0.0455694347620010
0.0035328282974660
-0.0595705173909664
-0.0279700029641390
-0.0545420981943607
0.0569627955555916
-0.0270348358899355
-0.0282208658754826
-0.0352833531796932
-0.0110868318006396
-0.0277330446988344
-0.0205406229943037
-0.0479356758296490
-0.0138573935255408
-0.0292312093079090
-0.0004799600283150
0.0625374391674995
0.0796509459614754
0.0357492081820965
0.0407244637608528
-0.0150551814585924
-0.0011056193616241
0.0619327649474144
0.0139024108648300
0.0619514733552933
0.0315991453826427
-0.0139596732333302
-0.0448337979614735
0.0435846000909805
-0.0077996952459216
0.0822339877486229
0.0120982201769948
-0.0264654047787189
0.0138774206861854
-0.0541368648409843
-0.0520483702421188
0.0570582747459412
-0.0355511941015720
-0.0070360703393817
0.0987764671444893
0.0542094819247723
-0.0525293536484241
0.0341656096279621
-0.0846555009484291
0.0636773630976677
0.0025502557400614
0.0306023135781288
-0.0171143412590027
-0.0082311760634184
-0.0005361712537706
-0.0044124596752226
-0.0096355807036161
-0.0629464015364647
-0.0752080008387566
0.0058070202358067
-0.0118171507492661
-0.0741946995258331
0.0323078893125057
-0.0760385692119598
0.0307719521224499
-0.0883059874176979
-0.0491318590939045
0.0877176597714424
0.0795902609825134
-0.0588807798922062
-0.0261212084442377
0.0819325819611549
-0.0431204512715340
0.0073466235771775
-0.0507457256317139
-0.0513785853981972
0.0354354381561279
-0.0363663621246815
0.0321442671120167
0.0653398707509041
0.0431324504315853
0.0253833532333374
-0.0336590111255646
-0.0115347336977720
-0.0366394072771072
-0.0024134467821568
-0.0153439035639167
0.0555503964424133
0.0155318891629577
-0.0093292966485023
0.0398627519607544
-0.0738257169723511
0.0208378564566374
0.0194176845252514
0.0760823562741280
0.0632348209619522
-0.0159539319574833
0.0093903401866555
0.0358435995876789
0.0286217425018549
0.0345167443156242
-0.0657095983624458
0.0489499010145664
0.0143717750906944
-0.0669070258736610
0.0134113775566220
0.0384897924959660
-0.0860205143690109
0.0507529750466347
0.0451687499880791
-0.0140234977006912
-0.0424010679125786
-0.0003208572161384
0.0671632066369057
0.0019957490731031
-0.0737222060561180
0.0495741292834282
-0.0408128909766674
-0.0742384940385818
-0.0589652210474014
0.0119645819067955
0.0288760196417570
0.0617954544723034
-0.0498767644166946
0.0298092029988766
0.0208380464464426
-0.0389240384101868
0.0349770188331604
-0.1342058032751083
0.0319889783859253
0.0776716247200966
-0.0562900379300117
0.0073625589720905
-0.0370513163506985
0.0104839745908976
0.0118150711059570
-0.0196172352880239
0.0263738725334406
