-0.00964465
0.00761678
0.01265418
-0.04026931
0.02290821
-0.02582989
0.01659855
0.05217134
0.01860447
-0.02071335
-0.01854171
-0.00420130
-0.00115382
-0.05294271
-0.04268301
0.00402352
-0.02159817
-0.00941971
-0.16164041
0.00078044
0.01131167
-0.01306331
-0.00354309
0.03752999
0.01883624
-0.02357304
0.03031342
0.01741688
-0.02934723
0.03762097
-0.09128708
-0.00980742
0.00021803
0.00438045
-0.02243021
-0.00768629
-0.01295908
0.00558433
-0.00055860
0.01647544
0.00139908
0.00555312
0.06807379
0.00776784
-0.00309749
0.02242483
0.04670487
-0.01197366
0.03294710
-0.01083710
0.04124433
-0.01203506
-0.03813105
0.02066287
0.04774426
0.01236775
0.01865217
0.00645303
0.38911575
-0.08799465
0.00949393
-0.01294091
-0.01940646
0.01327435
-0.00469690
-0.02093424
-0.00842437
-0.00742377
-0.05936458
-0.01589715
0.02028433
-0.02639646
0.00743535
0.00529352
-0.04051717
-0.01526175
0.00590509
-0.00487165
-0.00548051
-0.01443889
-0.01041018
-0.00543851
0.03845673
-0.05320310
-0.03163886
0.00728376
-0.01040828
-0.01213430
0.00733438
-0.01225138
0.01002408
-0.00860772
-0.05008826
-0.03364319
0.00136818
0.03066341
-0.00624594
-0.00673389
-0.05435251
0.00670878
0.03453144
0.00006884
-0.01861244
-0.00249994
0.00562095
0.05154880
-0.01596056
0.00740679
-0.02957166
0.02985120
-0.00479709
0.02088335
0.00840575
-0.00457926
0.01483523
0.02007697
-0.02469079
-0.01380161
-0.02194720
0.02129657
-0.01477590
-0.00939149
-0.02328101
-0.00562698
0.05707595
-0.01215996
0.02362352
-0.01349442
0.02088778
-0.00710507
0.03987787
0.04584379
0.01787099
0.00838529
0.03174893
-0.01555516
-0.00532654
-0.01348043
0.01959016
0.01118071
0.06539281
0.00054664
0.02657897
0.01819464
0.02801858
-0.12850095
0.03359812
0.01177841
0.00779248
-0.01113806
-0.05472357
0.00682312
-0.02643862
-0.01373024
0.01784071
0.03428167
-0.05304544
-0.01408624
0.02176467
0.04724284
-0.01883203
0.05040897
-0.05103933
-0.01849435
-0.01740802
-0.04706902
-0.02729439
-0.00283927
0.00512641
-0.01306226
-0.02706344
0.01844521
-0.00883428
0.01528386
0.03164933
-0.01133844
0.03384568
0.00858740
0.00530689
-0.00828752
-0.03831707
-0.00240386
-0.02610455
-0.00118331
-0.01050701
-0.00699185
-0.12541458
0.04158365
0.02729748
0.00895702
-0.05029292
-0.02625690
-0.01232475
0.05150880
-0.01183470
-0.02576895
0.05036609
-0.02000672
-0.06823338
-0.02710531
-0.01019063
-0.03112870
-0.09571324
0.02497370
-0.04055477
0.03463630
-0.01570111
-0.00195093
-0.01370331
0.04813683
-0.00890343
0.01079170
-0.01137348
-0.00010165
-0.00694087
0.02822313
-0.01114105
0.03470217
0.04787009
0.06898208
-0.00819788
-0.76707864
0.02372651
0.03888191
-0.02310975
-0.01190866
-0.00589734
-0.02151377
-0.00605608
-0.00588212
-0.01125152
0.00461891
0.01817917
-0.00505900
0.04821862
-0.00395964
0.03413272
0.00658232
0.01443575
-0.02467109
0.00734747
-0.01562693
0.12391078
-0.02482579
0.00367115
-0.03523372
-0.00806968
0.01199687
0.02431965
0.02794968
0.00076623
0.03948933
-0.01666645
0.01029097
0.01853622
0.00698608
-0.01637957
0.02711151
-0.03869092
0.05733035
-0.02078657
-0.09013006
-0.01302020
0.02617795
0.06842311
0.02828937
-0.05823278
0.02038136
-0.00532167
0.09569094
0.03356855
0.01780885
-0.01155973
0.03404356
-0.01488541
-0.00997069
0.02192989
0.06162355
-0.05667432
0.02597890
0.09266566
-0.02347930
0.02026417
-0.05493443
-0.01616250
-0.02511178
-0.06975852
0.02490853
-0.02282341
0.05691190
-0.01481418
0.06215885
-0.03534637
-0.04022254
-0.00498071
0.01559428
0.01932774
0.05386672
0.04082994
0.02343608
-0.08683455
0.01978471
0.90915102
0.06434866
-0.00731738
0.15470721
-0.07778759
0.08820160
-0.01999725
-0.06211996
-0.04835659
-0.02960373
-0.09271427
0.07382400
0.04417805
0.10218515
-0.03364138
0.05673613
-0.05739779
0.04107055
-0.05232035
-0.00188214
0.05471450
0.00152165
-0.01354413
0.03773954
-0.02712988
0.02733982
0.00140192
0.02267096
-0.07372974
0.02458949
0.00932319
0.04337632
0.06461413
0.03145251
-0.01856946
0.04898598
0.05299354
-0.03178731
-0.01277818
0.00443605
-0.07075957
-0.02518118
0.07216465
0.10481372
-0.01986128
-0.06137271
0.03070803
-0.01622679
-0.06003336
0.06739648
-0.03439052
-0.00023289
-0.02199058
-0.00520640
-0.05298963
0.00851003
0.02610940
0.00454666
-0.04773269
0.03443907
-0.01809770
-0.03935103
0.00587687
-0.05252045
0.01492177
0.08940672
-0.06242031
0.03492429
-0.02196302
-0.03806298
0.01387957
-0.05363429
0.02158578
0.01660569
0.06256240
0.00317942
0.04919160
0.03937091
0.04632522
0.02945592
-0.06180717
-0.04248850
0.02000754
-0.03897909
-0.02609917
0.02002564
0.00247420
-0.02320085
-0.02174274
-0.02414014
-0.05252017
0.04570167
0.01560753
-0.02937576
0.00616574
-0.02017840
0.03826125
-0.04139574
0.00011501
0.00012007
0.11392637
-0.03690169
-0.05401995
0.01586233
0.03343969
-0.03353464
0.02019914
0.01178342
-0.09343261
-0.04494859
0.06410887
-0.06306850
0.05798968
0.01873766
0.00450146
-0.02858674
-0.06132440
-0.01353100
-0.00235517
-0.00620934
-0.13271631
0.04455809
-0.03826804
-0.07782060
0.02211786
0.01754223
-0.01193819
-0.03899184
-0.03150964
0.02374696
-0.01758868
0.04106609
-0.03448294
-0.00981285
0.00599914
-0.01314785
-0.03345850
-0.02052056
-0.02885944
-0.02747865
0.02236528
-0.05703381
-0.07590447
0.01023657
0.08303248
-0.10385782
0.06058865
-0.01166934
-0.01900418
0.02102389
0.04310538
0.00237752
0.01680294
-0.03478580
-0.00829608
0.03055955
-0.00243634
0.01882007
-0.07375085
0.01465953
0.00262095
0.08392300
-0.01386155
-0.00765917
-0.04441047
-0.00243119
0.03718388
-0.00051766
-0.06389917
-0.04619609
0.02819417
-0.03137132
0.04043881
0.00173634
-0.02270487
-0.01560446
0.00993026
-0.12184472
-0.01473566
-0.06901264
-0.02030852
-0.01279225
-0.01631436
0.00404491
0.00716900
-0.02595297
-0.02494073
-0.02522883
0.01282429
-0.09062713
-0.02554419
0.01945183
-0.00463100
-0.02666822
-0.04799530
0.01753550
0.01451002
0.00611292
-0.02080815
0.01593129
-0.04778824
0.00269057
-0.00414206
-0.00726840
0.00377605
0.06864511
0.01252547
-0.00545850
-0.02051812
0.01295509
0.05065892
0.01998505
0.00248863
-0.00008481
0.00091750
0.08459648
-0.04351246
-0.01062308
0.05264008
-0.02814687
-0.07524079
-0.09852730
0.08969369
-0.08715505
0.05058379
-0.01902514
0.04857003
0.05094458
-0.00888886
-0.01714386
-0.00330225
-0.01001559
0.03485293
-0.02391062
0.01149689
0.01889951
-0.01005780
0.01476767
0.09003011
0.02603038
-0.02792645
-0.00195481
-0.04199244
0.01747242
-0.07330312
0.01311493
0.07233215
0.01213351
0.01722587
-0.03646650
0.01535056
-0.00293556
-0.00501012
-0.05593111
-0.09295265
0.00539477
-0.03142437
0.00199715
-0.05483751
0.05228965
-0.02833932
0.02584025
-0.00226578
-0.05010432
0.03594096
0.02143811
-0.01884910
-0.04841051
-0.00115791
0.04682678
0.02244661
-0.02768979
0.03550906
0.02198171
0.01454159
-0.04914170
0.01522335
-0.01779272
0.01342842
0.02468546
-0.01677854
-0.06759064
-0.00767038
-0.04562496
0.03864928
-0.02379566
-0.03409684
-0.01635256
0.00168090
0.00439944
-0.05820389
-0.01236268
0.01333572
0.02363779
0.03861437
0.04966105
0.02920965
0.05694181
-0.05327405
0.00751743
0.02070147
-0.02184731
0.00486846
0.01758604
-0.00402471
0.05000031
-0.01511273
0.01763614
0.00986596
-0.03200510
0.05083215
-0.02605784
-0.02675783
-0.00028931
0.10034211
-0.01992991
-0.05712377
0.02916012
-0.03308077
0.00953663
-0.00183303
0.00132033
-0.01087719
-0.04915557
0.00457249
-0.00262257
0.03843213
-0.01934621
-0.05945285
0.07104868
-0.02804264
0.00871268
-0.00233590
0.00009371
-0.08842366
0.05226330
-0.04444303
0.00440432
-0.08728630
-0.02407683
-0.00130028
0.01179947
-0.06694247
-0.00315785
-0.02187254
0.05302323
0.04077266
0.04565761
0.01717857
-0.06480598
-0.01374154
-0.08530861
-0.02122008
0.00723473
0.04590540
-0.04386683
0.02822270
0.05056525
-0.00278816
0.05778576
0.06504852
-0.00934399
-0.04282937
0.00054314
-0.01245173
-0.06760554
0.03629659
-0.06075362
0.04037120
-0.03985429
-0.03890578
0.00000129
0.04123676
-0.00182697
-0.06032571
-0.03051711
-0.05461353
0.01097241
0.02730208
0.05787231
0.01786077
-0.05472233
0.03886282
-0.00963916
-0.02156952
0.02352750
-0.02968694
-0.03551857
0.04009078
0.02867932
0.05364616
-0.02818450
0.00721043
0.01387557
0.01739593
-0.03391735
0.04713199
0.02158087
0.04888498
0.01327503
-0.02627211
-0.03486574
0.05984844
0.02764666
-0.01314216
-0.02423139
-0.06501602
0.01494957
-0.01849731
-0.04767656
0.02961471
-0.03644554
-0.00563460
0.02919446
-0.00996229
-0.21141428
0.15037584
0.03902764
-0.05532394
-0.07765728
0.00080719
-0.01978476
-0.03592037
-0.00777540
-0.03305623
-0.01476366
-0.00708814
-0.01935206
0.01005433
0.03239454
0.01980003
-0.03005060
-0.03618508
-0.05342308
-0.06381242
0.08508692
-0.12989117
-0.03643541
0.06842653
-0.05102867
-0.06217980
0.00092666
-0.02620225
0.02221375
-0.02318709
-0.02061367
-0.08568892
-0.01510562
0.03875123
0.01976410
-0.04279526
0.06497904
-0.00099102
0.01068762
0.04023600
-0.06577072
-0.05074529
0.07125415
-0.00045096
0.03718579
-0.03022085
-0.01019308
0.00025584
-0.10688228
-0.00176641
-0.03837029
0.04540922
-0.18935080
-0.00876603
0.03991803
0.01864682
0.00006745
0.14488445
0.01873757
-0.00942026
0.01625680
0.08131025
0.03195170
-0.03708639
0.00459690
0.10770398
0.01287562
0.01752096
0.02919765
0.05971593
0.01063565
-0.04294873
0.00526892
-0.00793868
-0.00759354
-0.00251226
-0.01896506
0.06013308
-0.07654393
0.03523790
0.01727342
-0.02683164
0.01065515
0.02880224
-0.11795352
0.01179729
-0.05678905
-0.02510922
-0.03901401
-0.04765202
-0.03774213
-0.00050249
0.01888901
0.04655096
-0.07132810
-0.06488329
-0.02875494
-0.06458282
-0.01068316
0.01272302
0.01749619
0.01490519
0.02897877
-0.02499698
-0.01145902
-0.12797087
0.08481181
-0.01594342
0.13706754
0.04670219
-0.00999777
0.03272000
-0.03808840
-0.02376975
0.00501699
