0.00721395
-0.00094810
-0.00856316
0.00429896
0.01458024
0.01016766
0.01736942
-0.00280909
-0.00101906
0.01038949
-0.01819667
0.02691461
0.00563639
0.00681822
-0.03068851
-0.00245741
-0.03297264
0.02436288
-0.07035126
0.01284508
0.00392107
-0.02630971
0.07905402
0.03546898
0.01819598
-0.05004949
-0.02312483
-0.02297164
-0.03327569
0.01323908
-0.00643709
-0.02265895
-0.00026302
-0.01475166
0.00341738
-0.03663884
0.01403815
0.00125648
0.01719616
0.06814012
0.00026327
-0.00388485
0.06023240
0.01301653
0.00107412
-0.01761885
0.00770879
-0.02257547
0.01843635
0.00024305
0.02459549
0.06700799
0.00314309
0.00832851
0.00886367
0.01001067
0.00427850
0.00727916
0.46246475
0.01101800
0.00223758
0.00499374
-0.01932775
0.01091516
0.00611383
-0.01072935
0.00869590
-0.02107907
-0.07199185
-0.03557392
0.00831013
-0.01991889
-0.02867156
-0.00890215
-0.03738625
0.01540305
0.02408988
-0.05628676
0.01382266
-0.12227616
-0.00663197
-0.00112864
0.02280222
-0.03578158
-0.06035192
0.00550633
-0.02358712
-0.00237008
0.02747063
0.00176388
-0.01381939
-0.04570175
0.03853797
-0.00798774
-0.00025948
0.01028879
0.01270919
-0.02183276
-0.00181861
0.02369126
-0.00040680
0.01175733
-0.01460032
-0.01035731
-0.00224664
0.02246678
0.01889950
-0.01695257
0.01256459
0.02119992
-0.01736912
0.00302239
0.01062707
-0.00574025
0.00976432
0.00058988
0.00729547
-0.01372788
-0.01089624
0.00967797
0.00553361
-0.00427265
-0.02111992
-0.00412174
0.02456436
-0.00185286
0.00443846
0.00214423
0.00795228
-0.01836508
0.01879294
0.01025426
-0.00464391
-0.00521256
-0.02420078
-0.00798528
0.03881426
-0.05799746
-0.02226889
-0.00562861
0.09454026
0.01621694
-0.01144633
0.01290038
-0.01141853
-0.15563112
0.03349987
0.00293205
-0.00886429
-0.00903663
0.01971681
0.00910847
0.01165576
0.02288111
0.01528140
0.01958572
-0.04276980
-0.01461764
0.06028562
0.03270678
-0.01500388
0.13398394
-0.07283308
0.00479642
0.00187280
-0.02659167
0.02661483
-0.02341222
0.00902759
-0.02763857
0.00204584
-0.01295124
-0.01458652
0.01154719
0.03108194
0.02237733
0.00681606
0.01953168
0.00673491
0.00038373
0.02906999
0.00514203
-0.02119791
0.00082535
0.02521764
-0.12707698
0.13757570
0.03043220
0.01483478
-0.02150047
-0.09693255
-0.01304250
-0.01255628
0.01231531
-0.02235089
-0.03123112
0.03420072
0.00843491
0.03447156
0.01316831
-0.03808817
-0.00163953
0.00093635
0.02039892
-0.03986882
0.01299542
0.00445305
0.00202430
0.00854438
0.08541252
0.01584709
-0.01096107
-0.02964524
0.00795290
-0.01270146
-0.03002377
-0.00678833
0.02842495
0.01630492
0.02626341
0.02749171
-0.72612971
-0.01105760
0.02889218
0.00839623
-0.01455357
0.01368275
0.01325578
0.01117411
-0.00215020
0.00668852
0.05118922
0.03714514
-0.00585379
-0.03740956
-0.00708584
0.03443462
0.00129633
0.00074419
-0.00497356
-0.01978144
-0.02809028
0.09484138
-0.01605322
-0.01679594
0.00184302
-0.00848200
-0.04867493
0.01801922
0.02441031
-0.00617024
0.02597522
0.02386601
0.00790309
-0.01039349
0.00746148
-0.01992163
0.06848279
-0.02427546
0.08959528
0.10285824
-0.09268365
-0.02980610
-0.07199717
-0.01147917
0.09463841
-0.11265536
0.01507363
-0.04571008
0.00346234
0.04017099
-0.00353534
0.00692842
0.04518481
0.00484868
-0.03021950
0.12067491
0.03951436
-0.09514721
0.03182996
0.00285405
-0.02699635
-0.00934741
-0.07493543
-0.03234620
-0.05307152
-0.04989012
0.01740186
-0.02331068
0.03885167
0.03203025
0.08151007
-0.03730962
-0.11250293
0.00532615
0.00664082
-0.03584845
0.06967936
-0.06725265
0.08298750
-0.09794769
-0.10482194
0.86968315
-0.00440153
-0.00996772
0.01955124
-0.08714436
0.06750301
-0.03025352
-0.04895251
0.01841342
-0.06249611
-0.06164979
0.09143982
-0.05972550
0.17791007
0.02008596
0.04893332
-0.04848545
0.04412658
-0.03815720
0.04047092
0.06895363
0.00644962
0.05346724
0.06678112
-0.01674515
0.04357988
-0.07078020
0.04537304
-0.05137303
-0.01612148
-0.01444808
0.03216425
0.07104576
0.00364767
0.00547926
0.08104416
0.02631138
-0.01663115
0.05410789
-0.03933850
-0.06788121
0.02585838
0.08935056
0.02456165
-0.01028856
-0.04220852
-0.00498162
-0.01890074
-0.04139106
0.09793232
-0.06120060
-0.01797323
-0.04397159
0.04575680
-0.04387339
0.07630860
0.03857930
-0.00127207
-0.06584350
0.01689868
-0.01387422
-0.03373823
-0.00522424
0.01614427
0.02026249
-0.00418412
-0.06042048
0.02474463
-0.01491626
0.02700119
0.06695668
-0.00675173
-0.01194410
0.01405703
0.02301248
0.01892768
0.03056606
0.02115704
0.02023651
0.01632282
0.03185429
-0.02566627
0.03287586
-0.05835890
0.01135639
0.03120489
0.01533355
0.02100460
-0.05630387
0.02465541
-0.01227437
0.09895237
-0.01014144
-0.02533036
-0.04534853
-0.05844591
-0.00436159
0.02961329
-0.05959215
0.01236812
0.01080907
0.01005864
-0.02259346
-0.01081017
0.02187869
-0.04482567
0.07824083
-0.00135734
-0.06734028
-0.01201227
0.08250478
-0.04618086
0.04274447
0.07944493
-0.01275941
-0.01953939
-0.00794328
-0.00691761
0.02162579
0.01915589
-0.07162677
-0.02148652
-0.00333088
-0.03860794
0.06972341
0.06133235
0.02173579
-0.04903014
-0.03561354
0.08381961
0.01785022
0.07167313
0.00424173
0.00065229
0.06520054
0.03832383
0.05431631
-0.02533598
-0.04369551
-0.03396562
0.01637299
-0.10920291
-0.08366771
0.00422582
0.03316128
-0.16595961
0.08007428
0.00992829
0.01092566
0.03914983
0.03779678
0.01600371
0.03877314
-0.02731339
0.01859978
-0.00769348
0.00522479
0.03312295
-0.04115003
0.06027907
-0.04513464
0.06238145
-0.03318803
0.05008079
-0.04498113
-0.07130230
0.01386825
0.00694898
-0.08618033
0.01151843
0.02037400
-0.02848082
-0.01985195
-0.02458924
0.01030226
0.03881110
0.04541783
-0.11828047
-0.02468714
-0.05593996
-0.04034812
-0.01203152
0.01904302
-0.04306454
0.01642701
-0.04931431
-0.03202042
-0.01750781
0.00397065
-0.11290856
-0.02409201
0.00453011
-0.07569155
-0.00124308
-0.06489468
0.00320481
0.03839567
-0.00442374
-0.03604861
0.00164138
-0.09154020
0.07506097
0.01276495
-0.02040267
-0.01485917
-0.03745708
0.04004705
-0.08679657
0.00508999
-0.00314502
0.01460568
0.02684369
-0.02576027
0.00110986
0.00599218
0.03809660
-0.01351240
0.03148798
0.06042179
-0.04211900
-0.01719209
-0.00436687
0.01977707
-0.14457142
0.03407250
-0.01435729
0.05124762
0.02377424
0.03316252
-0.00335806
0.02987405
-0.01631899
0.09874649
-0.02464375
0.01440261
0.00958771
0.02211034
0.02065819
0.06751331
0.03099824
-0.02853294
0.03062176
-0.01634993
0.03713581
0.01100748
0.02775181
0.04854968
0.00233697
0.05736679
-0.05064786
0.00011199
-0.04037010
-0.05294620
-0.00755959
-0.06831374
-0.05877944
-0.02415977
-0.02196441
-0.05179784
-0.00742208
-0.05272023
0.05288867
-0.04350597
0.01517628
0.07416390
0.00163835
-0.05379304
-0.03446677
-0.01613658
0.00982941
-0.03069965
0.00561765
0.03794864
-0.03694659
-0.03987035
-0.04174264
0.00752709
0.03141904
-0.03991831
0.03450432
0.01547197
-0.05172727
-0.01105234
-0.02481550
0.01343115
0.02212223
-0.03312166
-0.01072610
0.00335061
0.03059930
-0.03602874
-0.05517815
-0.03322481
0.07856888
0.04004448
0.03074362
0.02030559
0.03420403
-0.03835702
-0.03800038
0.03901195
0.01468106
0.01633298
0.01099024
-0.05770335
0.03541102
-0.04671709
0.02005827
-0.02056543
0.02166007
-0.01178577
-0.04068767
-0.14236267
0.04080728
0.11242744
0.03397419
-0.01731445
0.05080543
0.00555452
-0.00466182
0.06659078
-0.02389229
0.00393200
-0.02427438
0.05446884
-0.04219139
0.04932667
0.04028887
-0.08679434
0.05105857
-0.03833408
-0.02036523
-0.03008620
0.04535434
-0.00216019
0.07353584
-0.10183475
0.01940652
-0.08787021
-0.00505008
-0.07972355
-0.03159446
-0.04576748
0.01288423
-0.06143625
0.04772949
0.10933465
0.04320789
-0.00161732
0.01455993
-0.03036461
0.00993299
0.01317112
0.03829618
0.05509602
-0.05296611
0.02668625
0.03780572
0.03351983
0.04333994
-0.01837825
0.00421339
-0.01364441
-0.00422171
-0.01015534
-0.02631024
0.03578923
-0.01461721
0.03589255
-0.03066598
-0.04395144
0.01535486
0.06045938
0.00400629
-0.02756042
-0.00416889
0.02201930
0.05171519
0.05681184
0.02787180
0.00735209
0.04124900
0.03137796
-0.01250758
-0.04557971
0.06141560
-0.00943748
-0.00052800
0.00251788
0.06777132
0.01674384
-0.01997517
-0.01015692
0.00528298
0.01204866
-0.04709613
0.07860846
-0.00937986
0.07561369
-0.01708407
-0.00495991
-0.05731694
-0.03080146
0.02857446
-0.04274881
-0.10482454
-0.14113177
0.00458041
-0.03234153
-0.01924389
0.02462153
-0.02764393
0.05585443
-0.02180132
0.01343942
-0.11075398
0.12974790
0.01470301
-0.04762551
-0.03811033
-0.01290101
0.01775891
0.03199438
0.00660445
-0.00536088
0.02795358
0.00573599
0.01288213
0.00759470
0.00807641
0.00673492
-0.00262945
-0.06894993
0.00825985
-0.06079529
0.08090317
0.02047123
0.00590308
0.06847934
-0.04376955
-0.04777386
-0.01116620
-0.05520676
0.08101600
0.00381115
-0.02772879
-0.11021081
-0.01727962
0.01579046
0.01870808
-0.04910970
-0.01169752
-0.01815784
-0.03658682
0.02608771
0.00520741
-0.01766601
0.06237628
-0.02594879
-0.04517275
-0.02518871
-0.03480443
0.02266791
-0.03964648
0.03187292
-0.03042763
-0.03573130
0.00850919
0.06832865
0.04183893
-0.00564577
0.05922416
0.07293797
-0.00892455
-0.02760547
-0.02973029
0.03245967
0.01808652
0.00173356
0.02639896
-0.03637830
-0.01993828
-0.03399786
0.06776856
-0.00115992
0.00316327
-0.03706538
-0.00087731
-0.00572186
-0.06503016
0.01602747
-0.03212183
0.04532773
-0.05594289
0.06070607
0.02238308
-0.01482891
0.00902329
0.01161534
-0.07898147
-0.01410356
-0.03540146
0.04547520
-0.06297445
-0.04405881
-0.02990036
-0.02056280
-0.03135893
-0.00960722
-0.06778658
-0.04228183
-0.00261980
-0.08216912
-0.05710116
-0.05176588
0.01110955
0.04738170
0.03426155
-0.00044550
-0.02177246
-0.14613688
0.10667861
-0.01065774
0.05285497
-0.00150693
0.00310098
0.04486568
-0.03388900
-0.04506522
-0.01034135
