-0.03948060
-0.03595814
-0.01510315
0.02250394
-0.01548291
-0.02780164
0.00046879
0.03823861
0.09370050
0.01444567
-0.00513959
-0.01238523
0.02877368
-0.05097332
-0.02807545
0.03157443
-0.00793089
0.02941462
-0.06772716
-0.00494778
-0.00625909
-0.02349303
0.02936592
0.01134760
-0.02781078
0.00623032
-0.01485613
-0.01545528
0.01001209
-0.00625888
-0.07926266
-0.01181771
0.02134875
-0.01717193
-0.00416273
0.03100001
0.00234428
0.02585394
0.00819481
-0.04547868
0.01248935
0.01587646
0.08305408
0.00398289
0.00818423
0.02774170
0.00327108
-0.02561363
0.04379258
0.00553358
0.05585852
0.08882530
-0.04964691
0.01700539
0.03626358
0.02256554
0.00888304
0.01671873
0.30458730
-0.00664410
0.02180054
0.00841301
-0.02390861
0.01315723
0.01241433
-0.02622275
0.03141357
-0.02570106
-0.00818039
-0.01307664
0.03124199
-0.02137833
0.02546797
-0.01629402
-0.02526476
0.01302458
0.03632690
0.02558841
-0.00432580
-0.06769525
-0.02311667
-0.01605469
0.00619610
-0.07158940
-0.00876211
0.01989150
-0.00936816
-0.00385141
-0.00753374
-0.03053206
0.03889354
-0.01814617
0.00060942
-0.01771044
0.01521044
-0.00425352
-0.00989090
0.01551780
-0.02301042
0.03298146
-0.03770203
-0.00821184
-0.03689631
0.02559464
0.00759386
0.05255581
-0.02335193
0.00367621
-0.01381426
0.02533652
-0.00844656
0.02091745
-0.00514611
-0.05111761
0.01103371
0.00288053
0.05949077
-0.01928791
-0.02844755
0.00388330
0.02876282
-0.01280850
-0.00442297
0.01580777
-0.00099397
0.01400957
-0.02313951
0.01500751
0.02772893
-0.02550413
-0.01911455
0.03142370
0.02367210
0.02515774
0.02303018
0.00410943
-0.03537366
-0.03464403
0.05947623
-0.00649535
-0.01985512
0.00443647
0.03017693
-0.01856199
0.05040250
-0.12378555
0.02520012
0.01735383
0.01356137
-0.00602975
0.01478707
-0.04904713
0.00527109
-0.02447839
-0.00967965
0.02747607
-0.03551391
-0.02718954
0.02397702
0.01056921
-0.02393162
0.02425274
-0.00725790
-0.03441741
0.00343943
-0.01684980
0.06924052
-0.03077115
0.02449463
0.01143456
0.01450923
-0.03103481
0.03005981
0.04728359
0.03846925
-0.01605183
-0.00413313
0.02781357
0.09757029
-0.00679280
0.01179025
-0.02750446
-0.01899775
-0.00188800
0.00408867
0.00797678
-0.12813009
0.04003585
-0.00165456
-0.02267705
0.00323136
-0.03519863
-0.01668125
0.04705800
-0.02395029
-0.03514995
-0.03845189
-0.00508275
-0.10667013
-0.01494593
0.00712187
-0.05617730
-0.07558882
-0.00045680
0.01315635
-0.00879605
-0.04150942
0.02626371
-0.01892384
0.06242420
-0.06089593
-0.00301167
-0.00428180
0.00513659
0.00998006
-0.02612863
0.01012049
0.02310885
0.02484957
0.06225483
-0.02159754
-0.80357200
0.01614403
0.01193370
0.00786980
0.01522345
-0.00689539
-0.01532084
0.03518195
0.01150081
-0.00486971
0.04933987
0.00989401
0.01893531
0.03218480
-0.02768929
-0.00142135
0.01622641
0.03506006
-0.00561828
0.03549634
-0.01316082
0.01600394
-0.05931473
0.00501391
-0.04038454
-0.00390839
0.04500118
0.04879325
0.01764779
-0.01766169
0.04147359
-0.01940803
0.02102084
-0.00804133
0.00312535
0.00064618
0.08068388
0.01475364
-0.03224457
0.08262835
-0.05939576
0.00492031
-0.05602043
-0.01042531
0.04392558
-0.08755845
-0.02247778
-0.11626031
-0.05787775
0.07779372
0.03741633
-0.00987888
0.01259824
0.03547071
-0.04850118
0.00036648
-0.06047122
0.01638700
-0.04361930
-0.01908886
0.06589571
0.07654779
-0.10661207
0.04581996
0.08575618
-0.02326734
0.04974173
0.06988344
-0.04662240
0.07435276
-0.05025305
-0.00745014
-0.03640934
0.04069962
-0.01544208
-0.11723813
-0.03173401
0.03047343
0.09251340
-0.02602749
-0.05222396
0.89368933
0.03895970
-0.03833909
0.00829976
-0.09571356
0.18161926
-0.00161640
0.00182649
-0.00313229
0.01060074
0.00058897
0.01642883
-0.02183307
0.07449225
0.04104970
0.00562466
-0.02894917
0.03458520
-0.03654753
-0.00419658
0.04063268
-0.00068138
0.00479298
0.05373264
-0.01913616
0.03089869
-0.02622915
0.02756353
-0.05984028
-0.00599159
0.00551531
0.06653812
0.10376966
0.03867128
-0.00313404
0.08810030
0.07769369
-0.03990220
0.03408784
-0.02479498
-0.05466572
0.00773492
0.05321617
0.08632107
-0.03442991
-0.03388573
0.03188031
-0.03783099
-0.05171771
0.07765913
-0.05374837
-0.01162457
-0.00339002
0.01528897
-0.08177785
0.02835218
0.04795000
0.00352938
-0.09439213
0.05060872
-0.00958465
-0.04117208
0.00728646
-0.04646125
0.01061786
0.04666981
-0.08156064
0.01800222
-0.00334424
-0.02289219
-0.00444509
0.01035258
0.01426233
0.00638628
0.03766898
0.00627132
0.06139446
0.03229399
0.01295124
0.00926151
-0.04787529
-0.02135457
0.04765800
-0.02183602
-0.01224022
0.03228778
0.01652694
-0.00287482
-0.07487862
-0.03478770
-0.05707797
0.07308335
-0.00121734
-0.04402632
-0.02684812
-0.06129818
0.04244616
-0.02101715
-0.02978352
0.01054111
0.09428538
-0.01538162
-0.03612370
0.01286377
0.00055756
-0.03611836
0.03000758
0.00489193
-0.08962639
-0.04201371
0.07272317
-0.06579074
0.06406213
0.04847914
-0.03238331
-0.00704846
-0.04099610
-0.03909029
0.02162313
0.00083699
-0.13530670
0.01097616
-0.00894071
-0.04783960
0.02533787
-0.01036251
-0.01970862
-0.06657016
-0.02181293
0.00802242
0.00438335
0.05258345
-0.02965967
-0.02164743
0.02415087
0.01139708
-0.00822031
-0.03848018
-0.04774663
-0.03468031
0.04683625
-0.05419568
-0.09401044
0.01807425
0.07285699
-0.15401083
0.06656502
-0.00481695
-0.03298761
0.00028510
0.06570567
0.02388676
0.02067117
-0.03529308
-0.00320593
0.02225874
-0.00973100
0.00066920
-0.11296058
0.02949060
-0.02501159
0.08716169
-0.01802014
0.00188361
-0.04435022
-0.04228587
0.01840175
-0.00881381
-0.05361433
-0.02075233
0.02601600
-0.04959235
0.03239672
-0.01186961
-0.02272679
-0.00850661
0.03507368
-0.12890029
-0.02880047
-0.07878228
-0.03673903
-0.01899415
-0.00788395
-0.01251972
0.01941876
-0.03321059
-0.02044305
-0.03136919
0.00945350
-0.07956886
-0.02988781
-0.00121866
-0.05085212
-0.02082292
-0.03650872
0.03605954
0.00865454
0.02173330
-0.03855561
0.00436976
-0.05442806
0.03063210
0.00922417
0.00266897
-0.01415894
0.00566729
0.00289463
-0.01172290
-0.00275843
0.00685443
0.04853832
-0.00085023
-0.00223429
-0.00941610
0.00702605
0.06474958
-0.03015843
0.00430724
0.07295105
0.00657271
-0.05251282
-0.07040047
0.07729956
-0.11162271
0.04081385
-0.01655103
0.11279699
0.04854400
0.00842523
-0.01848081
-0.00832992
-0.02281826
0.05685933
-0.01704142
0.00536693
0.01986965
0.00862804
0.02435063
0.10927106
0.02281717
-0.01989173
0.00161521
-0.04563392
0.04434182
-0.03971196
0.04680293
0.06491353
0.00381336
0.02211044
-0.00480793
0.01832776
-0.00822385
-0.02678009
-0.04423509
-0.10013825
-0.02123232
-0.01276565
-0.03208136
-0.03394439
0.04171212
-0.02079380
0.03421442
-0.03484913
0.00236297
0.03669678
0.02170877
-0.03348546
-0.05026922
0.00616765
0.04744289
0.01160387
-0.01749993
0.02714175
-0.00335821
-0.02350242
-0.06834210
0.00876701
-0.02193258
-0.01374515
0.03986929
0.01975821
-0.03632112
0.02825279
-0.03378974
0.03249217
-0.00772680
-0.02840655
-0.00456438
-0.00016107
0.00798296
-0.02572930
-0.02318128
0.00096017
0.06903003
0.04644619
0.02368204
0.01584782
0.04424354
-0.00608831
-0.01243843
0.02864031
0.00905675
0.02513119
0.04630264
-0.05563592
0.06109728
-0.03682555
0.03155703
-0.04064505
-0.03535241
0.02083823
-0.04196613
-0.10647111
-0.02842857
0.08956853
0.00713110
-0.02204745
0.05576166
-0.03298162
0.01853379
0.03455615
0.02252708
-0.02222877
-0.08402567
0.01657832
-0.01884061
0.00332879
0.00407860
-0.06037903
0.08798404
-0.03156287
0.02578762
-0.01565403
0.02865461
-0.05390088
0.06567306
-0.06010246
0.01255665
-0.07330520
-0.00237401
-0.03183366
0.01468390
-0.06417525
0.00614792
-0.05398600
0.05932615
0.05142970
0.03797600
-0.02365136
-0.03097485
0.02260091
-0.06145547
-0.02740816
0.04730474
0.03522318
-0.03128577
0.05357121
0.01109243
-0.02516234
0.05622867
0.03912064
-0.03536535
-0.03576721
0.01864750
0.01555593
-0.04765093
0.02779303
-0.06367305
0.02248717
-0.05348114
-0.03476415
-0.00276072
0.01874222
0.02115671
-0.08783013
-0.02293845
-0.03005751
0.04908053
0.00895533
0.04152747
0.05338991
-0.03085661
0.06567087
-0.02345256
-0.02097822
0.03579449
-0.02943232
-0.02068728
0.03487926
0.03191130
0.02323302
-0.04504609
0.02196448
0.00838041
0.01809197
-0.04103506
0.04877881
0.00170946
0.06144070
-0.03846181
-0.02798283
-0.03048974
0.03224055
0.04422673
-0.00726759
-0.08155789
-0.07681347
0.01057096
0.00764027
-0.03271127
0.02876695
-0.01695356
0.03043207
-0.00031347
0.01521594
-0.18766013
0.11712632
0.03102384
-0.05546553
-0.08395432
0.02812190
0.00127022
-0.01693426
-0.01404882
-0.01404012
-0.01635823
-0.02270110
-0.01286846
-0.01411097
0.04628487
-0.00152557
-0.02225921
-0.05881129
-0.02162425
-0.05598444
0.07137628
-0.08456631
-0.02312534
0.07803565
-0.05625272
-0.07021120
-0.02144055
-0.02910783
0.03241710
0.00705222
-0.01108757
-0.07602070
-0.01204232
0.05222930
0.00914347
-0.04911998
0.01369841
-0.01593991
-0.02424755
0.03452363
-0.02179436
-0.05043839
0.07015688
-0.00542241
0.04190242
-0.00746208
0.00198197
-0.00475785
-0.10150484
0.02016496
-0.02651246
0.03665984
-0.13456406
0.02581438
0.04706168
0.02330820
0.02801425
0.12486628
0.02342153
-0.01190768
-0.00025473
0.04331383
0.03879556
-0.02793462
0.00949988
0.05420784
-0.00548973
0.04189531
0.06599244
0.00795243
0.00015969
-0.04442307
0.01798037
0.00621699
-0.04784462
-0.00884696
-0.00915165
0.08244217
-0.07943520
0.04028844
0.03479545
-0.03631099
0.03318555
0.01316331
-0.10920183
-0.00185604
-0.07018653
-0.01677693
-0.06088634
-0.02304787
-0.01493267
0.00460480
0.01892563
0.02325924
-0.07495038
-0.05686133
-0.01713179
-0.08843102
0.00973015
-0.01629766
0.05027489
0.04330270
0.00933787
0.00032525
-0.01782227
-0.10361470
0.10378399
-0.02251432
0.09326661
-0.00843873
0.00125671
0.04549744
-0.04471469
-0.03005980
-0.00396230
