0.01560468
-0.00438763
-0.03358301
-0.00063659
0.00184309
0.02197958
0.02723638
0.04825223
0.06077784
-0.01423018
-0.01883644
-0.02956512
0.01170610
-0.03952567
-0.03781696
0.01605676
-0.02600507
0.00956789
-0.12133083
0.00797221
0.00416206
-0.02380417
0.01049690
0.01009122
0.01573676
-0.01171196
0.00550734
-0.03106145
-0.03308401
0.01326851
-0.11536016
-0.01365344
0.02463477
-0.00059819
0.00358744
0.03165166
-0.00928367
0.01166127
-0.02363492
-0.01795978
-0.01242447
0.00695086
0.02650871
-0.02355657
-0.01348762
0.01310360
0.03975383
-0.02563442
0.03632049
-0.00346662
0.03626402
0.01239915
-0.07792914
0.02451832
0.04831340
0.00274757
0.00517986
0.00969016
0.39091867
-0.00868565
0.01510771
-0.00494090
-0.03192807
0.03895000
0.01368340
-0.04230873
-0.00046243
0.00252175
-0.01716221
-0.04787149
0.02174134
-0.01005983
-0.03972040
0.00382087
-0.03814128
-0.02012000
0.01635650
0.01468888
-0.00424123
-0.04124843
-0.02234649
0.00971440
0.03916439
-0.06372061
-0.01887377
0.01280512
-0.02178486
-0.01070793
0.01715528
-0.03947617
0.00478913
-0.05655069
0.01013756
-0.03651043
-0.01351022
0.01112149
-0.01472433
0.00606483
-0.03840528
0.01465725
0.03797394
0.01459763
-0.04762401
0.00554679
0.00649178
0.00692819
-0.02645144
0.00929866
-0.00036001
0.00307843
-0.01450370
0.01322072
-0.01033468
-0.02464430
0.01948055
0.01462713
0.02011625
-0.00946078
-0.02817970
0.02144240
0.00855740
-0.00229177
-0.01876625
-0.01410199
0.00072085
-0.00062836
0.02861851
-0.00700079
0.02551896
0.00748948
-0.02244119
0.02230628
0.02256809
0.02049715
0.04054670
-0.04039448
-0.05928290
-0.03107552
-0.04165088
0.01107988
0.02649885
0.02010540
0.00637441
-0.02366379
0.03114539
-0.10657126
0.01528287
0.00066635
0.00853290
-0.01358655
-0.02066662
-0.00631025
-0.01225789
-0.04162041
0.01087918
0.02889961
-0.06326119
-0.00918644
0.00067274
0.01893651
-0.01390196
0.06013988
0.00407853
-0.02481217
-0.01728301
-0.05884255
0.03066511
-0.02473106
-0.00262470
-0.02367779
-0.02081564
-0.00929070
0.00803294
0.02333454
0.04023457
0.00781496
0.02333875
0.01476421
0.02221115
-0.00513378
-0.01522575
0.00160943
-0.01322465
0.01274086
0.00463165
-0.06630015
-0.06433964
0.03866615
0.00124917
0.03102200
-0.02074602
-0.00895599
-0.01450291
0.03185666
0.00504230
-0.03803665
-0.02576877
-0.01044456
-0.12881424
-0.02575915
0.06111335
-0.02996139
-0.02158063
-0.03563966
-0.03866063
0.00549530
-0.01104236
0.01249279
-0.01086951
0.06636702
-0.03325440
-0.01169830
0.02627445
0.01764203
-0.00675569
0.01404474
-0.00273147
0.05835744
0.02577618
0.07052058
-0.04533390
-0.77970487
0.03239244
0.02584581
-0.01819324
-0.01299372
-0.04282033
-0.00570032
0.00111210
0.00992458
-0.03588659
0.04151338
-0.00090168
0.00100965
0.00379612
0.00041319
-0.00010425
0.01465643
0.00461593
-0.01610867
0.01555385
-0.00942258
0.07549233
-0.08140896
-0.00514997
-0.02768433
0.00483158
0.03962144
0.02500185
0.03358876
-0.00438244
0.04268654
0.00157383
0.01003504
0.02078341
0.01210701
-0.00689890
0.03494553
-0.08560908
0.06235754
-0.00970664
-0.02881781
-0.04132240
0.03355990
0.01970366
0.00107549
-0.01376177
0.00314350
0.00994198
-0.01274939
-0.01424015
0.02935984
-0.01450118
-0.00221704
0.00831672
0.00518343
-0.00535498
-0.00157723
-0.00950703
-0.02197400
0.06438295
0.03507624
0.07322188
-0.09166309
-0.04640543
0.01215378
-0.00341743
0.02378526
0.01064073
0.04291144
0.06391884
0.03263710
-0.05364101
-0.00862311
-0.03438959
0.00857980
-0.03513356
0.07833624
0.02700668
-0.02728132
-0.04208727
-0.04512025
0.93948436
0.06601569
-0.00468601
0.08322549
-0.07592466
0.12608124
-0.03361177
-0.01918823
-0.03323255
-0.01798885
-0.01248161
0.05529126
-0.01109716
0.02404668
-0.01342923
0.02369740
-0.10844716
-0.00073510
-0.02321491
0.00734136
0.06241140
-0.01729375
0.06896611
0.05094622
0.02619910
0.05080208
-0.04469211
0.02243109
-0.04514273
0.02680787
-0.01888388
0.00927741
0.08255521
0.03146698
-0.00370539
0.05676314
0.02818913
-0.01299546
0.00879356
-0.03543489
-0.06873006
-0.02718318
0.08810199
0.05766387
-0.00598072
-0.07362808
-0.02552173
-0.00001423
-0.06459817
0.09358662
-0.01294906
-0.02850898
-0.01457387
0.01297999
-0.04481960
0.02799707
0.10373968
0.01764140
-0.03955485
0.00739344
-0.03681925
-0.02284966
-0.01164895
-0.02912942
0.03138348
0.01531101
-0.01789432
-0.01454060
-0.03511944
-0.02538346
0.01665900
-0.07563300
0.01762905
0.01692043
0.07980675
-0.02148960
0.03101568
-0.00920722
0.05670857
0.04004838
-0.03946687
-0.04032693
0.00604040
-0.02617252
-0.02085829
0.04600404
-0.00788969
-0.00125893
0.00675846
0.01488198
0.02567285
0.07669335
-0.03167820
-0.02268208
-0.07370228
-0.03784573
0.07296846
-0.00061242
-0.02611364
-0.04586992
0.06505348
-0.01314646
-0.00040063
0.00037209
0.04669703
-0.02009886
0.04129494
0.00126498
-0.05882356
-0.02717037
0.04482074
-0.03637650
0.06730822
0.04490669
-0.02469255
-0.02269612
-0.03014051
-0.00155684
0.01245755
0.00641149
-0.11618099
0.03520128
-0.02077678
-0.05836553
0.06112532
0.05074140
0.01001926
-0.01200608
-0.05476904
0.00856798
0.00310603
0.04891931
-0.03781041
-0.01562108
0.00727870
-0.00157904
-0.01073181
-0.03603881
-0.02587712
-0.02590945
-0.01369384
-0.06985125
-0.08364029
0.00402917
0.10161195
-0.13709366
0.08585356
-0.02643688
-0.00443449
-0.00439716
0.03124234
-0.00822286
0.01452660
-0.02932011
-0.01183933
-0.00473278
-0.02547000
0.00101911
-0.02022490
0.03102604
-0.01170686
0.03679251
-0.00630206
0.04016036
-0.04959560
-0.00635047
0.03830118
-0.00889647
-0.07510700
-0.04238964
0.05205111
-0.02534044
-0.03709841
-0.03470062
0.00384124
-0.01651649
0.02695992
-0.11319255
-0.01023892
-0.06011538
-0.02923029
-0.00218961
-0.00099416
0.00106687
0.01368416
-0.08817264
-0.01290073
-0.00672156
0.03000086
-0.09041380
-0.00088808
0.02769255
-0.04272963
-0.01409516
-0.07730402
0.04523133
0.02006080
0.02039032
-0.04347430
-0.00742749
-0.04293453
0.05913121
0.01678088
0.01345258
-0.01724476
0.02210259
0.03794442
-0.02153393
-0.00867661
0.00691387
-0.00424771
0.07363670
-0.02603885
0.00386846
-0.01102449
0.03144353
0.00284950
0.01822777
0.05866478
-0.06211852
-0.06037994
-0.03889335
0.03872945
-0.14201687
0.06998707
-0.05572027
-0.01200075
-0.00402771
0.02379474
-0.01141247
-0.03558588
-0.02314444
0.08447310
-0.02276403
0.00468607
-0.01595988
0.00385179
-0.03186449
0.06748901
0.05320061
-0.02767429
0.01999907
-0.06981364
0.00761553
-0.02244514
-0.02364262
0.04739939
0.02571934
0.02387883
-0.00761567
0.00486761
-0.06431886
-0.04418138
-0.04078498
-0.02522869
0.00328211
-0.05184001
-0.01789124
-0.03872243
0.03399629
-0.04366881
0.03827972
-0.00612175
-0.01737655
0.02382953
0.03649102
0.02970995
0.00581181
0.00072462
0.03597912
0.00566457
-0.03385712
0.01261938
-0.03494303
-0.01938185
-0.04613682
0.01689729
0.03801845
-0.06124758
0.03755831
0.01117770
-0.06289302
0.01799064
-0.05577230
0.02744354
-0.00899339
-0.04524713
-0.02001151
0.02124805
0.00472255
-0.06340891
-0.05482936
-0.06948601
0.04860314
0.07149312
-0.01605455
0.03379463
0.06257430
-0.03681111
-0.03962566
0.00519442
-0.01012194
-0.01049137
0.03944483
-0.01586064
0.00852275
-0.01794692
0.00478974
0.01723267
-0.01352390
0.00727691
-0.04943936
-0.06792483
0.04297342
0.15364672
-0.00340444
-0.04482181
-0.00319384
-0.00755543
0.04518263
0.02091004
-0.03169498
-0.00924257
-0.00016737
-0.01443840
-0.00456992
0.06118845
0.01472359
-0.08231153
0.07269365
-0.03840081
-0.00968228
-0.06905931
0.02528125
-0.03943238
0.02403023
-0.09145831
0.02056938
-0.07391438
-0.01128809
-0.00582573
-0.02013749
-0.06640746
0.02784709
-0.05813874
0.05656173
0.14156355
0.00662592
0.01018868
-0.04590346
-0.00031294
-0.03050160
0.00171817
0.00173565
0.01204313
-0.03729060
0.01684329
0.04702718
-0.02488501
0.04850762
0.01557477
-0.03458389
0.00184445
-0.03539427
-0.00007028
-0.03948962
0.04165027
-0.02829927
0.04550882
-0.02145243
-0.04863908
0.01291016
0.07402905
0.02380266
-0.01860262
-0.04783174
-0.01719637
0.02983589
0.05974932
0.04160377
0.02208863
0.02494582
0.03558498
-0.05780255
-0.02063607
0.03619592
-0.01669515
0.02298140
0.03433106
0.03187063
0.04475084
-0.00495540
0.01548839
0.02226019
0.01082163
0.02691589
0.04240553
-0.00790603
0.07580768
0.02676082
-0.02436692
-0.05277907
0.05163387
0.03707463
-0.01558763
-0.01987504
-0.12265357
0.02661113
0.00176237
-0.01669208
0.02500171
0.00728425
0.01625270
-0.00261952
-0.01361082
-0.19921896
0.20431703
0.03061172
-0.04731982
-0.06259769
0.00640324
0.01927353
0.00412018
-0.05583123
-0.01148749
0.03265302
-0.01804010
-0.01986491
-0.00054442
-0.01068781
0.01497840
-0.00224869
-0.03880136
-0.07873688
-0.02643750
0.09220899
-0.03846439
-0.02251880
0.06554981
-0.00932741
-0.02033835
0.00259332
-0.05886598
0.07647277
0.04764538
-0.03717968
-0.08222045
-0.03460803
0.02131198
0.01809277
-0.04945388
0.00439557
-0.03490559
0.06632251
0.03245513
-0.03029741
-0.00166396
0.09371702
0.03019382
-0.01120311
0.00799226
0.01987808
-0.03001208
-0.06228371
-0.00344488
-0.01976695
0.02515796
-0.15581626
-0.00930872
0.03594645
-0.00365148
0.00001559
0.11753631
-0.00466418
-0.04211484
0.01081454
0.02324560
0.04209016
-0.04117523
0.02748556
0.02746175
0.01580053
-0.01321305
0.05455392
0.01439908
-0.00268305
-0.00586863
-0.01496692
0.00139095
-0.03877535
0.00186081
0.01625930
0.04441177
-0.09851690
0.03588384
0.04370365
-0.02832921
-0.00737730
0.02191114
-0.07320535
-0.01789662
-0.03688395
0.02784037
-0.01980659
-0.05863256
-0.03899626
0.00949002
0.01309820
0.00470388
-0.09223950
-0.08503705
-0.04829175
-0.02685173
-0.00461333
-0.01930760
-0.02999328
0.04720001
0.03972831
-0.00425751
0.03424754
-0.14847282
0.06919367
-0.04900577
0.09181018
-0.00032331
0.00224724
0.04072943
-0.03108186
0.04171048
-0.00923446
