3.523390972986817360e-03
-7.970604114234447479e-03
2.269461937248706818e-02
-7.034356705844402313e-03
1.007061637938022614e-02
-6.215771194547414780e-03
-1.372153172269463539e-03
3.206937015056610107e-02
1.159900054335594177e-02
-6.692123133689165115e-03
1.022766996175050735e-02
-1.239044964313507080e-02
-7.799318409524857998e-04
-7.760586217045783997e-03
-3.966192889492958784e-04
-6.217738264240324497e-04
1.501832716166973114e-02
-1.918380893766880035e-02
-8.439598232507705688e-02
3.385302796959877014e-02
3.157502040266990662e-03
4.729057103395462036e-02
-4.480005055665969849e-02
-1.402147673070430756e-02
-5.873661488294601440e-03
1.942038349807262421e-02
2.006864361464977264e-02
-1.779165305197238922e-02
4.857814870774745941e-03
4.214122425764799118e-03
-1.352905035018920898e-01
1.316550280898809433e-02
1.836772449314594269e-02
8.708640933036804199e-03
9.910791181027889252e-03
2.433665283024311066e-02
-1.129410695284605026e-02
-3.429044736549258232e-03
-4.451505839824676514e-03
-4.380778223276138306e-02
1.486663334071636200e-02
1.044027623720467091e-03
6.857525557279586792e-02
-1.174482796341180801e-02
-5.361579824239015579e-03
3.945370018482208252e-02
2.308832667768001556e-02
7.554278243333101273e-03
1.892420276999473572e-02
3.148876829072833061e-03
3.191359341144561768e-02
-4.068347811698913574e-02
-2.854230999946594238e-02
7.465695962309837341e-04
-7.481128443032503128e-03
-1.563347876071929932e-02
1.081719808280467987e-02
1.674663275480270386e-02
4.706049561500549316e-01
-3.738050907850265503e-02
-2.307621203362941742e-02
7.574063725769519806e-03
1.024495251476764679e-02
-2.742014639079570770e-02
9.106836281716823578e-03
4.146182537078857422e-02
-1.777481287717819214e-02
9.969286620616912842e-03
-4.101980105042457581e-02
1.461347378790378571e-02
1.587441004812717438e-02
5.336947739124298096e-03
-1.497694477438926697e-02
2.555509330704808235e-03
1.253241486847400665e-02
-4.599962383508682251e-03
1.934792846441268921e-03
2.583207562565803528e-02
1.041147857904434204e-02
-6.053129956126213074e-02
-6.189352367073297501e-03
-1.153204403817653656e-02
1.594557077623903751e-03
-3.436063230037689209e-02
2.835877612233161926e-02
-1.295932661741971970e-02
-2.104458631947636604e-03
3.396167419850826263e-03
-6.930773379281163216e-04
-1.004840340465307236e-02
1.155874319374561310e-02
2.866483666002750397e-02
-2.599903941154479980e-02
9.819350205361843109e-03
9.297880344092845917e-03
3.375122090801596642e-03
-3.531042952090501785e-03
-2.809673547744750977e-02
-4.556869342923164368e-02
-1.432127552106976509e-03
5.190731957554817200e-03
2.409494668245315552e-02
-2.030934672802686691e-03
1.124741230159997940e-02
-8.599608205258846283e-03
1.418431871570646763e-03
-1.830336637794971466e-02
9.357256814837455750e-03
7.393432781100273132e-03
-7.914225570857524872e-03
1.405423507094383240e-02
1.712193898856639862e-02
-2.338236011564731598e-02
-6.462325341999530792e-03
-1.992545090615749359e-02
3.818481229245662689e-03
-6.122907623648643494e-03
-1.866726763546466827e-02
1.089723501354455948e-02
-5.361840594559907913e-04
-2.746591926552355289e-04
7.346510887145996094e-03
-9.514675475656986237e-03
-1.084448862820863724e-02
2.174323052167892456e-02
1.309131085872650146e-02
1.556909046485088766e-05
1.862526638433337212e-03
6.190965650603175163e-04
8.315567672252655029e-02
6.784577853977680206e-03
1.470270752906799316e-02
5.189457908272743225e-03
1.349608134478330612e-02
3.614193573594093323e-02
-2.407991141080856323e-02
-3.546873107552528381e-02
3.423742204904556274e-02
-4.993742331862449646e-02
-5.131738260388374329e-03
-3.119220957159996033e-02
1.739569823257625103e-03
9.572449140250682831e-03
-1.341498270630836487e-02
2.360378578305244446e-02
-1.037256866693496704e-01
5.796072538942098618e-03
-5.232295952737331390e-03
-2.727021276950836182e-02
-2.128383144736289978e-02
-7.871468551456928253e-03
1.567171327769756317e-02
-2.866232395172119141e-02
-2.329424582421779633e-02
-1.976858358830213547e-03
3.734220284968614578e-03
-1.388087030500173569e-02
-3.324735153000801802e-04
-8.364626206457614899e-03
1.063041482120752335e-02
-3.243673359975218773e-03
-5.507213994860649109e-03
-2.128489129245281219e-02
-1.423774845898151398e-02
1.807033643126487732e-02
2.000064589083194733e-02
-7.135519757866859436e-03
7.199795916676521301e-03
1.198879908770322800e-02
4.562698304653167725e-03
-8.418173529207706451e-03
-1.094172615557909012e-02
1.227126736193895340e-02
-2.486868388950824738e-02
1.437199022620916367e-02
-2.713019493967294693e-04
-3.991935402154922485e-03
1.681626588106155396e-02
-5.935936421155929565e-02
1.785780861973762512e-02
-1.445437408983707428e-02
-1.417252887040376663e-02
5.448549520224332809e-03
4.220628179609775543e-03
5.353106651455163956e-03
-1.026915460824966431e-01
-6.040731072425842285e-02
2.121188864111900330e-02
-7.713153900112956762e-05
4.120765253901481628e-02
5.435598641633987427e-02
-7.600497454404830933e-03
-5.365543067455291748e-03
3.896651323884725571e-03
1.429362688213586807e-02
2.068994753062725067e-02
7.374288141727447510e-02
8.410853333771228790e-03
-7.101916521787643433e-02
-3.401345014572143555e-02
-9.910591877996921539e-03
-1.999708823859691620e-03
4.140049219131469727e-02
-8.771183900535106659e-03
7.220078259706497192e-03
8.571892976760864258e-03
-5.223536398261785507e-03
4.251447971910238266e-03
1.633364881854504347e-04
-3.106589661911129951e-03
-1.695394702255725861e-02
-1.154345739632844925e-02
1.960448920726776123e-02
2.654562005773186684e-03
2.370778284966945648e-02
3.760050609707832336e-02
-8.908602409064769745e-03
2.269908599555492401e-02
8.048667572438716888e-03
9.878234413918107748e-05
-1.839296333491802216e-02
-7.836862206459045410e-01
1.214170455932617188e-02
1.394689083099365234e-02
1.045830734074115753e-02
1.868396438658237457e-02
-1.390853431075811386e-02
-1.174538116902112961e-02
1.091714575886726379e-02
1.684152148663997650e-02
-1.065405271947383881e-02
-3.300144523382186890e-02
3.337394446134567261e-02
-1.835977775044739246e-03
5.494945216923952103e-03
-1.719529367983341217e-02
-1.029739622026681900e-02
-9.417912922799587250e-03
3.155274782329797745e-03
-4.082665313035249710e-03
2.021141722798347473e-02
6.415658630430698395e-03
7.741219550371170044e-02
-8.953212760388851166e-03
-4.059885628521442413e-03
-8.889896795153617859e-03
-1.171100046485662460e-02
5.516004189848899841e-02
2.380031533539295197e-02
-2.189819887280464172e-02
-1.046727411448955536e-02
4.631727468222379684e-03
5.508419126272201538e-03
3.851161105558276176e-03
-4.545427800621837378e-04
2.349792979657649994e-03
-2.694335952401161194e-02
9.610772132873535156e-02
2.847512252628803253e-02
-5.436123535037040710e-02
7.340203970670700073e-02
-5.075843632221221924e-02
6.628918461501598358e-03
-6.166678667068481445e-02
-1.099569443613290787e-02
3.325396776199340820e-02
-1.203342899680137634e-01
-7.326022535562515259e-02
-1.152376830577850342e-01
-6.110329180955886841e-02
6.758214533329010010e-02
1.185317430645227432e-02
-4.614016041159629822e-02
1.044645346701145172e-02
3.859437629580497742e-02
-6.235723942518234253e-02
1.524237450212240219e-02
-4.563880711793899536e-02
1.075941696763038635e-02
-2.165775746107101440e-02
-3.995684906840324402e-02
4.565517976880073547e-02
6.519950926303863525e-02
-7.733499258756637573e-02
3.280911222100257874e-02
1.002395227551460266e-01
-7.579841464757919312e-02
5.534324422478675842e-02
5.473403260111808777e-02
-3.651497513055801392e-02
5.864441767334938049e-02
-3.489262238144874573e-02
-1.671101152896881104e-02
-5.400305241346359253e-02
6.206250563263893127e-02
-4.490835592150688171e-03
-1.192144453525543213e-01
-5.279407277703285217e-02
5.795990303158760071e-02
1.309403181076049805e-01
-4.413791745901107788e-02
-3.759678080677986145e-02
8.826715946197509766e-01
8.477892726659774780e-02
-3.191313520073890686e-02
2.083850651979446411e-02
-9.024644643068313599e-02
1.360001116991043091e-01
1.606949605047702789e-02
-1.007577124983072281e-02
-2.196235815063118935e-03
1.217034738510847092e-02
-1.295387279242277145e-02
2.466799505054950714e-02
-4.103200882673263550e-02
9.778181463479995728e-02
2.743629552423954010e-02
4.225964099168777466e-02
-2.848090790212154388e-02
1.055349688977003098e-02
-5.985235795378684998e-02
1.681212894618511200e-02
8.848451822996139526e-02
-4.010041709989309311e-03
4.626853764057159424e-02
8.152091503143310547e-02
-1.709164865314960480e-02
6.544467061758041382e-02
-7.405461370944976807e-02
2.406307496130466461e-02
-1.608957350254058838e-02
3.826040402054786682e-02
-1.451025949791073799e-03
1.883929781615734100e-02
6.918289512395858765e-02
1.024608965963125229e-02
1.969021372497081757e-02
5.355241149663925171e-02
3.315185382962226868e-02
-3.672354295849800110e-02
-1.109635573811829090e-03
-1.801905035972595215e-02
-1.104183495044708252e-01
1.754155382513999939e-02
8.802604675292968750e-02
3.789034113287925720e-02
-3.375259041786193848e-02
-5.152844637632369995e-02
-8.589812554419040680e-03
-2.294278331100940704e-02
-3.325349465012550354e-02
1.023531407117843628e-01
-4.211614280939102173e-02
-1.291622314602136612e-02
-5.082694813609123230e-02
5.503444746136665344e-02
-3.688615188002586365e-02
2.549626305699348450e-02
3.215317428112030029e-02
-3.289623931050300598e-02
-3.184230625629425049e-02
-3.198708966374397278e-02
1.635926589369773865e-02
-3.091276623308658600e-02
-2.822329662740230560e-02
-3.297556890174746513e-03
3.907067328691482544e-02
-2.517549134790897369e-02
-1.133502572774887085e-01
7.549984380602836609e-03
-5.085368081927299500e-02
4.352053627371788025e-02
9.825723245739936829e-03
1.769685070030391216e-03
2.520835027098655701e-02
-1.232665125280618668e-02
1.344828866422176361e-02
-7.839371450245380402e-03
5.768285598605871201e-03
2.992851473391056061e-02
1.586717553436756134e-02
3.700884117279201746e-04
-5.735031515359878540e-02
-1.416693348437547684e-02
2.472669258713722229e-02
-1.709363423287868500e-02
-1.811887510120868683e-02
3.931049257516860962e-02
2.672284096479415894e-02
1.806447166018188000e-03
-2.752635441720485687e-02
-4.006298724561929703e-03
-1.128499582409858704e-02
6.298540532588958740e-02
2.935582585632801056e-02
-4.781270027160644531e-02
-6.977953482419252396e-03
-8.214997500181198120e-02
1.462613604962825775e-02
-7.204899564385414124e-03
-4.323751479387283325e-02
2.237457968294620514e-02
1.044730618596076965e-01
-1.529320888221263885e-02
-6.612303666770458221e-03
4.327033460140228271e-02
4.420131817460060120e-02
-5.697738751769065857e-02
7.774279266595840454e-02
1.987933367490768433e-02
-1.043181419372558594e-01
-4.459675773978233337e-02
7.033818960189819336e-02
-7.047570496797561646e-02
6.126154959201812744e-02
4.034550487995147705e-02
-1.912044361233711243e-02
-3.472011908888816833e-02
-1.964375004172325134e-02
-1.361473836004734039e-02
-4.369659814983606339e-03
2.870441600680351257e-02
-9.825572371482849121e-02
-5.767787341028451920e-03
-6.378872785717248917e-03
-3.416607528924942017e-02
2.215784415602684021e-02
5.061902850866317749e-02
2.253936044871807098e-02
-4.185252264142036438e-02
-3.737425804138183594e-02
7.279264181852340698e-02
4.352377727627754211e-03
5.573252215981483459e-02
-1.703944988548755646e-02
-2.897064387798309326e-02
3.986734524369239807e-02
-6.296251434832811356e-03
2.187053440138697624e-03
-2.733077155426144600e-03
-4.547858983278274536e-02
-4.864098969846963882e-03
1.507302839308977127e-02
-9.804645180702209473e-02
-9.635845571756362915e-02
-1.235356740653514862e-02
3.164735063910484314e-02
-1.196638047695159912e-01
7.382514327764511108e-02
1.458875648677349091e-02
-2.494201436638832092e-02
3.913380205631256104e-02
3.830732405185699463e-02
9.333740919828414917e-03
3.589585423469543457e-02
-1.556662935763597488e-02
1.648807339370250702e-02
2.235820982605218887e-03
-8.640482090413570404e-03
2.068736404180526733e-02
-4.700146615505218506e-02
6.013096496462821960e-02
-3.019214235246181488e-02
7.720812410116195679e-02
1.626754179596900940e-02
1.369625423103570938e-02
-8.349861949682235718e-02
-6.665693363174796104e-04
2.446676418185234070e-02
-2.686984650790691376e-02
-8.445827662944793701e-02
-1.349500194191932678e-02
3.781609982252120972e-02
-3.544059395790100098e-02
-1.193064451217651367e-02
-4.250157997012138367e-02
-1.309283077716827393e-02
-3.356263786554336548e-02
7.482888549566268921e-02
-1.040499508380889893e-01
-6.297159940004348755e-02
-1.031731814146041870e-01
-4.276875406503677368e-02
8.206614293158054352e-03
8.634666912257671356e-03
1.950363442301750183e-02
9.224450215697288513e-03
-1.978386566042900085e-02
1.152026280760765076e-02
-1.894120313227176666e-02
5.490456521511077881e-02
-9.490807354450225830e-02
-5.875559523701667786e-02
4.591120779514312744e-02
-6.541346013545989990e-02
-5.181845044717192650e-04
-5.362697318196296692e-02
-2.622363856062293053e-03
-1.850257255136966705e-02
2.047425881028175354e-02
-7.326094806194305420e-02
1.406063605099916458e-02
-6.934177130460739136e-02
1.369911059737205505e-02
2.213621884584426880e-02
3.019398078322410583e-02
8.708047680556774139e-03
-1.383724808692932129e-02
1.926074177026748657e-02
-4.985592886805534363e-02
5.645825993269681931e-03
-3.777134418487548828e-02
2.109568379819393158e-02
2.033489383757114410e-02
1.018859725445508957e-02
-7.550342474132776260e-03
9.072448126971721649e-03
6.272717565298080444e-02
-3.783978894352912903e-02
2.791857719421386719e-02
4.165365919470787048e-02
3.429079800844192505e-02
-2.107121236622333527e-02
-6.025991216301918030e-02
4.465996846556663513e-02
-1.181884929537773132e-01
8.859477192163467407e-02
-4.217260703444480896e-02
1.876609586179256439e-02
1.420111581683158875e-02
2.180855721235275269e-02
3.589077387005090714e-03
2.553506288677453995e-03
1.307123433798551559e-02
8.885785937309265137e-02
-4.446504637598991394e-02
1.467698719352483749e-02
-7.737895939499139786e-03
-4.828379955142736435e-03
1.362742204219102859e-02
8.271189779043197632e-02
1.663667894899845123e-02
7.686232682317495346e-03
8.847281336784362793e-03
-5.780823528766632080e-03
5.525097623467445374e-02
-4.905313719063997269e-03
1.195574272423982620e-02
5.514033511281013489e-02
-7.170750759541988373e-03
3.600063920021057129e-02
-8.498080074787139893e-02
1.713423430919647217e-02
-6.001048907637596130e-02
-2.473899908363819122e-02
-2.428248844807967544e-04
-5.919731035828590393e-02
-3.810264170169830322e-02
-1.004651840776205063e-02
1.341130211949348450e-02
-1.005776301026344299e-01
-8.825766853988170624e-03
-3.201845288276672363e-02
8.953858911991119385e-02
-1.470343396067619324e-02
3.734844177961349487e-02
1.811261475086212158e-02
5.803717300295829773e-03
1.566759124398231506e-02
-3.592074848711490631e-03
-1.505849417299032211e-02
1.173755433410406113e-02
-2.052501775324344635e-02
1.275280304253101349e-02
5.140140280127525330e-02
-8.427163586020469666e-03
-4.636416211724281311e-02
-4.639475792646408081e-02
4.722305387258529663e-02
1.810530759394168854e-02
-3.008751012384891510e-02
5.758908018469810486e-02
1.595033146440982819e-02
-5.428011715412139893e-02
-1.894381456077098846e-02
-7.693032175302505493e-02
1.700315624475479126e-02
1.164187490940093994e-02
-4.910505190491676331e-02
7.921298034489154816e-03
-2.009017579257488251e-02
5.847860593348741531e-04
-7.149384357035160065e-03
-1.714103505946695805e-03
5.922368261963129044e-03
5.227615684270858765e-02
6.133382394909858704e-02
-4.180680960416793823e-03
2.440345101058483124e-02
4.338139668107032776e-02
4.119771532714366913e-03
-4.854352772235870361e-02
6.158920936286449432e-03
2.605453506112098694e-02
-9.203539229929447174e-03
6.020430475473403931e-03
-4.249135032296180725e-02
5.959808826446533203e-02
-5.488997697830200195e-02
8.174808695912361145e-03
-9.029719978570938110e-03
-4.449657350778579712e-02
-4.476105328649282455e-03
-2.806724235415458679e-02
-6.439883261919021606e-02
3.804820775985717773e-02
5.838439241051673889e-02
-1.076196227222681046e-02
-1.625033281743526459e-02
4.744890704751014709e-02
-1.746318675577640533e-02
6.020744796842336655e-03
2.317091263830661774e-02
-3.430733457207679749e-02
-6.976617872714996338e-02
-1.016970723867416382e-03
3.041951358318328857e-02
-2.933872863650321960e-02
4.892106726765632629e-02
-5.659069865942001343e-03
-1.065508499741554260e-01
1.162519007921218872e-01
-4.851127043366432190e-02
-4.444882739335298538e-03
1.431270223110914230e-02
6.355782598257064819e-02
8.352231234312057495e-03
4.330062493681907654e-02
-4.458547011017799377e-02
4.463164880871772766e-02
-1.111956760287284851e-01
-1.186727266758680344e-02
-4.640767350792884827e-02
-2.902405709028244019e-02
-9.621943533420562744e-02
1.487796381115913391e-02
-4.476143047213554382e-02
5.316665023565292358e-02
7.106808573007583618e-02
3.091553039848804474e-02
2.132901921868324280e-02
-3.811277449131011963e-03
-3.376281633973121643e-02
-2.865950018167495728e-02
3.967098426073789597e-03
3.158178413286805153e-03
4.794278368353843689e-02
-9.047236293554306030e-03
2.429934032261371613e-02
4.458975046873092651e-02
6.714541232213377953e-04
5.416197329759597778e-02
9.003042243421077728e-03
-3.375900909304618835e-02
-3.042520955204963684e-03
1.898476481437683105e-02
3.996299579739570618e-03
-3.652247041463851929e-02
5.955427139997482300e-02
-3.377325087785720825e-02
2.610749332234263420e-03
-2.418525703251361847e-02
-3.650730475783348083e-02
2.533424459397792816e-02
6.245601177215576172e-02
2.346673980355262756e-03
-8.841598778963088989e-02
-2.644614130258560181e-02
-1.724082790315151215e-02
1.020260620862245560e-02
6.362041085958480835e-02
1.197963021695613861e-02
1.497612707316875458e-02
-2.357313595712184906e-02
3.123518265783786774e-02
-4.809958860278129578e-03
-4.686255007982254028e-03
7.054009009152650833e-03
-5.801723897457122803e-02
-1.647772081196308136e-02
3.979767113924026489e-02
9.586600214242935181e-02
3.882402926683425903e-02
-3.412828594446182251e-02
-1.729058846831321716e-02
-1.016603223979473114e-02
3.006478212773799896e-02
-3.984925895929336548e-02
7.121595740318298340e-02
4.803918767720460892e-03
8.704980462789535522e-02
3.317889990285038948e-03
3.807362867519259453e-03
-3.933319821953773499e-02
2.962058223783969879e-02
2.929844334721565247e-02
-1.438688300549983978e-02
2.215236425399780273e-02
-6.691996008157730103e-02
1.810885779559612274e-02
9.413349442183971405e-03
-3.737854585051536560e-02
2.637977153062820435e-02
-1.581252552568912506e-02
4.577880352735519409e-02
2.723565557971596718e-03
7.402311079204082489e-03
-1.812798231840133667e-01
9.717441350221633911e-02
3.049660939723253250e-03
-4.540659114718437195e-02
-6.700355559587478638e-02
-3.407421335577964783e-02
-2.445221180096268654e-03
6.052366923540830612e-03
-4.658616334199905396e-02
-4.639192298054695129e-02
5.409219861030578613e-02
-1.889038103399798274e-04
-2.882397733628749847e-03
-3.139434382319450378e-02
-2.533791586756706238e-02
4.047163948416709900e-02
4.472969472408294678e-02
-7.631742954254150391e-02
-2.799461223185062408e-02
-4.526302963495254517e-02
8.671195060014724731e-02
-1.322445645928382874e-02
-5.454631522297859192e-03
5.245091393589973450e-02
-5.988736078143119812e-02
-8.049746602773666382e-02
2.735975198447704315e-02
-4.833682253956794739e-02
-6.844168528914451599e-03
3.750107809901237488e-02
-1.880159974098205566e-02
-8.276973664760589600e-02
-5.251216236501932144e-03
1.626219972968101501e-02
5.934965983033180237e-02
-3.714993968605995178e-02
2.934102714061737061e-02
-5.662524141371250153e-03
-2.110647410154342651e-02
1.124800741672515869e-02
-4.022037610411643982e-02
-5.957336630672216415e-03
6.706990301609039307e-02
-4.150176420807838440e-02
3.851315006613731384e-02
-1.157745718955993652e-02
-1.997789368033409119e-02
-2.928644884377717972e-03
-7.242181897163391113e-02
6.074585486203432083e-03
8.220992051064968109e-03
3.239306807518005371e-02
-1.064244285225868225e-01
3.785725682973861694e-02
7.438430190086364746e-02
-3.328228835016489029e-03
3.823500871658325195e-02
1.037549674510955811e-01
-5.626622587442398071e-03
-5.249212309718132019e-02
-1.380029600113630295e-03
5.362597107887268066e-02
3.537288680672645569e-02
-2.305488288402557373e-02
2.346463128924369812e-02
-1.944622024893760681e-02
-2.132374979555606842e-02
2.137614972889423370e-02
6.155547499656677246e-02
-9.857282973825931549e-03
1.690500357653945684e-04
-7.022906094789505005e-02
-1.930472999811172485e-02
4.661935847252607346e-03
-3.386616706848144531e-02
-2.415438741445541382e-02
1.196050364524126053e-02
8.858431130647659302e-02
-3.862342610955238342e-02
5.996673926711082458e-02
4.819657281041145325e-02
-4.069493338465690613e-02
7.385313510894775391e-03
1.307232119143009186e-02
-9.820008277893066406e-02
-2.777803456410765648e-04
-6.526676472276449203e-03
-7.170881726779043674e-04
-5.808925628662109375e-02
-1.104349941015243530e-01
-3.909659013152122498e-02
-3.400576114654541016e-02
-1.125066541135311127e-02
2.890199981629848480e-02
-6.619971245527267456e-02
-6.285808980464935303e-02
-1.788549125194549561e-02
-8.195696026086807251e-02
-2.596990764141082764e-02
-2.249431423842906952e-02
1.481258776038885117e-02
1.659512147307395935e-02
5.033561587333679199e-02
-3.680716827511787415e-02
4.132847767323255539e-03
-1.109983399510383606e-01
6.224073097109794617e-02
-4.057409986853599548e-02
5.236054584383964539e-02
-2.517735958099365234e-02
1.845310255885124207e-02
5.629864335060119629e-02
-6.658019125461578369e-02
-2.544163912534713745e-02
-2.320059016346931458e-02
