0.1251610815525055
-0.0120968837291002
-0.0438420213758945
0.0226115975528955
0.0371887646615505
0.0382509231567383
-0.0457073152065277
-0.1624261140823364
0.0335290133953094
0.1052252277731895
0.0241387877613306
0.0101895574480295
-0.0683229044079781
0.0887499898672104
-0.0807598456740379
-0.1023955121636391
-0.0179959367960691
-0.0139432670548558
0.0144524015486240
-0.0930105671286583
0.0019013657001778
0.0462786480784416
-0.0899851024150848
-0.0405777879059315
-0.0556605868041515
0.0460758507251740
-0.0187304057180882
0.0501155853271484
-0.0222724713385105
0.0387681722640991
-0.0724612325429916
-0.0235262941569090
-0.0182951651513577
0.0113571314141154
-0.0588781125843525
-0.0278739742934704
-0.0276934113353491
0.0670485123991966
-0.0046182465739548
-0.0640042200684547
-0.0195536650717258
0.1495721638202667
0.0279761366546154
0.1368504911661148
0.0305948145687580
-0.0481151528656483
-0.0851902067661285
-0.0411167070269585
0.0623348988592625
-0.0124767720699310
-0.0472578518092632
0.0750963017344475
0.0652991831302643
-0.0644439831376076
-0.0107312966138124
0.0515284128487110
-0.0480009987950325
0.0544362142682076
0.0666094720363617
0.0529932565987110
0.1067387536168098
0.0885852798819542
-0.0020605218596756
0.0095716081559658
0.0197490900754929
-0.0077573908492923
-0.0175341647118330
0.0916733294725418
0.1022154018282890
-0.1160192564129829
0.0391744524240494
0.0797521844506264
-0.0965890362858772
-0.0193302314728498
0.0825662165880203
-0.0089410878717899
0.0503317192196846
-0.0949168354272842
0.1177574545145035
-0.0281235110014677
-0.0795203447341919
0.0046726018190384
-0.1162929907441139
-0.0244786869734526
-0.0227404367178679
-0.0041465759277344
-0.1614519655704498
-0.0071191876195371
-0.1018553003668785
-0.0182367712259293
0.0411690622568130
-0.0637552440166473
0.0211862064898014
-0.0294243376702070
-0.0847584605216980
-0.0559588633477688
-0.0878544896841049
0.0239964015781879
-0.0296753998845816
0.0814405903220177
0.0107208574190736
-0.0076898029074073
0.0041070329025388
0.0239516813308001
-0.0457331798970699
0.0791536420583725
-0.0080851707607508
-0.0425332374870777
0.0423767194151878
0.0636975541710854
0.0624821856617928
0.0714998692274094
0.0905603170394897
0.0726470649242401
-0.0500853620469570
0.1044185757637024
-0.0416379682719707
0.0531687475740910
-0.0885530859231949
0.0892474055290222
0.0104469964280725
-0.0431179217994213
-0.0547851175069809
-0.0029041699599475
-0.0824941247701645
0.0239609796553850
-0.0109173739328980
-0.0425552278757095
0.0652025565505028
0.0874504148960114
-0.0675521343946457
-0.0046335789375007
0.1468770802021027
-0.0850619748234749
-0.0013783487956971
-0.0759109184145927
-0.0140835242345929
0.0092523843050003
-0.0095808524638414
0.0362196117639542
0.0120050413534045
-0.1729406714439392
-0.0003321525000501
0.0270417444407940
0.0319914482533932
0.0673633664846420
-0.0214615706354380
0.0600140690803528
0.0227110516279936
0.0319944173097610
0.0576289296150208
-0.0359356477856636
0.1064988076686859
0.0655465275049210
0.1059909462928772
0.0921891480684280
-0.0453028529882431
-0.0607380457222462
0.0315586961805820
-0.0991302132606506
-0.0388649664819241
0.0280985962599516
0.0715140700340271
0.0353072732686996
-0.0166668351739645
-0.0189545992761850
0.0244662147015333
-0.0023646394256502
0.0727158561348915
0.0029396344907582
-0.0408552475273609
-0.1129146516323090
-0.0122949965298176
0.0701275914907455
0.0027731426525861
0.0857431814074516
-0.1269170045852661
-0.0054780887439847
-0.0407577157020569
0.0416922830045223
-0.0380998700857162
0.0385949686169624
0.0076770917512476
0.0227376073598862
0.0154364220798016
0.0150097832083702
0.0104342130944133
-0.0086405798792839
0.0104256514459848
0.0037255343049765
0.0416021682322025
-0.0547323189675808
0.0748768448829651
-0.0430271215736866
-0.0749874264001846
-0.0516502596437931
-0.0304829291999340
0.0437996573746204
-0.0168242063373327
0.0913215130567551
-0.0357293374836445
0.0205332525074482
0.0075701726600528
-0.0572311766445637
-0.0425549447536469
-0.1382830291986465
-0.0680326893925667
-0.0367595106363297
-0.0505293644964695
-0.0200627502053976
0.0530911758542061
0.0742054134607315
0.0233303681015968
-0.0420687347650528
0.0394108071923256
0.1172652542591095
0.0573252700269222
0.0235139038413763
-0.0542486347258091
0.0688707083463669
-0.0436346642673016
0.0916166454553604
0.1386946290731430
-0.0793942958116531
0.0185611099004745
0.0020762833300978
0.0252793300896883
-0.1351686716079712
-0.0170315150171518
-0.1111760810017586
-0.0146573269739747
0.1410267502069473
-0.1361059695482254
0.0613058656454086
-0.0810733139514923
0.0468482933938503
0.0791659951210022
-0.0338662862777710
0.0191247239708900
-0.0209914669394493
0.0043074828572571
0.0465917438268661
-0.0154135618358850
-0.0153008187189698
-0.0103916749358177
0.1049382686614990
-0.0385399870574474
-0.0030290794093162
0.0563763715326786
0.0725111439824104
0.0437554083764553
0.0316414684057236
-0.0117646260187030
-0.0698051676154137
-0.0549135580658913
-0.0441415905952454
-0.1040123328566551
-0.0930140689015388
-0.0985471159219742
-0.1013688892126083
-0.0067240349017084
-0.1276075839996338
0.0369968786835670
0.1068556159734726
-0.0057916506193578
0.0465664938092232
-0.1293639689683914
0.0898818299174309
0.0481421910226345
0.1373707354068756
-0.0330566056072712
0.0110112931579351
-0.3288384974002838
-0.0634304210543633
0.0690789967775345
-0.2678844332695007
0.0012308176374063
-0.0747852772474289
0.0122604705393314
-0.0682662501931190
0.0256043560802937
-0.0195257682353258
-0.1867890506982803
-0.1692523509263992
0.0728345140814781
-0.0706793889403343
-0.1233163625001907
-0.0704720914363861
-0.0287339668720961
-0.1513516455888748
-0.2287667989730835
-0.0941720753908157
0.0887758880853653
0.0194117948412895
-0.0544769987463951
-0.1349899619817734
-0.0725701302289963
-0.0876252800226212
0.0553550124168396
-0.0904693752527237
-0.0924189761281013
0.0567930787801743
0.2327280342578888
-0.2308210730552673
-0.0846952795982361
0.0379521995782852
-0.0333977341651917
0.0701751634478569
0.1170197427272797
-0.1716336011886597
0.0788008794188499
-0.2690984606742859
0.1400448530912399
0.0661416575312614
-0.2065047919750214
0.1616873145103455
0.0294356141239405
0.3106760978698730
-0.0395488031208515
-0.0438936948776245
0.0808505564928055
0.0396804921329021
0.0361946970224380
0.0012106893118471
-0.0104642324149609
0.0056938016787171
0.0160824898630381
-0.0362032018601894
0.0353462770581245
-0.0599892511963844
-0.0432942621409893
0.0484208017587662
-0.0620240233838558
0.0027885122690350
0.0005268623935990
0.0437892973423004
-0.0436081662774086
0.0082776639610529
0.0028378900606185
-0.0129913156852126
-0.0411041490733624
0.0288879610598087
0.0072999396361411
-0.0147840669378638
-0.0495395399630070
0.0101560931652784
0.0593400001525879
-0.0371654517948627
0.0526456870138645
0.0056610712781549
0.0163986925035715
-0.0554569661617279
-0.0439959391951561
0.0291273370385170
0.0576127693057060
-0.0205345563590527
-0.0245667099952698
-0.0470556728541851
0.0690376535058022
-0.0316050313413143
0.0564875155687332
-0.0086403377354145
-0.0430538877844810
-0.0556397922337055
-0.0169356856495142
0.0681189373135567
-0.0156117454171181
0.0145831611007452
-0.0540676824748516
0.0307822059839964
0.0265428330749273
0.0244417786598206
0.0641385763883591
0.0465279743075371
-0.0802077278494835
0.0399108417332172
0.0726130232214928
0.0050457697361708
-0.0044649946503341
-0.0298667959868908
-0.0470608323812485
0.0011602302547544
-0.0844696685671806
-0.0841685682535172
-0.0475991852581501
-0.0444714762270451
0.0334412306547165
-0.0783614367246628
-0.0188056901097298
0.0037604579702020
-0.0529165826737881
-0.0531329177320004
0.0450373739004135
-0.0609719827771187
-0.0023870484437793
-0.0647956505417824
0.0137640992179513
-0.0233918093144894
0.0477379113435745
0.0657148435711861
-0.0414702184498310
0.0496907941997051
0.0056438487954438
0.0595899559557438
-0.0493707545101643
0.0129458028823137
0.0089342202991247
-0.0351293794810772
0.0328907743096352
-0.0294573679566383
0.0458447933197021
-0.0104504255577922
0.0532362461090088
0.0742696598172188
-0.0207968335598707
0.0370046161115170
0.0043069487437606
0.0498369708657265
0.0309046674519777
-0.0460412688553333
0.0551950745284557
-0.0016604445409030
0.0146574480459094
-0.0680389553308487
-0.0029357164166868
0.0489440746605396
-0.0182546358555555
0.0681724101305008
-0.0025789472274482
0.0245662275701761
-0.0562441311776638
-0.0156951118260622
0.0348569341003895
-0.0632336288690567
-0.0132442060858011
-0.0408926680684090
-0.0019608663860708
0.0390715785324574
-0.0181802250444889
0.0351342037320137
-0.0233284477144480
0.1013953462243080
0.0198179427534342
-0.0645367875695229
0.0315554998815060
0.0659481510519981
-0.0144414557144046
0.0212714113295078
-0.0382930599153042
0.0502792932093143
-0.0367381833493710
0.0204593744128942
-0.0033543480094522
-0.0629065185785294
-0.0872875079512596
0.0779714658856392
-0.0362856909632683
-0.0407867468893528
-0.1013540774583817
0.0209630914032459
0.0711854472756386
-0.0434660948812962
0.0504249185323715
0.0320281796157360
0.0216158628463745
-0.0717361494898796
-0.0875875130295753
-0.0577375590801239
0.0679699629545212
-0.0232410226017237
-0.0074490918777883
0.0307283531874418
0.0212052408605814
-0.0254060309380293
-0.0859576091170311
-0.0175731610506773
0.0118237473070621
0.0619350709021091
0.0408656261861324
-0.0586645007133484
-0.0102703794836998
0.0411617830395699
-0.0239491537213326
-0.0475894249975681
-0.0241534970700741
-0.0098106842488050
-0.0016565914265811
0.0509378910064697
-0.0229466427117586
0.0630746260285378
0.0103392647579312
0.0126236025243998
-0.0349525101482868
0.0201624333858490
-0.0150178968906403
-0.0107618337497115
0.0481252297759056
0.0465847626328468
0.0394232235848904
0.0603067614138126
0.0445907860994339
-0.0090537434443831
-0.0697625130414963
0.0930202007293701
-0.0632102638483047
-0.0482322312891483
0.0413217581808567
0.0592426434159279
-0.0881183147430420
0.0452100895345211
0.0714923739433289
-0.0627706125378609
0.0459075905382633
-0.0119260037317872
0.0427195169031620
0.0389375165104866
0.0392115935683250
-0.0907158553600311
-0.0088502652943134
0.0173579938709736
-0.0720576792955399
0.0071663446724415
-0.0116511993110180
0.0205624364316463
-0.0618770681321621
0.0240064729005098
0.0083355465903878
-0.0503667145967484
0.0282560158520937
-0.0709158480167389
0.0432019457221031
0.0030766658019274
0.0218614395707846
-0.0674433410167694
0.0522979348897934
0.0276191141456366
0.0297275409102440
0.0651344209909439
0.0161255802959204
-0.0055517670698464
0.0300508979707956
-0.0690295174717903
-0.0893758460879326
0.0224973168224096
-0.0492648780345917
-0.0196144022047520
-0.0076832142658532
0.0256653260439634
0.0119642680510879
-0.0383413694798946
0.0646685138344765
0.0901486203074455
0.0368999950587749
0.0103708328679204
-0.0144614651799202
0.0013221916742623
0.0470072403550148
-0.0293877497315407
-0.0386429503560066
-0.0441249608993530
0.0390038862824440
0.0106661720201373
-0.0035264664329588
-0.0199279766529799
0.0309006720781326
-0.0791977271437645
0.0397926941514015
-0.0848247483372688
0.0234207157045603
-0.0353661961853504
0.0517195016145706
-0.0303466040641069
0.0375308431684971
0.0637476146221161
0.0289343092590570
0.0364914201200008
0.0461707413196564
0.0269424617290497
-0.0131883649155498
-0.0012782786507159
0.0852527320384979
-0.0821627825498581
-0.0671359673142433
-0.0761609226465225
-0.0446211919188499
-0.0181946363300085
0.0117232929915190
0.0105918012559414
-0.0565824918448925
-0.0167263466864824
-0.0141218183562160
0.0761526152491570
-0.0789977088570595
-0.0734147056937218
-0.0310161821544170
0.0147802326828241
-0.0015720666851848
0.0130489272996783
0.0371963158249855
0.0380185283720493
0.0445703640580177
0.0400981083512306
-0.0254395026713610
0.0489347167313099
-0.0039739082567394
0.0105611383914948
-0.0064813280478120
-0.0885905399918556
0.0475669465959072
0.0271711926907301
0.0519097447395325
-0.0141120897606015
-0.0487554483115673
-0.0071333753876388
-0.0082003194838762
-0.0251670219004154
-0.0359676592051983
-0.0099167553707957
-0.0335877984762192
0.0567225404083729
0.0635483115911484
-0.0040373452939093
-0.0090126395225525
-0.0384806953370571
0.0397350974380970
-0.0582520216703415
0.0278492271900177
-0.0491237938404083
0.0090407682582736
-0.0437582917511463
0.0390806756913662
0.0880759507417679
-0.0216834936290979
0.0096562951803207
-0.0447730422019958
0.1094753891229630
-0.0402748435735703
-0.0145576903596520
0.0365793332457542
0.0324905477464199
-0.0375023372471333
0.0025936032179743
0.0703740417957306
0.0215624291449785
0.0232534259557724
-0.0384626016020775
-0.0606754757463932
-0.0496977232396603
0.0285772271454334
-0.0345180593430996
0.0238361824303865
0.0010895765153691
-0.0160772874951363
-0.0399361439049244
0.0276219621300697
-0.0658596754074097
-0.0321375913918018
0.0667008906602859
0.0298383031040430
0.0812303498387337
-0.0291243065148592
0.0605995170772076
-0.0256824772804976
0.0570772811770439
-0.0124465301632881
-0.0647545158863068
0.0273533202707767
-0.0279163178056479
-0.0501131750643253
-0.0265033002942801
0.0432925559580326
0.0083254650235176
-0.0386246852576733
0.0548188388347626
-0.0094914743676782
0.0520223230123520
-0.0449222326278687
-0.0221950989216566
-0.0049058063887060
0.0806470736861229
0.0313155315816402
0.0940887629985809
0.0044191246852279
-0.0361333265900612
0.0590445101261139
-0.0068777697160840
-0.0491828322410583
0.0593141540884972
0.0219154730439186
0.0065171755850315
-0.0164910946041346
-0.0064723556861281
-0.0071827317588031
-0.0761404633522034
-0.0195241477340460
0.0575858838856220
0.0801644995808601
0.0128413252532482
0.0035973545163870
-0.0713758394122124
0.0043956721201539
-0.0363895818591118
-0.0021106537897140
-0.0151413185521960
0.0447920039296150
-0.0114386398345232
-0.0791093036532402
0.0168217197060585
-0.0297137051820755
-0.0595560893416405
-0.0290527921169996
0.0711593776941299
-0.0394809246063232
-0.0473455637693405
0.0116265201941133
0.0466776899993420
0.0406368002295494
0.0182225871831179
0.0032602404244244
-0.0256800800561905
0.0684770569205284
0.0466689094901085
-0.0211313106119633
0.0207398086786270
0.0397623144090176
-0.0503820292651653
0.0055976249277592
0.0418121479451656
-0.0002338085323572
-0.0053830319084227
0.0112464530393481
-0.0613916516304016
-0.0590538904070854
-0.0382387414574623
-0.0558672733604908
0.0517138838768005
0.0254831667989492
-0.0012100307503715
0.0344262160360813
-0.0013024214422330
-0.0097959609702229
0.0139470100402832
-0.0331226587295532
0.0979785248637199
-0.0316302329301834
0.0138156982138753
0.0088006928563118
0.0000923985280679
0.0012077679857612
-0.0626727193593979
-0.0665760934352875
-0.0117758577689528
-0.0162932965904474
-0.0088520105928183
-0.0625664964318275
0.0246447920799255
-0.0195130743086338
0.0749845579266548
0.0076489578932524
-0.0760065764188766
-0.0265000835061073
0.0653362125158310
0.0632046163082123
-0.0546795912086964
0.0262078475207090
0.0491046831011772
-0.0319648049771786
-0.0156792476773262
-0.0330091789364815
-0.0097672538831830
0.0326569005846977
-0.0397014804184437
0.0257772747427225
0.0458713695406914
0.0287483148276806
-0.0577751696109772
-0.0019357857527211
-0.0217046719044447
-0.0205882973968983
-0.0274234879761934
0.0446459203958511
-0.0056726681068540
-0.0029049979057163
0.0681725963950157
0.1011777073144913
-0.0744927152991295
0.0463494397699833
0.0627357363700867
0.0283139925450087
-0.0382495410740376
-0.0795515105128288
0.0045314687304199
0.0784057229757309
-0.0179813280701637
0.0025877801235765
-0.0242243576794863
0.0058041363954544
0.0764063745737076
-0.0291607435792685
-0.0077116615138948
-0.0636905655264854
-0.0330030284821987
0.0332317762076855
0.0448536612093449
0.0268720891326666
0.0338588729500771
0.0271929893642664
0.0587049089372158
-0.0192354228347540
-0.0498661398887634
-0.0225347727537155
-0.0221894625574350
-0.0365396067500114
-0.0713705420494080
0.0656534284353256
0.0709759518504143
0.0923761948943138
-0.0760674700140953
0.0013049840927124
0.0234460663050413
-0.0037525682710111
-0.0450298823416233
-0.0434918291866779
-0.0062429727986455
0.0282089877873659
-0.0413782484829426
0.0597912184894085
0.0105678001418710
-0.0221402607858181
-0.0308765470981598
-0.0472769401967525
-0.0620429292321205
