5.485570058226585388e-02
-2.351628988981246948e-02
3.791259601712226868e-02
6.632839795202016830e-03
6.741927005350589752e-03
-4.686434194445610046e-02
-8.904013782739639282e-03
-1.496524084359407425e-03
-8.247143775224685669e-02
4.311289172619581223e-03
3.351146727800369263e-02
4.781207535415887833e-03
4.369281698018312454e-03
-7.648506667464971542e-03
-1.635047420859336853e-02
7.710721343755722046e-03
6.136847659945487976e-03
-1.327628735452890396e-03
2.965051308274269104e-02
3.831129893660545349e-02
-1.308857277035713196e-02
6.610515713691711426e-02
-1.769032143056392670e-02
2.778471633791923523e-02
-1.516753248870372772e-02
-3.280874341726303101e-02
3.807884827256202698e-02
-3.988250344991683960e-02
-2.678940817713737488e-02
-1.687657460570335388e-02
1.819987967610359192e-02
2.468590252101421356e-02
2.828008867800235748e-02
3.708400530740618706e-03
7.366380188614130020e-03
-1.569682173430919647e-02
3.270296379923820496e-02
2.917147614061832428e-02
-1.143238274380564690e-03
4.528647288680076599e-02
-1.676190271973609924e-02
4.148757550865411758e-03
5.570785328745841980e-02
3.562260419130325317e-02
-6.471996195614337921e-03
7.451092824339866638e-03
1.434808247722685337e-03
3.312579169869422913e-02
1.784237101674079895e-02
1.272527500987052917e-02
1.190610881894826889e-02
-4.587191715836524963e-02
8.256232738494873047e-02
-7.425153162330389023e-03
4.223927855491638184e-03
-1.053030788898468018e-02
-1.387321669608354568e-02
1.934821531176567078e-02
4.836425185203552246e-01
-2.738445997238159180e-02
1.968814991414546967e-03
7.518983446061611176e-03
4.686139896512031555e-02
-5.242699757218360901e-02
-3.371154889464378357e-02
8.599337190389633179e-02
-2.907487563788890839e-02
-1.263024657964706421e-02
-8.406113833189010620e-02
4.129214212298393250e-02
2.751897461712360382e-02
-2.170042134821414948e-02
-2.172269299626350403e-02
-1.393069513142108917e-02
2.068323548883199692e-03
4.927641153335571289e-02
5.078312009572982788e-03
-2.885304391384124756e-02
2.676011435687541962e-02
-2.058588713407516479e-02
-3.332892060279846191e-02
-5.503423977643251419e-03
-1.344093307852745056e-02
1.282794401049613953e-02
4.703116789460182190e-02
1.890686899423599243e-02
4.242868628352880478e-03
1.785289309918880463e-02
1.538295578211545944e-02
-4.113733023405075073e-02
2.092509157955646515e-02
6.357465684413909912e-02
-6.254848092794418335e-02
3.207375854253768921e-02
-2.948562381789088249e-03
-2.186263538897037506e-02
-2.017156453803181648e-03
3.951979801058769226e-03
8.732187561690807343e-03
-9.488566778600215912e-03
-3.656033892184495926e-03
4.230779409408569336e-02
-3.312761709094047546e-02
1.510683074593544006e-02
9.566674008965492249e-03
1.784268952906131744e-02
2.775045298039913177e-02
-2.732072956860065460e-02
1.078109350055456161e-02
8.062859065830707550e-03
9.531000629067420959e-03
2.439767494797706604e-02
6.181963719427585602e-03
-3.047180920839309692e-02
8.167659863829612732e-03
4.280018620193004608e-03
-4.279049113392829895e-02
-2.475811354815959930e-02
1.817751303315162659e-02
2.103290054947137833e-03
7.346633938141167164e-04
-6.191054824739694595e-03
4.155430942773818970e-02
-2.967185899615287781e-02
6.284423917531967163e-02
2.504491060972213745e-02
-4.355795681476593018e-02
-1.755967177450656891e-02
-8.775771595537662506e-03
7.076974213123321533e-02
4.847676306962966919e-02
8.263632655143737793e-03
-2.381773479282855988e-02
2.036673761904239655e-02
-2.716649789363145828e-03
2.649314701557159424e-02
4.153213649988174438e-02
1.893632858991622925e-02
-1.933876983821392059e-02
-1.570944115519523621e-02
-2.978690527379512787e-02
1.647373847663402557e-02
-2.508042939007282257e-02
-4.288307577371597290e-02
-6.577033549547195435e-03
-7.399557158350944519e-03
1.859113760292530060e-02
-1.962677575647830963e-02
-1.236518751829862595e-02
-1.736668869853019714e-02
1.022425014525651932e-02
1.326884701848030090e-02
-1.174021232873201370e-02
5.216270685195922852e-02
9.357400238513946533e-03
1.515106949955224991e-02
-2.175831794738769531e-02
1.756493002176284790e-02
1.935073174536228180e-02
5.339242517948150635e-03
-4.558260366320610046e-02
-5.312734283506870270e-03
-7.432452589273452759e-02
1.391560677438974380e-02
1.276407856494188309e-02
7.680425792932510376e-02
-2.595022134482860565e-02
-3.032053261995315552e-02
3.230906277894973755e-02
-1.014454849064350128e-02
1.340208481997251511e-02
-1.160069741308689117e-02
1.444305572658777237e-02
-1.057488843798637390e-02
2.710215747356414795e-02
3.501729108393192291e-03
2.214421983808279037e-04
1.656075380742549896e-02
-9.982905536890029907e-02
1.251616422086954117e-02
-2.222049981355667114e-02
-1.496531069278717041e-02
-5.643245764076709747e-03
-1.254499331116676331e-02
5.050920415669679642e-03
-2.391865290701389313e-02
2.930194139480590820e-02
-4.491876810789108276e-03
-1.389907766133546829e-02
1.695450209081172943e-02
-2.707618102431297302e-02
-7.400855422019958496e-03
-9.539200924336910248e-03
2.062390372157096863e-02
-3.974132984876632690e-02
4.577782377600669861e-02
1.494257152080535889e-01
1.566303893923759460e-02
5.361286178231239319e-02
-7.855557836592197418e-03
-8.126765489578247070e-02
-8.659331942908465862e-04
5.738065019249916077e-02
-3.144376911222934723e-03
-1.172803714871406555e-02
2.679826691746711731e-02
-7.327369414269924164e-03
1.234510634094476700e-02
-1.431306824088096619e-02
-2.860917896032333374e-02
1.217894162982702255e-02
-3.111195750534534454e-02
-2.791125141084194183e-02
1.687867008149623871e-02
3.099371865391731262e-02
-8.928451570682227612e-04
-2.743069780990481377e-03
5.341481044888496399e-02
5.513424053788185120e-03
1.211277395486831665e-02
1.203309092670679092e-02
-7.206882238388061523e-01
2.047115750610828400e-02
3.762305527925491333e-02
2.848161570727825165e-02
-1.684277551248669624e-03
3.996583819389343262e-02
-1.931485161185264587e-02
3.819013759493827820e-02
1.535947620868682861e-02
-1.995467953383922577e-02
-3.252461552619934082e-02
8.163428306579589844e-02
-1.133586838841438293e-02
8.805513381958007812e-03
-2.475025318562984467e-02
3.226583078503608704e-02
-1.732186786830425262e-02
1.099368836730718613e-02
-1.380420289933681488e-02
2.598012425005435944e-02
-2.204371988773345947e-02
5.224109068512916565e-02
4.706628248095512390e-02
-3.913985565304756165e-02
-1.899633556604385376e-03
-2.816788293421268463e-02
-7.145176175981760025e-03
-1.988232322037220001e-02
-3.989437222480773926e-02
-1.822154596447944641e-02
-8.636686950922012329e-03
5.124176852405071259e-03
2.766160760074853897e-03
3.972498700022697449e-03
-8.409104309976100922e-03
2.348794974386692047e-02
-5.108663067221641541e-02
-9.488666430115699768e-03
-4.435600712895393372e-02
-3.717919439077377319e-02
2.363760769367218018e-02
-3.977051377296447754e-02
6.394031457602977753e-03
9.679371863603591919e-02
-9.082002192735671997e-02
2.607442252337932587e-02
-8.241363614797592163e-02
-2.001158706843852997e-02
3.141823690384626389e-03
1.215329170227050781e-01
-1.672101207077503204e-02
2.014730125665664673e-02
1.668305099010467529e-01
-7.550010085105895996e-02
8.136960864067077637e-02
-7.250177673995494843e-03
-3.632784262299537659e-02
1.005710214376449585e-01
1.029345691204071045e-01
-3.463963419198989868e-02
-1.759186945855617523e-02
-7.804925739765167236e-02
4.831396415829658508e-02
3.625577315688133240e-02
7.556195370852947235e-03
6.879157852381467819e-03
1.305979397147893906e-02
-2.475458942353725433e-02
-3.468441218137741089e-02
4.247288033366203308e-02
-1.513485796749591827e-02
2.100066654384136200e-02
8.633040636777877808e-02
1.504993997514247894e-02
-1.038954332470893860e-01
-5.631799809634685516e-03
-2.810135856270790100e-02
1.298584043979644775e-01
9.210703521966934204e-02
3.929788991808891296e-02
1.465097069740295410e-01
8.666959404945373535e-01
6.479822844266891479e-02
-3.980500623583793640e-02
1.057621985673904419e-01
3.803430870175361633e-02
4.840555042028427124e-02
1.329530216753482819e-02
-8.837728947401046753e-02
1.269980706274509430e-02
-5.057358369231224060e-02
-4.534959420561790466e-02
3.183266520500183105e-02
6.778962910175323486e-02
2.938638441264629364e-03
3.122734650969505310e-02
-7.486271113157272339e-02
4.432693123817443848e-02
7.559642940759658813e-02
-5.732481926679611206e-02
9.301078505814075470e-03
7.224495708942413330e-02
-9.278417564928531647e-03
1.530210115015506744e-02
4.467777535319328308e-02
-3.209334984421730042e-02
6.033002957701683044e-02
-3.015487082302570343e-02
2.050033770501613617e-02
-3.223316371440887451e-02
-8.497286587953567505e-03
1.217305846512317657e-02
7.235354278236627579e-03
4.828128963708877563e-02
7.305763661861419678e-02
-6.298054940998554230e-03
7.798010110855102539e-02
2.973894216120243073e-02
-4.476799070835113525e-02
1.580425538122653961e-02
-1.683294773101806641e-02
-7.751275599002838135e-02
-2.424850501120090485e-02
8.880528062582015991e-02
9.751063585281372070e-02
-2.188330749049782753e-03
-3.287858515977859497e-02
-3.504065563902258873e-03
-2.567970426753163338e-03
-6.024922803044319153e-02
7.399069517850875854e-02
-3.878719359636306763e-02
-8.618647698312997818e-04
-2.371278218924999237e-02
-1.897798851132392883e-02
-5.637555196881294250e-02
2.063123509287834167e-02
4.749705269932746887e-02
-1.012027263641357422e-02
-2.395306155085563660e-02
-1.880001276731491089e-02
-1.704643294215202332e-02
-3.969621658325195312e-02
1.131139136850833893e-02
-6.123199686408042908e-02
1.603121310472488403e-02
4.334373772144317627e-02
-6.328526139259338379e-02
2.537068724632263184e-02
-5.741684511303901672e-02
-3.985582292079925537e-02
6.052629649639129639e-02
-5.086464062333106995e-02
2.085373178124427795e-02
2.582666650414466858e-02
-8.650071918964385986e-03
-1.961314817890524864e-03
4.152671620249748230e-02
3.711803629994392395e-02
3.650134429335594177e-02
5.075529590249061584e-02
-2.154115028679370880e-02
-3.767604753375053406e-02
9.061142802238464355e-03
-6.112173944711685181e-02
1.327139046043157578e-02
4.276577383279800415e-02
5.902058631181716919e-02
-3.511746227741241455e-02
-3.106518276035785675e-02
-1.676163985393941402e-03
-7.643884979188442230e-03
3.069894574582576752e-02
-1.297004148364067078e-02
-2.693897671997547150e-02
-5.332636460661888123e-02
-5.568637326359748840e-02
3.022789023816585541e-02
-1.593759842216968536e-02
-1.313960272818803787e-02
2.404534025117754936e-03
1.046120896935462952e-01
-2.248354069888591766e-02
-6.001064926385879517e-02
2.448361553251743317e-02
4.997755214571952820e-02
-5.130065977573394775e-02
5.184996128082275391e-02
4.714088141918182373e-02
-7.527374476194381714e-02
-1.768556656315922737e-03
1.907292939722537994e-02
-6.597661972045898438e-02
3.326241672039031982e-02
1.828515715897083282e-02
-2.862394042313098907e-02
-3.232410550117492676e-02
-1.984054595232009888e-02
-8.191246539354324341e-03
3.187149763107299805e-02
-2.769488096237182617e-02
-1.167126372456550598e-01
2.496575191617012024e-02
-1.131327636539936066e-02
-7.380763441324234009e-02
2.615043893456459045e-02
2.667060121893882751e-03
9.416689164936542511e-03
-3.874791786074638367e-02
-2.275296859443187714e-02
-4.887971561402082443e-03
2.264954149723052979e-02
5.082817375659942627e-02
-2.503288537263870239e-02
1.369736343622207642e-02
-3.133357968181371689e-03
-1.057991525158286095e-03
1.956574246287345886e-02
-4.456598684191703796e-02
-3.330230712890625000e-02
-1.640076935291290283e-02
-1.609734172234311700e-04
-7.833766192197799683e-02
-5.410865321755409241e-02
3.807340934872627258e-02
5.576090142130851746e-02
-1.112650111317634583e-01
7.822102308273315430e-02
2.700108848512172699e-02
-1.412209495902061462e-02
2.205573022365570068e-02
3.434287384152412415e-02
1.486915443092584610e-02
4.506783932447433472e-02
-7.107415050268173218e-02
5.578761175274848938e-02
2.264470234513282776e-02
-6.420003715902566910e-03
1.831852598115801811e-03
-5.170368775725364685e-02
4.449502006173133850e-02
-1.849416643381118774e-02
6.337685137987136841e-02
9.355591027997434139e-04
3.409398719668388367e-02
-3.896947577595710754e-02
-1.291308831423521042e-02
5.950286611914634705e-02
1.656106178415939212e-04
-6.361413002014160156e-02
-1.269833836704492569e-02
4.603592306375503540e-02
-3.618246316909790039e-02
-2.680660225450992584e-02
-2.561688609421253204e-02
3.857305971905589104e-03
-6.728177890181541443e-03
6.564392894506454468e-02
-1.473381519317626953e-01
-5.849890038371086121e-02
-1.009844094514846802e-01
-2.636733464896678925e-03
3.110277233645319939e-03
-2.750262990593910217e-02
-4.913069773465394974e-03
-4.346540197730064392e-02
-5.822304263710975647e-02
-1.489581912755966187e-02
-2.612592093646526337e-02
6.881115026772022247e-03
-9.375306218862533569e-02
-2.065517194569110870e-02
1.584986224770545959e-02
-2.618944458663463593e-02
-1.306647807359695435e-02
-4.982597008347511292e-02
1.148813590407371521e-02
1.643097773194313049e-02
9.427456185221672058e-03
-5.126285925507545471e-02
-1.805579289793968201e-02
-4.698294028639793396e-02
7.809782773256301880e-02
6.810734514147043228e-03
2.692232839763164520e-02
-2.323281206190586090e-02
4.785751551389694214e-02
6.821427028626203537e-03
-8.128551766276359558e-03
1.395239215344190598e-02
1.530846673995256424e-02
6.514783948659896851e-02
4.926990732201375067e-05
2.492286264896392822e-02
-7.223086897283792496e-03
-3.656538575887680054e-02
5.562032014131546021e-02
-2.342803589999675751e-02
1.953544281423091888e-02
5.156264826655387878e-02
-4.400232434272766113e-02
-6.917864084243774414e-02
-4.228285700082778931e-02
6.086186692118644714e-02
-9.772526472806930542e-02
8.405703306198120117e-02
-5.542679503560066223e-02
9.131820872426033020e-03
4.919013381004333496e-02
5.918112397193908691e-02
-3.412263467907905579e-02
1.931542530655860901e-02
-5.110736936330795288e-03
6.101669743657112122e-02
-2.891705743968486786e-02
-3.318793326616287231e-02
-2.569096162915229797e-02
-6.636041682213544846e-03
1.554865483194589615e-02
7.309951633214950562e-02
1.769602112472057343e-02
-7.084713783115148544e-03
-1.190926227718591690e-02
-4.814914613962173462e-02
-8.709265850484371185e-03
-4.015595838427543640e-02
2.268124371767044067e-02
5.635179579257965088e-02
2.058500424027442932e-02
6.003750953823328018e-03
-2.935509011149406433e-02
5.320169031620025635e-03
-5.921569839119911194e-02
-2.813936397433280945e-02
-5.454709380865097046e-02
-1.150635778903961182e-01
-5.894395522773265839e-03
-3.517467156052589417e-02
-2.918737567961215973e-02
-4.393728449940681458e-02
4.312857612967491150e-02
-4.702462628483772278e-02
6.370855122804641724e-02
-2.688508853316307068e-02
-1.337883248925209045e-02
1.574373990297317505e-02
3.211568668484687805e-02
-6.421452388167381287e-03
-4.284617677330970764e-02
-4.973815754055976868e-03
3.256349638104438782e-02
3.536425903439521790e-02
-1.161870639771223068e-02
4.268811270594596863e-02
-1.511664688587188721e-02
-5.095625668764114380e-02
-6.476363539695739746e-02
2.652049995958805084e-02
2.652592770755290985e-02
-2.776597253978252411e-02
3.974463790655136108e-02
-4.415391758084297180e-02
-6.432306766510009766e-02
-2.598849311470985413e-02
-6.443732976913452148e-02
1.475603040307760239e-02
-3.859349712729454041e-02
-2.119237929582595825e-02
-1.172604598104953766e-02
2.504058182239532471e-02
2.154178544878959656e-02
-4.021405428647994995e-02
-9.988909587264060974e-03
-7.297702133655548096e-02
6.910048425197601318e-02
3.592234849929809570e-02
-5.415085237473249435e-03
3.814318403601646423e-02
3.734626248478889465e-02
-1.781831309199333191e-02
-2.342726849019527435e-02
-2.992697805166244507e-02
-2.147142775356769562e-02
-2.056628093123435974e-02
3.353745117783546448e-02
-6.112839281558990479e-02
4.292385652661323547e-03
-5.002231150865554810e-02
4.245964810252189636e-03
4.547129385173320770e-03
-2.990461699664592743e-02
1.575633138418197632e-02
-2.254264988005161285e-02
-5.736784264445304871e-02
6.997265387326478958e-03
1.159208863973617554e-01
1.349253114312887192e-02
1.312874536961317062e-02
3.935503959655761719e-02
2.024332806468009949e-02
4.618274420499801636e-02
-9.880956262350082397e-03
-2.596385963261127472e-02
7.329265936277806759e-04
-7.259496022015810013e-03
7.238307595252990723e-02
-3.098362125456333160e-03
4.777546972036361694e-02
-1.825352571904659271e-02
-8.665568381547927856e-02
7.920653373003005981e-02
-1.111635938286781311e-02
-8.246536366641521454e-03
-1.270627952180802822e-03
-2.292670309543609619e-02
-3.006898239254951477e-02
4.575246572494506836e-02
-1.262188702821731567e-01
1.493282383307814598e-03
-5.387545004487037659e-02
-6.444399710744619370e-03
-4.413724318146705627e-02
1.268206257373094559e-02
-5.412608012557029724e-02
3.330684453248977661e-02
-3.735397011041641235e-02
7.238753885030746460e-02
9.124520421028137207e-02
9.791224449872970581e-02
1.886188797652721405e-02
-6.059719994664192200e-02
-4.247416555881500244e-02
-5.972388386726379395e-02
8.862884715199470520e-04
2.257975190877914429e-02
8.602351695299148560e-02
-2.761426568031311035e-02
-8.580711670219898224e-03
-3.584607329685240984e-04
2.958247438073158264e-02
5.581215396523475647e-02
6.291463039815425873e-03
-1.537268795073032379e-02
-1.670882664620876312e-02
-3.849719837307929993e-02
-3.649082966148853302e-03
-6.652543693780899048e-02
5.447219684720039368e-02
-1.038314076140522957e-03
2.972142398357391357e-02
-2.146780677139759064e-02
-6.412911415100097656e-02
2.661084942519664764e-02
7.651638239622116089e-02
-1.095225848257541656e-02
-3.046193346381187439e-02
-3.926120232790708542e-03
-5.254107341170310974e-02
2.777272276580333710e-02
5.034395679831504822e-02
4.569569602608680725e-02
9.761511348187923431e-03
2.012583892792463303e-03
4.049914423376321793e-03
-3.078936599195003510e-02
-4.142485931515693665e-02
4.038612544536590576e-02
-1.851354353129863739e-02
-7.003460545092821121e-03
5.839001014828681946e-02
7.947888225317001343e-02
6.978458911180496216e-02
-5.619818344712257385e-03
4.473478533327579498e-03
1.559408381581306458e-02
3.072343021631240845e-02
-6.961857527494430542e-02
6.932693719863891602e-02
1.120607741177082062e-02
4.799976199865341187e-02
-3.190028294920921326e-02
-4.511027783155441284e-02
-3.182996436953544617e-02
8.431848138570785522e-02
3.992956876754760742e-02
-1.530438475310802460e-02
-4.585897922515869141e-02
-5.916336551308631897e-02
3.781682625412940979e-02
3.722497448325157166e-02
-7.137200981378555298e-02
1.675138063728809357e-02
-4.286031704396009445e-03
4.582986235618591309e-02
1.944952644407749176e-02
-3.530113771557807922e-02
-1.630294770002365112e-01
1.593400686979293823e-01
1.152819581329822540e-02
-7.899117469787597656e-02
-3.031385503709316254e-02
2.076497301459312439e-02
-1.461187656968832016e-02
-1.971461251378059387e-02
-1.860396005213260651e-02
-4.907112196087837219e-02
1.061255764216184616e-02
1.031001470983028412e-02
-4.342472646385431290e-03
3.163869678974151611e-02
2.051039412617683411e-02
2.418851107358932495e-02
6.946742651052772999e-04
-3.472513332962989807e-02
-4.087021946907043457e-02
-9.221042692661285400e-02
1.143075972795486450e-01
-7.025064527988433838e-02
-4.668065160512924194e-02
6.279508769512176514e-02
-7.152711600065231323e-02
-6.308731436729431152e-02
5.633681546896696091e-03
-3.958250954747200012e-02
3.812400624155998230e-02
-6.196818780153989792e-03
-4.801015928387641907e-02
-6.930112093687057495e-02
-4.912810027599334717e-02
3.686075564473867416e-03
2.332602627575397491e-02
-4.440463706851005554e-02
1.328376308083534241e-02
-1.489499676972627640e-02
1.790867745876312256e-02
4.936104267835617065e-02
-2.335868589580059052e-02
-1.299317833036184311e-02
8.980142325162887573e-02
7.267081644386053085e-03
1.978625729680061340e-02
-1.030357743729837239e-04
-1.625019311904907227e-02
2.212344668805599213e-02
-2.995115704834461212e-02
2.337834797799587250e-02
-1.141486410051584244e-02
2.902031317353248596e-02
-1.281675249338150024e-01
-2.602015435695648193e-02
7.970459759235382080e-02
-9.563391096889972687e-03
-6.013912148773670197e-03
8.174382150173187256e-02
-3.643593983724713326e-03
-2.113087102770805359e-02
-3.121139109134674072e-02
5.364323407411575317e-02
1.237396243959665298e-02
-7.184375077486038208e-02
2.524645812809467316e-02
4.048617929220199585e-02
2.750932611525058746e-02
-4.906257148832082748e-03
3.149589896202087402e-02
5.850320309400558472e-02
7.127048913389444351e-03
-6.663180142641067505e-02
-1.870808750391006470e-02
-1.118058618158102036e-02
-9.223341941833496094e-03
1.867061713710427284e-03
-2.424909733235836029e-03
5.538582056760787964e-02
-4.898303747177124023e-02
4.143075644969940186e-02
1.915169705171138048e-04
-2.350108325481414795e-02
-1.984984613955020905e-02
3.084254823625087738e-02
-5.142267793416976929e-02
-2.922703512012958527e-03
-3.135851770639419556e-02
1.349777542054653168e-02
-2.746417187154293060e-02
-3.047933243215084076e-02
-1.574174128472805023e-02
-4.156871233135461807e-03
-9.436351247131824493e-03
4.335873946547508240e-02
-4.600001871585845947e-02
-4.381336644291877747e-02
-2.359410747885704041e-02
-7.144998013973236084e-02
-1.449688989669084549e-02
-2.340302988886833191e-02
9.894834831357002258e-03
2.563645690679550171e-02
6.294835358858108521e-02
-4.957663640379905701e-02
-2.198719605803489685e-02
-1.412140727043151855e-01
7.599496841430664062e-02
1.854086003731936216e-04
9.003661572933197021e-02
3.532052412629127502e-02
-1.409359369426965714e-02
4.253146797418594360e-02
-5.580399185419082642e-02
-1.445753499865531921e-02
-3.864748403429985046e-03
