0.03533696
-0.00493103
-0.03848355
0.02214171
0.01230443
0.04095146
0.02079066
-0.00707568
-0.00979430
0.02617661
-0.03309229
0.01418914
0.01127136
0.01422537
-0.02597450
-0.00862512
-0.02715158
0.01618695
-0.17354251
0.00994203
0.01523284
-0.03359085
0.07872861
-0.01711164
-0.00346175
-0.01069367
-0.00400859
-0.01672491
-0.05141892
0.01598331
-0.10537738
-0.04132586
-0.01110466
0.00125194
-0.01746455
-0.01709388
0.00356404
-0.00444943
-0.02385272
0.02849054
-0.02924278
-0.00201280
0.01073032
-0.02272644
-0.03518711
-0.05516597
0.02856157
-0.02203719
0.01677522
-0.00121008
0.00666796
0.09764680
-0.10064626
0.00513604
-0.01352298
-0.02919680
-0.02442511
-0.01138042
0.36657241
-0.00716398
0.00071842
-0.02893496
-0.03664400
0.02663216
0.00949030
-0.06227278
0.00669141
-0.01433344
-0.03432583
-0.06003373
0.03068099
0.00038087
-0.04409322
0.00676338
-0.01176043
0.00603857
0.00484992
-0.03180519
-0.00012702
-0.08882619
-0.00232073
-0.00809577
0.00851171
-0.05633318
-0.11806061
0.01662676
-0.02912098
-0.01060997
0.01822060
-0.00948513
-0.01335523
-0.12332091
0.12329318
0.00633314
-0.02948813
-0.00350376
0.01948962
-0.01258555
-0.02410844
-0.00962581
0.00535491
0.02519790
-0.01953045
0.00196852
-0.01147419
-0.02865739
-0.01496032
-0.03109843
0.01900423
0.00522077
-0.03221815
-0.00568032
-0.01342389
0.02182704
0.00323721
-0.02360887
-0.01242161
-0.02108368
-0.02370909
0.00975324
0.00482973
0.00260222
-0.03012538
0.00527509
0.04589393
0.01449667
0.05185204
0.00233390
-0.01283489
-0.00924533
-0.01111143
0.00426978
-0.02689082
0.01298271
-0.01394512
-0.03134996
-0.02623721
-0.06880568
-0.08805882
-0.00835912
0.16628094
0.01969931
-0.01370964
-0.01249068
-0.03202799
-0.22305673
0.00636707
-0.02243461
-0.02290699
-0.00848374
0.00296771
0.00961616
0.00859306
-0.00699224
-0.00130585
0.01931335
-0.04835222
0.00067555
0.04380046
0.03713854
-0.00856715
0.20156996
-0.01268827
0.01437579
-0.02839877
-0.09519127
0.04914781
-0.01157886
-0.00249927
-0.01855022
-0.00202844
-0.02561021
-0.00320896
0.00084997
0.01295218
0.00526614
0.01624666
0.03593203
0.01693546
0.00441744
0.05711360
0.00651034
0.00027927
0.01543488
0.02051938
-0.17662896
0.06513436
0.01571669
0.01900992
0.03417714
-0.06227213
0.03543850
-0.00863471
-0.01691487
0.01937796
-0.05623624
-0.03350412
-0.00999328
-0.02249645
-0.01018991
0.04849045
0.00323076
-0.06774218
-0.01943424
-0.04280711
-0.00606716
0.00168574
0.00349051
0.03367119
0.10143466
0.02383283
0.01769487
0.01360443
-0.00872567
-0.02447191
0.00239544
-0.01021961
0.01959184
0.00006992
0.00279840
-0.01369956
-0.64377975
-0.02235692
-0.00548522
-0.02455733
-0.03438875
-0.05292930
0.00883094
-0.01185792
0.00298673
-0.01055893
0.03766261
0.02597105
0.00917744
-0.03962841
0.01649002
0.00458918
0.01388106
-0.02334985
0.02446881
0.01763092
0.01588680
0.11214428
-0.07201600
-0.02366575
0.00977911
0.01796667
-0.02057360
0.00900449
0.01847447
-0.02131092
0.02283517
0.03781642
0.01206014
-0.00929693
0.00340762
-0.01765228
0.02545440
0.01158475
0.04889053
-0.03859976
-0.07440101
0.06809980
0.06711520
0.05126511
-0.07940532
0.06441444
0.00753001
-0.08084507
-0.00775975
-0.01721311
0.09483238
0.02816001
0.09784486
0.02734918
0.03840725
-0.00282393
-0.01255546
-0.02763179
-0.01501877
0.07891278
0.02532593
0.11472270
-0.10407909
0.03277905
0.01894342
0.06091329
0.07866260
0.09666428
0.00983326
0.06422751
-0.03577777
0.00460247
-0.02133377
0.02332959
0.02090415
-0.02076485
-0.02027457
0.06302626
-0.06531399
0.04777450
0.03728840
0.88495672
0.02049934
-0.00964126
0.05748827
0.00975304
0.14542595
-0.02851815
0.03440383
-0.14179876
-0.03634435
0.11813468
-0.05457843
-0.03044602
-0.02479274
-0.08161002
-0.02583897
-0.06584288
-0.06748450
0.02811078
-0.02359568
0.02431565
-0.00817223
0.05799486
0.03652481
0.00412878
-0.08395351
0.07623628
0.00799010
-0.07735623
0.02650567
0.02361779
0.01290349
0.04366171
-0.01559340
0.06481247
0.07068281
0.00244986
-0.02663603
0.07421920
-0.02264350
0.06507034
0.00951533
0.00661974
-0.04551514
0.01790104
0.01502351
0.06780046
0.07084589
-0.01230571
0.05333663
-0.07243093
0.01229332
0.04202349
-0.01146695
-0.03106838
0.01573006
0.07391264
-0.01278229
-0.06481918
0.03871840
0.06874593
-0.00346546
-0.03525915
-0.00257770
-0.01235675
-0.04485481
0.04524261
-0.02448445
0.05148211
0.00077323
-0.04881591
0.07135046
-0.02572569
0.00983202
0.08642139
0.00598552
-0.00964208
-0.01661431
0.00608713
-0.01818441
-0.01700856
-0.04632013
0.00988088
0.00019510
-0.00293286
-0.01991503
-0.12005820
0.02365180
-0.03743156
0.02526384
-0.00721075
0.00370834
-0.01832741
0.02742397
0.05756238
0.06145662
-0.09540056
-0.07501938
-0.03687330
-0.01105777
-0.01549226
-0.03379646
0.08450112
0.03519227
0.11229642
0.09125364
0.03550840
-0.01395399
-0.02971685
0.00213516
0.09479406
0.00313167
0.04958253
0.00695745
-0.02983000
-0.02490339
-0.10280007
-0.04400679
-0.01244400
-0.00670240
0.10694457
-0.00922658
-0.01860680
0.01051042
0.01694481
0.06082907
-0.04390032
0.02151696
-0.04281740
0.00659878
-0.09230700
-0.02628800
-0.00959365
-0.08828340
-0.01228407
-0.01759307
-0.01348159
-0.04184433
0.02514955
-0.00825295
-0.02633036
-0.01330356
-0.00550424
0.01031302
0.06940223
-0.01731848
-0.01486070
0.01497428
-0.02972154
-0.01812036
0.03937581
0.02839740
-0.03352724
0.04341294
-0.03761008
0.02832060
0.06793196
0.01124321
0.04005136
-0.01434140
0.01463553
0.04079407
0.00663810
0.04965781
0.01972033
-0.07707167
-0.05241459
-0.04385912
-0.02266496
-0.01389520
-0.00187430
0.01792278
0.00267053
-0.03390155
0.04882866
-0.04450768
-0.01966628
-0.01171985
0.03985166
0.09666964
-0.04669235
0.05405317
-0.03560491
0.02726912
0.00760253
0.10485829
0.01810923
-0.05059246
0.04683305
-0.03759752
0.04390198
0.08513211
-0.00901592
0.00846296
-0.06531149
0.04767900
-0.00319210
-0.05114113
0.11767773
-0.02653115
-0.11016810
0.02523572
0.02387536
0.00029368
-0.00308775
0.03019848
0.03603262
-0.01905751
-0.03635742
0.01711655
-0.03879545
0.01815983
-0.07671064
-0.04560327
-0.02895051
0.01844789
0.08934258
-0.00876854
-0.09305059
-0.04453773
0.06156668
-0.08584757
0.03134910
0.05409169
-0.00315359
-0.04314089
0.03645693
-0.00208564
-0.01257373
-0.03902761
-0.04534234
-0.04426436
-0.07868451
0.04796308
-0.02294654
0.00308307
-0.00537237
0.03806595
0.04922555
0.00349257
-0.03272323
0.02922867
-0.02072462
0.03724010
0.03958808
-0.00059341
-0.02402403
0.02353110
-0.01101077
-0.00585946
0.04372497
0.01588059
0.03105256
0.07012313
0.04470220
0.00810005
-0.04821433
-0.02780410
-0.04660962
0.00466878
-0.07041895
0.10822047
0.02174151
-0.10748184
0.01122451
0.02578470
-0.00164274
-0.06665725
-0.12310701
-0.04215015
-0.05741392
0.06784075
-0.02842691
0.04062138
0.02777508
0.03216479
0.00827178
0.00430046
0.00082769
0.01099490
0.00649815
0.04094928
0.03315818
-0.01463290
0.03518746
0.00877064
0.07132690
-0.00855385
0.03372514
0.00246357
0.08540381
0.03923848
0.06889892
0.07952831
0.04171142
0.00563043
-0.00833128
0.03942246
-0.02939267
-0.01775310
-0.02655250
0.03232312
0.00475135
0.03950998
0.00897220
0.01173222
0.02663233
0.05240151
-0.02182798
-0.03308199
0.03226914
-0.01026835
-0.07335413
-0.02330170
0.05719150
0.01672447
-0.03047107
0.03232026
-0.07963902
0.07679817
-0.02852594
0.02872518
0.11193610
-0.02148480
0.01054090
0.02602016
0.05695679
0.01730182
0.06289717
-0.01981982
0.02413349
-0.00339402
0.02316122
0.01009956
0.05719502
0.06569571
0.09708836
-0.00506978
-0.02276689
0.01842620
-0.01682564
0.00341283
-0.03415167
0.02049211
-0.07582409
-0.00380566
-0.02018483
-0.05503847
-0.00136374
0.06582968
0.02361039
0.03962123
-0.01679875
-0.04993253
-0.04471968
0.00802055
-0.00076230
0.01629004
-0.03441134
0.05103428
0.03990088
-0.05374461
-0.03386194
-0.00879225
-0.03318135
-0.00033748
-0.00949456
-0.01352170
0.02107083
0.02430409
0.02237630
-0.04159531
-0.10870373
0.03156750
0.02752804
0.02167017
0.05410006
0.02076080
-0.00914905
0.04035224
-0.04266284
0.06767678
0.07034980
-0.01911863
-0.07699161
-0.10243157
0.02460081
0.02390228
0.00685310
-0.04722533
0.02325069
-0.01835983
-0.02458400
0.02339974
0.01698776
0.04855429
-0.07819442
-0.09649279
-0.02973454
0.00017135
0.04021281
-0.00141927
0.02298151
0.03197485
-0.02544359
0.00587970
-0.05804602
0.05466988
-0.06936382
-0.08471176
0.04803177
-0.03718935
-0.00223621
0.03119409
-0.08518219
-0.04506747
0.09965719
-0.00654236
0.04870760
-0.07192728
0.00310480
0.01919580
-0.04704944
-0.06539140
0.00636226
0.02500438
-0.03604636
-0.03184885
-0.00847527
0.00382534
-0.03597023
-0.03325313
-0.06871021
0.00978100
-0.05144134
-0.04372510
0.07093460
-0.04353386
0.00652815
-0.03666221
0.04139943
-0.00147209
-0.03833200
0.04963639
0.01423545
0.01744008
-0.04053002
0.08341993
0.01226530
0.02585225
0.02372048
0.06550724
-0.01275389
0.00720136
0.05013757
-0.01198271
-0.01485061
-0.09208228
-0.04170315
-0.01865426
-0.01377440
0.02074904
0.02581558
-0.06528106
-0.01156577
-0.00111812
-0.01698023
-0.03799537
-0.01196262
0.00928440
0.00865793
-0.02938101
0.06246304
0.02292119
0.05016497
0.01469406
0.04359381
-0.06000517
0.01233284
0.05262261
0.00044473
0.03811501
0.02533313
-0.00828936
0.00017804
0.03118058
0.02110173
0.07381398
0.02803670
-0.08172873
-0.08529186
0.01003488
0.06994645
0.00491816
0.04837590
-0.05716197
-0.05133382
0.05299989
0.02487548
-0.06994333
-0.01286210
-0.07530765
0.03274743
-0.00862081
-0.01050832
-0.00153069
0.03171211
0.07796979
-0.10722698
0.02707421
-0.01142184
0.02948510
0.05746444
0.00473770
0.02679058
-0.01318232
0.07892684
0.04996469
-0.01381540
0.01832796
0.01721088
0.03303120
-0.02193186
0.00818617
-0.04417352
0.01604497
0.05299802
-0.04185552
0.04851426
0.02914422
