3.142240643501281738e-02
1.593429129570722580e-03
5.274454131722450256e-02
-2.893107244744896889e-03
3.560906276106834412e-02
-3.945539519190788269e-02
-1.274584420025348663e-02
-1.142933126538991928e-02
-7.596141099929809570e-02
6.120249629020690918e-03
8.460691198706626892e-03
3.957080096006393433e-02
-2.271482534706592560e-02
1.007702481001615524e-02
-5.673367995768785477e-03
-1.185619272291660309e-02
6.394982803612947464e-03
-3.689055889844894409e-02
-1.133817955851554871e-01
1.754091307520866394e-02
2.684416621923446655e-02
5.154615268111228943e-02
-6.126027088612318039e-03
2.169767953455448151e-02
-8.680030587129294872e-04
-2.962415292859077454e-02
5.958569422364234924e-02
3.528743050992488861e-03
-3.630725666880607605e-02
2.158432267606258392e-02
-7.980745285749435425e-02
1.460308674722909927e-03
5.047486629337072372e-03
2.050596103072166443e-02
-1.826002635061740875e-02
-2.571647614240646362e-02
3.304967889562249184e-03
-2.998190000653266907e-03
-2.228511963039636612e-03
4.085346311330795288e-02
1.339605194516479969e-03
2.368168160319328308e-02
1.054548695683479309e-01
1.685364544391632080e-02
-2.345387265086174011e-02
-2.972515858709812164e-02
1.174429338425397873e-02
3.351000696420669556e-02
-1.387649867683649063e-02
1.307329721748828888e-02
2.481136238202452660e-03
-2.808352001011371613e-02
2.339504286646842957e-02
-2.350552566349506378e-02
-9.889249689877033234e-03
-1.926179789006710052e-02
2.188264019787311554e-02
4.906887654215097427e-03
4.670682251453399658e-01
-9.194860607385635376e-02
-1.285649742931127548e-02
-1.903208717703819275e-02
1.237273775041103363e-02
-5.400120466947555542e-02
-3.170263022184371948e-02
5.915335565805435181e-02
-1.012772694230079651e-02
-1.089884433895349503e-02
-1.081920191645622253e-01
1.886793971061706543e-02
1.616069115698337555e-02
-8.329361677169799805e-03
-2.855021134018898010e-02
-7.595633622258901596e-03
2.658228203654289246e-02
3.489092364907264709e-02
-9.628943167626857758e-03
-3.199797123670578003e-02
1.078526768833398819e-02
-7.280600816011428833e-02
-7.323557045310735703e-03
-2.740541286766529083e-02
-2.418199926614761353e-02
-2.651838958263397217e-02
5.954642780125141144e-03
2.022076584398746490e-02
8.786206133663654327e-03
-2.486717887222766876e-03
-1.534008421003818512e-03
2.669295994564890862e-03
-2.486152574419975281e-02
2.079472690820693970e-02
-4.753599315881729126e-02
4.680459201335906982e-02
-6.996076554059982300e-03
9.159639477729797363e-03
9.665857069194316864e-03
-2.465438097715377808e-02
-3.970727697014808655e-02
-5.291007924824953079e-03
-3.318301402032375336e-03
3.876350820064544678e-02
6.547792814671993256e-03
-9.315711446106433868e-03
-2.536836266517639160e-02
1.686214469373226166e-02
9.929517284035682678e-03
-2.831093035638332367e-02
-8.630742318928241730e-03
1.740447804331779480e-02
5.412321537733078003e-03
1.997037790715694427e-02
9.289776906371116638e-03
4.296770691871643066e-02
-1.779838278889656067e-02
1.639133370190393180e-05
-7.367789000272750854e-02
-2.190658636391162872e-02
7.246396504342556000e-03
1.055989786982536316e-02
-3.337053954601287842e-02
2.574289217591285706e-03
-3.793603507801890373e-03
-2.479804679751396179e-02
1.119744777679443359e-01
-1.428959798067808151e-02
-1.841321401298046112e-02
-1.164389401674270630e-02
-1.739414781332015991e-02
8.670472353696823120e-02
7.243172824382781982e-02
2.591432817280292511e-02
-3.036520071327686310e-02
6.084697670303285122e-04
-9.744424372911453247e-03
2.182673476636409760e-02
5.264483019709587097e-02
-1.235945383086800575e-04
-3.979578986763954163e-02
-7.952341111376881599e-04
4.297881573438644409e-02
-1.899259164929389954e-02
-1.459457725286483765e-02
-1.482501719146966934e-02
-3.666597604751586914e-02
-1.598934829235076904e-01
1.680823229253292084e-02
-1.878230459988117218e-02
-2.376548945903778076e-02
7.045418955385684967e-03
-3.903397172689437866e-02
1.163786463439464569e-02
-3.352834284305572510e-02
4.178113862872123718e-02
-4.847499541938304901e-03
2.310997061431407928e-02
-8.222227916121482849e-03
-1.579224248416721821e-03
2.992671541869640350e-02
6.093236431479454041e-02
-2.838812395930290222e-02
7.939557731151580811e-02
-8.889862895011901855e-02
2.694808878004550934e-02
-7.742774207144975662e-03
2.327430248260498047e-02
-4.765741527080535889e-02
2.126037329435348511e-02
7.938191294670104980e-03
-1.077554840594530106e-02
-8.338351733982563019e-03
1.853561587631702423e-02
-1.134136877954006195e-02
-3.860183060169219971e-02
-9.950959123671054840e-03
-1.304775662720203400e-02
1.150514697656035423e-03
2.887386642396450043e-02
-1.115538924932479858e-01
2.084594592452049255e-02
1.305774319916963577e-02
-6.277255248278379440e-03
-1.925598364323377609e-03
6.480624433606863022e-03
-6.175319664180278778e-03
-1.175925135612487793e-01
1.025214046239852905e-02
3.652835264801979065e-03
2.442771941423416138e-02
3.860429301857948303e-02
-1.219035964459180832e-02
1.256649661809206009e-02
1.047872845083475113e-02
4.450409207493066788e-03
-7.626501843333244324e-03
1.612251438200473785e-02
1.611359566450119019e-01
-8.725276216864585876e-03
4.221514612436294556e-02
-1.189771480858325958e-02
-8.482443541288375854e-02
9.911886416375637054e-03
-1.167608890682458878e-03
2.298653870820999146e-02
-7.848234847187995911e-03
2.743497677147388458e-02
8.366229303646832705e-05
-2.183288894593715668e-02
-2.107644453644752502e-03
-5.230253096669912338e-03
4.559455811977386475e-02
-1.514643314294517040e-03
-1.985647249966859818e-03
-1.794297364540398121e-03
1.911012269556522369e-02
2.328176051378250122e-02
-2.153814397752285004e-02
3.898156573995947838e-03
1.480019558221101761e-02
-9.377259761095046997e-03
1.089885924011468887e-02
-6.582795381546020508e-01
4.220092669129371643e-03
2.131179347634315491e-02
5.067448364570736885e-05
-1.498324796557426453e-02
2.823169901967048645e-02
-9.834210388362407684e-03
-2.652360126376152039e-03
4.241844639182090759e-03
-1.318757608532905579e-02
-5.625022575259208679e-02
9.922981262207031250e-02
-2.437079884111881256e-02
2.620331011712551117e-02
-1.764215901494026184e-02
5.138382688164710999e-02
-2.648555301129817963e-02
-5.489535629749298096e-03
-2.200160175561904907e-02
-6.089530419558286667e-03
-3.124336013570427895e-03
1.564577817916870117e-01
4.644712433218955994e-02
-8.969738148152828217e-03
5.285502411425113678e-04
-1.551025360822677612e-02
-1.676064543426036835e-02
-2.828152850270271301e-02
-3.794298693537712097e-02
-2.927263558376580477e-04
-1.500641554594039917e-02
-2.673061564564704895e-03
-6.016741506755352020e-03
-4.068579524755477905e-03
-3.336031362414360046e-02
3.293828293681144714e-02
-3.712197393178939819e-02
-5.738361924886703491e-02
7.641993463039398193e-02
3.814860433340072632e-02
-1.106715351343154907e-01
7.087381929159164429e-02
4.079888109117746353e-03
3.192801401019096375e-02
6.960279494524002075e-02
1.286572664976119995e-01
2.524217404425144196e-02
3.307551145553588867e-02
9.843428432941436768e-02
-1.319361478090286255e-01
4.427196457982063293e-02
-1.308904867619276047e-02
4.022890329360961914e-02
-3.592705726623535156e-02
-2.889914438128471375e-02
-4.731795191764831543e-02
8.699809201061725616e-03
-1.537735611200332642e-01
1.111677438020706177e-01
8.776557445526123047e-02
-3.511144220829010010e-02
-9.754363447427749634e-03
-9.609422087669372559e-02
-6.938537210226058960e-02
-2.915940620005130768e-02
2.255824953317642212e-01
5.078824982047080994e-02
-5.238376185297966003e-02
5.231294035911560059e-02
1.024836227297782898e-01
1.062866374850273132e-01
1.203132513910531998e-02
-1.261141337454319000e-02
1.257341168820858002e-02
6.185067072510719299e-02
-6.497727334499359131e-02
2.701159752905368805e-02
-9.073475003242492676e-02
-1.553260982036590576e-01
1.033706665039062500e-01
2.215845324099063873e-02
7.868294715881347656e-01
-1.451601982116699219e-01
4.373583197593688965e-02
-4.302900657057762146e-02
1.293147262185811996e-02
3.782768175005912781e-02
-3.589088097214698792e-02
1.109097152948379517e-01
-8.007359690964221954e-03
-9.574247151613235474e-02
1.316426694393157959e-01
4.903777688741683960e-02
-3.812418878078460693e-02
-2.963479980826377869e-02
-1.274490058422088623e-01
4.669876769185066223e-02
2.765792794525623322e-02
8.462127298116683960e-02
5.365143716335296631e-02
-4.662850871682167053e-02
-2.374606579542160034e-02
-1.078351587057113647e-02
3.544759005308151245e-02
-2.230039564892649651e-03
5.438359081745147705e-02
-2.424400008749216795e-04
-6.540490314364433289e-03
2.772130817174911499e-02
-9.650551714003086090e-03
-9.871006943285465240e-03
-1.627271063625812531e-02
-1.980957575142383575e-02
5.393085256218910217e-02
3.934121876955032349e-02
2.343161776661872864e-02
3.361695632338523865e-02
-2.597609348595142365e-02
-1.094223093241453171e-02
8.100009709596633911e-02
-1.614492945373058319e-02
5.835560336709022522e-02
3.109816834330558777e-02
4.335575923323631287e-02
-1.066877469420433044e-01
-9.097605943679809570e-03
4.769565165042877197e-02
4.018069058656692505e-02
2.961264923214912415e-02
-4.497449472546577454e-02
-2.298826538026332855e-02
-4.967246949672698975e-02
-1.065130084753036499e-01
7.667395472526550293e-02
5.484658852219581604e-02
-5.751374736428260803e-02
-1.996762491762638092e-02
9.372501075267791748e-02
8.873297274112701416e-02
-6.240333244204521179e-02
4.473773390054702759e-02
5.650558322668075562e-02
-1.436007954180240631e-02
-1.916546374559402466e-02
1.380888465791940689e-02
1.538528874516487122e-02
-5.614600703120231628e-02
1.152870953083038330e-01
-5.125217512249946594e-02
2.421909943222999573e-02
4.923548549413681030e-02
-7.131337374448776245e-02
3.417736291885375977e-02
-3.008054103702306747e-03
1.556372921913862228e-02
6.971543282270431519e-02
4.751873761415481567e-02
4.009593650698661804e-02
-9.989852458238601685e-02
-1.784674264490604401e-02
4.520149435847997665e-03
4.246265813708305359e-02
1.521576941013336182e-02
-7.392161525785923004e-03
-3.075298620387911797e-03
3.594262897968292236e-02
-2.235349267721176147e-02
-7.077111303806304932e-02
1.674661785364151001e-02
-3.088795579969882965e-03
3.313373401761054993e-02
-8.815231733024120331e-03
4.239578545093536377e-02
-3.572674095630645752e-02
7.582421600818634033e-02
1.756407436914741993e-03
6.820335239171981812e-02
-4.206952825188636780e-02
-3.163413703441619873e-02
-1.979834400117397308e-02
-1.555182226002216339e-02
-1.038140356540679932e-01
1.935010217130184174e-02
9.824601002037525177e-03
-8.254202455282211304e-02
5.189252644777297974e-02
3.592180088162422180e-02
3.351241722702980042e-02
-4.383649304509162903e-02
5.753773450851440430e-02
-1.176371611654758453e-02
6.070675328373908997e-02
5.051453784108161926e-02
1.695430278778076172e-02
7.750463485717773438e-02
-1.890279538929462433e-02
2.259070426225662231e-02
-4.769192263484001160e-02
-1.023868843913078308e-02
8.971040137112140656e-03
-5.375321581959724426e-02
9.767621755599975586e-02
-3.458746895194053650e-02
1.076577883213758469e-02
6.735849380493164062e-02
2.966295741498470306e-02
8.569044619798660278e-02
4.984213784337043762e-02
-7.262290269136428833e-02
-3.998262062668800354e-02
1.926718163304030895e-03
-4.546890035271644592e-02
1.967813633382320404e-02
2.451186813414096832e-02
-2.384637854993343353e-02
-1.038054656237363815e-02
5.647133290767669678e-02
1.096224784851074219e-02
3.429003059864044189e-03
2.836423553526401520e-02
-1.271937508136034012e-02
-1.637768000364303589e-02
7.000315934419631958e-02
3.665257617831230164e-02
-5.064482986927032471e-02
2.314880676567554474e-02
-3.698275610804557800e-02
-2.074733376502990723e-02
-8.425116539001464844e-02
2.409518510103225708e-02
-5.911287665367126465e-02
2.754396758973598480e-02
-3.756776079535484314e-02
8.644511923193931580e-03
5.925220996141433716e-02
-4.928124323487281799e-02
-4.450467415153980255e-03
-1.085544843226671219e-02
1.509776804596185684e-02
2.456677518784999847e-02
4.466636478900909424e-02
-3.001919202506542206e-02
-1.443361584097146988e-02
-1.396029815077781677e-02
3.126555681228637695e-02
7.758408319205045700e-03
-9.044911712408065796e-02
-4.656263068318367004e-02
6.087679881602525711e-03
1.042128726840019226e-02
-1.456259377300739288e-02
-1.006797328591346741e-02
7.636034488677978516e-02
-1.862587407231330872e-02
-2.235210500657558441e-02
5.732711032032966614e-02
5.657039117068052292e-03
-1.202602311968803406e-02
-3.013907745480537415e-02
8.521229773759841919e-02
8.633986860513687134e-02
-9.204749017953872681e-03
-5.021603428758680820e-04
9.787281975150108337e-03
-2.904483489692211151e-02
3.870133683085441589e-02
5.616585910320281982e-02
-9.681287221610546112e-03
-2.389684878289699554e-02
3.468721732497215271e-02
4.052511602640151978e-02
6.721011549234390259e-02
-2.664197795093059540e-02
-6.017443258315324783e-03
-5.839004646986722946e-03
-2.487649582326412201e-02
-1.281274110078811646e-02
-1.055541448295116425e-02
-3.412600234150886536e-02
4.023770987987518311e-02
-2.357913181185722351e-02
-4.230190825182944536e-04
5.394442752003669739e-02
-7.920756004750728607e-03
-4.345081746578216553e-02
-2.507714182138442993e-02
-2.997140400111675262e-02
4.538001120090484619e-02
-5.365393683314323425e-02
-1.652740687131881714e-02
1.472162315621972084e-03
-4.264930635690689087e-02
4.269751906394958496e-02
-4.788531456142663956e-03
-4.995333030819892883e-03
2.381587168201804161e-03
-4.953697323799133301e-02
6.368604302406311035e-02
-1.317440532147884369e-02
-5.162443593144416809e-02
-1.849499717354774475e-02
1.306906435638666153e-02
3.784970194101333618e-02
-1.130190398544073105e-02
1.677965372800827026e-02
-4.041730985045433044e-02
-1.007312815636396408e-02
2.295042388141155243e-02
9.728195145726203918e-03
-3.082790877670049667e-03
2.716138958930969238e-02
2.112546935677528381e-02
-1.060862094163894653e-01
-4.961371421813964844e-02
1.648487523198127747e-02
-1.701975055038928986e-02
4.613938182592391968e-02
3.091870807111263275e-02
-2.233638800680637360e-02
-1.799647696316242218e-02
3.948678495362401009e-04
-4.007126390933990479e-02
4.089124500751495361e-02
-1.904017664492130280e-02
5.280893668532371521e-02
-6.191429216414690018e-03
1.377301663160324097e-02
-6.379207223653793335e-02
2.109497785568237305e-02
1.980380620807409286e-03
-2.585277520120143890e-02
8.325563371181488037e-02
2.766210772097110748e-02
-6.152163818478584290e-02
2.380752004683017731e-02
2.621458098292350769e-02
4.251853004097938538e-02
-7.124521583318710327e-02
-4.682500287890434265e-02
-7.866939529776573181e-03
9.139679372310638428e-03
-2.651643194258213043e-02
-1.535771600902080536e-02
1.602924428880214691e-02
-7.300513237714767456e-02
2.674860693514347076e-02
3.076214715838432312e-02
4.480038583278656006e-02
-4.615009296685457230e-03
-7.763704750686883926e-03
-7.812284678220748901e-02
-1.294460054486989975e-02
-4.911185428500175476e-02
5.293053574860095978e-03
-2.287337370216846466e-02
9.122196584939956665e-02
1.635962165892124176e-02
-3.780774772167205811e-02
1.175557076930999756e-02
-7.845032960176467896e-02
-1.926579698920249939e-02
-6.284803617745637894e-03
6.377232819795608521e-02
5.294724181294441223e-02
-3.960705827921628952e-03
-2.582013234496116638e-02
-2.693854458630084991e-02
5.962906777858734131e-02
3.707275027409195900e-03
7.326718885451555252e-03
3.569604828953742981e-02
7.757008820772171021e-02
-1.605568267405033112e-02
2.162271179258823395e-02
5.500698089599609375e-02
4.434266593307256699e-03
8.844225667417049408e-03
-1.293844170868396759e-02
1.495611481368541718e-02
-2.685933932662010193e-02
-1.860447600483894348e-02
-3.966448083519935608e-02
4.024130478501319885e-02
5.603079125285148621e-02
3.514934331178665161e-02
-4.407574608922004700e-02
-6.082306057214736938e-02
2.238061511889100075e-03
2.060904167592525482e-02
-2.371972240507602692e-02
-2.929299138486385345e-02
-1.751810871064662933e-02
-2.925708517432212830e-02
-1.007843613624572754e-01
-3.095264174044132233e-02
8.970368653535842896e-02
1.459616608917713165e-02
1.810594275593757629e-02
-1.658545434474945068e-02
-3.710749372839927673e-02
3.843232616782188416e-02
3.917023539543151855e-02
-1.498245261609554291e-02
7.765991240739822388e-02
-1.699556037783622742e-02
1.511307526379823685e-02
-7.068505045026540756e-03
2.232515253126621246e-02
6.882244348526000977e-02
6.090862676501274109e-02
-3.825076296925544739e-02
-5.015049129724502563e-03
8.222407661378383636e-03
-8.322671055793762207e-02
4.318605363368988037e-02
1.591721735894680023e-02
3.370615467429161072e-02
1.369561254978179932e-01
-2.275129780173301697e-02
2.371872216463088989e-02
2.612665109336376190e-02
-4.724523052573204041e-02
-4.059178009629249573e-02
5.176310427486896515e-03
1.195555832237005234e-02
-5.921119824051856995e-03
5.321292672306299210e-03
-2.088599465787410736e-02
-6.871073693037033081e-02
-6.469660252332687378e-02
6.645888835191726685e-02
7.928234338760375977e-02
3.257334604859352112e-02
2.806650474667549133e-02
-4.687464609742164612e-02
-6.544122099876403809e-02
1.056979224085807800e-02
5.603199452161788940e-02
2.366790547966957092e-02
-6.792385876178741455e-02
3.991663455963134766e-02
-1.228457549586892128e-03
-8.551148325204849243e-02
-3.433200763538479805e-04
9.359923750162124634e-02
-7.651457190513610840e-02
4.180154949426651001e-02
1.726782135665416718e-02
-2.652497962117195129e-02
-1.405626721680164337e-02
3.024419955909252167e-02
-1.233330089598894119e-02
-7.213952392339706421e-02
-8.623718470335006714e-02
7.500376552343368530e-02
5.899603664875030518e-02
-5.082101374864578247e-02
4.428235813975334167e-02
7.303664833307266235e-02
-5.612272769212722778e-02
-3.802984207868576050e-02
-2.041763626039028168e-02
1.675544865429401398e-02
-3.440764034166932106e-03
3.693080972880125046e-03
-7.926943153142929077e-02
1.850989274680614471e-02
6.997781991958618164e-02
-9.556484408676624298e-03
-3.811172023415565491e-02
-8.254835009574890137e-02
-4.531921818852424622e-02
7.033720612525939941e-04
4.153249785304069519e-02
2.686078101396560669e-02
-2.157298149541020393e-03
1.011931598186492920e-01
-4.966484755277633667e-02
-1.123125851154327393e-02
-4.196725785732269287e-02
5.216823518276214600e-02
2.479326911270618439e-02
4.068972542881965637e-02
-4.805872961878776550e-02
3.050194121897220612e-02
-3.771666064858436584e-02
3.574446588754653931e-02
-1.210616752505302429e-01
1.493516657501459122e-02
-1.863124547526240349e-03
-6.364287436008453369e-02
4.125296697020530701e-02
4.736106377094984055e-03
-1.673057861626148224e-02
1.287152897566556931e-02
-2.708759158849716187e-02
6.056478619575500488e-02
1.089161410927772522e-01
-1.144913583993911743e-02
5.815520882606506348e-02
1.324140932410955429e-03
7.684751600027084351e-02
1.102860178798437119e-02
3.773178160190582275e-02
1.191710587590932846e-02
6.602577865123748779e-02
-2.759623154997825623e-02
-4.792986437678337097e-02
1.214176998473703861e-03
-6.529725342988967896e-02
4.424482211470603943e-02
-5.045117065310478210e-02
-1.892254501581192017e-02
-2.902958355844020844e-02
4.753156751394271851e-02
3.991265594959259033e-02
2.514762990176677704e-02
1.066875234246253967e-01
1.963643357157707214e-02
-1.247420068830251694e-02
-8.274093270301818848e-02
3.404190018773078918e-02
-2.970687637571245432e-04
-2.127253636717796326e-02
5.944282561540603638e-02
7.167566567659378052e-02
2.939761802554130554e-02
8.922733366489410400e-03
7.012976706027984619e-02
4.220765456557273865e-02
3.547735139727592468e-02
1.487657241523265839e-02
-6.010016053915023804e-02
-7.254649698734283447e-02
-1.976520288735628128e-03
-2.048425842076539993e-03
7.319942116737365723e-02
2.368192374706268311e-02
-8.572918921709060669e-02
3.555214777588844299e-02
-1.047638580203056335e-01
2.408969216048717499e-02
3.031819686293601990e-02
1.900186575949192047e-02
-2.734379097819328308e-02
4.400631040334701538e-02
1.082003302872180939e-02
-1.149074733257293701e-02
-1.148922555148601532e-02
2.778746001422405243e-02
-8.233460038900375366e-02
2.036675997078418732e-02
-2.375549823045730591e-02
9.825057350099086761e-03
-1.272038463503122330e-02
5.123369395732879639e-02
-2.616833336651325226e-02
2.050433307886123657e-02
-6.610994227230548859e-03
2.511275000870227814e-02
1.139511633664369583e-02
-3.510230779647827148e-02
3.674411028623580933e-02
1.938538998365402222e-02
1.271681487560272217e-02
-6.776718050241470337e-02
2.589934505522251129e-02
8.931133151054382324e-02
3.014255501329898834e-02
1.000576838850975037e-01
-8.503146469593048096e-02
-1.093793660402297974e-02
-6.543879280798137188e-04
-1.061495766043663025e-02
-2.754025533795356750e-02
-7.056644186377525330e-03
-2.738028578460216522e-02
-1.642703823745250702e-02
-5.032593384385108948e-03
1.004846300929784775e-02
-1.166838873177766800e-02
-1.533688884228467941e-02
-2.990819327533245087e-02
3.290506079792976379e-02
-5.441155657172203064e-02
-3.122068941593170166e-02
5.077306181192398071e-02
5.579072982072830200e-03
-2.673993073403835297e-02
-4.947829619050025940e-02
-5.792821757495403290e-03
2.023893781006336212e-02
-6.309878081083297729e-02
-2.363855019211769104e-02
1.445809751749038696e-02
2.630611881613731384e-03
-4.899099934846162796e-03
6.293015182018280029e-02
-2.799572236835956573e-02
1.104543209075927734e-01
3.908778354525566101e-02
4.047067090868949890e-02
-2.836471656337380409e-03
2.154382178559899330e-03
-6.327117327600717545e-03
-6.439127773046493530e-02
1.364986598491668701e-02
6.675913184881210327e-02
-1.507982704788446426e-02
6.767014414072036743e-02
7.643703371286392212e-02
