-0.0086226444691420
-0.1076493561267853
0.0899637117981911
0.0426254272460938
0.0344970151782036
0.0326900035142899
0.0654744431376457
-0.0623950101435184
0.0993384271860123
0.0437759496271610
-0.0035063908435404
-0.0411711782217026
-0.0997250676155090
-0.0098297111690044
-0.1172996312379837
-0.1517163217067719
0.0545031353831291
0.0307818446308374
0.0285799801349640
-0.0053264442831278
0.0774157941341400
-0.0234711449593306
-0.1043700799345970
0.0159658361226320
-0.0581766366958618
0.0924739167094231
-0.1151262670755386
-0.0346011035144329
0.0690806880593300
-0.0878606215119362
0.0354892425239086
0.0141834449023008
-0.0341211482882500
0.0631134733557701
-0.0714731588959694
0.0348015353083611
-0.0537482872605324
-0.0483118407428265
0.0161439031362534
0.1113211289048195
0.0104135377332568
0.0093093225732446
0.0389112979173660
0.1219023764133453
0.0557870119810104
0.1024593263864517
-0.0020185941830277
-0.0256211832165718
-0.0836343914270401
-0.0271738842129707
0.0142568545415998
-0.0018854058580473
-0.0499940365552902
-0.0041089225560427
-0.0427201651036739
0.0025349834468216
0.0075128893367946
-0.0033949143253267
-0.0923139005899429
0.0798017233610153
0.0180863644927740
0.0497925654053688
0.0949447676539421
0.0674655586481094
-0.0552679784595966
0.0671860054135323
-0.0355057828128338
-0.0457303114235401
-0.0185470543801785
-0.0236782412976027
-0.0429491177201271
0.0897986888885498
-0.0512813217937946
-0.0367947965860367
0.0712715163826942
0.0530418269336224
0.1295325160026550
0.0092998994514346
-0.0315801687538624
0.0531847216188908
0.0655892118811607
-0.0302912145853043
-0.0545121170580387
0.0502965338528156
-0.0652697756886482
-0.0472866855561733
-0.0331344939768314
0.0588359162211418
-0.1178052723407745
-0.0216278564184904
0.0116789918392897
0.0703129023313522
0.0491518042981625
-0.0367132090032101
-0.1055670380592346
-0.0009212488657795
0.0228361412882805
-0.0320542119443417
-0.0328781940042973
-0.0454313196241856
-0.0148354563862085
0.0687504485249519
-0.0377731621265411
0.1148142591118813
-0.0140186054632068
-0.0664950460195541
0.0464749373495579
-0.0535770729184151
-0.0198253169655800
-0.0282136537134647
0.0054792584851384
-0.0691389739513397
0.0033536853734404
-0.0446575209498405
0.0863813832402229
0.0472395382821560
-0.0229067988693714
0.0134349754080176
-0.0471676178276539
0.1142131760716438
0.0597108080983162
0.0722811594605446
-0.1412940770387650
0.0649926066398621
0.0383112095296383
0.0513710379600525
-0.0214862022548914
0.0206930488348007
-0.0522890351712704
0.1272187083959579
-0.0713342577219009
-0.0689766034483910
-0.0043537658639252
-0.0140382554382086
-0.0962546244263649
0.0253280196338892
-0.0065155085176229
0.0611871443688869
-0.0050775706768036
-0.0233242306858301
0.0054016588255763
-0.0560428127646446
0.1275370717048645
0.0875302776694298
-0.0099209947511554
-0.0326957479119301
-0.0385885611176491
0.0775776505470276
0.0817043110728264
0.0816706046462059
-0.0895347967743874
-0.0827131867408752
-0.0456005036830902
-0.0556442402303219
-0.0392543934285641
0.1371738016605377
0.0902143269777298
0.0604504309594631
0.0735921189188957
-0.0327087901532650
-0.1132312640547752
0.0696349591016769
0.0697682052850723
-0.0791741535067558
-0.0611571446061134
-0.0396637320518494
0.0167677961289883
-0.0485212989151478
0.0772478505969048
-0.0915094986557961
-0.0133849047124386
0.0736275762319565
-0.0263814795762300
-0.0425781384110451
0.0858228951692581
0.0342020019888878
0.0637827068567276
-0.0657214894890785
-0.0421291291713715
0.0719179436564445
0.0361608006060123
-0.0084236310794950
-0.0687950626015663
0.1151254326105118
-0.0770560875535011
-0.0415245294570923
0.0795996934175491
0.0824504792690277
-0.0039778533391654
0.0760498493909836
0.0150273330509663
-0.0381464287638664
0.0203156769275665
-0.0150401387363672
0.0902925133705139
-0.1040556728839874
0.0559782460331917
0.1222437098622322
-0.1125491932034492
0.0544825680553913
0.0962095037102699
-0.0566806942224503
-0.0340810567140579
-0.0362996272742748
-0.0348284430801868
-0.0427880063652992
-0.0459441170096397
0.0329991504549980
0.0759618356823921
0.0906741544604301
-0.0144266886636615
-0.0659142583608627
0.0703510940074921
-0.0467637553811073
0.0182521957904100
0.0665264278650284
0.0862413048744202
0.0757887586951256
-0.0920334011316299
0.0036185628268868
0.0506502203643322
0.0352193713188171
-0.0281848404556513
-0.1461140811443329
0.0403383336961269
0.0890921801328659
-0.0830406546592712
0.0242893788963556
0.0316609889268875
-0.0660666376352310
0.0333189256489277
0.0682497099041939
-0.0868645608425140
0.0444910190999508
0.0169007591903210
0.0799863636493683
-0.0553170330822468
0.0015385167207569
-0.0630512386560440
0.0203485060483217
0.0730752423405647
-0.0501377619802952
0.0529324226081371
-0.0199766382575035
-0.0581587255001068
-0.0599252730607986
0.0559205487370491
0.0064521613530815
-0.0629697442054749
-0.0035583595745265
0.0176188182085752
-0.0864880904555321
0.0491342768073082
-0.0372393950819969
-0.0354753732681274
0.0304222367703915
0.1147482991218567
0.0836623013019562
-0.1100842505693436
-0.0570024810731411
0.0938079357147217
-0.2085966914892197
0.0278900880366564
0.1660179495811462
-0.0409231223165989
0.1540384292602539
-0.1097555533051491
0.1393502801656723
0.1557828187942505
-0.0604353807866573
-0.1103892400860786
-0.1670395731925964
-0.2711454033851624
-0.0217024162411690
0.1796162575483322
-0.1729560941457748
-0.1594365984201431
-0.0395134799182415
-0.0238795205950737
-0.0051182913593948
0.0174568518996239
-0.0803691372275352
-0.1119573339819908
-0.1147018596529961
-0.1648058295249939
-0.0052928673103452
0.0469744130969048
-0.0489856489002705
-0.1496986597776413
-0.2007336616516113
-0.2417172044515610
0.0538586862385273
0.1287077069282532
0.0262416861951351
-0.0024987298529595
0.0577174462378025
0.0997035056352615
0.0690339580178261
-0.0104326214641333
-0.0408655144274235
-0.0919024497270584
-0.0451968163251877
0.0346557237207890
-0.2555627226829529
-0.1871083229780197
0.0803172662854195
0.1038179025053978
0.0625305920839310
-0.1642246991395950
-0.0238840170204639
-0.0806361585855484
-0.1162838116288185
0.1949793696403503
0.1060529947280884
0.0165047831833363
0.1035416647791862
0.0504030250012875
0.3089855909347534
0.0573532916605473
-0.1660101264715195
-0.0137703046202660
-0.0674453526735306
-0.0207152795046568
0.0250530764460564
-0.0594702549278736
0.0031355656683445
0.0058631538413465
-0.0321846343576908
0.0916109532117844
0.0056521412916481
0.0365720354020596
0.0648583620786667
0.0573918707668781
0.0310040619224310
0.0460732430219650
-0.0045784180983901
-0.0138374958187342
-0.0543204024434090
0.0247720945626497
-0.0429130308330059
0.0055838748812675
-0.0411212109029293
-0.0898693054914474
0.0888759866356850
-0.0954109281301498
0.0336923599243164
-0.0335028581321239
-0.0446273982524872
-0.0491795688867569
-0.0320020020008087
0.0400320850312710
0.0645309388637543
-0.0172204412519932
-0.0809766575694084
-0.0453377030789852
-0.0001323877368122
-0.0254029445350170
-0.0302197579294443
-0.0478114522993565
-0.0012259528739378
0.0227292161434889
0.0367772914469242
-0.0742522329092026
0.0516865924000740
-0.0268430206924677
-0.0068774670362473
0.0196216721087694
-0.0203396491706371
-0.0406236611306667
-0.0144026903435588
0.0246538650244474
-0.0327915847301483
-0.0356010384857655
0.0283208601176739
0.0323595739901066
0.0531926751136780
0.0140220485627651
0.0322920605540276
0.0185543149709702
0.0794793665409088
-0.0295902993530035
-0.0223127491772175
-0.0525909177958965
-0.0278747919946909
0.0217214208096266
0.0183597374707460
-0.0086584584787488
0.0983514636754990
0.0438624508678913
-0.0795174092054367
0.0077821426093578
-0.0132584990933537
-0.0310657881200314
-0.0248009208589792
0.0527749694883823
-0.0024969128426164
0.0214804597198963
-0.0098058795556426
-0.0055720116943121
-0.0297936536371708
-0.0662388131022453
-0.0313124395906925
0.0067766052670777
0.0132278800010681
-0.0407760888338089
-0.0104757621884346
-0.0551856122910976
-0.0649773180484772
0.0139829656109214
-0.0244519487023354
-0.0173913519829512
-0.0030577250290662
-0.0744723975658417
-0.0036515460815281
0.0426852554082870
0.0076294401660562
-0.0489488244056702
0.0078266020864248
-0.0440093055367470
0.0544476062059402
0.0854714959859848
0.0345912761986256
0.0178501904010773
0.0268887467682362
0.0117144454270601
0.0097309034317732
-0.0236922744661570
-0.0075876745395362
0.0545071102678776
0.0592743195593357
0.0380706116557121
-0.0861557796597481
-0.0320305489003658
0.0647626593708992
-0.0069113224744797
0.0397809781134129
0.0339312255382538
-0.0460644029080868
0.0043281214311719
0.0190120004117489
-0.0022094096057117
-0.0426728241145611
0.0406807065010071
0.0103348027914762
0.0486493930220604
-0.0231231655925512
-0.0161103233695030
0.0117859775200486
-0.0282444413751364
-0.0328687094151974
0.0125495372340083
0.0543254800140858
-0.0235040858387947
0.0135314334183931
0.0109106199815869
-0.0310232881456614
-0.0340511761605740
-0.0421039946377277
0.0357216782867908
0.0294618476182222
-0.0639446824789047
0.0466053858399391
-0.0263347793370485
0.0230690315365791
0.0278221368789673
-0.0557522661983967
0.0414656400680542
0.0629845485091209
0.0398691743612289
0.0171339940279722
-0.0254260562360287
-0.0141484206542373
0.0126326335594058
-0.0249832943081856
0.0369348451495171
0.0730612725019455
-0.0677785873413086
0.0388382710516453
0.0072233714163303
-0.0442349240183830
0.0273633264005184
-0.0764810293912888
-0.0758387148380280
0.0602321811020374
-0.0062626209110022
0.0470261722803116
0.0294352862983942
0.0258311964571476
0.0362933613359928
0.0278637260198593
-0.0196778587996960
0.0358290746808052
-0.0197465382516384
-0.1024685800075531
-0.1141278967261314
-0.0058283000253141
0.0719857811927795
0.0093715088441968
0.0743716508150101
-0.0865405276417732
0.0704099386930466
-0.0480314753949642
0.0507171563804150
-0.0260446816682816
-0.0431825332343578
-0.0117826033383608
-0.0541405305266380
-0.0069106728769839
0.0624780505895615
0.0090666804462671
-0.0463025681674480
0.0407198332250118
0.0056462530046701
0.0449517853558064
-0.0050966981798410
0.0392698682844639
0.0463804788887501
-0.0037591685540974
-0.0349416546523571
0.0000854110694490
0.0439545623958111
0.0064306962303817
-0.0176684167236090
0.0754425525665283
-0.0275975167751312
-0.0440457276999950
0.0579122230410576
0.0404420122504234
-0.0807833075523376
-0.0742357820272446
-0.0757237896323204
-0.0310653597116470
0.0380459427833557
0.0073758107610047
-0.0342245995998383
0.0553702153265476
0.0170402470976114
0.0035326406359673
-0.0307527463883162
0.0229439921677113
-0.0497189573943615
0.0469897463917732
-0.0130332875996828
-0.1016455590724945
0.0641587153077126
0.0114012872800231
0.0588606297969818
0.0681344419717789
-0.0044781588949263
0.0381955578923225
0.0415349155664444
0.0824096798896790
0.0579544492065907
0.0584208369255066
0.0320619754493237
0.0443360395729542
-0.0203660931438208
-0.0729219540953636
-0.0117614800110459
-0.0118557913228869
-0.0325709469616413
-0.0587248615920544
0.0595502741634846
-0.0287999995052814
0.0694387704133987
-0.0490925274789333
-0.0066822827793658
-0.0114113623276353
-0.0063571138307452
-0.0697970762848854
0.0170777384191751
0.0257633831351995
-0.0371893607079983
0.0119637716561556
0.0721702575683594
-0.0028078092727810
-0.0646050944924355
0.0822214409708977
-0.0652734562754631
0.0020890566520393
0.0712517425417900
0.0059070838615298
0.0019345129840076
0.0158511865884066
-0.0011000951053575
-0.0000110032324301
0.0531482212245464
0.0039048339240253
0.0378448553383350
-0.0074367998167872
0.0124464239925146
-0.0167151633650064
0.0219941232353449
0.0012215422466397
0.0037866393104196
-0.0679329708218575
-0.0969872549176216
-0.0269904527813196
0.0390075556933880
0.0565427206456661
0.0707516968250275
0.0835517346858978
-0.0351365022361279
0.0059117320924997
-0.0063549685291946
-0.0341295711696148
-0.0078245857730508
0.0293535571545362
-0.0082565592601895
0.0112236663699150
0.0095939105376601
0.0643582269549370
0.0648369267582893
0.0592218749225140
-0.0679657384753227
-0.0620843842625618
-0.0783254951238632
-0.0372165739536285
0.0375453718006611
0.0362854711711407
-0.0812490433454514
0.0875385403633118
-0.0528215020895004
0.0245269685983658
0.0077762999571860
-0.0524239018559456
-0.0604601390659809
-0.0334731824696064
0.0545355491340160
-0.0514123290777206
-0.0353753268718719
0.0074614305049181
-0.0352926179766655
0.0488945990800858
0.0084671396762133
0.0126245832070708
-0.0557894632220268
-0.0265300963073969
0.0774442926049232
0.0624256730079651
-0.0485855452716351
0.0743408873677254
-0.0751564502716064
0.0436161607503891
0.0781455188989639
0.0590577162802219
0.0607724301517010
0.0386894308030605
-0.0232038814574480
0.0113474978134036
0.0297733992338181
-0.0401291400194168
-0.0058453003875911
0.0029022805392742
-0.0067155407741666
0.0005336800240912
0.0609567947685719
-0.0404606312513351
0.0088462000712752
-0.0053947772830725
-0.1038762629032135
0.0532338395714760
-0.0086564579978585
-0.0372023545205593
-0.0633256435394287
-0.0012086527422071
0.0142117282375693
-0.0657510310411453
0.0401769429445267
0.0469847172498703
-0.0956194177269936
0.0554467290639877
0.0640700012445450
0.0198446772992611
0.0085589773952961
0.0004091301525477
-0.0451689437031746
-0.0469190031290054
-0.0805635154247284
0.0311662945896387
-0.0514976680278778
0.0153683070093393
0.0010331406956539
0.0044935289770365
0.0367933586239815
0.0386191681027412
-0.0069026248529553
0.0251605678349733
0.0394473746418953
0.0301763471215963
-0.0131271881982684
-0.0186051875352859
-0.0409662015736103
0.0092221098020673
-0.0642350316047668
-0.0843119174242020
0.0289276894181967
0.0630730167031288
-0.0424617789685726
0.0420051440596581
0.0000607713154750
-0.0440947785973549
-0.0174834113568068
0.0579849630594254
0.0434475056827068
-0.0037186085246503
0.0597084201872349
0.0182673502713442
-0.0197563208639622
0.0464797429740429
-0.0286137145012617
-0.0380034632980824
0.0054663196206093
-0.0047000553458929
-0.0343033373355865
-0.0003770825569518
0.0269451867789030
0.0157667882740498
-0.0039922567084432
-0.0300152339041233
-0.0488630905747414
-0.0719200223684311
0.0291031356900930
-0.0120059065520763
0.0426777489483356
0.0383951477706432
0.0034633253235370
-0.0171507261693478
0.0337354056537151
0.0687554627656937
-0.0484023652970791
0.0571592971682549
0.0681626796722412
-0.0578795112669468
-0.0391853973269463
0.0608762353658676
-0.0615433789789677
-0.0012622677022591
0.0391113273799419
0.0288942828774452
-0.0237464029341936
-0.0004406274238136
-0.0148484203964472
-0.0027074231766164
-0.0152712520211935
0.0003098219167441
-0.0436273999512196
-0.0009095194982365
-0.0430010594427586
-0.0524056069552898
0.0666670277714729
0.0540927201509476
-0.0307219009846449
0.0480238609015942
0.0409125126898289
-0.0212559271603823
-0.0080103399232030
-0.0525392740964890
0.0710217654705048
-0.0281979180872440
-0.0917776376008987
0.0055947564542294
-0.0047810575924814
-0.0654618516564369
0.0357581600546837
0.0255481339991093
-0.0060438434593379
0.0163830351084471
0.0794743448495865
0.0070831370539963
0.0358013585209846
0.0515053085982800
0.0347907729446888
0.0964713320136070
0.0247859023511410
0.0180977266281843
-0.0148902973160148
0.0382955633103848
0.0432512164115906
0.0828897356987000
-0.0404937416315079
-0.0140493996441364
0.0316796228289604
0.0353693775832653
-0.0415632762014866
-0.0265268571674824
-0.0647062733769417
-0.0655671134591103
-0.0044184629805386
-0.0178069267421961
-0.0345873013138771
-0.0248982757329941
0.0331515073776245
-0.0194621570408344
-0.0070320540107787
-0.0234655197709799
0.0373535305261612
0.0455733276903629
0.0396214425563812
0.0187986902892590
0.0695402920246124
-0.1167926117777824
0.0430582202970982
0.0557813085615635
-0.0798342227935791
-0.0125616062432528
-0.0134192937985063
0.0359002053737640
0.0128671713173389
-0.0023699777666479
-0.0126077020540833
-0.0349696651101112
-0.0289594549685717
-0.0428255088627338
0.0350838787853718
-0.0797922089695930
0.0075124846771359
-0.0215676091611385
0.1187390312552452
0.0101906936615705
0.0664351135492325
0.0369614623486996
-0.0375074371695518
0.0909424945712090
0.0258114468306303
0.0282660126686096
-0.0049111503176391
0.0521109476685524
-0.0216230973601341
0.0380434282124043
0.0249234493821859
0.0201672203838825
