0.04752644
-0.01138722
0.01418113
0.01222290
0.00141096
-0.00150481
0.00757049
-0.01505564
-0.03372248
0.00264593
-0.00345069
0.00436412
-0.00415373
0.02890677
0.00975884
-0.00200863
0.00009631
0.00402201
0.10578169
0.05995495
-0.01885235
0.06647608
-0.03677367
-0.00698081
0.01249607
0.00259050
-0.00104903
-0.05471057
-0.00871675
-0.00011575
0.03752236
0.00025265
0.01347958
0.00122699
0.03885040
-0.00991819
-0.00321378
0.00279396
0.00848169
0.00017051
0.01312842
-0.00783239
-0.04489998
-0.00946841
-0.01213933
0.01426785
-0.00709898
-0.00793739
0.01561863
0.00573249
0.00651344
-0.08013763
0.04954198
0.00540599
-0.03413363
-0.00524961
-0.00501728
0.00893586
0.44687113
0.01631001
-0.02128604
0.02482552
0.01837937
-0.04646051
0.01783233
0.06183023
-0.01939653
-0.01588273
0.01155118
0.01566665
0.00946238
0.01627265
-0.01854178
0.00440335
0.02267491
0.01160252
0.00416302
-0.01454578
0.03407127
0.12489653
-0.01803414
0.01071246
0.01265995
0.06070712
0.02591465
-0.00533056
0.01121001
0.01202068
0.02707583
0.01414297
0.00470189
0.03601228
-0.00746368
0.01861523
0.01329001
-0.02021069
0.00261766
-0.01427619
0.01440529
0.00271828
-0.00449261
0.02200846
0.00958321
0.00005017
0.01281467
-0.02761683
0.02308894
-0.00974375
0.04122979
-0.02730066
-0.00279444
0.01825399
-0.00678173
-0.01149717
-0.02992764
0.01160919
-0.02784243
0.00070231
0.02078923
0.00305768
0.00676770
0.00279815
-0.01662755
-0.01274504
0.00042884
0.00023373
-0.00841574
-0.00030278
0.01012779
0.06340254
-0.01497704
-0.02793059
-0.02272238
-0.01553616
-0.01209376
-0.02099716
0.01840673
0.02790207
-0.07366582
-0.00749452
-0.05633285
0.00290705
-0.01831982
-0.03477135
-0.01732558
0.12201702
-0.00607780
0.01462439
-0.00400168
-0.02746224
0.03120315
0.00083004
-0.01505749
0.01188919
-0.01779318
-0.02070391
-0.00554426
0.02448446
-0.03569125
-0.01223892
0.00471260
-0.07557100
0.00668103
-0.00006043
0.02490506
0.07296874
-0.02019872
-0.00442780
0.00665789
-0.00708409
0.01244701
-0.02051128
0.00917920
-0.00109383
0.03685558
0.04042248
-0.01027498
0.00406051
-0.08076689
0.00189335
0.00309217
-0.02375815
0.00285020
0.01394142
0.00663298
0.07282755
-0.09800312
-0.00196836
-0.01941065
0.01580745
0.04835107
0.01423430
0.01056293
-0.03775346
0.02921863
0.03722322
0.06879932
0.02737385
0.05821319
-0.00290379
-0.01102484
0.02968301
0.01200673
-0.01370804
-0.00405588
-0.00707864
0.01723265
0.00600005
0.01418955
-0.10316850
0.00915046
-0.02551357
0.00630147
0.01022310
0.01427697
0.02436700
-0.00180690
0.01918619
-0.00256977
-0.00992723
0.02233944
-0.76596946
-0.00329412
-0.00617026
0.01958218
0.00734547
0.00588504
0.01890540
0.02252577
-0.00758145
0.01915500
-0.04094540
0.03908463
-0.01056942
-0.01994043
-0.01636905
-0.01026918
0.00716109
-0.00370600
-0.00569609
-0.00997203
-0.00371122
-0.04234329
0.01425408
-0.02234973
0.03145704
-0.00598473
0.01529450
-0.00979569
-0.04501952
0.00229578
-0.01676889
0.04632021
-0.01317832
-0.03458655
-0.01280687
0.05633407
0.05053562
0.04770551
0.04996246
0.00389979
-0.03994698
0.01027004
-0.01313773
0.02209133
0.05222119
0.00339956
-0.04103141
-0.06339663
0.03925999
-0.03496089
0.08256692
0.08079014
0.12952290
-0.04210674
0.02912959
0.03079929
0.06659495
-0.07477470
-0.05015534
-0.08320968
-0.06407672
-0.02867649
0.01416723
-0.00369536
-0.01642592
-0.01028681
0.03320849
0.02520725
-0.04456021
0.02883086
-0.02414455
-0.00374470
-0.07992724
0.05492725
0.07663266
0.01903381
-0.01866714
0.00275126
-0.00732097
0.01938153
0.00130991
0.91849244
-0.01231785
0.00083749
-0.05363214
0.01070129
0.06057487
-0.08291458
-0.01359083
-0.00983518
-0.04642326
0.14834441
0.05351149
-0.08721268
0.03804665
-0.03045074
0.00374828
-0.00068292
-0.03236853
-0.02750846
0.02670184
-0.01219476
0.06472183
0.02753385
0.00206259
0.00054208
0.02298576
-0.06121686
-0.00266031
0.03219351
-0.03687606
0.02787164
0.00510806
-0.03285694
-0.04698865
-0.01389280
-0.06977242
-0.05400507
0.00998649
-0.05717941
-0.06239054
-0.00797451
0.01995602
0.01345974
0.01459212
-0.01204432
-0.02742258
-0.02292842
-0.04022114
0.05281245
-0.03502413
-0.00914368
0.05733564
-0.03234572
0.07630040
-0.00798859
0.02164182
-0.07576570
-0.00414023
-0.00169855
-0.04212292
-0.02813751
-0.00775998
-0.00154651
0.04310666
0.00651777
0.00816989
0.04361210
-0.01604266
0.00320984
0.04302627
-0.03719470
-0.05374692
0.01501652
-0.04904977
-0.14787965
-0.00205015
-0.07434979
-0.02739076
-0.02155430
-0.02467727
0.06828025
0.01496207
-0.02624948
0.03828721
0.04135372
-0.02081447
0.07996769
-0.01259014
0.03460293
0.01567295
0.00382190
-0.05846494
0.00170431
0.06353261
0.01861707
0.00530687
-0.01206850
-0.02828374
0.01122935
-0.00035648
-0.10917652
0.02278644
0.05574130
0.05034448
-0.01877451
-0.06705298
0.02797837
-0.01615177
0.02360681
0.01542965
-0.00968362
0.06736439
-0.01087642
0.00681737
0.00064585
0.00908174
0.05555641
0.01355156
0.01131933
0.04434648
0.02027633
-0.04333432
0.03968671
0.02946862
0.00112031
0.00454345
0.03667839
0.00908298
0.01854700
0.06165973
0.03166347
-0.01828122
0.02753046
-0.01181943
-0.02557309
-0.02156159
0.03368079
0.01559290
-0.00380980
0.05078840
0.00135542
0.01795829
-0.07666319
-0.00046751
-0.04628426
-0.14178671
-0.00945870
0.04845348
0.02892467
-0.00390948
0.04104528
0.01356527
0.00357686
-0.00266843
0.02769360
-0.03700190
0.01146041
0.06071481
0.00569138
0.01022398
-0.01108731
-0.05400182
0.03099360
-0.01327077
0.00544966
0.00684761
0.02723513
0.00532656
0.01066327
0.04499196
-0.00602573
-0.03253004
0.04571443
-0.05399945
0.04696873
-0.00203718
0.05048235
0.02924805
-0.00764434
0.04607996
-0.00804386
-0.02183059
0.05075617
-0.00096328
0.00534841
-0.00280429
-0.00649935
0.01293390
0.01808896
-0.00908017
-0.00505542
0.02415959
-0.00394584
0.04740500
0.01939109
-0.05270907
0.08779046
0.00724650
0.05687609
-0.06962352
-0.01864012
-0.03295973
-0.01516307
-0.05962553
0.01430947
-0.06479299
-0.00789391
-0.03473321
0.02433993
-0.02831317
-0.01767914
-0.09360507
-0.00603662
0.02052585
0.01974008
-0.06203165
0.00564973
0.02869914
-0.02374116
0.03067500
0.01688098
0.07658097
-0.07625505
0.00874883
-0.08139165
0.03539704
0.05213440
-0.00125586
0.01873686
0.04889970
-0.00579477
0.04899729
0.01835226
-0.05382404
0.04011572
0.02535011
0.01367370
-0.02413455
-0.08207157
-0.03747953
0.03567161
0.01600211
0.07334089
0.05730707
0.03613729
-0.00861242
-0.04934428
-0.01724762
-0.00495293
-0.02955718
-0.00861266
-0.03716594
-0.03957001
-0.01263050
0.00802505
-0.00099228
0.03167786
0.00772991
0.03256373
-0.08714869
0.04218538
-0.01352708
-0.00364493
0.03295385
0.03773417
-0.04269204
0.00430806
0.03038969
0.03333899
-0.03175120
-0.03846175
0.01437050
0.04122479
-0.02880971
-0.02621223
0.01193351
0.02308262
-0.01742521
0.05226986
-0.02013902
0.04479904
0.01593763
-0.05023056
0.00729800
-0.02371884
-0.00016525
-0.01431519
0.02154242
-0.00575062
-0.02014919
-0.05238843
0.02316386
0.00256743
-0.01274613
-0.03519418
0.03501171
-0.02202926
-0.02945754
-0.02764319
0.02199440
-0.03640264
-0.00066698
-0.01204959
-0.06716174
0.05518679
-0.01407239
0.00063649
-0.02106149
0.00307799
0.02120622
-0.02919246
-0.05103014
-0.21095304
-0.02768381
-0.12554181
-0.05297779
0.00810776
-0.02859688
0.03401147
-0.00791838
0.00877688
-0.00086147
-0.02054976
0.02002870
0.01540640
-0.05972100
0.03969493
-0.01357688
0.03851186
-0.09268583
0.00142826
-0.10410156
0.06141611
0.03168343
0.02303430
0.01368397
0.00926578
0.00494054
0.07877587
-0.01063695
-0.00142423
0.03203014
0.02415369
0.02565902
0.00858855
-0.01950976
-0.01294400
-0.03903693
0.04229159
0.05860149
-0.06277326
0.01605092
0.02694850
-0.03715967
0.04036887
0.04337593
-0.01457553
-0.04937590
0.10536271
-0.01697779
-0.04757470
0.04133030
0.08289702
0.01502901
0.00585193
0.04951749
0.04369987
0.00534246
-0.03449284
0.03991189
0.06201526
0.02151824
0.04387592
-0.05155966
0.01114385
-0.02047314
0.02320277
-0.03497358
0.01218942
-0.06331492
0.00100632
-0.08818696
-0.01917973
-0.00360891
-0.00537496
-0.02488122
-0.01892959
0.00506817
-0.00961682
0.03027021
-0.03379845
-0.02533082
-0.00051665
-0.02823104
-0.05647644
0.02005979
0.01226274
0.00518312
-0.03703138
0.04309022
0.05250406
0.03175121
-0.10268460
-0.00934463
0.00203002
-0.20003174
0.03522041
-0.04304934
-0.06297621
0.01843154
0.00300276
0.05487309
-0.00327064
-0.00736954
-0.00671876
0.14477661
-0.17542320
-0.00707458
-0.01638219
0.09200479
-0.00259177
0.02509269
0.04173966
-0.03446750
-0.03282680
0.07163766
0.02593430
0.06373809
-0.01226019
-0.00485071
-0.02063895
0.02848193
0.00688733
0.02616959
-0.02422346
0.00355335
0.06335367
0.01714652
-0.00417853
0.02440374
0.02208311
0.05723928
0.06280107
-0.02027631
-0.08391453
0.02939678
0.04900229
0.01678354
-0.00775963
0.03784887
0.04280910
-0.02885961
0.03925109
-0.01965173
-0.05406909
-0.00113940
0.05879597
0.01319054
0.04514862
-0.04952890
-0.03292832
-0.00172630
0.05730540
0.05195184
-0.01084322
-0.03549768
-0.04171703
0.20620662
0.03315748
-0.04286487
-0.01532787
0.09505256
-0.11714814
-0.05732606
-0.06081065
0.02359654
-0.03618323
-0.08971989
-0.01906878
0.01022349
-0.04459615
-0.04522800
-0.12847959
0.01390524
-0.06072273
0.00839891
-0.04724008
-0.00112387
-0.03371902
0.03100555
0.05806106
-0.05386914
-0.04963950
0.07517593
-0.00448132
0.02061760
-0.00395291
-0.02777710
0.00548720
0.03966065
0.06385016
0.02470247
0.03426385
0.00572137
0.01585971
0.02171658
-0.09922193
0.00862689
0.00490916
-0.01876764
0.07230876
0.05313823
0.00389681
0.00044684
-0.03803674
-0.01182391
-0.04411380
-0.02544302
0.01725778
0.01270770
0.00941710
0.15208928
0.00094442
-0.05645272
-0.02220177
0.04563361
-0.06853615
0.07540832
-0.01961530
-0.01484421
