-6.221950426697731018e-02
-1.024480070918798447e-02
7.366097718477249146e-02
-6.094506382942199707e-02
1.738890632987022400e-02
-7.368828356266021729e-02
-1.299338322132825851e-02
2.360867150127887726e-02
-8.518088608980178833e-03
1.925967633724212646e-02
-2.788262441754341125e-02
9.477708488702774048e-03
-1.483966968953609467e-02
-1.490113511681556702e-02
-1.407778635621070862e-02
-4.490226134657859802e-02
9.944525547325611115e-03
-2.972421236336231232e-02
-1.999219208955764771e-01
-3.928845748305320740e-03
1.477744989097118378e-02
8.127663284540176392e-02
-6.005597487092018127e-02
-3.627169132232666016e-02
-2.539084292948246002e-02
5.309660360217094421e-02
7.619830965995788574e-02
6.554111093282699585e-02
1.152166048996150494e-03
3.137055039405822754e-02
-1.998802721500396729e-01
-7.387279067188501358e-03
-4.619407001882791519e-03
-2.393780462443828583e-02
-2.809617668390274048e-02
3.216755017638206482e-02
-2.718272805213928223e-02
4.895627032965421677e-03
-9.047356434166431427e-03
-9.949210286140441895e-02
1.161397621035575867e-02
1.041136402636766434e-02
1.143429130315780640e-01
-1.754291169345378876e-02
2.600991353392601013e-02
4.719968419522047043e-03
9.485410409979522228e-04
-2.244946779683232307e-03
1.302384119480848312e-02
1.848512142896652222e-02
4.631626605987548828e-02
2.732900716364383698e-02
-7.807592302560806274e-02
-2.287954557687044144e-03
-1.633890718221664429e-02
-6.059740204364061356e-03
1.645356789231300354e-02
-1.329379971139132977e-03
2.283350527286529541e-01
-1.691908985376358032e-01
-5.831299815326929092e-03
-1.457448862493038177e-02
-1.080790534615516663e-02
-6.920878589153289795e-02
1.766054145991802216e-02
6.385568412952125072e-04
3.581173950806260109e-03
-1.241394411772489548e-02
-1.833471283316612244e-02
4.812065884470939636e-02
6.865592207759618759e-03
-2.194744907319545746e-02
7.280796766281127930e-02
4.763580218423157930e-04
5.486049130558967590e-02
-1.865662448108196259e-02
-3.559814766049385071e-02
4.082468152046203613e-02
1.349963154643774033e-02
-7.649821229279041290e-03
4.033847711980342865e-03
-4.808286577463150024e-02
-1.080674491822719574e-02
-4.608958587050437927e-02
-3.023270145058631897e-02
-2.008455060422420502e-02
1.213452313095331192e-02
1.549272798001766205e-02
-4.371072165668010712e-03
2.819419838488101959e-02
1.022742502391338348e-02
2.521496452391147614e-02
-3.043601661920547485e-02
3.692945092916488647e-02
3.119188360869884491e-03
4.890059586614370346e-03
1.571002975106239319e-02
-2.730340510606765747e-02
-6.365523487329483032e-02
1.592890825122594833e-03
-3.564634546637535095e-02
-3.160128742456436157e-02
1.951503381133079529e-02
1.697170548141002655e-03
-3.267068043351173401e-02
3.322825208306312561e-02
-7.120858877897262573e-02
2.734200283885002136e-02
-1.607182249426841736e-02
-4.308155272156000137e-03
-2.321437466889619827e-03
2.723455242812633514e-02
-2.492163702845573425e-02
4.443587269634008408e-03
-2.737589180469512939e-02
-1.653753407299518585e-02
-5.537117272615432739e-02
-2.597572654485702515e-02
2.625252120196819305e-03
2.513568848371505737e-03
-1.547505706548690796e-02
-1.262291893362998962e-02
-2.222621999680995941e-02
1.325695030391216278e-02
1.285487860441207886e-01
1.817706041038036346e-02
-9.659822680987417698e-04
2.583784796297550201e-02
1.743299141526222229e-02
6.752664595842361450e-02
3.650026395916938782e-02
4.360388219356536865e-02
-8.221027441322803497e-03
9.398675523698329926e-03
4.801199212670326233e-02
2.127296291291713715e-02
-3.762827068567276001e-02
3.093683533370494843e-02
3.816229850053787231e-02
1.897801831364631653e-02
1.631641387939453125e-02
-3.583171963691711426e-02
2.013296075165271759e-02
3.903707489371299744e-02
-1.161960768513381481e-03
-1.954756230115890503e-01
1.362943463027477264e-02
-3.610885702073574066e-03
-1.909906603395938873e-02
-5.191395175643265247e-04
-3.051698021590709686e-02
2.457232773303985596e-02
-5.478839948773384094e-02
-3.857335448265075684e-02
-1.217189151793718338e-02
1.776331663131713867e-02
-5.779956933110952377e-03
-1.143112685531377792e-02
1.844655163586139679e-02
5.633886903524398804e-02
-8.361531421542167664e-03
-2.436932548880577087e-02
-8.323259651660919189e-03
1.089666876941919327e-02
-1.485540647991001606e-03
1.817589811980724335e-02
-3.956217784434556961e-03
2.502011507749557495e-02
3.966432064771652222e-02
8.410665392875671387e-02
3.075927030295133591e-03
1.111858524382114410e-02
-4.955830983817577362e-03
-1.329835969954729080e-02
1.177239883691072464e-02
-2.681450173258781433e-02
-6.807139143347740173e-03
-2.814827952533960342e-03
-1.710167969577014446e-03
-5.416071508079767227e-03
-8.187054656445980072e-03
-2.057564631104469299e-02
-5.926248268224298954e-04
1.309715490788221359e-02
-3.251751884818077087e-02
-3.373663499951362610e-02
-2.902536392211914062e-01
4.223073774483054876e-04
1.507116295397281647e-02
3.765488043427467346e-02
1.089599430561065674e-01
7.198193576186895370e-03
-1.438937149941921234e-03
-3.026882477570325136e-04
3.551318775862455368e-03
-6.827154662460088730e-03
8.702767640352249146e-02
3.166542202234268188e-02
-6.543528288602828979e-02
-3.906481713056564331e-02
-1.056851632893085480e-02
4.083466716110706329e-03
-1.740771383047103882e-01
3.177985921502113342e-02
8.463731035590171814e-03
-3.322006762027740479e-02
-1.528445817530155182e-02
-2.728603221476078033e-02
6.547817960381507874e-03
-2.961568720638751984e-02
-3.375352174043655396e-02
9.148445911705493927e-03
1.751497015357017517e-02
-7.198517676442861557e-03
1.194321550428867340e-02
7.178147882223129272e-02
4.110957088414579630e-04
4.710410721600055695e-03
-4.970873240381479263e-03
-4.378983750939369202e-03
1.372240856289863586e-02
-6.223824620246887207e-01
-1.004281733185052872e-02
-5.496741272509098053e-03
6.223612930625677109e-03
2.871115133166313171e-02
-1.960013434290885925e-02
-6.284896284341812134e-02
3.459626808762550354e-02
-2.181419357657432556e-02
1.289052050560712814e-02
-7.594703882932662964e-02
5.212823301553726196e-02
9.473849087953567505e-03
8.737684786319732666e-02
-5.401396751403808594e-02
-1.453463453799486160e-02
2.063377387821674347e-02
2.304122224450111389e-02
1.995263993740081787e-02
2.617546170949935913e-02
3.966251388192176819e-02
1.043819114565849304e-01
-8.615528233349323273e-03
3.216223418712615967e-02
-1.108659082092344761e-03
-4.397901706397533417e-03
4.116055741906166077e-02
3.825072199106216431e-02
-8.757520467042922974e-02
-7.642682641744613647e-03
2.452547289431095123e-02
-1.231734734028577805e-02
2.801892720162868500e-02
-3.114011883735656738e-02
-1.709534227848052979e-02
-7.583678513765335083e-02
6.233850121498107910e-02
-3.673139959573745728e-02
2.843722701072692871e-02
-2.367729879915714264e-02
-1.071794405579566956e-01
8.390352129936218262e-03
2.939849533140659332e-02
3.889836743474006653e-02
5.472076311707496643e-02
-1.042124032974243164e-01
1.958474458660930395e-04
5.445680115371942520e-03
8.554064482450485229e-02
5.662209913134574890e-02
5.222691595554351807e-02
-4.648054763674736023e-02
2.447102032601833344e-02
1.412308216094970703e-02
-2.888282015919685364e-02
-1.459282916039228439e-02
5.161558091640472412e-02
-4.005528613924980164e-02
-1.107275858521461487e-02
8.086719363927841187e-02
3.882867842912673950e-02
2.945165149867534637e-02
-5.460228770971298218e-02
-5.173833109438419342e-03
-6.558019202202558517e-03
-5.424457788467407227e-02
4.183050990104675293e-02
3.140714764595031738e-02
-8.258777670562267303e-03
-1.135427784174680710e-02
2.254966087639331818e-02
-5.585233867168426514e-02
-7.964226603507995605e-02
2.956680767238140106e-02
4.984538257122039795e-02
7.367047015577554703e-03
6.087923422455787659e-02
3.748221322894096375e-02
2.176688425242900848e-02
-4.037066549062728882e-02
-1.902574673295021057e-02
9.202887415885925293e-01
1.801593042910099030e-02
-5.548460781574249268e-02
1.069677919149398804e-01
-8.780255913734436035e-02
5.943272262811660767e-02
-3.926790878176689148e-02
2.101157605648040771e-02
-4.231178760528564453e-02
-7.380212657153606415e-03
-7.599103450775146484e-02
5.292820930480957031e-02
4.209721460938453674e-02
8.095969259738922119e-02
-4.966440144926309586e-03
4.068991541862487793e-02
-4.301793500781059265e-02
4.576693475246429443e-02
-6.987323053181171417e-03
2.450351894367486238e-04
-4.924406111240386963e-02
1.267229672521352768e-02
-7.138210535049438477e-02
-2.899871394038200378e-02
-4.042647033929824829e-02
3.198592737317085266e-02
-1.556278206408023834e-02
3.270967863500118256e-03
4.536027461290359497e-02
-6.286875158548355103e-02
-1.530517451465129852e-02
-3.678748384118080139e-02
-1.129206195473670959e-01
-1.381473522633314133e-02
1.869617588818073273e-02
1.313347555696964264e-02
-4.177113622426986694e-02
9.084528312087059021e-03
5.889570340514183044e-02
9.794070385396480560e-03
4.707374051213264465e-02
8.674854040145874023e-02
2.886696532368659973e-02
-3.888987377285957336e-02
-2.375789172947406769e-02
5.517043918371200562e-02
-3.790133632719516754e-04
-2.105422690510749817e-02
7.961895316839218140e-02
9.159119799733161926e-03
-3.356105834245681763e-02
3.755493834614753723e-02
-3.393326653167605400e-03
1.291545387357473373e-02
2.824586443603038788e-02
8.069700561463832855e-03
-3.467004001140594482e-02
-1.387010514736175537e-02
4.282134119421243668e-03
2.461920306086540222e-02
1.152849756181240082e-02
1.913012564182281494e-02
-4.116962850093841553e-02
5.502691492438316345e-02
2.884658426046371460e-02
2.341489866375923157e-02
5.147766321897506714e-02
6.493794918060302734e-02
1.983705535531044006e-02
-4.900177568197250366e-02
4.350138455629348755e-02
1.649956032633781433e-02
-5.759881436824798584e-02
3.415167331695556641e-02
5.506000667810440063e-02
3.827416570857167244e-03
1.313232444226741791e-02
-1.706551201641559601e-02
3.627802012488245964e-03
1.171863186755217612e-04
1.007905825972557068e-01
2.705232426524162292e-02
6.634764373302459717e-03
-2.295499871252104640e-04
2.572541497647762299e-02
-7.310685515403747559e-02
3.268018481321632862e-04
-5.312229320406913757e-02
-2.860451303422451019e-02
4.027966782450675964e-02
2.165893791243433952e-03
-1.570251584053039551e-02
1.001285295933485031e-02
6.270591914653778076e-02
-4.288234189152717590e-02
-3.683378174901008606e-02
-6.788521260023117065e-02
5.114081129431724548e-02
2.297617495059967041e-02
3.953350335359573364e-02
1.799368485808372498e-02
-1.908950507640838623e-02
-2.301152050495147705e-02
-4.278604313731193542e-02
-5.841942969709634781e-03
6.199938245117664337e-03
3.247188031673431396e-02
-2.456578984856605530e-02
2.531434223055839539e-02
6.012802943587303162e-02
2.067386358976364136e-02
7.878994941711425781e-02
-8.831754326820373535e-02
5.734186246991157532e-02
-1.889965124428272247e-02
1.277710031718015671e-02
9.194714576005935669e-02
1.792203262448310852e-02
3.030579350888729095e-02
-6.265667825937271118e-02
1.512192040681838989e-01
-1.276902202516794205e-02
-4.638863727450370789e-03
8.558317273855209351e-02
-3.076972672715783119e-03
7.130140066146850586e-02
-1.446212641894817352e-02
-4.974018037319183350e-02
-1.772082969546318054e-02
4.972940683364868164e-02
2.108798921108245850e-02
5.444852262735366821e-02
7.041986286640167236e-02
4.844861850142478943e-02
4.929000884294509888e-02
5.298134684562683105e-02
1.430797670036554337e-02
4.856240004301071167e-03
2.318158559501171112e-02
5.842427257448434830e-03
-4.082193598151206970e-02
4.020957648754119873e-02
6.480055302381515503e-02
-2.405198104679584503e-02
-5.565555393695831299e-02
1.539268195629119873e-01
-3.293652832508087158e-02
5.484575405716896057e-02
-2.838789252564311028e-03
-2.988332137465476990e-02
-4.087357223033905029e-02
8.080059662461280823e-03
-5.203681532293558121e-03
6.877644360065460205e-02
-2.405838854610919952e-02
-3.183424472808837891e-02
-7.308032363653182983e-02
8.396267145872116089e-02
-6.450860202312469482e-02
7.320838049054145813e-03
-1.700066961348056793e-02
-1.083411555737257004e-02
1.334467437118291855e-03
2.143159508705139160e-03
-1.381879113614559174e-02
-6.252146512269973755e-02
2.527193538844585419e-02
3.311520442366600037e-02
-1.873842254281044006e-02
-3.602373180910944939e-03
8.937099948525428772e-03
1.675267587415874004e-03
-2.308796904981136322e-02
4.074317961931228638e-02
-2.244369685649871826e-02
9.739039093255996704e-02
-9.009604901075363159e-02
1.579273119568824768e-02
3.889409825205802917e-02
2.588281407952308655e-02
4.123628512024879456e-02
-3.088022209703922272e-02
4.349560663104057312e-02
-4.342449363321065903e-03
-7.232396304607391357e-02
2.579850517213344574e-02
7.420882117003202438e-03
-2.863276191055774689e-02
-4.565113037824630737e-02
5.412738397717475891e-02
-2.457439340651035309e-02
-4.682267084717750549e-02
2.034475468099117279e-02
3.139952197670936584e-02
6.326682865619659424e-02
-4.950955882668495178e-02
4.444222152233123779e-02
-1.713514886796474457e-02
-3.508119285106658936e-02
7.818981073796749115e-03
1.212923135608434677e-02
-1.110222889110445976e-03
1.477955561131238937e-02
-9.737467626109719276e-04
-1.473981887102127075e-02
9.140497446060180664e-02
3.077478893101215363e-02
-9.877125918865203857e-02
1.130666700191795826e-03
-4.053746908903121948e-02
2.122640609741210938e-02
3.168590739369392395e-02
2.791717648506164551e-03
4.149252921342849731e-02
-3.461582353338599205e-03
-7.232283707708120346e-03
1.114832051098346710e-02
-2.934716409072279930e-03
-1.277705002576112747e-02
-8.957045152783393860e-03
1.819962449371814728e-02
4.565960913896560669e-02
8.919261395931243896e-03
1.106469556689262390e-01
-6.817585323005914688e-03
-1.138685923069715500e-02
4.884208738803863525e-02
6.097761541604995728e-02
5.401510372757911682e-02
-5.801983177661895752e-03
1.173773109912872314e-01
-4.042056575417518616e-02
4.969160258769989014e-02
-6.352285295724868774e-02
-1.425964850932359695e-02
3.646538034081459045e-02
3.107732906937599182e-02
-3.241493366658687592e-03
-4.059370234608650208e-02
1.316409651190042496e-02
7.143890019506216049e-03
-6.254776567220687866e-02
8.223155885934829712e-02
-4.488164559006690979e-02
-1.806155033409595490e-02
-1.743490435183048248e-02
-5.193759500980377197e-02
-9.236060082912445068e-02
1.170150656253099442e-02
5.991235375404357910e-03
3.561182692646980286e-02
5.536847189068794250e-02
-1.670163124799728394e-03
-2.037828601896762848e-02
1.312344521284103394e-02
2.233638614416122437e-02
2.774610556662082672e-02
-4.643603414297103882e-02
3.217274695634841919e-02
-4.124687612056732178e-02
5.578368157148361206e-02
-3.671512240543961525e-03
7.738879416137933731e-03
6.772029399871826172e-02
2.079510316252708435e-02
3.086442314088344574e-02
-1.715075224637985229e-02
-2.988326549530029297e-02
4.918734729290008545e-02
-7.976279407739639282e-02
1.358712650835514069e-02
4.238896537572145462e-03
6.391870230436325073e-02
3.811204433441162109e-02
4.753198847174644470e-02
1.387845072895288467e-02
1.519437413662672043e-02
-1.874171756207942963e-02
6.859419494867324829e-02
-5.412157624959945679e-02
1.201649568974971771e-02
1.995392702519893646e-02
7.011733949184417725e-03
3.766795247793197632e-02
-6.151796504855155945e-02
-1.362485904246568680e-02
-2.351007610559463501e-02
5.430391058325767517e-02
-6.007529795169830322e-02
-1.733847078867256641e-03
3.949360176920890808e-02
-9.134452790021896362e-03
-3.694212809205055237e-02
4.329126328229904175e-02
-2.663565427064895630e-02
4.981211945414543152e-02
-2.059589605778455734e-03
-2.007183618843555450e-02
6.863342225551605225e-02
-9.325299412012100220e-03
3.622267395257949829e-02
-2.972800470888614655e-02
2.963188104331493378e-02
-1.124805882573127747e-01
-4.250294715166091919e-02
-2.235520631074905396e-02
-4.906471073627471924e-02
-4.506669938564300537e-02
-6.189224659465253353e-04
8.632305264472961426e-02
-4.208770021796226501e-02
-4.822345450520515442e-02
9.730111807584762573e-02
2.697734907269477844e-02
-7.488092035055160522e-02
5.989349447190761566e-04
5.367288365960121155e-02
7.709679007530212402e-02
1.430941186845302582e-02
-3.895128145813941956e-02
-1.402803510427474976e-02
-1.533825509250164032e-02
-7.994405180215835571e-02
-6.069521605968475342e-02
-4.466963931918144226e-02
5.135150626301765442e-03
3.424314036965370178e-02
-4.130385443568229675e-02
7.440031319856643677e-02
2.237508818507194519e-02
1.108704041689634323e-02
-9.384270757436752319e-03
-5.656377179548144341e-04
-5.897502973675727844e-02
-8.717343211174011230e-03
3.213678300380706787e-02
-1.280289143323898315e-02
-1.350235939025878906e-02
9.594499319791793823e-02
1.684220694005489349e-02
3.313384251669049263e-03
4.872924648225307465e-03
1.152677386999130249e-01
-4.700754955410957336e-02
6.760868243873119354e-03
-6.370829790830612183e-02
-3.568070009350776672e-02
-5.073209293186664581e-03
-3.142314264550805092e-03
3.939645737409591675e-02
-5.862251273356378078e-04
4.322611913084983826e-02
1.160248741507530212e-02
1.004325319081544876e-02
1.045335754752159119e-01
2.234273776412010193e-02
1.688118278980255127e-02
3.133594617247581482e-02
6.460334639996290207e-03
-7.827282696962356567e-02
2.353937551379203796e-02
8.485948294401168823e-02
-1.352456677705049515e-02
9.473621845245361328e-02
-9.733024984598159790e-02
2.023083344101905823e-02
-2.223468013107776642e-02
2.275472693145275116e-02
-5.397927761077880859e-02
5.825218558311462402e-02
-9.522842243313789368e-03
-3.987870737910270691e-02
-6.097579002380371094e-02
-9.225475788116455078e-02
3.808613866567611694e-02
2.375085465610027313e-02
2.813291363418102264e-02
-1.206842157989740372e-02
-8.149178326129913330e-02
-4.108364880084991455e-02
-2.031897939741611481e-02
-3.938727080821990967e-02
-5.428746715188026428e-02
3.306915238499641418e-02
-3.464340046048164368e-02
2.761489711701869965e-02
4.768885299563407898e-02
-1.627155207097530365e-02
-5.077458918094635010e-02
5.163918063044548035e-02
1.624866388738155365e-02
4.096907749772071838e-02
-3.762980177998542786e-02
1.267473120242357254e-02
-1.076905056834220886e-02
-4.056640341877937317e-02
3.957665525376796722e-03
1.208739914000034332e-02
-3.650527074933052063e-02
7.681093178689479828e-03
-3.959071636199951172e-02
7.992521673440933228e-02
3.566078096628189087e-02
-5.776287615299224854e-02
-4.176812618970870972e-02
-1.169860456138849258e-02
2.814804576337337494e-02
-5.876558646559715271e-02
5.258214473724365234e-02
-2.520893141627311707e-02
-3.196169063448905945e-02
-1.554025243967771530e-02
2.080363966524600983e-02
3.299341723322868347e-02
-1.895018853247165680e-03
1.788893193006515503e-01
-9.236664511263370514e-03
-1.916108652949333191e-02
-6.390618626028299332e-03
9.397687017917633057e-02
4.523095116019248962e-02
-4.402665048837661743e-02
8.848986774682998657e-02
9.417732805013656616e-02
-2.859592251479625702e-02
-4.832804203033447266e-03
-1.056241430342197418e-02
-3.253864124417304993e-02
-1.286801323294639587e-02
2.504120767116546631e-02
6.771671772003173828e-02
-3.756399080157279968e-02
8.116859197616577148e-02
-4.256552830338478088e-02
-2.594591863453388214e-02
1.222747471183538437e-02
1.247127167880535126e-02
5.298128724098205566e-02
1.821257546544075012e-02
3.700533881783485413e-02
-8.292659185826778412e-04
3.105270117521286011e-02
1.421633549034595490e-02
-2.283945679664611816e-03
-1.054394058883190155e-02
-2.964705345220863819e-04
7.246907800436019897e-02
3.810783103108406067e-02
-1.156485453248023987e-02
8.122277446091175079e-03
3.389459103345870972e-02
-2.708422392606735229e-02
-2.715821564197540283e-02
-9.921569377183914185e-03
-1.681114733219146729e-02
5.382281169295310974e-02
6.169950123876333237e-03
-6.375508755445480347e-02
1.200290024280548096e-02
-1.367067266255617142e-02
-9.420928545296192169e-03
-5.898565798997879028e-02
-2.095336653292179108e-02
8.242184668779373169e-02
-2.472067484632134438e-03
-1.139454171061515808e-02
-3.897675871849060059e-02
1.268105804920196533e-01
-8.971022441983222961e-03
-3.187283128499984741e-02
1.060221530497074127e-02
4.182419180870056152e-02
-3.140899166464805603e-02
-1.384426001459360123e-02
2.136343717575073242e-02
-1.832261681556701660e-02
3.497005999088287354e-02
1.748865097761154175e-02
3.926097415387630463e-03
-6.621689349412918091e-02
2.453570067882537842e-02
-8.064096793532371521e-03
2.554797008633613586e-02
3.924760036170482635e-03
-4.963692277669906616e-02
5.812872666865587234e-03
7.409700006246566772e-02
-5.491357296705245972e-03
4.405421391129493713e-02
-2.322396822273731232e-02
5.364220705814659595e-04
-4.706809297204017639e-02
-5.029663816094398499e-02
6.211188063025474548e-02
-7.672601379454135895e-03
-3.459747647866606712e-03
5.983031913638114929e-02
-3.592571243643760681e-02
-5.172008648514747620e-03
1.366759687662124634e-01
1.852449774742126465e-02
-1.841197907924652100e-02
3.768805414438247681e-02
-6.010530516505241394e-02
3.918094933032989502e-02
-3.708350006490945816e-03
-5.894378293305635452e-03
-3.592606633901596069e-02
1.603941805660724640e-02
9.684322401881217957e-03
3.906010091304779053e-02
3.879516199231147766e-02
-1.775257848203182220e-02
-1.737728156149387360e-02
9.564310312271118164e-03
2.060991153120994568e-02
-8.428619056940078735e-02
-2.256280928850173950e-02
-4.455272480845451355e-02
-3.909985348582267761e-02
1.039122603833675385e-02
-1.031715348362922668e-01
2.434884384274482727e-02
-1.635214872658252716e-02
2.669724263250827789e-02
-1.258149836212396622e-02
3.513859584927558899e-03
3.116377070546150208e-02
-2.503911405801773071e-02
2.778499945998191833e-02
