0.1339346319437027
0.0423593595623970
-0.0029485449194908
0.0358115136623383
-0.0214252769947052
0.0014080668333918
-0.0366416648030281
-0.0882215127348900
0.0772452577948570
0.1130718737840652
0.0467317402362823
0.0579603351652622
0.0595573112368584
0.1024439334869385
-0.0993519574403763
-0.1202321648597717
-0.0922476351261139
-0.0428910776972771
0.0398225188255310
-0.1074265912175179
-0.0408006645739079
0.0184901226311922
-0.0999055653810501
-0.0391458608210087
-0.0524058006703854
0.0174179654568434
0.0051629613153636
0.0633712261915207
-0.0536423847079277
0.0387064814567566
-0.0876505449414253
0.0400737226009369
0.0851164236664772
-0.0317729413509369
0.0141478916630149
0.0696349367499352
0.0170393884181976
0.0246791485697031
0.0434146858751774
-0.0089000454172492
-0.0565499179065228
0.0767724066972733
0.0664568245410919
0.0603191703557968
0.0919946506619453
0.0633352771401405
-0.0082299001514912
-0.0050832033157349
0.0445802584290504
-0.0522755533456802
-0.0587663017213345
0.1128208711743355
0.0944149419665337
0.0197608079761267
-0.1049898788332939
-0.0396680943667889
-0.0672339871525764
-0.0033006460871547
0.0497582964599133
0.0589528866112232
0.0812133401632309
-0.0108919283375144
-0.0007110761944205
-0.0485667958855629
-0.0371812693774700
-0.0173402540385723
-0.0237486958503723
0.0709953233599663
0.1275976151227951
-0.0616244673728943
0.0409244596958160
-0.0179650783538818
-0.0047833621501923
-0.0447785072028637
0.0045930412597954
-0.0291200093924999
0.0308512244373560
-0.0722497403621674
0.1095584630966187
0.0271961800754070
-0.1144568026065826
0.1006053164601326
-0.0026796332094818
-0.1041012555360794
0.0623633749783039
0.0281402952969074
-0.0520915500819683
0.0342707149684429
-0.0906934440135956
-0.0088357571512461
0.0428539402782917
-0.0494446195662022
-0.0591360367834568
-0.0144830364733934
-0.0327914841473103
-0.0760936215519905
-0.0627064555883408
-0.0572433657944202
0.0342863574624062
0.0842904224991798
0.0842442214488983
-0.0064826677553356
-0.0504878535866737
-0.0344147495925426
-0.0657089352607727
0.0600739046931267
-0.0376938544213772
0.0172255337238312
0.0421696379780769
0.0629182830452919
0.1111460551619530
0.0742499679327011
0.0977739617228508
0.0237508378922939
-0.0706970840692520
0.0829890817403793
0.0250042919069529
-0.0053276047110558
-0.1190251857042313
0.1063541769981384
-0.0781705901026726
0.0381472483277321
0.0095288660377264
-0.0428622066974640
-0.0382687486708164
-0.0013747400371358
0.0701141953468323
-0.0423285663127899
0.1051874682307243
0.0875659510493279
-0.0282471813261509
0.0960379093885422
0.0701912716031075
-0.0002560749126133
0.0785207003355026
-0.1056422144174576
0.0032442330848426
-0.0505191124975681
0.0334782265126705
0.0944170877337456
0.0660157203674316
-0.0386355444788933
0.0520809367299080
0.0503337308764458
0.0252088885754347
0.0381246171891689
-0.0175556670874357
0.1131668761372566
0.0295455474406481
0.0703336969017982
-0.0133370114490390
0.0173167586326599
0.0364834554493427
0.0273004341870546
0.1348366290330887
0.1146891415119171
-0.0091137345880270
-0.0441349670290947
-0.0458464287221432
-0.0616579875349998
0.0000335484401148
0.0365978181362152
0.0276067033410072
0.0207830108702183
0.0010408249218017
-0.0800823196768761
0.0256584845483303
0.1027190387248993
0.0894259139895439
0.0369928553700447
-0.1128234490752220
-0.0836544334888458
0.0143956700339913
0.0816711038351059
-0.0053267991170287
0.0437953285872936
-0.0985496714711189
0.0587570630013943
0.0369595475494862
-0.0062857954762876
-0.0150384176522493
0.0637328624725342
0.0272213090211153
0.1284679621458054
0.0697581097483635
-0.0227134488523006
-0.0002839180815499
-0.0251854639500380
-0.0168552603572607
0.0884658321738243
-0.0545310080051422
-0.0951386615633965
-0.0175982806831598
-0.0554241500794888
-0.0559816844761372
-0.1455164849758148
-0.0068058148026466
0.1067816093564034
-0.0173078272491693
-0.0023240474984050
-0.0412636958062649
0.0818959251046181
0.0265213344246149
-0.0800810903310776
-0.0249917116016150
-0.0507889762520790
0.0098309135064483
-0.0730522572994232
-0.0329023152589798
0.0215280894190073
0.1092586889863014
0.0688668340444565
-0.0084625519812107
-0.0505343861877918
0.0089869266375899
0.0327434688806534
0.0368351228535175
-0.0268807057291269
-0.0086086764931679
0.0641233026981354
-0.0439281538128853
-0.0401174277067184
0.1231647431850433
-0.1169949322938919
-0.0415886715054512
-0.0064420606940985
-0.0407098419964314
-0.0123673267662525
-0.0061210240237415
-0.1544288545846939
-0.0269200783222914
0.1411352753639221
-0.0396306514739990
0.0659199953079224
-0.0796028897166252
0.0413211025297642
0.0612618215382099
-0.0935231000185013
-0.0459483750164509
-0.0651733353734016
0.0536781996488571
0.0533229783177376
-0.0307248234748840
0.0620180591940880
0.0535489022731781
0.0515498071908951
-0.0089883273467422
-0.0047377333976328
-0.0018724387045950
0.0826973095536232
0.0160120297223330
-0.0064490488730371
0.0039372942410409
-0.0489023029804230
-0.0895552858710289
-0.0394567027688026
-0.0874757096171379
-0.0466491580009460
-0.0945612341165543
-0.0859013870358467
0.0182156022638083
-0.1428040862083435
0.0445128157734871
0.0205531027168036
0.0270132180303335
0.1236975565552711
-0.1114933565258980
0.1409084796905518
0.0079414667561650
0.0905408486723900
0.0508052185177803
0.0213409978896379
-0.2574376761913300
-0.0637035593390465
0.0068965214304626
-0.2684876322746277
-0.0932538732886314
-0.0655469670891762
0.1072836816310883
-0.0209401268512011
0.0821195468306541
-0.1190549507737160
-0.1971674859523773
-0.1557486057281494
0.0863126218318939
-0.1086419671773911
-0.0795676931738853
-0.0958719998598099
0.0174262784421444
-0.1034608706831932
-0.1571210622787476
-0.0996008217334747
0.1355115920305252
0.0156379956752062
-0.0703502967953682
-0.2170497477054596
-0.1466848999261856
-0.0928324088454247
0.0128613123670220
-0.1274808347225189
-0.1296241432428360
0.1428631395101547
0.2792241573333740
-0.2178041338920593
0.0003467333444860
0.1222824752330780
-0.0291320905089378
0.0881639644503593
0.0971579402685165
-0.1922696530818939
0.0343198031187057
-0.2241990417242050
0.1091488823294640
0.0728007033467293
-0.1464088261127472
0.0971143841743469
0.0286623742431402
0.2985443174839020
-0.0182341691106558
-0.1401329338550568
0.0249020550400019
-0.0389742068946362
-0.0139407552778721
0.0311011541634798
-0.0157137047499418
0.0288333259522915
-0.0240212827920914
0.0167712476104498
-0.0237339958548546
-0.0305026769638062
0.0106529407203197
-0.0932025089859962
-0.1303662359714508
-0.0146213490515947
0.0123233022168279
-0.0285401605069637
0.0551837608218193
-0.0833263099193573
0.0748341232538223
0.0554984249174595
-0.0244748368859291
-0.0510725602507591
-0.0040543852373958
0.0297762174159288
-0.0198154859244823
-0.0653091445565224
0.0112235592678189
-0.0236247256398201
0.0209396947175264
-0.0394386835396290
-0.0144494883716106
-0.0844792574644089
0.0374651812016964
0.0273584779351950
0.0104302251711488
-0.0861039608716965
-0.0719721391797066
0.0121317487210035
-0.0104501806199551
-0.0544310100376606
0.0399771258234978
0.0239934455603361
0.0271881930530071
-0.0070168827660382
0.0225444026291370
0.0320745036005974
-0.0327882170677185
0.0086555611342192
0.0705674141645432
-0.0440621525049210
-0.0244587715715170
0.0913084521889687
-0.0290187951177359
0.0274371933192015
0.0316586792469025
0.0242071021348238
0.0929945185780525
0.0429450981318951
-0.0885868221521378
-0.0166556946933270
0.0285988748073578
-0.0090697687119246
0.0074010924436152
-0.0126177128404379
0.0199083257466555
-0.0704245194792747
-0.0017913995543495
0.0581580661237240
-0.0234671868383884
0.0005994153325446
0.0415119268000126
-0.0029693346004933
0.0399734675884247
-0.0261154770851135
-0.0755906403064728
0.0801409035921097
-0.0365399047732353
-0.0204592198133469
0.0396933555603027
-0.0106343748047948
0.0588731802999973
0.0085356729105115
-0.0964412316679955
0.0117338402196765
-0.0984548702836037
0.0205113515257835
0.0676951929926872
0.0439868606626987
-0.0137926917523146
0.0639491751790047
0.0589988455176353
0.0179446786642075
0.0310986265540123
0.0660984665155411
0.0103080524131656
0.0190240759402514
-0.0053131775930524
-0.0824827104806900
0.0149786435067654
-0.0005525433225557
0.0282584019005299
-0.0159337706863880
0.0255163274705410
0.0025349811185151
0.0465402528643608
0.0486650429666042
0.0332116000354290
-0.1111271530389786
-0.0360721722245216
0.0186490435153246
-0.0740129873156548
0.0115480571985245
0.0056274193339050
-0.0581151992082596
-0.0009522296604700
-0.0849953517317772
0.0060250852257013
0.0235801171511412
-0.0136720938608050
0.0392261110246181
0.0236006118357182
-0.0097125535830855
0.0024791241157800
0.0194835923612118
-0.0026412557344884
-0.0303223859518766
-0.0191878490149975
-0.0002656934957486
0.0049918177537620
0.0018286997219548
0.0488595999777317
0.0057951216585934
0.0210805665701628
0.0231719985604286
-0.0575065873563290
0.0004135741910432
0.0581302754580975
-0.0097820693627000
0.0097671560943127
0.0065992297604680
-0.0293383132666349
0.0289284102618694
-0.0579117909073830
-0.0221735835075378
0.0219596922397614
0.0277615748345852
0.0458698496222496
-0.0499536022543907
-0.0031736688688397
-0.0422003455460072
0.0030459552071989
-0.0407943166792393
-0.0276035554707050
0.0074488818645477
-0.0637334659695625
0.0136216748505831
-0.0072460188530385
0.0505648516118526
-0.0162731651216745
0.0171959493309259
-0.0041419984772801
0.0277145951986313
0.0857403278350830
0.0423425063490868
0.0442430377006531
-0.0147903217002749
0.0071365414187312
0.0512510240077972
0.0089394478127360
-0.0317279808223248
0.0584956891834736
-0.0006832134677097
-0.0275202095508575
0.0169670749455690
0.0099101541563869
0.0407094210386276
0.0455297194421291
-0.0571139939129353
0.0453681573271751
0.0514481812715530
-0.0474855303764343
0.0635253414511681
-0.0380850806832314
0.0568313375115395
0.0242968592792749
-0.0307854805141687
0.0317107737064362
0.0151546988636255
-0.0646735206246376
-0.0331866033375263
0.0546969138085842
0.0807055011391640
0.0480611361563206
-0.0796965807676315
-0.0468923300504684
-0.0182161480188370
0.0668551325798035
0.0383342020213604
0.0141877448186278
0.0112992981448770
-0.0216859281063080
-0.0222262181341648
-0.0144888525828719
-0.0745301842689514
-0.0121609037742019
-0.0146628627553582
-0.0460381209850311
0.0129101034253836
0.0106697296723723
-0.0218476001173258
-0.0198856163769960
-0.0712673589587212
0.0138528337702155
-0.0437081605195999
0.0980171933770180
-0.0467023700475693
-0.0697464644908905
-0.0883802101016045
-0.0505857728421688
0.0411450155079365
0.0225265305489302
-0.0127366008237004
-0.0383083969354630
0.0654670894145966
-0.0305502694100142
0.0533548519015312
-0.0870045199990273
0.0251441728323698
-0.0088036479428411
-0.0929895639419556
0.0574316382408142
0.0111366687342525
0.0306012295186520
-0.0638267546892166
0.0393210463225842
-0.0394037030637264
0.0083541264757514
0.0387545973062515
0.0119288284331560
0.0787981897592545
0.0437406711280346
0.1184693053364754
0.0479036085307598
-0.0615216046571732
-0.0442837290465832
0.0143547579646111
-0.0023265222553164
0.0043258094228804
-0.0800828635692596
0.0262275468558073
-0.0600699670612812
-0.0080285025760531
-0.0585814267396927
0.0196770597249269
-0.0651964917778969
-0.0663639530539513
-0.0357029028236866
-0.0202395003288984
0.0556610897183418
0.0126539282500744
0.0044125174172223
0.0052116233855486
-0.0162609405815601
0.0177771691232920
0.0413754060864449
0.0333335548639297
-0.0320735946297646
-0.0018087421776727
0.0052108447998762
-0.0182578433305025
0.0534945093095303
-0.0245063491165638
-0.0711939483880997
-0.0302617531269789
0.0337705723941326
0.0620550476014614
0.0464875288307667
0.0511408485472202
-0.0634904503822327
-0.0145163033157587
0.0138103645294905
-0.0472462289035320
0.0599578209221363
-0.0508553609251976
-0.0258804075419903
-0.0427181832492352
-0.0229329429566860
-0.0266918353736401
-0.0128392148762941
0.0466731078922749
-0.0547685511410236
-0.0120781958103180
-0.0278088580816984
0.0619392916560173
0.0036117262206972
0.0244165528565645
0.0608983039855957
-0.0398692823946476
-0.0272156074643135
0.0195925142616034
-0.0195315424352884
-0.0521216429769993
-0.0433144271373749
0.0420596860349178
-0.0007659773109481
-0.0013381785247475
0.0020852088928223
-0.0779183879494667
-0.0682853832840919
0.0865456089377403
-0.0592199601233006
-0.0491130352020264
0.0606478080153465
-0.0323500111699104
0.0012045591138303
-0.0140244690701365
-0.0503521151840687
0.0005391074810177
-0.0068860310129821
0.0134793529286981
-0.0131669249385595
0.0065433578565717
-0.0321650989353657
0.0320654921233654
-0.0492687560617924
-0.0232165474444628
-0.0209152624011040
-0.0239349473267794
-0.0504359304904938
0.1005296334624290
-0.0490734465420246
-0.0195514634251595
0.0186018515378237
-0.0470476783812046
0.0202396530658007
0.0422850362956524
-0.0387145802378654
-0.0618081130087376
-0.0937768071889877
0.0370242036879063
0.0215714685618877
-0.0755871981382370
-0.0125657981261611
-0.0547274090349674
0.0491237863898277
0.0586625039577484
-0.0094373226165771
0.0710334330797195
0.0361089631915092
0.0221256036311388
-0.0659150257706642
-0.0294423904269934
-0.0015831920318305
-0.0054919174872339
-0.0461706742644310
-0.0261031650006771
-0.0303640663623810
0.0636073127388954
0.0221920479089022
-0.0067246924154460
0.0433911532163620
-0.0624051094055176
-0.0384531877934933
0.0757239088416100
0.0451341904699802
-0.0223102979362011
-0.0165088716894388
0.0675984770059586
-0.1116133704781532
0.0460525862872601
-0.0471432730555534
0.0620475411415100
0.0011142871808261
0.0399142988026142
0.0031880475580692
-0.0008961235289462
0.0147090619429946
-0.0146135026589036
0.0333339199423790
-0.0276739150285721
0.0124699771404266
0.0883272960782051
0.1005506664514542
0.0491022542119026
-0.0076524154283106
-0.0063783088698983
0.0061135003343225
0.0285651534795761
-0.0192802455276251
-0.0123903816565871
0.0263726357370615
-0.0767428651452065
0.0604106970131397
-0.0305998716503382
0.0220204237848520
0.0170239098370075
-0.0122322421520948
0.0148855047300458
-0.0780983567237854
-0.0472038015723228
-0.0622462518513203
-0.0093978056684136
0.0337870642542839
0.0772539675235748
-0.0783523321151733
0.0176449138671160
0.0446833893656731
0.0046194489113986
0.0100170839577913
0.0086728734895587
0.0110599184408784
-0.0302795600146055
0.0165236610919237
0.0777665227651596
-0.0046326862648129
0.0045301970094442
0.0291611887514591
0.0022636763751507
-0.0478100106120110
-0.1251603960990906
0.0276038385927677
0.0480858907103539
-0.0410007126629353
-0.0751937106251717
0.0265513490885496
-0.0004100684600417
-0.0068212333135307
-0.0014426527777687
0.0022660796530545
-0.0392403118312359
0.0060125528834760
-0.0299304109066725
0.0957630276679993
-0.0139062032103539
-0.0342015996575356
0.0469780266284943
-0.0348850153386593
0.0388378240168095
0.0316072106361389
-0.0379400290548801
-0.0622742883861065
-0.0724018290638924
-0.0085198879241943
0.0849393829703331
-0.0976657420396805
0.0065298425033689
-0.0503531843423843
-0.0347522571682930
-0.0592609159648418
0.0096508907154202
0.0400577895343304
-0.0381461866199970
-0.0097713759168983
0.0027058438863605
-0.0430070087313652
0.0565113089978695
0.0121775679290295
-0.0759742632508278
-0.0822823569178581
0.0547519065439701
0.0403143428266048
0.0470020100474358
-0.0016761621227488
0.0295780058950186
-0.0247479211539030
-0.0283907447010279
0.0198732651770115
-0.0256877951323986
0.0283109862357378
-0.0319349095225334
-0.0050843404605985
0.0474880971014500
0.0297992359846830
-0.0468402504920959
-0.0675680115818977
-0.0762737840414047
-0.0449966490268707
-0.0456060059368610
-0.0430286303162575
-0.0478507466614246
-0.0366903506219387
0.0087614422664046
-0.0850865393877029
-0.0181901995092630
0.0102634178474545
0.0172428991645575
-0.0223155617713928
0.0877474620938301
0.0087922886013985
0.0760387405753136
0.0096136927604675
0.0764182806015015
-0.0299110580235720
-0.0086939502507448
-0.0223316699266434
-0.0273065194487572
-0.0391187965869904
-0.0110178831964731
-0.0429789423942566
-0.0451149977743626
0.0602822490036488
0.0427050217986107
-0.0931567475199699
-0.0104834353551269
0.0390644669532776
-0.0188168343156576
-0.0181936584413052
-0.0253359284251928
-0.0606039352715015
0.0050608301535249
-0.0115544535219669
-0.0240273606032133
