0.0438987538218498
0.0247894860804081
0.0302778687328100
0.0732821747660637
-0.1112950742244720
-0.0296935010701418
0.0064232023432851
0.0223475396633148
0.1036577820777893
0.0760860368609428
-0.0564671903848648
0.0848946273326874
0.0761579424142838
0.0257536973804235
-0.0874631330370903
-0.0578867234289646
-0.0541669614613056
-0.0154871661216021
0.0432427190244198
-0.0965641811490059
0.0580821521580219
0.0373000241816044
0.0783932879567146
0.0389823429286480
-0.1045392975211143
-0.0124733801931143
0.0399337783455849
0.0442193672060966
-0.0574632249772549
0.0609158501029015
-0.0071155256591737
0.0434243977069855
0.1082804426550865
0.0409722141921520
0.0649686455726624
0.0768068283796310
0.1483576148748398
-0.0649397149682045
0.0402088873088360
0.0158609636127949
-0.0551367476582527
-0.0006366099114530
0.1326535344123840
-0.0365588963031769
0.0973813161253929
0.0491581968963146
-0.0454114638268948
0.0506871677935123
0.0232986994087696
0.0075724651105702
-0.0924627706408501
0.0468926914036274
0.0923949852585793
-0.0867721810936928
0.0126177975907922
-0.0521192178130150
-0.0895675197243690
-0.0185829121619463
0.0922324731945992
0.0085360715165734
0.0585197582840919
-0.0452273152768612
-0.0105671323835850
-0.0670347213745117
0.0143595915287733
-0.0650453269481659
-0.0068704565055668
0.0174462068825960
0.1174608767032623
0.0025390768423676
0.0529801174998283
-0.0470767840743065
0.0397452004253864
0.0505416542291641
-0.0265994630753994
-0.0093998229131103
-0.0525563508272171
0.0258002784103155
0.0321284420788288
-0.0276048202067614
-0.0936052203178406
0.0275733284652233
0.0678812488913536
-0.0457757711410522
0.1252588629722595
-0.0405487045645714
0.0863914340734482
0.0798343271017075
-0.0336680449545383
0.0052019902504981
0.0215210542082787
-0.0465485602617264
-0.1017932966351509
-0.0594735965132713
0.0741759911179543
-0.0331600643694401
0.0917716696858406
-0.0011319124605507
-0.0648690685629845
0.0550986267626286
-0.0288723874837160
-0.0181130897253752
0.0015928698703647
-0.0013829664094374
-0.0951716601848602
-0.0555083826184273
-0.0649412050843239
-0.0803847014904022
0.0624561682343483
0.0766465440392494
0.0121084405109286
0.0631419345736504
0.0765018239617348
0.0496964901685715
-0.0392118319869041
0.0484124720096588
0.0540488809347153
-0.0985372811555862
-0.0759969055652618
0.0660909116268158
-0.0045884009450674
0.0919752642512321
0.0565701089799404
-0.0255651250481606
-0.0600324086844921
-0.0451357476413250
0.0651161149144173
-0.0864945948123932
-0.0222319159656763
0.1379965096712112
0.1022154763340950
0.0903715640306473
0.0637435540556908
0.0152060296386480
0.0527290031313896
-0.0987974256277084
-0.0325581803917885
0.0017320833867416
-0.0448605418205261
0.0976902395486832
0.0223476085811853
0.0673625841736794
-0.0579759851098061
0.0773983374238014
-0.0319186523556709
-0.1159144192934036
0.0151318497955799
0.0487414859235287
0.0097651537507772
0.0581081956624985
0.0645909085869789
-0.0662876814603806
-0.0557613298296928
0.0127091743052006
0.0774951055645943
0.1170869022607803
-0.0171124581247568
0.0779631361365318
-0.1108700782060623
0.0043215178884566
0.0529858581721783
-0.0017363821389154
0.0743643864989281
-0.1082460805773735
0.0441960282623768
-0.0488569214940071
0.0390494056046009
0.0886324569582939
-0.0391124822199345
0.0539848729968071
-0.0957500934600830
-0.0964691862463951
0.0069430554285645
0.0319992229342461
-0.0637507364153862
-0.0417060405015945
-0.0408518649637699
0.0299513023346663
0.0178908109664917
-0.1226458474993706
-0.0516003631055355
0.0865857526659966
0.0606277920305729
0.0985392034053802
0.0055287866853178
0.0860477238893509
-0.0437595546245575
-0.0259863771498203
0.0657719373703003
0.0463217385113239
0.0311835482716560
-0.0795844644308090
0.0183140318840742
-0.0829074680805206
-0.0349315330386162
-0.0591420121490955
0.1259616017341614
0.0851554945111275
-0.0515237860381603
-0.0467710420489311
0.0472878292202950
0.0666777864098549
0.0251250900328159
-0.0874517932534218
0.0497757457196712
-0.0391359068453312
0.1040907129645348
-0.0338096693158150
-0.0669656544923782
0.0607215985655785
0.0648377761244774
0.0753952935338020
-0.0778952836990356
0.0278705395758152
-0.0536116436123848
-0.0323106199502945
-0.0050567709840834
0.0520582273602486
0.0179804097861052
0.1184813380241394
-0.0662287101149559
-0.0796553790569305
-0.0024244852829725
-0.0138109186664224
0.0592623203992844
0.0177361257374287
0.0105031598359346
0.0279214959591627
-0.0406214743852615
0.0314341336488724
0.0614633113145828
0.0614321380853653
0.0538172163069248
0.0096931047737598
-0.0901122167706490
0.0146208712831140
0.0364336781203747
-0.0974844619631767
-0.0512568056583405
-0.0935244187712669
-0.0001928707642946
-0.0102735273540020
0.0959986448287964
0.0792254731059074
0.0406372435390949
0.0479366630315781
-0.0528488978743553
-0.0840289220213890
-0.0617869496345520
0.0399385094642639
-0.0725928768515587
0.0203531030565500
-0.0329688228666782
-0.0831215009093285
-0.0073632709681988
-0.0719996467232704
-0.0099616525694728
0.0562673695385456
-0.1222334504127502
-0.0591704621911049
0.0505124256014824
-0.2030101269483566
0.1258383393287659
0.1532812267541885
-0.0360494107007980
-0.0254343952983618
-0.1552847772836685
0.0464390777051449
0.0802417472004890
0.0997064188122749
-0.1098167821764946
0.0563496164977551
-0.3130347132682800
0.0239180419594049
0.1522336006164551
-0.1924695819616318
-0.0976788699626923
0.0506375916302204
0.0318279862403870
-0.1686224490404129
-0.0845003500580788
-0.0378878675401211
-0.1451572626829147
-0.2005144059658051
-0.0526100918650627
-0.0922380015254021
0.0337263345718384
-0.0698871538043022
-0.0991244986653328
-0.1028544306755066
-0.2310775518417358
0.0897237882018089
0.1498884856700897
-0.0694413632154465
-0.1452437341213226
-0.1071995422244072
0.0117137962952256
0.0777946561574936
-0.0402194038033485
-0.0269621238112450
0.0006358450045809
0.0145692043006420
0.1255842596292496
-0.2846708893775940
-0.1436032056808472
0.0790482982993126
-0.0764979422092438
0.0886350646615028
0.0271998755633831
-0.0879404768347740
-0.0467971675097942
-0.2357012182474136
0.0834508985280991
0.0046241176314652
-0.1139460131525993
0.0227758195251226
0.1520228385925293
0.3663745224475861
0.0561857782304287
-0.1132058873772621
0.0550688952207565
-0.0049825822934508
0.0225981753319502
0.0078176632523537
-0.0409451052546501
0.0403569824993610
-0.0655287727713585
0.0366009846329689
0.0117731504142284
-0.0867667794227600
0.0325547084212303
-0.0913404896855354
-0.0731724575161934
-0.0578930489718914
0.0151854660362005
-0.0314038805663586
0.0465554557740688
-0.0461755581200123
0.0265945103019476
0.0429612994194031
-0.0222065597772598
-0.0394082255661488
0.0134221427142620
0.0065252045169473
-0.0477594435214996
-0.0192071981728077
-0.0257964320480824
-0.0321880467236042
-0.0024846508167684
-0.0687553286552429
-0.0126194627955556
-0.0732196420431137
0.0215562544763088
-0.0300582032650709
0.0000754486973165
-0.0941586047410965
-0.0445476695895195
0.0206090379506350
-0.0221074968576431
0.0033394261263311
0.0637578591704369
0.0675462409853935
0.0060865026898682
-0.0217910595238209
-0.0312182269990444
0.0855076909065247
-0.0334711819887161
-0.0248508378863335
0.0654139816761017
0.0133398529142141
-0.0298216082155704
0.0590888522565365
0.0200642533600330
-0.0765790641307831
0.0428345501422882
0.0166844986379147
0.0320393964648247
0.0287691242992878
-0.0333924032747746
0.0109953545033932
0.0448447503149509
0.0068155936896801
-0.0323526002466679
-0.0165464282035828
0.0014443695545197
-0.0352877974510193
0.0317696668207645
0.0291410237550735
0.0232265666127205
-0.0262794885784388
0.0234298668801785
-0.0033448818139732
0.0320104695856571
-0.0448225550353527
-0.0583118498325348
0.0209188833832741
-0.0210838820785284
0.0359703861176968
-0.0006976013537496
0.0039219809696078
0.0236291754990816
0.0225839894264936
-0.0852039754390717
0.0142977386713028
-0.0582714453339577
0.0464525632560253
0.0607182309031487
0.0951148495078087
-0.0172603074461222
0.0640149638056755
0.0910350754857063
0.0356879010796547
0.0559769831597805
0.0191905591636896
0.0690738484263420
-0.0085667688399553
-0.0316123031079769
-0.0524321310222149
-0.0431258790194988
-0.0306228809058666
0.0038552186451852
-0.0421955436468124
-0.0029321904294193
0.0579741112887859
0.0435159578919411
0.0439725294709206
0.0216284561902285
-0.0784400030970573
-0.0043588997796178
0.0488379560410976
-0.0243685655295849
0.0259776525199413
-0.0027096809353679
-0.0630985200405121
0.0629365891218185
-0.0500563010573387
0.0134265357628465
-0.0078964252024889
-0.0591347217559814
0.0163898356258869
0.0210045184940100
0.0125017184764147
-0.0003039108996745
0.0549832358956337
-0.0586324967443943
-0.0278598051518202
-0.0288832876831293
0.0039988616481423
-0.0143628921359777
-0.0147348353639245
0.0433865226805210
0.0148788113147020
0.0115903876721859
-0.0120810773223639
-0.0391159765422344
-0.0137765761464834
0.0475503467023373
-0.0000783927462180
0.0087419757619500
0.0172704160213470
-0.0580813065171242
0.0096111297607422
-0.0371159724891186
-0.0199255179613829
0.0249721202999353
0.0009788210736588
0.0914897844195366
0.0132809262722731
-0.0031074113212526
-0.0270595494657755
0.0169614460319281
-0.0098579190671444
-0.0074425702914596
0.0699126794934273
-0.0113660618662834
-0.0159675721079111
-0.0243517663329840
0.0615581274032593
0.0237304773181677
0.0469027608633041
-0.0048053376376629
0.0156613737344742
0.0585281029343605
0.0864369347691536
0.0699505060911179
0.0372096635401249
0.0272806473076344
0.0048731127753854
0.0036836932413280
-0.0445987433195114
0.0149051193147898
-0.0434582978487015
-0.0497080609202385
0.0591465868055820
-0.0035064921248704
0.0236368291079998
0.0371323451399803
-0.0141881871968508
0.0339433364570141
0.0019906659144908
-0.0377735346555710
0.0492437034845352
-0.0265045240521431
0.0826890394091606
0.0017877194331959
-0.0667494013905525
0.0363156609237194
-0.0110593196004629
-0.0044061783701181
0.0094162104651332
-0.0022554090246558
0.0665494501590729
-0.0027739980723709
-0.0350474491715431
-0.0947483032941818
-0.0717174410820007
0.0314242281019688
0.0514094121754169
-0.0170070491731167
0.0043264552950859
-0.0239769518375397
-0.0596418417990208
-0.0262429490685463
-0.0141028985381126
-0.0402993485331535
0.0678381696343422
-0.0026444133836776
0.0354950018227100
-0.0021943254396319
-0.0163366515189409
-0.0570840984582901
-0.0427618883550167
0.0475213415920734
-0.0320125818252563
0.0722936838865280
-0.0237327460199594
-0.0332778692245483
-0.0953841283917427
-0.0301376041024923
0.0480647087097168
0.0485047996044159
-0.0057029933668673
-0.0396210476756096
0.0300159249454737
-0.0151115227490664
0.0755481272935867
-0.0539589971303940
0.0530249997973442
-0.0045780977234244
-0.0928380042314529
0.0242583006620407
-0.0204953048378229
0.0269211549311876
-0.0652176067233086
0.0358956530690193
-0.0361185446381569
0.0111591815948486
0.0189570970833302
0.0340484455227852
0.0275690741837025
0.0491168349981308
0.0258766990154982
0.0368892215192318
-0.0221134163439274
-0.0171891301870346
0.0286907479166985
-0.0363263487815857
-0.0099646188318729
-0.0561192557215691
0.0091571761295199
-0.0619558952748775
-0.0251398794353008
-0.0017613919917494
0.0052837864495814
-0.0212215818464756
-0.0766873508691788
-0.0462642274796963
-0.0538229793310165
0.0505962707102299
-0.0368877425789833
0.0026751868426800
-0.0547341927886009
-0.0215890426188707
0.0386212468147278
0.0358597338199615
0.0786799341440201
-0.0287850312888622
0.0120665961876512
0.0491824410855770
0.0207959841936827
0.0552007332444191
0.0243674758821726
-0.0513147003948689
-0.0284065231680870
0.0434753410518169
0.0440388806164265
0.0221041124314070
0.0446515604853630
-0.0692904144525528
-0.0316136367619038
0.0438483543694019
-0.0479042455554008
0.0644341781735420
-0.0701144486665726
-0.0043284818530083
-0.0360201038420200
-0.0260971933603287
-0.0597692243754864
0.0278054382652044
0.0147530930116773
-0.0753614082932472
0.0271427482366562
-0.0827580094337463
0.0748663470149040
0.0246119778603315
0.0331433527171612
0.0614126622676849
-0.0744699761271477
0.0162107795476913
-0.0424640141427517
-0.0524819642305374
-0.0361968614161015
-0.0364505648612976
-0.0224251765757799
-0.0225692745298147
0.0533423684537411
-0.0064276000484824
-0.0880543142557144
-0.0649273693561554
0.0720134451985359
-0.0252533927559853
-0.0439451187849045
0.0721587985754013
-0.0756630524992943
0.0010442534694448
-0.0508705079555511
-0.0554650835692883
0.0210022851824760
0.0123667456209660
0.0149900363758206
-0.0429446697235107
0.0364208631217480
-0.0538193583488464
-0.0331018716096878
-0.0140300299972296
0.0557986870408058
-0.0139842890202999
0.0167844835668802
-0.0381705239415169
0.0964056998491287
-0.0093321483582258
-0.0545227676630020
0.0222629569470882
-0.0194071978330612
0.0482645593583584
-0.0282890498638153
-0.0529270321130753
-0.0363424383103848
-0.0402575619518757
0.0667676404118538
-0.0350703671574593
-0.0927630811929703
0.0154739543795586
-0.0465654172003269
-0.0024855330120772
0.0668242797255516
0.0626193732023239
0.0293857511132956
0.0443222373723984
0.0544665828347206
-0.0214831177145243
-0.0176030881702900
0.0372503288090229
-0.0356042273342609
-0.0567577406764030
-0.0326473191380501
0.0384244695305824
0.0234820544719696
-0.0084981461986899
0.0079217702150345
0.0222595818340778
-0.0668082460761070
-0.0583678297698498
0.0657015740871429
0.0758874714374542
-0.0509558655321598
-0.0520387850701809
0.0668050348758698
-0.0905727595090866
-0.0008084888104349
-0.0280729290097952
0.0218478776514530
0.0139690879732370
0.0400280244648457
0.0226731877774000
-0.0218816343694925
0.0000073768451330
-0.0436096787452698
0.0782136172056198
-0.0196802876889706
0.0726304128766060
0.0928605943918228
0.0810708850622177
0.0736867338418961
-0.0421701371669769
0.0227102357894182
-0.0082841934636235
0.0205516163259745
-0.0061586210504174
0.0229057613760233
0.0466915890574455
-0.0733786821365356
-0.0193494316190481
-0.0719695165753365
-0.0229016281664371
0.0457618795335293
-0.0380951203405857
0.0137475496158004
-0.0553604587912560
-0.0311493016779423
-0.0320283696055412
-0.0319571122527122
0.0704935938119888
0.0527514107525349
-0.0350737385451794
0.0244858432561159
0.0529563389718533
0.0081455074250698
-0.0436701364815235
0.0471021085977554
-0.0093478988856077
-0.0556224174797535
0.0428933389484882
0.0610726252198219
-0.0279370080679655
0.0256801508367062
0.0182391796261072
-0.0322460718452930
-0.0696277990937233
-0.0640724673867226
0.0326165780425072
0.0159524325281382
-0.0167313441634178
-0.0694125518202782
0.0371925160288811
0.0413980446755886
-0.0515707172453403
-0.0238305274397135
0.0485915988683701
0.0027443761937320
0.0671849846839905
-0.0758460983633995
0.0710875466465950
0.0313795916736126
-0.0511657558381557
0.0696463957428932
-0.0510318391025066
0.0827505588531494
0.0757297724485397
-0.0754592418670654
-0.0792709439992905
-0.0533550605177879
0.0173441395163536
0.0673963949084282
-0.0544830150902271
0.0465960279107094
-0.0942325815558434
-0.0232086498290300
-0.0121573247015476
0.0415048152208328
0.0009924470214173
-0.0294641703367233
-0.0015752951148897
0.0372076891362667
-0.0399504341185093
0.0429522804915905
0.0152114182710648
-0.0167509950697422
-0.0464623682200909
0.0422619059681892
-0.0055551817640662
0.0292085297405720
-0.0623341575264931
0.0025546494871378
-0.0363511592149734
-0.0456340461969376
-0.0015415379311889
-0.0134360082447529
0.0270665269345045
0.0158441904932261
0.0386371165513992
0.0748392790555954
0.0271450635045767
-0.0930529534816742
-0.0872340500354767
-0.0648994222283363
-0.0524488128721714
-0.0165295489132404
-0.0689882859587669
-0.0465646050870419
-0.0165753997862339
-0.0357393473386765
-0.0376241318881512
-0.0371216647326946
0.0373791977763176
0.0117989182472229
-0.0191878639161587
0.0720829218626022
0.0053442665375769
0.0102447913959622
0.0559795349836349
0.0952118933200836
-0.0192634165287018
0.0552610382437706
-0.0628999695181847
-0.0250888578593731
-0.0491416305303574
0.0357632711529732
-0.0195007659494877
-0.0296734385192394
0.0062451851554215
0.0702347382903099
-0.0476832725107670
-0.0194391831755638
0.0351326391100883
-0.0228497404605150
-0.0441175810992718
-0.0414963550865650
-0.0525490045547485
-0.0395547784864902
-0.0584593191742897
-0.0329812541604042
