1.181355863809585571e-02
-5.112453829497098923e-03
-6.564384792000055313e-03
1.315050944685935974e-02
1.699323393404483795e-02
-3.651786968111991882e-02
6.149888038635253906e-03
-4.361299425363540649e-02
1.080628391355276108e-02
1.179886888712644577e-02
-1.382092107087373734e-02
1.593656279146671295e-02
-7.465017028152942657e-03
2.818096615374088287e-02
1.512723276391625404e-03
-8.492709137499332428e-03
-4.584139212965965271e-03
-9.099838323891162872e-03
1.162838786840438843e-01
1.693784072995185852e-02
-7.792925927788019180e-03
1.360736601054668427e-02
-3.885126439854502678e-03
-2.394931018352508545e-02
7.220543920993804932e-03
1.331322826445102692e-02
-7.142181973904371262e-03
-3.408106788992881775e-02
-5.888820160180330276e-03
2.762449905276298523e-03
1.050422266125679016e-01
-3.121022693812847137e-02
4.630095325410366058e-03
-3.906592261046171188e-03
2.549751102924346924e-02
-2.020661719143390656e-02
-1.461632642894983292e-02
-6.609807256609201431e-03
-1.216417364776134491e-02
1.762295700609683990e-02
1.755568012595176697e-02
1.277857832610607147e-02
-6.805564463138580322e-02
-2.240297384560108185e-02
-2.176440693438053131e-02
7.224141154438257217e-03
9.670428000390529633e-03
-3.362004179507493973e-03
-1.070898841135203838e-03
2.597533399239182472e-03
1.507555227726697922e-02
-5.441648419946432114e-03
2.561386115849018097e-02
-1.282080635428428650e-02
-2.095000632107257843e-02
-7.208000868558883667e-03
7.977305911481380463e-03
-6.560835754498839378e-05
2.692658305168151855e-01
2.290605008602142334e-02
-1.220345147885382175e-03
-4.803936462849378586e-03
-1.613079197704792023e-02
1.571170054376125336e-02
3.781252726912498474e-02
-2.955480478703975677e-02
2.591350302100181580e-02
-2.220419794321060181e-02
7.279809564352035522e-02
-1.023573614656925201e-02
9.980723261833190918e-03
2.705543674528598785e-02
3.375006467103958130e-02
-1.788146048784255981e-02
2.825606614351272583e-02
-6.118155433796346188e-04
8.797814138233661652e-03
-1.268485281616449356e-02
3.902126103639602661e-02
1.971073299646377563e-01
2.109788823872804642e-03
-1.980384252965450287e-02
2.149369940161705017e-02
5.047683417797088623e-02
-5.080907419323921204e-02
-1.653471961617469788e-02
2.400605008006095886e-03
8.537905290722846985e-03
1.273569464683532715e-02
1.012393366545438766e-02
-2.148932218551635742e-02
-1.560740172863006592e-02
2.982849441468715668e-02
1.331437192857265472e-02
2.097271941602230072e-02
1.000864710658788681e-02
-6.139908800832927227e-04
-2.005094289779663086e-02
4.165327176451683044e-03
1.066059246659278870e-02
4.378807730972766876e-03
-1.498405542224645615e-02
-5.912652704864740372e-03
-1.705608097836375237e-03
1.082276646047830582e-02
-1.892394013702869415e-02
-3.852472873404622078e-03
5.478386767208576202e-03
2.137949876487255096e-02
-3.508947417140007019e-02
1.985322684049606323e-02
1.502134278416633606e-02
-1.681129261851310730e-02
3.828123910352587700e-03
-1.724434643983840942e-02
-4.820485599339008331e-03
-2.854649722576141357e-02
-2.012307383120059967e-02
1.168744917958974838e-02
6.452768575400114059e-04
3.135636448860168457e-03
-1.553778536617755890e-02
-2.013888210058212280e-02
-3.793562762439250946e-03
-1.626184210181236267e-02
1.644010655581951141e-02
3.074717521667480469e-02
4.038736689835786819e-03
1.513786707073450089e-02
-6.108464673161506653e-02
-4.464972391724586487e-02
2.635105047374963760e-03
2.876720624044537544e-03
2.341585233807563782e-03
-4.714866355061531067e-02
9.068801067769527435e-03
7.182961329817771912e-03
1.619889959692955017e-02
1.339596603065729141e-02
1.004355680197477341e-02
-1.913293823599815369e-02
3.832271555438637733e-03
6.677967030555009842e-04
5.463632754981517792e-03
1.407210342586040497e-02
1.290718913078308105e-01
-3.122237278148531914e-03
1.850819587707519531e-02
9.094767738133668900e-04
-2.946744486689567566e-02
1.049411669373512268e-02
4.160802811384201050e-02
-1.428980380296707153e-02
-8.967840112745761871e-03
6.266627926379442215e-03
3.961924521718174219e-04
1.231438014656305313e-02
7.404405623674392700e-03
-3.677306696772575378e-02
-2.310441434383392334e-02
3.360744565725326538e-02
-6.262012571096420288e-02
4.111092165112495422e-02
9.588892571628093719e-03
1.215170696377754211e-02
1.274289097636938095e-02
2.089068479835987091e-02
7.854478433728218079e-03
1.617971621453762054e-02
-1.781173050403594971e-02
1.950610615313053131e-02
-1.495090033859014511e-02
-1.130200806073844433e-03
-5.152049474418163300e-03
4.298094287514686584e-02
1.622600294649600983e-02
-2.165050059556961060e-02
6.627151742577552795e-03
4.335355758666992188e-02
-2.090999670326709747e-02
8.644174784421920776e-03
-1.341036520898342133e-02
-4.213903844356536865e-02
-1.382094155997037888e-02
-3.812076151371002197e-02
2.327043265104293823e-01
-2.454824447631835938e-01
2.033288590610027313e-02
5.094881169497966766e-03
-3.249530866742134094e-02
2.518069371581077576e-02
5.594304297119379044e-03
-1.374060567468404770e-02
-2.331354655325412750e-02
2.688338048756122589e-02
3.444949537515640259e-02
-3.881664574146270752e-02
2.478575892746448517e-02
6.140977144241333008e-02
-8.918850682675838470e-03
7.356337271630764008e-03
2.715669944882392883e-02
-1.842469722032546997e-01
-1.163207273930311203e-02
1.849417760968208313e-02
-1.077640149742364883e-02
7.771324366331100464e-03
-5.257014650851488113e-03
1.097899861633777618e-02
-1.010675951838493347e-01
3.333716839551925659e-02
-2.203020267188549042e-02
1.018829550594091415e-02
-1.435328740626573563e-02
4.018867854028940201e-03
1.577799394726753235e-02
7.660897448658943176e-03
2.205502986907958984e-02
9.253183379769325256e-03
-2.954745106399059296e-02
8.684806525707244873e-03
-7.527161836624145508e-01
-9.057371877133846283e-03
-3.230056166648864746e-02
1.579953543841838837e-02
6.885072682052850723e-03
-1.079894043505191803e-02
1.332924794405698776e-02
-3.435441758483648300e-03
2.109508262947201729e-03
2.867006510496139526e-02
1.944707334041595459e-02
-2.295650355517864227e-02
8.276324719190597534e-03
1.715205237269401550e-02
6.160246208310127258e-03
-1.168171409517526627e-02
1.771392300724983215e-02
1.886517927050590515e-02
1.596113666892051697e-02
-1.513280067592859268e-02
-1.623717136681079865e-02
-1.150223836302757263e-01
-1.602235436439514160e-02
1.061537885107100010e-03
2.234802581369876862e-03
-2.062357775866985321e-02
2.624136209487915039e-02
1.338778994977474213e-02
-2.642789483070373535e-02
-1.700817979872226715e-02
9.305952116847038269e-03
2.281470224261283875e-02
-2.018594928085803986e-02
-3.260726109147071838e-02
6.185970269143581390e-03
-6.026332266628742218e-03
6.111484766006469727e-02
4.730540513992309570e-02
-1.360408868640661240e-02
3.554480150341987610e-02
-1.739657372236251831e-01
1.238245293498039246e-01
-6.550970673561096191e-02
3.598498180508613586e-02
3.743395442143082619e-03
-9.221431612968444824e-02
2.410623431205749512e-02
-1.209787502884864807e-01
7.181334495544433594e-02
6.662447005510330200e-02
-3.180307522416114807e-02
3.623592108488082886e-02
8.108755946159362793e-02
4.754377156496047974e-02
2.831635996699333191e-02
1.288014948368072510e-01
-1.246469840407371521e-02
-9.374452382326126099e-02
1.946094259619712830e-02
-1.474721450358629227e-02
-7.354798913002014160e-02
2.014886122196912766e-03
-3.419281542301177979e-02
5.858429521322250366e-02
-9.075639396905899048e-02
-2.081093378365039825e-02
-1.293878816068172455e-02
1.818554475903511047e-02
1.719350740313529968e-02
-4.758878797292709351e-02
3.212099522352218628e-02
6.223938614130020142e-02
-1.165935471653938293e-01
7.746477425098419189e-02
-6.023497134447097778e-02
-8.308523334562778473e-03
-5.167457461357116699e-02
1.399953961372375488e-01
9.995266795158386230e-02
-2.583842165768146515e-02
3.772006928920745850e-02
8.414441347122192383e-01
2.653961256146430969e-02
-6.691168062388896942e-03
7.655525207519531250e-02
-7.150376588106155396e-02
7.263667136430740356e-02
9.993746131658554077e-02
-4.157282039523124695e-02
-6.908922642469406128e-02
2.457640692591667175e-02
-3.282901644706726074e-02
-6.934548914432525635e-02
7.932052761316299438e-02
1.719786673784255981e-01
8.537597954273223877e-03
-3.725186921656131744e-03
7.312485016882419586e-03
4.039655998349189758e-02
1.218501757830381393e-02
-7.215349469333887100e-03
-5.814647302031517029e-02
2.528793923556804657e-02
-3.829117491841316223e-02
-2.540356479585170746e-02
-5.727015808224678040e-02
1.745483279228210449e-02
-2.349622920155525208e-02
-2.516004070639610291e-02
5.642659962177276611e-02
-3.718031570315361023e-02
1.282362965866923332e-03
1.365702599287033081e-02
-6.386883556842803955e-02
-4.763269424438476562e-02
-2.357285283505916595e-02
6.594810634851455688e-02
-5.488667171448469162e-03
-6.800763309001922607e-03
6.511961668729782104e-02
-3.261534729972481728e-03
6.255913525819778442e-02
1.143344640731811523e-01
-1.323557738214731216e-02
1.093522086739540100e-02
-5.474424362182617188e-02
6.002029031515121460e-02
1.708380877971649170e-02
-3.372009098529815674e-02
1.965184696018695831e-03
4.361790418624877930e-02
-7.704078406095504761e-02
7.239850610494613647e-02
1.188343763351440430e-02
2.629543840885162354e-02
-8.748028427362442017e-03
-1.848840899765491486e-02
-4.716335982084274292e-02
-6.043116375803947449e-02
-8.191817253828048706e-02
-1.386183686554431915e-02
4.314782470464706421e-02
-5.585412029176950455e-03
-4.436561837792396545e-03
6.701845675706863403e-02
1.882453635334968567e-02
1.361115463078022003e-02
1.963514648377895355e-02
4.022164270281791687e-02
1.624015904963016510e-02
-4.229696467518806458e-02
2.972029708325862885e-02
8.294622600078582764e-02
-5.123190954327583313e-02
3.196236491203308105e-02
-2.557084709405899048e-02
5.085831880569458008e-02
-3.413556143641471863e-02
3.280174359679222107e-02
-1.655969972489401698e-04
-1.895251870155334473e-02
4.279442131519317627e-02
3.300076723098754883e-02
2.416576817631721497e-02
3.055706061422824860e-02
8.785891532897949219e-02
-4.305750876665115356e-02
4.604463279247283936e-02
-2.595536038279533386e-02
-1.085068136453628540e-01
-3.790283575654029846e-02
8.187860250473022461e-03
2.703445591032505035e-02
7.065013051033020020e-02
4.288747161626815796e-02
-3.261417383328080177e-03
-7.541381567716598511e-02
-1.087696179747581482e-01
4.729108139872550964e-02
-6.002369802445173264e-03
5.151645094156265259e-02
4.656090959906578064e-02
6.974071264266967773e-03
-2.379125542938709259e-02
-3.122491016983985901e-02
-1.203413307666778564e-02
6.334410049021244049e-03
3.399290144443511963e-02
-2.927425503730773926e-02
2.903717197477817535e-02
5.440101772546768188e-02
3.424850478768348694e-02
5.886953324079513550e-02
-4.996906965970993042e-02
5.799001082777976990e-02
-3.817729651927947998e-02
5.050933733582496643e-02
1.643170416355133057e-02
1.945753209292888641e-02
2.154761180281639099e-02
-2.619319967925548553e-02
6.630711257457733154e-02
-3.484902158379554749e-02
6.307609379291534424e-02
7.265447825193405151e-02
-3.986435383558273315e-02
4.042457416653633118e-02
-3.327967226505279541e-02
-7.839977741241455078e-02
5.877304449677467346e-02
5.045535787940025330e-02
2.638189867138862610e-02
1.125306077301502228e-02
6.287932395935058594e-02
3.810346871614456177e-02
7.189770787954330444e-02
3.731354326009750366e-02
3.899706155061721802e-02
1.692108809947967529e-02
-1.154658291488885880e-02
-3.110404312610626221e-02
1.293114852160215378e-02
4.219460114836692810e-02
9.875961393117904663e-02
-2.225313894450664520e-02
-7.721229642629623413e-02
4.489030316472053528e-02
-2.444736286997795105e-02
7.888527214527130127e-02
-2.680142410099506378e-03
5.729347467422485352e-03
6.025838665664196014e-03
2.664108760654926300e-02
-9.095574729144573212e-03
5.672927573323249817e-02
-9.419158101081848145e-03
-5.241178348660469055e-02
1.161981653422117233e-02
7.932081073522567749e-02
-7.346233725547790527e-02
-1.500014681369066238e-02
-5.718486756086349487e-02
7.969769649207592010e-03
3.478588908910751343e-02
-4.106070846319198608e-02
-1.325829420238733292e-02
-5.489329248666763306e-02
9.992954321205615997e-03
5.594293586909770966e-03
-1.791485212743282318e-02
2.713118493556976318e-02
2.329041715711355209e-03
-2.611645497381687164e-02
1.634809747338294983e-02
2.945441566407680511e-02
-3.121452173218131065e-03
6.433998793363571167e-02
-5.129431560635566711e-02
2.942704781889915466e-02
-6.374881137162446976e-03
4.679393395781517029e-02
3.704540431499481201e-02
-3.240707144141197205e-02
1.793647184967994690e-02
1.993471011519432068e-02
-2.911332994699478149e-02
-1.312128361314535141e-02
1.705708913505077362e-02
-1.408152841031551361e-02
-1.409796997904777527e-02
4.940975829958915710e-02
-3.146128356456756592e-02
-3.435287624597549438e-02
-2.036885544657707214e-02
4.091384634375572205e-02
6.327261775732040405e-02
-6.943102180957794189e-02
1.681868173182010651e-02
-2.692306041717529297e-02
-1.044601551257073879e-03
-1.813630660763010383e-04
-1.973162405192852020e-02
-2.344481088221073151e-02
4.467438533902168274e-02
6.844565737992525101e-03
-1.312272809445858002e-02
2.355225943028926849e-02
-3.606288507580757141e-02
-6.611343473196029663e-02
2.398007735610008240e-02
-4.214049130678176880e-02
2.767410688102245331e-02
-4.439841955900192261e-02
1.495998934842646122e-03
-1.800812408328056335e-02
1.641925424337387085e-02
-1.445222739130258560e-02
-1.558491587638854980e-02
2.283965609967708588e-02
5.286553129553794861e-02
1.198460720479488373e-02
2.014633081853389740e-02
4.475105926394462585e-02
-4.618423804640769958e-02
7.481464743614196777e-02
-3.607144206762313843e-02
3.815418854355812073e-02
1.097710877656936646e-01
8.181437104940414429e-02
6.233410909771919250e-03
-2.817211113870143890e-02
8.246162533760070801e-02
3.604154800996184349e-03
1.332360552623867989e-03
-5.237408727407455444e-02
2.549444697797298431e-02
7.343098521232604980e-02
4.903025552630424500e-02
5.142730474472045898e-02
-1.412778813391923904e-02
1.847800239920616150e-02
1.457473263144493103e-03
-1.110857725143432617e-01
5.190747976303100586e-02
-5.011615529656410217e-02
1.478125527501106262e-02
6.488721817731857300e-02
-5.369234457612037659e-02
-2.021047472953796387e-02
1.880810782313346863e-02
-8.736917749047279358e-03
1.096784230321645737e-02
4.677611961960792542e-02
-1.395693141967058182e-02
5.932290223427116871e-04
1.019544084556400776e-03
-7.892731577157974243e-03
8.824520558118820190e-02
-7.882105559110641479e-02
7.395363599061965942e-02
-8.469346910715103149e-02
7.757732272148132324e-02
-3.759060800075531006e-02
-8.497824892401695251e-03
4.599150270223617554e-02
4.396683350205421448e-02
2.067019231617450714e-02
-4.568380862474441528e-02
-1.779174432158470154e-02
8.415671065449714661e-03
-4.565991461277008057e-02
1.588362269103527069e-02
6.623736768960952759e-02
3.162704035639762878e-02
5.444575101137161255e-02
-5.250185728073120117e-02
-1.651134807616472244e-03
2.788979187607765198e-02
-3.862193971872329712e-02
7.124437391757965088e-02
-9.137877263128757477e-03
4.771000519394874573e-02
3.963889926671981812e-02
1.003920100629329681e-03
5.068759992718696594e-02
-5.656985193490982056e-02
1.273443736135959625e-02
-1.150047779083251953e-02
6.490798294544219971e-02
-4.006934911012649536e-02
-4.621354863047599792e-02
2.600362896919250488e-02
4.236325039528310299e-04
-7.574324309825897217e-02
4.657629877328872681e-02
-7.683346047997474670e-03
1.878600381314754486e-02
-2.516455203294754028e-02
-5.469071492552757263e-02
5.894485116004943848e-02
-1.379913371056318283e-02
1.793553383322432637e-04
-2.420821599662303925e-02
5.339385196566581726e-02
-6.875864416360855103e-02
-5.475279688835144043e-02
-1.073408499360084534e-02
-1.809256896376609802e-02
-1.597304642200469971e-02
-4.867914319038391113e-02
4.835227131843566895e-02
-4.533892869949340820e-02
5.304386839270591736e-03
2.582765370607376099e-02
-3.945982083678245544e-02
-7.086152583360671997e-02
2.656075172126293182e-02
6.849068403244018555e-02
1.028826162219047546e-01
-2.426171675324440002e-02
-4.048108682036399841e-02
1.996212638914585114e-02
3.677991405129432678e-02
-3.493232280015945435e-02
-1.207652315497398376e-01
-2.174668200314044952e-02
-1.875606365501880646e-02
-3.581942245364189148e-02
-1.743510738015174866e-02
8.552435040473937988e-02
3.025437332689762115e-02
-1.590568199753761292e-02
1.991415768861770630e-02
2.501910552382469177e-02
-1.785619370639324188e-02
-1.804880984127521515e-02
-1.754512079060077667e-02
-3.343802178278565407e-03
-1.775855943560600281e-02
1.231728419661521912e-01
3.333343565464019775e-02
-2.716620825231075287e-02
2.208038978278636932e-02
7.193506509065628052e-02
-5.694064125418663025e-02
3.866233676671981812e-02
2.265998860821127892e-03
-5.484720319509506226e-02
1.264947652816772461e-02
1.536400057375431061e-02
9.685523062944412231e-02
1.418018061667680740e-02
4.387157410383224487e-02
2.354427613317966461e-02
3.088494390249252319e-02
7.726971805095672607e-02
4.703935235738754272e-03
-2.787810750305652618e-03
6.843438837677240372e-03
-2.826458029448986053e-02
-3.289850801229476929e-02
-4.071041475981473923e-03
3.355430811643600464e-02
-7.301453966647386551e-03
9.658055007457733154e-02
-5.251125246286392212e-02
3.538634628057479858e-02
-1.526314765214920044e-02
-1.847864501178264618e-02
-3.026096150279045105e-02
2.147163636982440948e-02
1.519529055804014206e-02
-3.863553982228040695e-03
-2.354848943650722504e-02
-6.747203320264816284e-02
-1.529607339762151241e-03
5.295146256685256958e-02
2.148121781647205353e-02
-4.167272895574569702e-02
-1.079212799668312073e-01
-3.859488666057586670e-02
-3.094015410169959068e-03
-1.365311723202466965e-02
-1.851965487003326416e-02
7.567309588193893433e-02
4.073493182659149170e-03
8.340431377291679382e-03
1.634361408650875092e-02
-3.908606991171836853e-02
6.353118456900119781e-03
4.493293911218643188e-02
-9.624180383980274200e-03
1.885541900992393494e-02
-5.501742940396070480e-03
1.986172795295715332e-02
-2.556969784200191498e-02
-9.401217848062515259e-02
3.666460886597633362e-02
-1.677696220576763153e-02
-1.895415224134922028e-02
-7.297877222299575806e-02
-7.293872535228729248e-02
7.066074758768081665e-02
2.210144419223070145e-03
-8.325631171464920044e-02
-1.937454752624034882e-02
-4.319493100047111511e-02
3.891451656818389893e-02
-5.372664332389831543e-02
8.935781568288803101e-02
-2.043173648416996002e-02
-1.057761535048484802e-02
-2.193853072822093964e-02
5.945008620619773865e-02
-7.575649768114089966e-03
2.666937373578548431e-02
1.359264105558395386e-01
-7.327641546726226807e-02
-1.612070947885513306e-02
3.447375446557998657e-02
5.152967572212219238e-02
3.311008587479591370e-02
-8.301140740513801575e-03
9.626633673906326294e-02
1.038497239351272583e-01
-1.325638499110937119e-02
-2.637045644223690033e-02
-3.028423059731721878e-03
-4.394539445638656616e-02
-2.192325703799724579e-02
2.801758982241153717e-02
3.347261622548103333e-02
4.417499294504523277e-04
2.423790842294692993e-02
-1.000267826020717621e-02
-4.128885641694068909e-02
3.222575760446488857e-04
-3.177957236766815186e-02
4.883589223027229309e-02
-1.847182586789131165e-02
4.328826814889907837e-02
7.859176024794578552e-03
2.223679982125759125e-02
5.287509039044380188e-02
-1.875511184334754944e-02
-6.050344929099082947e-02
-5.397121421992778778e-03
5.109374225139617920e-02
7.694213092327117920e-02
6.649505347013473511e-03
-4.083291068673133850e-02
1.161352358758449554e-02
-3.857460990548133850e-02
-1.983657479286193848e-02
-9.743866510689258575e-03
-3.137760236859321594e-02
7.115999609231948853e-02
-1.990083977580070496e-02
-4.798937588930130005e-02
-3.164033219218254089e-02
3.206021338701248169e-02
-1.207358203828334808e-02
-5.309403687715530396e-02
-2.262784168124198914e-02
9.457926452159881592e-02
7.728855125606060028e-03
5.068408790975809097e-03
-3.945573046803474426e-02
9.392536431550979614e-02
2.133619599044322968e-02
-2.194348536431789398e-02
2.326120622456073761e-02
3.711338713765144348e-02
-7.112186402082443237e-02
1.671711541712284088e-02
3.425157442688941956e-02
-2.998132631182670593e-02
1.308037340641021729e-02
2.730293571949005127e-02
5.439903587102890015e-02
-7.104066014289855957e-02
5.533364787697792053e-02
-4.555815085768699646e-02
9.143923968076705933e-02
2.012054063379764557e-02
-8.567615598440170288e-02
6.098249927163124084e-03
7.272843737155199051e-03
-2.372909709811210632e-02
2.864663675427436829e-02
-4.913262650370597839e-02
1.373663358390331268e-02
-4.772109538316726685e-02
-4.802937153726816177e-03
2.753326669335365295e-02
-5.367228877730667591e-04
5.054896697402000427e-03
2.792658470571041107e-02
-4.893038049340248108e-02
-3.444104269146919250e-02
1.139133796095848083e-01
1.990882866084575653e-02
-3.471298515796661377e-02
-3.007536055520176888e-03
-8.178233355283737183e-02
5.533564835786819458e-02
2.790658548474311829e-02
-4.472720902413129807e-03
1.042755786329507828e-02
5.274647846817970276e-03
1.742424257099628448e-02
1.027811132371425629e-02
7.379768043756484985e-02
-3.737662360072135925e-02
3.438118100166320801e-02
-2.201095409691333771e-02
5.415466427803039551e-02
-2.473356388509273529e-02
-1.112956320866942406e-03
-7.155893743038177490e-02
-9.373173862695693970e-02
5.386668816208839417e-02
-1.416000258177518845e-02
6.343869119882583618e-02
-6.159324944019317627e-02
-3.397750109434127808e-02
-7.927007973194122314e-03
-1.593467965722084045e-02
-2.053257310763001442e-03
-5.693324282765388489e-02
3.628221154212951660e-02
