0.1122685372829437
0.0458324477076530
0.0285504292696714
0.0098001779988408
-0.0621121190488338
-0.0506977178156376
-0.0425693430006504
0.0115343006327748
0.0694403797388077
0.0863562598824501
0.0355440601706505
0.0970439240336418
0.0942880511283875
0.0717476680874825
-0.0835419595241547
-0.0911150351166725
-0.0999822542071342
-0.0534264296293259
0.0508877336978912
-0.1032762825489044
-0.0478716567158699
0.0311941951513290
-0.0507170073688030
-0.0021722756791860
-0.0374719947576523
-0.0239770077168941
0.0249977931380272
0.0703492313623428
-0.0771694257855415
0.0625271946191788
-0.0795810222625732
0.0532782487571239
0.1248245984315872
-0.0345139577984810
0.0387280508875847
0.0625566616654396
0.0430351644754410
-0.0011451694881544
0.0600488856434822
0.0163379684090614
-0.0875590816140175
0.0112366015091538
0.1123860105872154
-0.0245448872447014
0.1130230575799942
0.1085635349154472
0.0105460919439793
0.0311301182955503
0.0077997799962759
-0.0396999381482601
-0.0853258445858955
0.0961302667856216
0.0851634740829468
0.0303907878696918
-0.0847816318273544
-0.0871326327323914
-0.0628218054771423
-0.0018126310314983
0.0495396293699741
0.0306674297899008
0.0395440347492695
-0.0615874528884888
-0.0220326036214828
-0.0844460949301720
-0.0319681726396084
-0.0316444337368011
-0.0486015751957893
0.0530634522438049
0.1038881018757820
-0.0041150902397931
0.0723052248358727
-0.0672679468989372
0.0326890163123608
-0.0204994697123766
-0.0670771151781082
-0.0273061078041792
-0.0017666000640020
-0.0190201699733734
0.0673007294535637
0.0167453773319721
-0.1173049584031105
0.0929357856512070
0.0607991851866245
-0.0917625948786736
0.0840585306286812
0.0492191575467587
0.0450289659202099
0.0166914816945791
-0.0525452606379986
-0.0086776446551085
0.0324053242802620
-0.0446365512907505
-0.0923053398728371
-0.0169113539159298
0.0296142157167196
-0.0640732869505882
-0.0186199750751257
-0.0711050778627396
0.0173633359372616
0.0746434181928635
0.0873299986124039
-0.0441494844853878
-0.0601236000657082
-0.0660678446292877
-0.0654373243451118
0.0238257963210344
-0.0563469193875790
0.0328514166176319
0.0690505355596542
0.0845698416233063
0.0825284495949745
0.0680101588368416
0.0888057276606560
0.0115871969610453
-0.0648405402898788
0.0458645038306713
0.0516410097479820
-0.0490151494741440
-0.1303021907806396
0.0925645828247070
-0.0780432224273682
0.0801174193620682
0.0541287735104561
-0.0283622313290834
-0.0174849722534418
-0.0221436172723770
0.1180365011096001
-0.0324034504592419
0.0733773559331894
0.0670569315552711
0.0021374342031777
0.1157743781805038
0.0347507148981094
0.0364586114883423
0.0914044678211212
-0.0807673484086990
0.0308547634631395
-0.0704845711588860
0.0311811268329620
0.1275747120380402
0.0562340579926968
0.0792609453201294
0.0439994744956493
0.0678344815969467
-0.0032229793723673
-0.0020060541573912
0.0083833569660783
0.1165219023823738
-0.0002031577023445
0.0678092390298843
0.0225494094192982
0.0098892496898770
0.0018170004477724
0.0148421889171004
0.1108758971095085
0.0952383577823639
-0.0250024404376745
-0.0253720507025719
-0.0695032924413681
0.0193948280066252
0.0653903782367706
0.0421255342662334
0.0157607570290565
-0.0037641546223313
0.0030637944582850
-0.0761788412928581
0.0580734275281429
0.1125259995460510
0.0939979031682014
0.0580497384071350
-0.1094084456562996
-0.0601658523082733
0.0583952888846397
0.0648010075092316
-0.0446109175682068
-0.0191964991390705
-0.0462701395153999
0.0944321826100349
0.0728222504258156
-0.0393425300717354
-0.0306646339595318
0.0894460603594780
0.0160995330661535
0.1359611749649048
0.0695033371448517
-0.0285950936377048
-0.0280382279306650
-0.0750388503074646
-0.0165102705359459
0.0909405425190926
-0.0302406288683414
-0.0721226334571838
-0.0332813896238804
-0.0856215283274651
-0.0507541112601757
-0.1506875902414322
0.0131024029105902
0.0797133892774582
-0.0269745346158743
-0.0452199652791023
-0.0249243415892124
0.0888630673289299
0.0413000918924809
-0.1003742292523384
0.0312887579202652
0.0085954125970602
0.0679225400090218
-0.0639550164341927
-0.0285807996988297
0.0456396788358688
0.0845849886536598
0.0689874216914177
-0.0435131303966045
0.0210213568061590
-0.0692235454916954
-0.0165740568190813
0.0293444879353046
-0.0325791612267494
0.0213085263967514
0.1035974323749542
-0.0140022113919258
-0.0750411525368690
0.0524871572852135
-0.0589589774608612
-0.0268760900944471
-0.0210405886173248
-0.0294444616883993
0.0387624129652977
-0.0141865946352482
-0.0845043957233429
-0.0373469479382038
0.1277635246515274
0.0192718803882599
0.0141288712620735
-0.0961994454264641
0.0129172038286924
0.0620055571198463
-0.1092687025666237
-0.0589965358376503
-0.0872323662042618
0.0544115416705608
0.0350998342037201
-0.0275010950863361
0.1014806926250458
0.0576785877346992
0.0372627787292004
-0.0172190386801958
-0.0303396265953779
-0.0236941762268543
0.0604556985199451
-0.0216905586421490
-0.0172488912940025
-0.0038999358657748
-0.0419697538018227
-0.0600260198116302
-0.0527809411287308
-0.0322474688291550
-0.0913233160972595
-0.0315251350402832
-0.0119450306519866
0.0492991693317890
-0.2364718765020370
0.1068105399608612
0.1234049871563911
-0.0860608071088791
-0.0212901663035154
-0.0790817216038704
0.1247333809733391
0.0583539195358753
-0.0339182093739510
0.0210895258933306
0.0766901075839996
-0.2124367505311966
-0.0763505920767784
0.1805424690246582
-0.2238729745149612
-0.1228669062256813
-0.0446323901414871
-0.0265306495130062
-0.1592300385236740
-0.0371098332107067
-0.0734891667962074
-0.1783034354448318
-0.2330377101898193
-0.0018870147177950
-0.0248094853013754
0.0732221826910973
-0.0492363311350346
0.0344260372221470
-0.0765863209962845
-0.1635894775390625
-0.0435685031116009
0.1408591866493225
-0.0507552474737167
-0.0760314315557480
-0.1635295450687408
-0.1321583092212677
0.0754118785262108
-0.0952951684594154
-0.1344924271106720
-0.1430786550045013
0.0753941759467125
0.1537571698427200
-0.2011212110519409
-0.0677947103977203
0.1956635415554047
0.0086526162922382
0.1825845837593079
-0.0094890967011452
-0.2026241868734360
-0.0242470856755972
-0.2250221073627472
0.1078327223658562
0.0588613115251064
-0.0502426400780678
0.0983879864215851
0.1906030625104904
0.2599023282527924
0.1563910841941833
-0.1741460114717484
0.0108832987025380
-0.0207664668560028
0.0359148494899273
0.0255604460835457
-0.0327061340212822
0.0095375794917345
-0.0454875975847244
0.0159845463931561
-0.0209353845566511
-0.0836674347519875
0.0305983778089285
-0.0599866136908531
-0.1248220875859261
-0.0323459766805172
0.0239034350961447
-0.0580677315592766
0.0383031666278839
-0.0589266419410706
0.0152858681976795
0.0521649979054928
-0.0418164283037186
-0.0339603126049042
0.0044828797690570
0.0288210138678551
-0.0420930944383144
-0.0254890359938145
-0.0174693502485752
-0.0437938198447227
0.0478465780615807
-0.0468577668070793
-0.0098834494128823
-0.0894222855567932
0.0325105413794518
0.0023268235381693
0.0268971752375364
-0.0770924389362335
-0.0541878566145897
0.0224067065864801
-0.0353911258280277
-0.0191125012934208
0.0502468124032021
0.0325597412884235
-0.0076366188004613
-0.0062925447709858
-0.0010936504695565
0.0741438865661621
-0.0616260692477226
-0.0003946120268665
0.0382658950984478
-0.0169211532920599
-0.0262284725904465
0.0910061076283455
0.0076998905278742
-0.0351781249046326
0.0379797928035259
0.0175922736525536
0.0261990949511528
0.0560443997383118
-0.0610193684697151
0.0337965711951256
-0.0082181226462126
-0.0103864474222064
-0.0363778993487358
-0.0100765433162451
0.0140928430482745
-0.0248633231967688
0.0200660414993763
0.0305857528001070
0.0351210720837116
-0.0239464323967695
0.0099872052669525
0.0226840544492006
0.0527071841061115
-0.0815229788422585
-0.0506712831556797
0.0359053947031498
0.0242633204907179
-0.0270609743893147
0.0099645638838410
0.0200686268508434
0.0067020487040281
-0.0011193894315511
-0.0773971006274223
0.0598816871643066
-0.0520990453660488
0.0122590400278568
0.0319416373968124
0.0665696561336517
0.0154810324311256
0.0830952525138855
0.0910586714744568
0.0313688106834888
0.0733408704400063
0.0274684149771929
0.0319911651313305
0.0155351692810655
-0.0222845356911421
-0.0807950273156166
0.0044267140328884
-0.0560744479298592
-0.0112873958423734
-0.0557820759713650
-0.0069674146361649
0.0557316094636917
0.0561495199799538
0.0572190396487713
0.0104777794331312
-0.0826693028211594
-0.0091890646144748
0.0667134225368500
-0.0650261119008064
0.0266954526305199
-0.0279761459678411
-0.0465628504753113
0.0526295155286789
-0.0642925873398781
-0.0081124939024448
-0.0237741768360138
-0.0125236827880144
0.0336532555520535
-0.0115732019767165
0.0107517149299383
-0.0222726315259933
0.0351518765091896
-0.0292825847864151
-0.0181190781295300
-0.0360979437828064
-0.0003066638309974
0.0202323850244284
-0.0077281757257879
0.0060176812112331
0.0384685546159744
0.0126751987263560
-0.0106345722451806
-0.0611240118741989
-0.0040126205421984
0.0455073527991772
-0.0214020144194365
0.0072390311397612
-0.0160625502467155
-0.0589608550071716
0.0170321911573410
-0.0378451459109783
-0.0507997684180737
0.0033524017781019
0.0414214134216309
0.0556219331920147
-0.0041417912580073
0.0124447019770741
-0.0202313642948866
-0.0197616871446371
-0.0231084916740656
0.0429782047867775
0.0426326841115952
-0.0356729179620743
-0.0008950307965279
-0.0483473278582096
0.0844274610280991
-0.0023496304638684
0.0515801906585693
-0.0221070758998394
0.0402919240295887
0.0700750425457954
0.0847595408558846
0.0528156086802483
-0.0087674260139465
0.0022524802479893
0.0177234597504139
0.0181960221379995
0.0010077474871650
0.0555159300565720
-0.0300525315105915
-0.0644247755408287
0.0430582873523235
-0.0082417335361242
0.0232578739523888
0.0585866384208202
-0.0363684259355068
0.0275542438030243
0.0219437312334776
-0.0437008291482925
0.0816997289657593
-0.0359388403594494
0.0768517926335335
0.0296827591955662
-0.0315389446914196
0.0452734306454659
-0.0285136103630066
-0.0262321233749390
-0.0033684368245304
0.0200390629470348
0.0437459982931614
0.0410204939544201
-0.0682766363024712
-0.0725373774766922
-0.0696206390857697
0.0201232023537159
0.0325500145554543
-0.0007520942599513
-0.0001572200271767
-0.0087823430076241
-0.0479246787726879
0.0057056061923504
-0.0433849617838860
-0.0273270551115274
0.0419543310999870
-0.0197557248175144
0.0311816837638617
-0.0161946658045053
-0.0228395313024521
-0.0433487147092819
-0.0491677708923817
0.0479090288281441
-0.0437628887593746
0.0709933042526245
-0.0412647202610970
-0.0072734402492642
-0.0518421865999699
-0.0179716870188713
0.0630152896046638
0.0429667234420776
-0.0255696959793568
-0.0163272768259048
0.0630711168050766
0.0054011298343539
0.0761993303894997
-0.0664532706141472
0.0016186793800443
-0.0311012826859951
-0.0771458521485329
0.0532030463218689
-0.0206319205462933
0.0216017086058855
-0.0738988146185875
0.0149669907987118
-0.0347690731287003
-0.0015497724525630
0.0079644424840808
0.0369117073714733
0.0051200157031417
0.0445056036114693
0.0473151095211506
0.0230744052678347
-0.0273212306201458
-0.0051378090865910
-0.0047144037671387
-0.0081861568614841
0.0082338405773044
-0.1128764376044273
0.0241395868360996
-0.0666048377752304
-0.0252912491559982
0.0358066335320473
0.0292471721768379
-0.0404990501701832
-0.1035711467266083
-0.0863885730504990
-0.0459136515855789
0.0290590412914753
-0.0389073267579079
0.0255685504525900
-0.0328554250299931
-0.0338966511189938
0.0434662923216820
0.0376641117036343
0.0666491016745567
-0.0224585589021444
0.0139388460665941
0.0227813739329576
-0.0357566624879837
0.0711142793297768
0.0093375565484166
-0.0464379265904427
-0.0323510915040970
0.0597442090511322
0.0719536021351814
0.0350903645157814
0.0396872758865356
-0.0619084760546684
0.0117334136739373
0.0542107149958611
-0.0552132539451122
0.0669061765074730
-0.0695440471172333
-0.0041667902842164
-0.0669338405132294
-0.0137865776196122
-0.0294899605214596
0.0140253445133567
0.0388017445802689
-0.0559935308992863
0.0112868165597320
-0.0350238308310509
0.0497815348207951
0.0305140092968941
0.0427095144987106
0.0851546972990036
-0.0473242588341236
0.0312171243131161
-0.0439219661056995
-0.0451591275632381
-0.0188102982938290
-0.0651655867695808
-0.0105038667097688
0.0095289479941130
0.0310224015265703
0.0162234287708998
-0.0727136954665184
-0.0604255720973015
0.0675076395273209
-0.0018542112084106
-0.0685903355479240
0.0616448372602463
-0.0400279983878136
0.0177267659455538
-0.0162132829427719
-0.0616226196289062
0.0258878115564585
0.0027587378863245
0.0054422738030553
-0.0474479831755161
0.0428186208009720
-0.0296479649841785
-0.0274128932505846
-0.0235849432647228
0.0025628500152379
-0.0076197921298444
0.0019626324065030
-0.0083736330270767
0.0685824751853943
-0.0484024770557880
-0.0223670303821564
0.0127631444483995
-0.0353247225284576
0.0313004627823830
-0.0349364355206490
-0.0280895773321390
-0.0414447784423828
-0.0650964602828026
0.0647387728095055
0.0351675897836685
-0.0717012807726860
-0.0011230116942897
-0.0309877544641495
0.0409120135009289
0.0889086872339249
0.0433366447687149
0.0300857424736023
0.0063842684030533
0.0291154738515615
-0.0178491510450840
-0.0299514066427946
0.0237063486129045
-0.0293894950300455
-0.0673727020621300
-0.0335262827575207
-0.0058686193078756
0.0269770454615355
0.0095251081511378
0.0155747719109058
0.0280747134238482
-0.0660639181733131
-0.0826132372021675
0.1018575131893158
0.0567555911839008
-0.0717658475041389
-0.0425063446164131
0.0745596513152122
-0.0864092856645584
0.0030280607752502
-0.0242852494120598
0.0088651254773140
-0.0073958560824394
0.0343222506344318
0.0187030676752329
-0.0273828096687794
0.0047400700859725
-0.0237321183085442
0.0587131008505821
-0.0249504558742046
0.0255438499152660
0.0846160203218460
0.0929391533136368
0.0330166667699814
-0.0469490289688110
0.0057865018025041
0.0046142418868840
0.0450432561337948
-0.0043131951242685
0.0216607209295034
0.0129694929346442
-0.0682126730680466
-0.0116383098065853
-0.0409726202487946
0.0022928859107196
0.0381178632378578
-0.0122262816876173
0.0338392183184624
-0.0882907360792160
-0.0609613768756390
-0.0567796230316162
-0.0129404319450259
0.0680309683084488
0.0598418079316616
-0.0421872325241566
0.0141816427931190
0.0795701593160629
0.0004412097332533
-0.0293312519788742
0.0078572053462267
0.0320530347526073
-0.0431532748043537
-0.0067442464642227
0.0826658979058266
-0.0579295530915260
0.0451734587550163
0.0188535973429680
-0.0064246486872435
-0.0430820919573307
-0.0975656732916832
0.0179236978292465
0.0288525354117155
-0.0262641590088606
-0.0747574344277382
0.0361345522105694
0.0157564301043749
-0.0386092364788055
-0.0356661379337311
0.0460092276334763
0.0291462522000074
0.0409858077764511
-0.0604129023849964
0.0643947049975395
0.0125508597120643
-0.0462997928261757
0.0553590953350067
-0.0150382798165083
0.0362910218536854
0.0277373585850000
-0.0445587188005447
-0.0916880145668983
-0.0324183180928230
0.0176418069750071
0.0938504561781883
-0.1029253751039505
0.0470894910395145
-0.0640874803066254
-0.0538785085082054
-0.0228939242660999
0.0203619115054607
0.0163467992097139
-0.0461156629025936
0.0153319509699941
0.0386227294802666
-0.0037469710223377
0.0462509281933308
0.0085767498239875
-0.0748275145888329
-0.0571728572249413
0.0802366659045219
0.0322470925748348
0.0574385039508343
-0.0261419583112001
-0.0127270286902785
-0.0220291148871183
-0.0528600215911865
0.0271098371595144
-0.0059814280830324
0.0516874082386494
0.0228445157408714
0.0273595210164785
0.0492307282984257
0.0310189258307219
-0.0632965192198753
-0.0854399874806404
-0.0869065746665001
-0.0354011431336403
-0.0469823069870472
-0.0643891841173172
-0.0508844964206219
0.0037288335151970
-0.0374323166906834
-0.0445403940975666
-0.0322636701166630
0.0280964039266109
0.0301525127142668
-0.0110447360202670
0.1213093250989914
0.0219105724245310
0.0218049157410860
0.0283231381326914
0.0865143090486526
-0.0409839376807213
0.0288254804909229
-0.0597101673483849
-0.0224245674908161
-0.0298466216772795
0.0425391867756844
-0.0077696009539068
-0.0310196802020073
0.0113360052928329
0.0718990862369537
-0.0830635502934456
0.0027353130280972
0.0505235716700554
-0.0285022240132093
-0.0457297042012215
-0.0618107058107853
-0.0644148141145706
-0.0155398165807128
-0.0579272583127022
-0.0282209664583206
