-0.01390757
0.02343559
0.00908604
0.02936888
0.01607524
-0.03027936
0.01128495
0.03253037
-0.01032297
0.01948450
-0.00903822
-0.00206215
0.03093456
-0.02517124
0.01415583
0.03578379
0.00673422
0.00826717
0.02053236
-0.00507410
0.00113745
-0.06075477
0.02110470
0.05237211
-0.01301764
-0.02377369
-0.01075597
0.02806176
0.00076736
0.00694494
0.09698772
0.02841187
0.00048609
0.01068395
-0.02835044
-0.04948733
-0.02435293
0.02299948
0.02796236
0.08011475
-0.01195074
0.01862270
0.05369368
0.02790799
-0.00871701
0.02648744
0.02013959
0.02312863
-0.00372997
-0.03228948
0.02445516
-0.03712254
0.08282594
0.01792013
-0.00052389
0.00773469
0.00728473
0.02174810
0.38871649
-0.01626347
-0.01329692
-0.03073754
0.00595419
0.03618507
-0.00573980
0.04097863
0.00548486
-0.02572516
-0.09390827
-0.00407878
0.04022276
0.00358307
0.05570577
-0.01872963
-0.06296656
0.04295675
0.05990351
-0.01715967
-0.03807691
-0.00318472
0.00599078
-0.01977797
-0.01535850
-0.01018817
0.04433743
0.00638340
-0.00371375
-0.01074912
-0.00139917
-0.01826748
0.00436428
0.04710335
-0.08471908
-0.04711663
0.00601251
0.01446646
0.00037610
-0.02437799
-0.01224781
-0.02909730
-0.01263864
0.01295524
0.02728439
-0.00266875
-0.00006086
0.03807323
0.03718817
-0.01899487
-0.02967498
0.02742468
-0.02283225
0.01285658
0.04659432
0.01627857
0.00741630
0.00518108
0.01472388
-0.02649987
-0.02243594
-0.01022132
-0.02814838
-0.00222526
-0.01077681
0.01564131
0.00850731
-0.01561320
-0.03530847
-0.00810709
0.00865990
-0.06212274
0.07629099
0.01612844
0.01040462
-0.00540170
-0.03430321
0.02369319
0.08183999
-0.01531730
0.08912909
0.02840116
0.00167258
-0.03286739
0.05803402
-0.03543479
0.06142648
0.02556160
0.03209724
-0.00651836
-0.02285778
-0.00225703
-0.04934012
0.00670383
0.03415409
0.05304809
0.00968108
-0.01649323
-0.00033697
-0.02295502
-0.00233328
-0.01962194
-0.00886902
0.01666567
-0.09118868
-0.02068512
0.00120044
-0.02646863
-0.05153639
0.02703154
-0.02991910
-0.03713622
-0.00705112
0.02932454
-0.00402909
0.01888423
0.01129116
-0.02653392
0.01712699
0.01344823
0.01334897
-0.02178142
0.00007465
-0.01276523
-0.02189482
-0.03159646
-0.02324778
0.13638516
-0.05856075
0.03214518
0.03944898
-0.04585666
-0.09023544
-0.01624346
0.01894638
0.02575782
0.00158803
0.01431271
0.03950370
-0.03285434
0.03975416
-0.00986952
-0.11944402
-0.01205889
-0.07394430
0.02777313
0.01612590
0.08987854
-0.00435479
0.04150402
-0.02491423
0.00619756
0.02151529
0.03404534
-0.03160259
-0.02031803
-0.00524783
-0.04734614
-0.00441853
-0.00042115
0.04764032
0.00740334
-0.01868551
-0.74410921
-0.00535125
0.03259723
-0.01619103
0.00788679
0.04355682
0.00569204
-0.04609944
0.01984568
0.01062119
0.00572896
-0.01428245
0.00886254
0.04175211
0.04029056
0.03978209
-0.00073703
-0.00968126
-0.01890846
0.02049669
-0.03411901
0.02086679
0.05839301
-0.00842469
-0.02757709
-0.03174271
0.00386205
0.00680624
0.08126713
-0.00664503
0.01137366
-0.06103666
-0.00577344
0.04278573
0.00888448
0.02713733
0.05373535
0.03759336
0.00575842
0.05167717
-0.03543259
0.04453825
-0.00667873
-0.01502622
-0.00296294
0.01617097
-0.03191627
-0.13031234
-0.06397194
-0.00056307
0.08897831
0.03516167
0.06489433
0.03674335
0.02160355
0.00667506
-0.06765574
0.03082981
-0.03424943
-0.01539357
0.04765960
0.11514074
-0.08122916
0.05540287
0.05467835
0.01849893
0.06142484
0.08308034
-0.02541663
0.08095346
-0.05804033
0.00483584
-0.02581470
0.02804850
-0.00045647
-0.09730542
-0.04949690
0.05203113
-0.02272155
0.02811233
-0.02724382
0.90850490
0.04031077
-0.02767074
-0.02043772
-0.03280479
0.15257287
-0.03037668
0.00546757
-0.05477745
-0.01801813
0.09105054
-0.03592850
-0.04283012
0.01569908
-0.01219553
-0.05555697
-0.04570813
-0.04991444
0.02171147
0.00563801
-0.02961002
0.01299502
-0.03436601
-0.00953624
-0.06794722
-0.02037203
0.04194705
0.00603956
-0.03044373
-0.02295504
0.00548324
0.04567201
-0.02571062
0.01989099
-0.01981544
0.03946661
0.07173199
-0.00577700
-0.07303571
-0.02091609
-0.04931463
-0.01904313
-0.06911492
-0.04374209
0.01211582
-0.01278930
-0.06209827
0.06757018
-0.02233000
-0.00833471
0.00925327
0.06034055
-0.01602829
-0.05232348
0.00030713
-0.04309667
0.04371716
-0.01211188
0.00829755
0.01853529
-0.02113661
0.01520845
0.00310173
-0.06409831
-0.06387082
0.05940988
-0.03611537
0.00588016
-0.02236242
0.00757470
0.02550659
0.07137936
0.02330124
0.03030871
-0.00758883
-0.01948904
-0.00210098
0.03880215
-0.00908274
0.01302382
-0.00349215
-0.03138771
0.03641723
0.02133641
-0.00024989
0.05041718
-0.00596295
0.04321630
-0.06561609
0.01106530
0.04262993
0.01201174
0.02373408
-0.02566469
0.10961492
0.05790116
-0.00641269
0.00291389
0.02476967
0.02733511
0.04193988
-0.02374313
-0.01435206
-0.05778756
-0.03541800
-0.00588318
-0.00073645
0.01673855
-0.01399527
0.00232970
0.00007038
0.01222310
-0.00552441
-0.02128451
-0.00869827
-0.01907922
-0.09916921
-0.04627749
0.00450692
-0.05388155
-0.05429171
0.02702005
-0.03704629
-0.05598701
-0.02579332
-0.11388002
-0.04839609
0.00080092
0.06840698
-0.08728573
0.02754332
-0.04369802
0.00364151
-0.00285219
0.05497394
-0.04296768
0.03815969
-0.06638532
-0.01331479
-0.03470602
0.09960213
0.04470165
0.05530532
0.06859350
-0.02153699
-0.05234727
-0.04700078
0.02609162
0.04114020
-0.01774118
-0.03214139
0.04370246
-0.01112251
-0.00687742
0.03007264
0.01257775
0.09791673
-0.01501869
0.06551098
-0.03392177
-0.01311961
0.04991845
0.02870289
-0.03070288
-0.02570429
0.04445365
-0.00352973
0.03140698
0.00330007
0.00774484
0.05283786
0.00173629
0.00433575
0.00112610
-0.04965412
0.02016475
-0.01135926
-0.01582487
-0.07446812
-0.03387770
-0.01367977
-0.02700002
-0.01566831
0.02216676
-0.01724198
-0.03640799
-0.03429228
0.01980937
-0.00821898
-0.08761318
-0.01313605
0.05708661
-0.02166130
-0.06126020
-0.09690765
0.03665524
-0.00539664
-0.00205572
0.04199762
-0.00918736
0.01370067
-0.00028240
-0.01195495
-0.04425571
-0.00816618
-0.02679988
-0.01852833
0.04375521
0.03575357
0.04397130
0.03285305
-0.00781200
-0.04383015
-0.03958717
0.01384811
0.06145244
-0.01184284
-0.00914940
0.07014447
-0.04204526
0.07606713
-0.01748642
-0.00787456
-0.11099750
0.03433886
-0.00569552
-0.16244081
0.00368905
-0.04896023
-0.10107496
-0.01908785
-0.02196484
0.05865335
0.02263424
-0.02044980
0.06887466
0.01390975
0.04869558
0.03319751
0.03371749
-0.00240527
0.00159548
-0.02479805
-0.07959047
0.00403736
-0.03813379
0.05708204
0.03359149
0.00013950
0.10718407
-0.04921803
-0.03442776
0.03670222
-0.01398141
-0.00297276
0.02105031
0.04435387
-0.03605079
0.00645595
-0.01343788
-0.08439166
-0.02804011
-0.00408912
-0.07498362
-0.05292202
0.02847717
-0.02981987
-0.07714579
-0.04679280
0.07198972
0.04453637
0.00459560
-0.04207655
-0.00588207
-0.02678882
-0.02321626
-0.03124435
-0.05899608
0.04897224
0.06308027
0.00918198
0.03694337
0.05469079
0.00706806
0.01318327
0.01491709
-0.00513380
0.01825002
-0.02036437
-0.04178789
-0.05463283
0.00287486
0.08947223
0.01893567
0.05491712
0.01023428
0.00745975
-0.03179540
-0.08798382
-0.03389125
0.02201940
-0.03557078
0.02319463
0.03762527
-0.03539206
0.05346977
0.02172582
0.03576312
-0.03066130
0.02313392
0.00788606
0.03487562
0.06810790
-0.01846242
-0.00576590
-0.03911411
-0.01762754
0.06020472
0.05190921
-0.01150631
0.03004526
0.04195234
0.05069830
0.04153918
-0.05191171
0.00841716
-0.03657808
-0.00797534
-0.08480129
0.06550681
0.02349449
0.00114794
0.06042312
0.00316031
-0.05357356
0.00737918
-0.14035229
0.01869415
-0.09603233
-0.05504846
0.02161309
0.02665876
-0.05771843
-0.03921888
-0.04454851
0.02321718
0.07299706
0.02687269
-0.01300417
-0.06242309
0.05798867
-0.01769762
-0.02184288
0.01967643
-0.01018460
-0.03742076
-0.04224736
0.03718140
0.14144722
0.00285929
-0.00702981
0.00111945
-0.04840496
-0.02829672
0.05763751
-0.04552146
-0.05544329
-0.02168274
0.05043040
-0.02344784
-0.01042746
-0.00112717
0.09743103
-0.00373576
-0.05201087
0.06158564
-0.05288178
-0.05399090
0.04792301
0.08470713
0.04776236
-0.02049445
-0.00488587
-0.00379672
0.07532141
-0.04691744
-0.05895387
0.05724457
0.05743939
0.03094814
0.02682649
0.02927936
0.04214516
0.00750102
0.01591646
-0.01943670
0.01562402
0.00692243
-0.03303063
-0.06183455
-0.01900244
-0.02714758
-0.00902336
-0.03701379
0.04664059
0.07728510
0.00040386
-0.00560611
-0.04756889
-0.01285284
0.00257050
-0.01274030
0.03410127
-0.02580347
0.01100985
-0.08230358
-0.10658025
-0.03472991
0.02331853
0.01787174
0.02594937
0.01589049
-0.02675865
0.02804277
-0.06023051
-0.04153867
0.04581596
0.01445913
0.06137769
-0.01345692
-0.00375282
-0.05393653
-0.03222080
-0.06218895
-0.05959964
-0.01159856
-0.07821704
0.02260455
0.00103394
0.06903251
-0.05174790
-0.04820444
-0.05683230
0.01398476
-0.06020175
-0.04306241
-0.07220003
-0.03251737
-0.02842692
-0.07575954
-0.00175859
0.06919589
0.09113047
-0.00204900
0.01981614
-0.04865454
-0.05590535
0.09999137
-0.06217986
0.02236664
-0.05984920
-0.02670271
-0.06393484
-0.05325769
-0.05859984
-0.07254675
0.02585389
-0.07389112
-0.05765929
0.01647618
-0.05798602
0.10031374
0.03348566
-0.01618945
0.02819217
0.04561760
0.01119655
-0.02472499
-0.04214991
0.07317049
0.06951676
0.03641819
-0.12961528
0.00435355
-0.01834583
0.00068912
-0.03537855
-0.03236487
-0.10393336
-0.02956941
-0.06609531
0.06586595
0.05817226
-0.06047602
0.01462205
-0.04102951
0.01231902
0.02676259
-0.01388748
-0.04159017
-0.02711564
0.00338129
-0.06087750
-0.00108811
0.00149764
-0.02589698
0.02995015
0.05649373
-0.01668148
0.04930696
0.01334477
-0.02134279
0.00458776
0.05231548
-0.03790433
-0.00204729
0.00826387
0.03857034
-0.09834720
-0.05274298
0.05068220
0.03638534
-0.05200318
-0.04625629
0.01649320
-0.04899520
0.00936987
-0.00742308
-0.00324060
-0.03265028
