0.00701570
0.02235703
0.01035898
0.01991085
0.00923944
-0.02022915
0.00700353
0.01127561
-0.03987573
0.01531656
-0.00730678
0.00322689
0.02405868
-0.01130524
0.00751130
0.01877322
0.00498715
0.00079740
0.01577273
0.00444730
-0.00087908
-0.02975754
0.00225296
0.04164344
-0.00029135
-0.02688335
0.00833033
0.01861275
-0.00565087
0.02261437
0.08231354
0.02127359
-0.00340321
0.01544798
-0.02957410
-0.05511533
-0.02559522
0.01384506
0.01647999
0.08211640
-0.01064013
0.02951634
0.03955277
0.01655309
-0.01890524
0.00949450
0.01302128
0.01833329
-0.01306564
-0.02331108
0.01068722
-0.05885665
0.08186218
0.02020193
-0.01168811
0.01216204
0.00032489
0.01597260
0.44031003
-0.02475067
-0.02050912
-0.01535828
-0.00367284
0.01515169
0.00199622
0.04855692
0.00667379
-0.01770114
-0.08511649
-0.00224151
0.03496628
0.01481971
0.03288671
-0.00344536
-0.03786180
0.03607226
0.03458817
-0.02282165
-0.02631143
0.02591351
0.00598433
-0.02528157
-0.01244448
0.01098056
0.03543362
0.00388640
0.00399916
-0.00837399
-0.00071811
-0.01489563
0.00016252
0.03757430
-0.08090620
-0.02491520
0.00405304
0.00892764
0.01069027
-0.02167233
-0.00564956
-0.02617141
-0.01173453
0.01644287
0.03162788
-0.00410880
-0.00412240
0.02281085
0.03646856
-0.01654910
-0.01853121
0.01273842
-0.02110576
0.02383001
0.04842916
0.03008219
0.00172650
0.01740764
-0.01206265
-0.01652676
-0.00731274
-0.00750528
-0.02780225
-0.00799482
-0.01272675
0.01459405
0.04024042
-0.01115487
-0.02497407
-0.00396930
0.00301698
-0.02146910
0.08378001
0.00990456
-0.01465637
-0.01019910
-0.03985828
0.01309186
0.09098411
-0.01125691
0.04731694
0.02791183
0.01381958
-0.03917810
0.04097989
-0.02928753
0.02572293
0.03166690
0.01416693
-0.00564154
-0.01312354
-0.00012835
-0.03851525
-0.00018863
0.02168534
0.05572547
-0.00316475
-0.02005865
0.00359420
-0.00950832
-0.00867310
-0.00059082
-0.01355991
0.01198799
-0.08412375
-0.01151902
-0.01039504
-0.00638160
-0.07010789
0.02395912
-0.02658975
-0.03194114
-0.00446422
0.02188438
0.00234340
0.01155542
0.00466437
-0.01268203
0.02106828
0.00345406
-0.03223191
-0.01102861
0.00841051
-0.02021216
-0.01311655
-0.01714641
-0.01341536
0.11058250
-0.06104681
0.00696930
0.02354972
-0.01653494
-0.06644505
-0.00084280
0.02473679
0.00115249
0.01327983
0.02111567
0.07769085
-0.02362010
0.06704929
-0.00622683
-0.11476099
0.00213506
-0.05761328
0.02548792
0.00980313
0.07529022
0.00820069
0.01991585
-0.00624888
-0.03613771
0.03654197
0.02867400
-0.01837196
-0.02199633
0.00042693
-0.01585207
0.00225952
-0.00199916
0.03193438
0.00132065
-0.00577063
-0.76165473
0.00284622
0.01656935
-0.01503446
0.00110396
0.04034643
0.00977476
-0.04050171
0.01077020
0.01274626
-0.02493608
0.01707064
0.00127890
0.03056562
0.03495828
0.04119767
-0.01095214
-0.01249045
-0.01940383
0.01398376
-0.02977997
0.04578673
0.06445926
-0.01279237
-0.01889584
-0.01636353
-0.00591547
-0.00226380
0.04898196
0.00592457
-0.00591878
-0.03652627
-0.00310593
0.02380152
-0.01826284
-0.12439700
0.10820142
-0.03503014
0.02072310
0.00579167
-0.11778452
0.02744525
0.06402072
0.05435139
0.02813044
-0.14548226
-0.05096589
-0.07332121
0.04504180
0.04665239
0.04113891
-0.06757034
0.05760626
-0.00589285
-0.00400231
0.01308735
-0.02300157
-0.05336012
-0.03645505
0.04081241
0.04884000
0.05327165
-0.16779755
0.02666863
0.04933277
0.00280142
0.07739334
0.10362623
0.00788560
0.06847450
0.03596216
-0.05334844
-0.12640582
0.08827324
0.06222468
0.01433070
0.00761545
0.11815595
-0.01479282
-0.02918782
-0.01245575
0.84757048
0.05846042
0.01154198
0.12808779
-0.10605768
0.12749441
-0.04299460
0.02853177
-0.07102022
-0.02780387
0.00519833
-0.00136693
-0.04620558
0.06859241
-0.05436429
0.05221517
-0.08044474
0.02372934
0.01189587
0.01699056
-0.02572033
0.02002528
-0.01964333
-0.00493299
-0.04421442
-0.02802386
0.03673458
-0.00310023
-0.02710530
-0.01226271
0.01686014
0.04451640
-0.02490311
0.00071791
-0.01535527
0.04235940
0.06844221
-0.01276843
-0.09295737
-0.02897936
-0.04707919
-0.02944794
-0.06295375
-0.03047544
0.01167041
-0.03672220
-0.04736917
0.06688934
-0.00962348
-0.01067759
0.03353525
0.09358007
-0.03433174
-0.03696464
-0.00253432
-0.03916438
0.03971684
-0.01330800
0.00307073
0.01122073
-0.02731300
0.02580350
-0.01012857
-0.06203236
-0.04810665
0.07697538
-0.03165715
0.01619078
-0.02761017
0.00651324
0.03762080
0.05177341
0.02802932
0.02376596
-0.01639297
-0.02609576
-0.01919522
0.02006688
-0.00400059
0.02167398
-0.01509546
-0.03543334
0.04676588
0.00799046
-0.01132356
0.05692984
-0.01291521
0.02648418
-0.04775677
0.00565935
0.03768967
0.00266064
0.01514165
-0.02958836
0.09983785
0.06528262
0.01621581
0.01223341
0.01243298
0.03635651
0.04490597
-0.03044342
-0.00439720
-0.01802203
-0.03176934
-0.01283180
0.01271776
-0.01103192
-0.01867342
-0.00048497
-0.00511980
0.00707872
-0.00036025
-0.03981524
-0.01462070
-0.02223643
-0.08528367
-0.06019687
-0.02661125
-0.04283915
-0.07694276
0.01397060
-0.02665378
-0.08270231
-0.03280412
-0.09414331
-0.05296635
0.01349255
0.07297897
-0.05901128
0.00460971
-0.07177807
-0.01005903
-0.00336713
0.03668197
-0.05076651
0.03504066
-0.04721674
-0.01106897
-0.03278586
0.08242557
0.03193552
0.03003529
0.06857868
-0.00993242
-0.09100473
-0.02826712
0.04475218
0.02252693
-0.00792526
0.00015155
0.03806924
-0.01526753
-0.01676671
0.02961825
0.02718027
0.06923261
-0.02139530
0.05867264
-0.02656844
-0.01970490
0.05419501
0.02011367
-0.03484058
-0.05238948
0.05217217
-0.00616464
0.03090179
-0.00041514
-0.00192785
0.04136709
-0.01777252
0.02379682
-0.00763793
-0.03591271
0.01662413
-0.02091445
-0.01653012
-0.07374935
-0.02409108
-0.03265009
-0.02576740
-0.00486053
0.02640300
-0.01871278
-0.04944464
-0.04358631
0.02276914
-0.00163287
-0.07878488
-0.02483680
0.06067858
-0.02780032
-0.06407459
-0.08661045
0.03278348
0.01533695
-0.00049701
0.05268638
-0.02069873
-0.00001013
-0.02105515
-0.00193521
-0.05333062
0.00343255
-0.02437281
-0.01927831
0.01965663
0.01825032
0.03152400
0.01191738
-0.02542247
-0.06029982
-0.03365302
0.03145543
0.06361812
-0.01200231
-0.00230778
0.08382079
-0.04897514
0.04462126
-0.01254484
-0.00044359
-0.11881895
0.02223344
0.00735188
-0.16903675
-0.00975408
-0.04987103
-0.08466866
-0.02733521
0.00550493
0.07261738
0.01167760
-0.01970632
0.06233895
0.00446573
0.05088665
0.03756838
0.02552614
0.00078183
-0.01181888
-0.04354244
-0.07297397
0.02574049
-0.04512633
0.06402089
0.02653749
-0.00545578
0.10061319
-0.04582744
-0.04766716
0.04667601
0.00136593
0.01312232
0.02199741
0.03384711
-0.02922459
-0.00277882
-0.02793965
-0.07428462
-0.01890072
-0.00523599
-0.06704225
-0.04151826
0.02656599
-0.02459314
-0.05919163
-0.05042480
0.09002862
0.02741095
0.01305585
-0.05504515
0.00687024
-0.01867529
-0.01355312
-0.04168706
-0.04143180
0.07317091
0.05908916
0.02405147
0.01970270
0.03633018
0.02145356
0.04244179
0.01383571
-0.01475674
0.00002975
-0.01010541
-0.05286716
-0.08488075
0.00429224
0.08877686
0.01034742
0.06375270
0.01590094
0.01161237
-0.03404337
-0.08900440
-0.00580291
0.03211779
-0.03950331
0.01096092
0.01779174
-0.00151661
0.03724809
0.01757182
0.02875776
-0.01828361
0.03171505
0.02602127
0.03258139
0.03889574
-0.01062000
-0.01113269
-0.03992068
-0.02876542
0.02754553
0.03777931
-0.00614019
0.02473268
0.05526168
0.04340054
0.05475910
-0.05852449
-0.00651639
-0.04159289
-0.01128802
-0.07723249
0.04778998
0.00500630
-0.01807884
0.07576427
0.01362950
-0.07231367
-0.00377346
-0.12650041
0.01650091
-0.08642467
-0.05662287
0.03416950
0.03255828
-0.07521658
-0.01610149
-0.05917895
0.00728751
0.06145786
0.02586294
0.01253177
-0.04457264
0.03256686
-0.00817290
-0.02359593
0.01191536
-0.01207174
-0.05439499
-0.05548749
0.02711025
0.11927241
-0.00350842
0.01081417
0.01952071
-0.03405291
-0.02801094
0.06022251
-0.05282808
-0.04055383
-0.02408153
0.05366314
-0.01687998
-0.01785372
-0.00756198
0.10510693
-0.02324370
-0.04259391
0.05794648
-0.05672155
-0.06092404
0.06008103
0.09695763
0.03933709
-0.03658013
0.01861405
-0.00339144
0.06072665
-0.05381243
-0.06922390
0.07126396
0.04492110
0.01681055
0.03838145
0.02566387
0.02774614
0.01489635
0.01591276
-0.01257551
0.00975661
0.00384533
-0.02414520
-0.04105899
-0.01191790
-0.03183129
-0.02345801
-0.03817458
0.05074387
0.04567211
0.01943450
-0.01137889
-0.06665437
-0.01986802
-0.00303831
-0.01914362
0.03068691
-0.03167787
0.03439969
-0.08679934
-0.11281376
-0.02090194
0.02147982
0.00634170
0.00705514
0.02555797
-0.04100230
0.00568569
-0.05471112
-0.01284842
0.04342362
0.03182153
0.08289013
-0.01054485
-0.02005723
-0.05602955
-0.02555965
-0.07410113
-0.05928190
-0.02186512
-0.09082812
0.01469392
-0.00471328
0.08247675
-0.03487834
-0.04381559
-0.05998257
0.01897438
-0.06953362
-0.04511438
-0.08161625
-0.04154881
-0.02134572
-0.06938615
-0.00047151
0.10307793
0.07936761
-0.00595993
0.03283684
-0.06393136
-0.06425589
0.10075518
-0.06682491
0.02428603
-0.06204882
-0.02028890
-0.05325386
-0.06684785
-0.06528556
-0.09399061
0.02802343
-0.08068812
-0.05866823
0.02454230
-0.04271469
0.09090716
0.03710167
-0.00288691
0.00750705
0.05441041
0.00594352
-0.03566589
-0.01390122
0.05357321
0.07275827
0.02771082
-0.11464800
-0.02486036
-0.00447840
0.01104394
-0.03839985
-0.03564624
-0.11383253
-0.02171485
-0.07144184
0.05684407
0.06410533
-0.06103970
0.01008809
-0.04366152
0.01401689
0.03743341
0.00115783
-0.03981682
-0.02468739
0.01907769
-0.05193494
0.01828065
0.01406791
-0.04495786
0.01889913
0.06352723
-0.03222671
0.04206112
-0.00806982
0.00077040
0.02835172
0.02756558
-0.02827719
-0.01498174
0.01160923
0.04798357
-0.11179567
-0.04086923
0.04079407
0.07071276
-0.04939856
-0.05421722
0.01536692
-0.05733532
-0.00593792
0.01307309
0.01259890
-0.05150207
