3.478572145104408264e-02
1.056568417698144913e-02
4.970286414027214050e-02
2.547795139253139496e-02
7.693377323448657990e-03
-6.493312865495681763e-02
-4.093120340257883072e-03
5.514463875442743301e-03
-9.665808826684951782e-02
2.141764946281909943e-02
1.365351304411888123e-02
-2.794631291180849075e-03
1.413718145340681076e-02
-1.849565538577735424e-03
-5.171294324100017548e-03
1.762462221086025238e-02
2.007479080930352211e-03
9.078303119167685509e-04
-3.437626734375953674e-02
-5.259616766124963760e-03
1.226320769637823105e-02
2.062896825373172760e-02
2.660868223756551743e-03
5.563300475478172302e-02
-2.427623234689235687e-02
-4.946775734424591064e-02
4.682924970984458923e-02
7.396952714771032333e-03
-2.778631448745727539e-02
6.863103248178958893e-03
3.324791043996810913e-02
3.549412637948989868e-02
1.500893011689186096e-02
1.685657911002635956e-02
-2.963068708777427673e-02
-4.410564154386520386e-02
2.057411335408687592e-02
2.976623550057411194e-02
8.918239735066890717e-03
7.889132946729660034e-02
-3.273528441786766052e-02
3.415824472904205322e-02
7.113780081272125244e-02
4.701640084385871887e-02
-7.153589278459548950e-03
-2.704454585909843445e-02
8.148187771439552307e-03
5.032423883676528931e-02
-1.729306392371654510e-02
-2.037156838923692703e-03
9.799069724977016449e-03
-3.441503643989562988e-02
9.340321272611618042e-02
-2.672666450962424278e-03
1.043836399912834167e-02
-1.310804672539234161e-02
-3.413297608494758606e-02
2.316298708319664001e-02
4.247949123382568359e-01
-8.692298084497451782e-02
-2.641908358782529831e-03
-3.002232313156127930e-02
2.469705045223236084e-02
-3.974848613142967224e-02
-4.380562156438827515e-02
7.074992358684539795e-02
-3.081276640295982361e-02
-1.572133786976337433e-02
-1.138108074665069580e-01
2.300593815743923187e-02
3.206472843885421753e-02
-1.240060571581125259e-02
3.644639998674392700e-02
-9.209636598825454712e-03
-1.892684586346149445e-02
6.992048025131225586e-02
1.805131882429122925e-02
-2.110320329666137695e-02
-2.950295247137546539e-02
-3.822816070169210434e-03
-2.118959464132785797e-02
-1.600078120827674866e-02
-3.956466168165206909e-02
5.048722960054874420e-03
2.942236885428428650e-02
1.805170811712741852e-02
1.192773133516311646e-02
-3.522002836689352989e-03
1.017513312399387360e-02
-5.312959477305412292e-02
3.096684347838163376e-03
5.780726671218872070e-02
-8.941366523504257202e-02
9.252740070223808289e-03
-1.296798884868621826e-02
-1.821134798228740692e-02
6.218268536031246185e-03
8.259448222815990448e-03
3.498406382277607918e-03
-3.351447731256484985e-02
-9.056957438588142395e-03
3.795783221721649170e-02
3.840747289359569550e-03
4.783543758094310760e-03
-1.532648224383592606e-02
3.909852355718612671e-02
3.930981084704399109e-02
-3.751347586512565613e-02
-1.608043536543846130e-02
3.973901271820068359e-02
-1.651923172175884247e-02
3.398384526371955872e-02
4.405739158391952515e-02
1.745223067700862885e-02
-4.519425565376877785e-04
1.132934447377920151e-02
-6.879182904958724976e-02
-2.381222136318683624e-02
9.241239167749881744e-03
-1.366964075714349747e-02
-1.702878624200820923e-02
-3.191991243511438370e-03
2.513193152844905853e-02
-5.151818040758371353e-03
9.288156032562255859e-02
9.920381940901279449e-03
-6.845599412918090820e-02
-6.383556406944990158e-03
-1.885011233389377594e-02
1.559777557849884033e-02
9.474085271358489990e-02
3.892515972256660461e-02
-2.920455858111381531e-02
1.680470816791057587e-02
-1.635868474841117859e-02
4.114587604999542236e-02
9.793084859848022461e-02
-1.228717528283596039e-02
4.658380150794982910e-02
6.375759840011596680e-03
2.358341589570045471e-02
-1.350346952676773071e-02
1.779676228761672974e-02
-3.726491332054138184e-02
7.763482630252838135e-03
-3.982312232255935669e-02
2.600406296551227570e-02
-3.026297874748706818e-02
-2.204456366598606110e-02
1.257150992751121521e-02
-3.907613456249237061e-02
2.174289198592305183e-03
-1.318336580879986286e-03
7.993838191032409668e-02
-6.767480517737567425e-04
-2.085287356749176979e-03
-6.588841788470745087e-03
-6.854712963104248047e-03
1.748550310730934143e-02
1.368243061006069183e-02
-5.235303193330764771e-02
3.256357833743095398e-02
-9.258592128753662109e-02
1.436135079711675644e-02
-1.639796048402786255e-02
2.921038120985031128e-02
-7.716301083564758301e-02
-1.510352268815040588e-02
1.181466141133569181e-04
-9.158696047961711884e-03
-8.041666820645332336e-03
2.730241790413856506e-02
3.072910010814666748e-03
9.737308137118816376e-04
1.104869507253170013e-02
-2.656506747007369995e-02
8.556466549634933472e-03
1.657600328326225281e-02
-6.406740844249725342e-02
-5.877726362086832523e-04
1.774668321013450623e-02
-8.624921552836894989e-03
7.068332284688949585e-03
-1.961648836731910706e-02
-2.849614433944225311e-02
3.910804912447929382e-02
-5.579254776239395142e-02
-7.246367167681455612e-03
1.686450839042663574e-02
-3.658038796856999397e-03
-6.118834391236305237e-02
-9.251649607904255390e-04
1.081828586757183075e-02
2.526605688035488129e-02
-2.884708344936370850e-02
3.070646710693836212e-02
1.374589949846267700e-01
-2.367251366376876831e-02
8.128128945827484131e-02
-4.264186136424541473e-03
-1.303268224000930786e-01
-5.051685962826013565e-03
-6.900892406702041626e-02
2.644622325897216797e-02
-1.716295373626053333e-03
5.943676829338073730e-02
2.659973222762346268e-03
1.949511468410491943e-02
-9.052570909261703491e-03
-2.221649326384067535e-02
3.769798576831817627e-02
7.734550163149833679e-03
-2.843159437179565430e-02
-9.815936908125877380e-03
2.289548143744468689e-02
-1.081592286936938763e-03
1.065359916538000107e-03
1.462526991963386536e-02
2.005413547158241272e-02
2.749366452917456627e-03
-2.296798396855592728e-03
-6.903873085975646973e-01
1.496869511902332306e-02
3.789224103093147278e-02
-5.418336968432413414e-06
1.031137537211179733e-03
4.955893382430076599e-02
-9.029089473187923431e-03
-5.951618775725364685e-03
2.584279701113700867e-02
-1.469779293984174728e-02
-4.887709394097328186e-02
5.756489560008049011e-02
-7.088314276188611984e-03
5.879104137420654297e-02
1.956227980554103851e-02
6.059715151786804199e-02
-2.877084724605083466e-02
-1.050152443349361420e-02
-2.620506659150123596e-02
3.690502420067787170e-02
-3.037617914378643036e-02
8.019917458295822144e-02
8.617869764566421509e-02
-3.108378872275352478e-02
-1.294681988656520844e-02
-3.631043434143066406e-02
-3.463734686374664307e-02
-2.941794879734516144e-02
9.908897336572408676e-04
-1.052131876349449158e-02
-1.800777390599250793e-02
-3.328509256243705750e-02
1.553841051645576954e-03
3.276265040040016174e-02
-2.993324398994445801e-02
1.422906816005706787e-01
6.965944916009902954e-02
9.279100596904754639e-02
-7.695087045431137085e-02
-6.784486025571823120e-02
-1.357140690088272095e-01
1.349157094955444336e-01
3.822460398077964783e-02
6.340930610895156860e-02
1.092176046222448349e-02
3.962324932217597961e-02
-2.339780144393444061e-02
-6.182071939110755920e-02
1.313691586256027222e-01
-2.542312256991863251e-02
1.015694439411163330e-01
-3.272068500518798828e-02
6.115981936454772949e-02
7.551740109920501709e-02
-9.512206166982650757e-02
-1.110818162560462952e-01
8.371527493000030518e-02
-2.713005244731903076e-02
1.316422522068023682e-01
8.737030625343322754e-02
-4.795479401946067810e-02
7.627412676811218262e-02
-4.368027672171592712e-02
3.170135244727134705e-02
9.835304319858551025e-02
5.957238748669624329e-02
1.728767454624176025e-01
4.964690282940864563e-02
-8.639550954103469849e-02
4.915451165288686752e-03
-7.023498415946960449e-02
4.083536565303802490e-02
-3.812795877456665039e-02
1.551898121833801270e-01
6.654629856348037720e-02
-1.079027876257896423e-01
-1.021847948431968689e-01
1.325238216668367386e-02
-2.263846434652805328e-02
9.275481849908828735e-02
9.671085327863693237e-02
7.813081741333007812e-01
-2.059810794889926910e-02
-5.792269855737686157e-02
-1.448979228734970093e-02
3.986004739999771118e-02
3.550026938319206238e-02
-5.947104841470718384e-02
1.044496819376945496e-01
-7.499508559703826904e-02
-6.684616953134536743e-02
-3.770451527088880539e-03
7.591358851641416550e-03
-7.513302564620971680e-02
-7.193599641323089600e-02
-9.904453158378601074e-02
3.960028663277626038e-02
9.621834754943847656e-02
-6.346771493554115295e-03
5.348394811153411865e-02
-7.171667646616697311e-03
-8.378521353006362915e-02
-1.819457113742828369e-02
6.268293596804141998e-03
-2.058578096330165863e-02
-5.002452526241540909e-03
-4.254123196005821228e-02
2.261314727365970612e-02
-1.883441582322120667e-02
-2.701027784496545792e-03
4.481069627217948437e-04
7.687626406550407410e-03
7.026640325784683228e-02
-1.690393872559070587e-02
1.804538816213607788e-02
-1.359739620238542557e-02
-4.438062198460102081e-03
4.499657079577445984e-02
-2.730892784893512726e-02
-6.127792969346046448e-02
1.362718176096677780e-03
-1.913680322468280792e-02
-4.077106714248657227e-02
-6.068491563200950623e-02
-1.196437776088714600e-01
-7.603968493640422821e-03
8.537923917174339294e-03
-3.260444849729537964e-02
7.828275114297866821e-02
4.397894442081451416e-02
-1.204865947365760803e-01
-2.382908202707767487e-02
3.497672826051712036e-02
3.843475133180618286e-02
-1.052398514002561569e-02
-3.049028746318072081e-04
-4.780054092407226562e-02
7.460168749094009399e-02
-8.025854825973510742e-03
9.663576260209083557e-03
5.963656306266784668e-02
-1.719595305621623993e-02
-1.300317421555519104e-02
1.087509095668792725e-02
-5.721326544880867004e-02
-3.034748323261737823e-02
3.174256905913352966e-02
1.960702799260616302e-02
-2.552776038646697998e-02
6.895882543176412582e-03
3.528971970081329346e-02
-1.208457816392183304e-02
7.538176327943801880e-02
2.817108668386936188e-02
5.351081024855375290e-03
1.251508854329586029e-02
-2.857327833771705627e-02
-9.002779610455036163e-03
-2.972643356770277023e-03
-1.647451519966125488e-02
3.211415931582450867e-02
1.677391119301319122e-02
-1.066941209137439728e-02
6.860100664198398590e-03
1.041093096137046814e-01
5.158441513776779175e-02
3.061928413808345795e-02
-1.046288162469863892e-01
3.037705644965171814e-02
-2.594129554927349091e-02
-9.148806333541870117e-03
1.846284419298171997e-02
2.042200881987810135e-03
1.143320649862289429e-02
3.285442665219306946e-02
1.292515248060226440e-01
9.171558916568756104e-02
-4.386749491095542908e-02
-4.128985106945037842e-02
4.460495710372924805e-02
-2.290720120072364807e-03
-2.330853603780269623e-02
-4.581764712929725647e-02
2.848849259316921234e-02
-5.553106963634490967e-02
5.619079247117042542e-02
5.265146866440773010e-02
-1.742677018046379089e-02
-1.015408430248498917e-02
2.654195204377174377e-02
-1.747739128768444061e-02
-1.354637276381254196e-02
8.300667256116867065e-02
-2.371503412723541260e-02
-1.411847304552793503e-02
1.444703619927167892e-02
-2.560920827090740204e-02
-8.048891276121139526e-02
-2.456901781260967255e-02
-7.912936620414257050e-03
-4.005239158868789673e-02
-2.954679355025291443e-02
-1.195693481713533401e-02
-5.535117536783218384e-02
-7.032562512904405594e-03
-2.392714843153953552e-02
-5.542852729558944702e-02
-3.264603763818740845e-02
7.363755721598863602e-03
1.997196860611438751e-02
-5.002833530306816101e-02
-1.874767057597637177e-02
-5.783826485276222229e-02
-1.260031107813119888e-02
1.038953848183155060e-02
3.017867915332317352e-02
-7.574606686830520630e-02
4.953727126121520996e-03
-5.690318718552589417e-02
-3.074353188276290894e-02
-2.964609488844871521e-02
5.707075074315071106e-02
9.430553764104843140e-02
2.548092231154441833e-02
3.221412375569343567e-02
-1.726386509835720062e-02
-6.494810432195663452e-02
-5.813064798712730408e-02
-3.465880081057548523e-02
4.963543266057968140e-02
-4.178126808255910873e-03
9.642672957852482796e-04
8.745051920413970947e-03
1.159268058836460114e-02
4.810954909771680832e-03
3.253477811813354492e-02
6.201961543411016464e-03
8.736643195152282715e-02
-2.039317972958087921e-02
1.270935982465744019e-01
-8.923795074224472046e-02
4.308615252375602722e-02
1.048622187227010727e-02
6.692261900752782822e-03
-4.814052209258079529e-02
4.950684960931539536e-03
5.999496951699256897e-02
-4.104657098650932312e-02
-2.671058755367994308e-03
3.209695965051651001e-02
-2.973789535462856293e-02
3.454172611236572266e-02
1.071722991764545441e-02
1.242154370993375778e-02
1.381751429289579391e-02
4.072422161698341370e-02
-3.543854877352714539e-02
-2.170965634286403656e-02
4.702868685126304626e-02
-2.055672556161880493e-02
3.683218965306878090e-03
-1.254579890519380569e-02
-5.619472637772560120e-02
9.395845234394073486e-03
-6.964213680475950241e-03
1.023349165916442871e-02
6.181383505463600159e-02
-7.275488227605819702e-02
2.885807305574417114e-02
3.070657141506671906e-02
-4.462732002139091492e-02
-4.311107913963496685e-04
2.179596386849880219e-02
3.848266974091529846e-02
-4.073330760002136230e-02
-6.136075034737586975e-02
-2.018234878778457642e-02
5.201124586164951324e-04
-6.295628845691680908e-02
4.036961868405342102e-02
-2.602955698966979980e-02
2.724883612245321274e-03
2.002403512597084045e-02
-3.155802190303802490e-02
-3.985313326120376587e-02
2.062166295945644379e-02
-1.052889525890350342e-01
-4.340346902608871460e-02
1.878688670694828033e-02
2.383791282773017883e-02
5.816133320331573486e-02
-4.072559252381324768e-02
-1.516324095427989960e-02
-2.391522750258445740e-02
-3.163431957364082336e-02
1.551467832177877426e-02
-1.703441143035888672e-02
-4.238025750964879990e-03
1.292846910655498505e-02
3.447975218296051025e-02
-5.263970047235488892e-02
5.750720202922821045e-02
2.305390778928995132e-03
-3.204832598567008972e-02
-8.376999944448471069e-02
-4.125966504216194153e-02
2.989311888813972473e-02
-2.070758044719696045e-01
-1.282536797225475311e-02
-2.529743686318397522e-02
-9.976051747798919678e-02
-6.414309889078140259e-02
-2.579115517437458038e-02
1.345593202859163284e-02
4.039693158119916916e-03
-2.068246528506278992e-02
3.670104593038558960e-02
-2.553409710526466370e-02
1.071371976286172867e-02
-2.503965049982070923e-02
-1.995530724525451660e-02
-8.712112903594970703e-03
2.351953415200114250e-03
-2.686661900952458382e-03
-5.425953119993209839e-02
-1.634306833148002625e-02
-8.817253261804580688e-02
1.661931909620761871e-02
-6.605599541217088699e-03
-2.970072813332080841e-02
9.431552141904830933e-02
-3.051422163844108582e-02
8.693189360201358795e-03
-1.042287237942218781e-02
-1.076340582221746445e-02
7.641286402940750122e-02
2.137258648872375488e-02
-3.612770512700080872e-02
-2.629023045301437378e-02
1.631139591336250305e-02
-3.613242134451866150e-02
-2.846574224531650543e-02
-3.004855290055274963e-02
4.415351897478103638e-02
-7.462702691555023193e-02
-3.694353625178337097e-02
6.955835968255996704e-03
6.780154258012771606e-02
-3.879350423812866211e-02
-3.583092615008354187e-02
4.412056878209114075e-02
2.352471277117729187e-02
1.591522619128227234e-02
-4.085950180888175964e-02
1.654973812401294708e-02
3.769607469439506531e-02
-2.248553559184074402e-02
-6.833467632532119751e-02
-4.469095915555953979e-02
1.602315343916416168e-03
2.227755635976791382e-02
6.114253774285316467e-03
6.106324121356010437e-02
4.242688417434692383e-02
2.429012022912502289e-02
1.854898408055305481e-02
-2.626315224915742874e-03
-3.057647030800580978e-03
2.351206541061401367e-02
2.025734446942806244e-02
-5.229661986231803894e-02
-8.525353623554110527e-04
8.284796029329299927e-03
1.661517620086669922e-01
-4.263495653867721558e-02
3.126451745629310608e-02
-1.194107811897993088e-02
-9.158491156995296478e-03
-3.249230980873107910e-02
-5.939458683133125305e-02
1.387801300734281540e-02
-7.858584076166152954e-02
-3.278324753046035767e-02
1.510628405958414078e-02
4.658499360084533691e-02
3.079934278503060341e-03
-1.837623678147792816e-02
3.829746320843696594e-02
3.124172985553741455e-02
-5.602207384072244167e-04
2.803646586835384369e-02
1.631759665906429291e-02
5.255981534719467163e-02
-1.525824330747127533e-02
-1.834470406174659729e-02
-1.998730935156345367e-02
-9.668274223804473877e-02
-1.717738248407840729e-02
-1.416402217000722885e-02
6.210748106241226196e-03
4.123318940401077271e-02
2.731065452098846436e-02
4.394046962261199951e-02
2.950545959174633026e-02
1.005752608180046082e-01
-4.695247858762741089e-02
-1.025908254086971283e-02
-8.862790465354919434e-02
3.250071406364440918e-02
-5.258890613913536072e-02
-3.852931410074234009e-02
4.479994066059589386e-03
5.486800149083137512e-02
2.106807008385658264e-02
5.840913951396942139e-02
-5.943859741091728210e-02
-2.937567420303821564e-02
-7.708752527832984924e-03
-3.315016627311706543e-03
-6.204527616500854492e-02
-4.192611202597618103e-02
6.712862104177474976e-02
6.905837450176477432e-03
5.487690679728984833e-03
-3.805797919631004333e-02
-1.198944402858614922e-03
-3.525280579924583435e-02
2.010849304497241974e-02
-3.064319305121898651e-02
-1.385865826159715652e-02
-2.006432786583900452e-02
9.236022830009460449e-02
-3.256113454699516296e-02
5.876192077994346619e-02
-5.803477764129638672e-02
-8.163784444332122803e-02
-5.116054043173789978e-02
1.411768235266208649e-02
1.451331749558448792e-02
1.036943346261978149e-01
-3.889648988842964172e-02
-2.758364891633391380e-03
-4.243334010243415833e-02
-3.087578155100345612e-02
-4.855232778936624527e-03
3.729002177715301514e-02
-9.204597212374210358e-03
-5.608204379677772522e-02
-5.678314715623855591e-02
1.061345636844635010e-02
-1.534620951861143112e-02
-2.515965886414051056e-02
-3.744657337665557861e-02
5.489822104573249817e-02
2.380470931529998779e-02
2.793599292635917664e-02
3.612747183069586754e-03
-5.774439498782157898e-02
-4.130279272794723511e-02
5.963484942913055420e-02
1.229724008589982986e-02
4.423930868506431580e-02
-4.993812181055545807e-04
6.072605028748512268e-03
1.952914404682815075e-03
6.663484126329421997e-02
-8.497937768697738647e-02
-4.488240554928779602e-02
6.250625103712081909e-02
3.161837160587310791e-02
-2.190671861171722412e-02
-2.752393484115600586e-02
1.511387177743017673e-03
4.807691276073455811e-02
3.172950819134712219e-02
-3.343847766518592834e-02
1.218408867716789246e-01
-4.767196625471115112e-02
1.226903963834047318e-02
-2.491140365600585938e-02
4.251689463853836060e-02
-6.914072204381227493e-03
-1.866558194160461426e-02
-6.199903041124343872e-02
-3.120227484032511711e-03
4.338257759809494019e-02
7.636221498250961304e-02
9.747136384248733521e-03
-1.085469266399741173e-03
-9.081666916608810425e-02
-5.708773620426654816e-03
3.220624104142189026e-02
-1.480006054043769836e-02
-1.101298816502094269e-02
-1.141799986362457275e-02
2.718424424529075623e-02
-1.386836171150207520e-02
-1.628888100385665894e-01
-2.623326890170574188e-02
4.622425138950347900e-02
3.257134929299354553e-02
9.994802996516227722e-03
4.381151497364044189e-02
-2.586687356233596802e-02
2.936289459466934204e-02
3.600109741091728210e-02
-4.704974964261054993e-02
1.050359453074634075e-03
3.661827743053436279e-02
2.419639937579631805e-02
-2.465863153338432312e-02
-5.246926844120025635e-02
-2.107108198106288910e-02
8.332795463502407074e-03
-2.426817081868648529e-02
-4.669910762459039688e-03
-2.582037821412086487e-02
-3.660502284765243530e-02
2.745852433145046234e-02
-2.958678081631660461e-02
3.990827873349189758e-02
-2.929397858679294586e-03
-8.513223379850387573e-02
-6.084320694208145142e-02
1.396803092211484909e-02
-2.064825966954231262e-02
-1.013126503676176071e-02
-5.304090678691864014e-02
2.664216607809066772e-02
-2.582337148487567902e-02
-6.375000625848770142e-02
5.885324999690055847e-02
7.109124213457107544e-02
6.321331113576889038e-02
-9.046115912497043610e-03
2.527692541480064392e-02
-9.640348702669143677e-02
-2.296136692166328430e-02
2.866275608539581299e-02
-2.362959459424018860e-02
1.357202511280775070e-02
-3.922790288925170898e-02
1.322308648377656937e-02
-6.164906173944473267e-02
-1.116339936852455139e-01
-6.790539622306823730e-02
-3.249661251902580261e-02
-3.741498803719878197e-03
-1.172305736690759659e-02
-5.789192020893096924e-02
-5.890218913555145264e-02
-1.239494327455759048e-02
8.726291358470916748e-02
1.627269014716148376e-02
-2.906387904658913612e-03
3.393136337399482727e-02
2.487931400537490845e-02
-2.207028493285179138e-02
-9.476788341999053955e-03
-6.875919178128242493e-03
-3.656568704172968864e-03
3.310626372694969177e-02
8.000687509775161743e-02
-8.853853493928909302e-02
-2.993477135896682739e-02
-3.451893478631973267e-02
2.869450487196445465e-02
4.645118862390518188e-02
-1.195461675524711609e-02
-5.523784086108207703e-02
3.105681622400879860e-03
-5.470460653305053711e-02
6.259187310934066772e-02
-3.616388142108917236e-02
-5.820101872086524963e-02
-1.082542934454977512e-03
-4.354383051395416260e-02
3.077993169426918030e-02
-8.359231986105442047e-03
2.267522737383842468e-02
-8.557359687983989716e-03
6.188683211803436279e-03
2.194517664611339569e-02
-6.327798217535018921e-02
3.386561200022697449e-02
1.920849829912185669e-02
5.205709021538496017e-04
2.699495851993560791e-02
2.377138473093509674e-02
-1.706934534013271332e-02
6.359326839447021484e-02
3.146724402904510498e-02
-6.519822031259536743e-02
6.095924228429794312e-02
7.616122066974639893e-02
-8.226105011999607086e-03
-6.253701448440551758e-02
-1.516960281878709793e-02
-8.841569535434246063e-03
4.000083357095718384e-02
-7.551724091172218323e-03
8.389756083488464355e-02
-1.381430309265851974e-02
-4.469580203294754028e-02
-9.990445524454116821e-02
-5.257996916770935059e-02
1.673925085924565792e-03
2.204705215990543365e-02
6.967683136463165283e-02
7.461258023977279663e-02
-1.642073132097721100e-02
