0.02518371
0.01480797
0.05599639
-0.01781583
0.03993287
-0.02830879
-0.01121390
-0.00499183
-0.06857359
-0.00797370
0.00487042
0.02259835
-0.02443987
0.01450020
0.00577227
-0.01898256
0.00845430
-0.03937872
-0.14338659
0.03075554
0.02042502
0.06522120
-0.02517257
-0.00561931
0.00660741
-0.00163367
0.05632704
-0.00853889
-0.02174660
0.02098910
-0.13554031
-0.00905618
-0.00079719
0.02073440
-0.00173762
-0.02159223
0.00810777
-0.02251032
-0.00631686
0.01295736
0.01672700
0.00921881
0.10120458
0.01152146
-0.01645202
-0.00704865
0.02178285
0.02064564
-0.00825271
0.01317341
0.01440713
-0.02558128
-0.01211382
-0.02930392
-0.01082109
-0.03054214
0.01461594
0.00032557
0.47261912
-0.09638125
-0.01890345
-0.01442161
0.01405462
-0.05912586
-0.01327494
0.05686551
-0.02243286
0.00381345
-0.09371815
0.02304481
0.00441923
0.00368313
-0.02951707
0.00348745
0.03357016
0.01171186
-0.01549721
-0.02032567
0.01926458
-0.08197387
-0.00447937
-0.03509981
-0.00485723
-0.02734909
-0.01653119
-0.00765243
0.00054188
-0.00193847
0.00828632
0.01134207
-0.02467309
0.01778730
-0.02132219
0.04303309
0.00099364
0.01092466
-0.00643996
-0.02872608
-0.05691060
-0.00505969
0.01189811
0.02772386
0.01170481
-0.01185387
-0.02716548
0.00661804
-0.00778855
-0.01029685
-0.00026122
0.00972192
0.01509660
0.01678109
-0.00622880
0.03568380
-0.02792361
0.00261353
-0.07186469
-0.00769009
0.01451677
0.01775240
-0.01339032
0.00945876
-0.01340908
-0.02362673
0.10281416
-0.00571423
-0.00281418
-0.00918148
-0.01055640
0.10276264
0.06548536
0.02306991
-0.01068647
0.00057711
0.00534952
-0.00264886
0.02629625
0.02896672
-0.06277645
-0.00807859
0.06066090
-0.00226788
-0.01078006
-0.00002836
-0.02743424
-0.18930927
0.00585579
-0.00077967
-0.02745682
-0.00282936
-0.02447744
0.02435285
-0.04535305
0.01370611
-0.00543322
0.01244093
0.00365184
0.00987694
0.03228469
0.05981933
-0.00803622
0.07374427
-0.07638431
0.01720008
0.00209836
0.01855161
-0.04412901
0.02241433
0.01862335
0.00505896
-0.02352034
0.01220660
-0.01550060
-0.04612936
0.00406724
-0.00442920
-0.01016678
0.02907345
-0.11002320
0.02184318
0.00132093
0.00290711
0.00368353
0.00155733
0.00077292
-0.17316695
0.01458119
0.01138541
0.01778906
0.04986125
0.01962578
0.00231621
0.00405198
-0.00336312
0.01279993
0.01816676
0.15510334
0.00214720
0.02585722
-0.01829179
-0.06586478
0.00742143
0.01779158
0.02473701
-0.00412324
0.01192081
-0.00050012
-0.02047469
0.01385290
-0.00906686
0.04346552
-0.00170445
0.00777443
-0.00369277
0.02007400
0.05580752
-0.02703142
0.00885451
0.01164205
-0.01617963
0.02299945
-0.63810748
0.00946316
0.01743631
0.00092179
-0.00251890
0.01725034
-0.00748093
0.00840789
0.00690883
0.00025569
-0.06571808
0.08082902
-0.02336920
0.00717118
-0.02157023
0.03204951
-0.01500690
-0.01386881
-0.00801097
-0.01281474
0.01088988
0.15798961
0.03510129
-0.00915365
0.00161244
-0.01172237
-0.00683118
-0.01212978
-0.04716668
-0.00564927
-0.01180155
0.01376134
-0.00483520
-0.01052221
-0.01770649
-0.05033738
0.01383561
0.01861474
0.01363825
0.09048486
-0.13692297
0.03608111
-0.07969517
-0.00407134
0.08813026
-0.07572240
-0.00973437
-0.12512229
0.07056715
0.13713737
0.00435812
0.04703182
0.10218898
-0.05530478
0.03494889
0.12557599
-0.04616960
-0.10828041
-0.04254490
-0.07015835
-0.08737219
-0.06656902
-0.06800964
0.05371631
-0.07745824
-0.00729977
0.00438413
-0.02031821
0.03215576
0.07378428
0.13385737
0.00938476
-0.10232852
0.09050827
-0.06558002
-0.01029471
-0.03804209
0.10337066
0.13656393
-0.02878327
0.00882667
0.80965966
0.01701373
-0.00426064
0.06847484
-0.05634049
0.05949818
0.00735124
-0.11166913
0.02132500
-0.03341307
-0.09137733
0.02752439
0.06782906
0.20639047
0.04596821
-0.00120761
0.03767889
0.09638555
-0.03197221
-0.00419174
0.00465565
-0.01394673
-0.01978498
-0.00254397
-0.06065830
0.03246387
0.03289810
0.05952236
-0.02309917
-0.05966938
0.00491346
0.05092804
0.00539832
0.05739028
0.00065013
0.02592137
0.03702703
0.04712189
0.06161805
0.01018724
-0.04159974
0.02959788
-0.04913497
0.08042892
0.02819359
0.01384217
0.02507027
-0.01983895
0.00608406
0.03073900
-0.02258853
-0.07145590
-0.05023172
-0.05852254
-0.00077619
0.02877667
-0.07820600
0.01364897
0.01845754
0.03028182
0.00346903
0.00566037
0.01528559
0.01853071
-0.04457827
-0.01556829
-0.10319585
0.02828341
0.03359345
-0.04367985
0.06468749
0.00555915
-0.02233734
0.06150593
-0.06462255
0.03746453
0.02989537
0.01782649
-0.03122288
-0.00633016
0.03841228
-0.04306846
-0.06191226
-0.03036572
-0.01749359
-0.00659385
0.10885729
-0.04220327
-0.03430128
-0.04033191
-0.03991389
0.03779135
-0.02338482
-0.09043077
-0.03494995
-0.11098513
0.00861281
0.00398155
0.04471815
0.09111575
0.03060799
0.05081819
-0.06825545
-0.04805697
-0.01988671
-0.05860525
-0.01602603
-0.01619142
0.03651930
0.00978064
0.00693131
0.01387499
0.02427725
0.00312597
-0.00493362
-0.00941338
0.01976244
-0.01113140
0.00976432
-0.03250119
-0.08688009
-0.03726440
-0.02114283
0.02314199
-0.00325410
-0.04632345
-0.05510253
-0.02838599
0.05141484
-0.03167289
0.04621277
0.05371625
-0.03158000
0.01598783
0.07546633
0.01874116
-0.00965010
0.01780850
-0.01530717
-0.06555679
0.00991578
-0.03841959
0.01984399
0.03243857
0.00508241
-0.03539280
-0.02524696
-0.02932945
-0.01077507
-0.00728779
-0.02915890
0.05829117
0.04055446
-0.04806913
0.04757346
-0.01110137
0.02355145
0.06674118
-0.05022082
-0.01573480
-0.00237542
0.03686341
-0.03056394
0.04144821
-0.00963180
-0.02178943
0.07372092
-0.00402636
-0.04050105
0.04452389
-0.01426858
0.00544773
0.02192261
0.01421081
0.01398078
0.02261539
0.04365927
-0.08491915
-0.01866203
-0.08374527
0.01117192
0.01669019
-0.01339102
-0.06087669
-0.05010055
-0.03600156
-0.06005010
-0.01008621
-0.04469698
-0.05812275
-0.08058585
-0.03404863
-0.00111616
0.04077401
-0.04844436
0.00346391
0.02377819
-0.03697527
-0.03350862
0.02198804
-0.04372162
0.05188221
0.01767700
0.02522320
0.00482790
0.00923157
0.00883115
-0.03424624
0.04605723
0.02335322
0.09696742
-0.06843514
0.00816369
0.02162472
0.06748412
-0.02120645
-0.03520310
-0.04382950
0.02305790
0.01580994
0.06538837
-0.07512970
-0.02988875
-0.11413360
-0.04173234
0.05308199
0.14749527
0.06052737
0.03558748
-0.02746956
0.05416362
-0.03960934
0.06494302
-0.05257619
-0.02325703
-0.00451930
-0.00109498
0.00178374
0.04528209
0.02815604
-0.03909738
0.09052928
0.00146068
-0.03283130
-0.03347472
0.10396292
0.01950177
-0.02242430
0.08690438
-0.03684591
-0.04859235
0.00958269
0.02425923
0.04586731
-0.11386812
0.01041069
0.02148128
0.02110181
-0.01012365
-0.00437378
0.01664643
0.00496624
-0.00904418
0.06176076
-0.00758140
-0.02510738
-0.04683940
-0.06385104
-0.03550056
0.05339278
0.00917399
-0.04964988
0.00838363
-0.01496753
0.01486091
-0.00842366
-0.01392880
0.01301931
0.00422724
-0.00489733
-0.06074422
-0.02925074
-0.00385786
-0.02178826
-0.00442629
0.02635382
-0.03862533
0.05250959
-0.04786773
-0.02210632
-0.02230514
-0.02686855
0.11160407
0.01479645
-0.04903843
0.08709768
0.05709596
-0.01282294
-0.00143547
-0.03365995
0.02815668
0.02524263
-0.02869914
0.03869209
-0.02611714
0.05406217
-0.03352350
-0.01989131
-0.00489981
0.02987812
-0.02579933
0.00376394
-0.07188614
0.03203201
-0.08349172
0.04647084
0.02780779
0.04950785
0.02657376
-0.03314226
-0.00214407
0.03853234
-0.07251402
-0.07092912
0.06068622
-0.00762732
-0.00337140
0.04145197
-0.04470977
0.02146695
0.05853652
-0.01062575
0.08153360
0.01632995
0.01227196
0.03064880
-0.13388091
0.01622306
-0.04897812
-0.03924607
-0.03659222
-0.04064098
0.00762474
0.00374160
-0.01516554
0.01158919
0.07164909
0.07358171
0.03377561
-0.02007419
-0.04609165
0.01598758
-0.03782470
0.03843520
0.08228875
-0.04425507
-0.07835542
-0.00997788
0.09561913
0.00987798
0.00723072
0.03685126
-0.05195427
0.07022215
-0.04140876
-0.01089824
-0.02873950
-0.03024335
0.00537812
-0.04136041
-0.03429123
0.00906607
0.05262205
-0.03418961
-0.03155814
0.03065385
-0.05451496
0.04221793
0.00381503
0.01669809
-0.02388063
-0.08574773
0.01377176
0.01576008
0.02835774
0.04702625
0.03825023
-0.01631906
0.02953062
0.07488114
-0.06220311
-0.02119366
-0.01855236
-0.04687769
0.00730044
-0.08253419
0.07340996
0.06054810
-0.00133344
-0.02009763
-0.00744609
0.02679664
0.01271288
0.00748693
-0.02280452
-0.15265892
0.02605669
-0.03358873
-0.10557831
-0.03503372
0.00872961
-0.03133025
0.04263165
-0.03842569
-0.01723972
-0.05394294
-0.05035847
-0.03775629
-0.03677598
-0.06085453
-0.01545884
-0.03887287
-0.02043741
0.10102682
-0.00244107
-0.01056226
-0.00599285
0.04746014
-0.01428296
-0.00697464
0.00415035
-0.04890161
0.00318882
0.06280398
-0.04745460
0.02108861
-0.02820601
0.00412327
0.00811899
-0.00965978
-0.03367808
-0.01135627
0.01280435
0.04228353
-0.09110349
-0.06245255
-0.08487862
-0.02754339
-0.04492166
-0.02718630
0.00434222
0.02021537
0.03120079
-0.03956643
-0.02757171
-0.02044909
-0.00815454
0.06441639
-0.06848817
0.03954244
-0.05426594
-0.04888843
0.09218191
0.05589312
0.07852673
0.00000565
0.00044854
0.15684934
-0.00909091
0.05775699
0.06785198
0.05707021
0.03413363
-0.01601242
0.00875361
-0.02964398
0.08283268
0.02566776
-0.01732691
0.04824836
0.03197390
-0.00597202
-0.02411992
-0.01212380
-0.00331685
-0.00622094
-0.07817739
0.01512397
-0.01540963
-0.04861555
0.00673558
-0.05338856
-0.00699137
-0.01084964
0.00306819
-0.02192334
-0.02858755
0.05367288
-0.05970518
-0.11726902
0.03087067
-0.03822815
-0.02586219
-0.02525174
0.03313022
0.00647405
-0.05245267
-0.03264795
0.00946056
-0.02916505
0.07805544
-0.05167905
-0.04675354
-0.03722062
-0.00781774
0.05143750
0.00015087
-0.00098813
0.02896001
-0.08629516
-0.08822758
0.06956920
0.00998107
0.05242810
0.01371341
-0.01087624
0.01133854
-0.00393401
-0.08110967
-0.00733181
