0.00005962
0.00913812
-0.03025683
0.03729597
0.00393432
0.03969246
0.01855884
-0.00884794
-0.01065722
0.01746052
-0.03236787
0.00271185
0.02217477
0.01171531
-0.01929321
-0.00481523
-0.03265403
0.02667112
-0.14088807
0.01150380
0.00833374
-0.03569251
0.09998100
-0.01196775
0.01048978
-0.01643251
-0.01632078
-0.01669617
-0.02119999
0.01892260
-0.09472184
-0.03038682
-0.00330141
-0.01428516
-0.00768999
-0.02736275
0.02613741
-0.00521186
-0.00696732
0.03916479
-0.01590732
-0.00353380
0.04560259
-0.00434945
-0.00310004
-0.03865169
0.01248192
-0.03035938
0.00480584
-0.00136744
0.02968124
0.11956382
-0.07397950
-0.00725694
-0.00427254
-0.01054086
-0.00928575
-0.00747953
0.38768980
0.01259075
0.00597605
-0.01609579
-0.03616527
0.01502222
0.02778769
-0.03390900
-0.00205569
-0.00901509
-0.05382022
-0.04852683
0.01392976
0.00280425
-0.02952604
0.00907848
-0.03573329
0.00350124
0.02024861
-0.04220547
0.00318491
-0.17189692
-0.00299695
-0.01378237
0.01543862
-0.04655828
-0.10873033
-0.00660487
-0.03554444
-0.01993846
0.02730614
-0.01771037
-0.03006515
-0.10341370
0.13385807
-0.00114767
-0.02307733
0.00509067
0.00532306
-0.02369864
-0.00898094
0.00545225
-0.00927154
0.01155132
-0.01713877
-0.00646648
-0.01272564
-0.01160115
-0.00651508
-0.00843428
0.01290770
0.00922373
-0.02627058
-0.00498862
0.01732190
0.00976136
0.01212512
-0.00639984
0.01450481
-0.01541032
-0.03495862
0.00557457
0.01003031
-0.00166645
-0.02874398
0.01904247
0.02699336
0.00883153
0.01227371
-0.00164986
0.01786480
-0.00108760
0.01581753
-0.00064503
0.00040267
0.00284588
-0.02280682
-0.02275298
0.01742312
-0.06435815
-0.07420047
0.00408677
0.16587314
0.02349830
0.00050572
-0.00795066
-0.01000250
-0.24120337
0.01101657
-0.00917190
-0.01731788
-0.00500767
0.03897990
0.00076027
0.02572736
-0.00584421
0.01506902
-0.01420437
-0.02020368
-0.00220859
0.06502873
0.04103203
-0.01789157
0.20325769
-0.03561485
-0.00459962
-0.01357910
-0.06928809
0.05435709
-0.01987202
0.01247986
0.01173484
-0.00638702
-0.02934212
-0.01147197
0.01204540
0.03053860
0.03131259
0.00813442
0.02859470
0.01887842
0.00495784
0.07615905
0.00062880
0.00286365
0.00220091
0.03873162
-0.25319064
0.19761774
0.02567779
0.00793939
0.01511927
-0.07324493
0.00257660
-0.00779335
-0.01045469
0.00574281
-0.04210075
-0.00933993
0.00402834
0.01491689
0.00575307
0.00590639
-0.00506990
0.00947787
0.00893401
-0.01523595
-0.02577179
0.01572304
0.00874142
0.02331898
0.11210036
0.02408545
0.00374371
0.00693002
-0.00183646
-0.02345888
-0.00635664
-0.01164471
0.04160711
-0.00112774
0.00294227
0.01248942
-0.57825732
-0.01445980
0.00726763
0.00556592
-0.01673599
-0.01230381
0.00782036
0.01243863
0.01136618
0.00810185
0.05143069
0.02310018
0.00960818
-0.07336678
0.00804384
0.01314042
0.01003941
-0.01994770
0.02691419
0.01146636
-0.00752165
0.11095702
-0.05654423
-0.02337944
-0.00494609
0.01146010
-0.04567117
0.04303422
0.03285932
-0.00975222
0.02526161
0.04402793
0.02209058
-0.00623769
0.01346957
0.02166706
0.10003081
-0.01667845
-0.00177788
0.12001490
-0.08414162
0.05896196
0.04563757
-0.08585581
0.06250756
-0.01925877
-0.08190538
-0.21244441
-0.01867275
0.00620170
0.07513037
0.11129751
-0.00064181
-0.00065487
-0.01061419
-0.03427950
-0.09890907
-0.02697344
-0.04455311
-0.09576610
-0.04330413
0.04362677
-0.19615780
0.08061749
0.09413215
0.05191639
0.03245274
0.07207540
0.01975966
0.19882736
0.03511491
0.00693469
-0.09410129
0.05124079
0.01999079
-0.16346304
-0.03647738
0.08205586
-0.01811759
-0.06509342
-0.06615438
0.76450384
0.03580311
-0.04152307
0.04737749
-0.15249376
0.15384726
-0.09349486
-0.10881138
0.00726844
0.04754772
0.09380046
0.01342296
-0.13652293
0.01435802
0.00438965
-0.00518957
-0.07173936
0.03761658
-0.03563723
-0.01595235
-0.00070593
0.00216190
-0.04126270
-0.01745761
-0.05125985
0.02515129
0.03720032
0.04596797
-0.03464905
-0.06033828
0.00284998
0.04272522
0.00443965
0.06529473
-0.01987112
0.01773030
0.05348068
0.01345385
0.02068802
0.00902404
-0.06096948
0.02694393
-0.03670708
0.09959161
0.02493293
0.01060383
0.04204647
-0.03524289
-0.00158982
0.02654997
-0.00653327
-0.05595971
-0.05095204
-0.03663980
-0.01230700
0.01753926
-0.07315776
-0.00044860
0.00327323
0.04422685
0.01374567
-0.00258690
0.01690652
-0.00326900
-0.03843437
0.01482887
-0.12180575
0.05165451
0.02655701
-0.02981907
0.04126509
-0.00329287
0.00400575
0.05506383
-0.05454564
0.03402416
0.03484700
0.03849475
-0.01741313
-0.00021296
0.01006077
-0.03349544
-0.03274588
-0.03600052
-0.02494677
-0.01536562
0.09163376
-0.04238219
-0.02110548
-0.04387898
-0.07588209
0.01244767
-0.02397749
-0.09385920
-0.01976228
-0.09915783
0.03397874
-0.02175469
0.04097819
0.08282256
0.06003004
0.00914390
-0.08799426
-0.02359352
-0.02227933
-0.08460360
-0.01719519
-0.00567183
-0.00862404
-0.00960999
0.01844000
-0.00851416
0.04071264
-0.00254742
-0.00775009
-0.02911913
0.00153811
-0.02610032
0.01691209
-0.04466856
-0.11624435
-0.03187340
-0.03167710
0.00288481
-0.00530985
-0.06904405
-0.03949111
-0.04024949
0.03911273
-0.03185723
0.03383193
0.06321307
-0.04712304
0.02477642
0.05319232
-0.03060364
-0.03838012
0.01459811
-0.01813938
-0.05892038
0.03390133
-0.02696753
-0.00540221
0.04345085
0.00889843
-0.04517765
-0.03434057
-0.04312401
-0.03080734
-0.00979917
0.00166967
0.04735372
0.05688455
-0.06228643
0.04793090
-0.00518951
0.02147055
0.05083539
-0.07048084
0.00273956
-0.00549281
0.05819322
-0.03318358
0.02011706
-0.02044022
-0.00411530
0.07049730
0.00023833
-0.03486102
0.00342148
0.00371643
0.01683585
0.05991700
0.00938681
-0.00164274
0.00306424
0.03477090
-0.11387654
-0.02593418
-0.09536260
-0.00009464
0.01507885
-0.01288808
-0.04156214
-0.03755423
-0.00421030
-0.05676733
-0.03740550
-0.04342629
-0.05227278
-0.07822983
-0.03192540
0.00686171
0.00226460
-0.04808189
0.00490358
0.00817426
-0.03550776
-0.03398409
0.03491709
-0.03556556
0.05131061
-0.00471004
0.00776376
0.00739801
0.01792811
0.00554705
-0.02563810
0.03451910
0.03529381
0.11922901
-0.06884307
0.01310738
0.01658013
0.04519210
0.02836544
-0.04796246
-0.04395455
0.02966883
0.03377476
0.03733967
-0.09413230
0.03639903
-0.11246312
-0.02248537
0.03110212
0.15153798
0.08013599
0.03163637
-0.01373185
0.04573529
-0.02426881
0.05240678
-0.05634325
-0.02083035
-0.00218535
-0.00203889
-0.00673253
0.05519072
0.01669605
-0.04443465
0.07636464
0.00331369
-0.01010100
-0.06176582
0.08693688
0.03601784
-0.01786724
0.06525697
-0.02074221
-0.03992109
0.01763766
0.02389823
0.01283313
-0.13895836
0.04264664
0.00143156
0.02323046
-0.02821427
0.02776923
0.01406895
0.00621010
-0.00970954
0.03284771
-0.00971395
-0.03984385
-0.03939375
-0.06858303
-0.02156963
0.05273401
0.01133520
-0.05131160
0.01799238
0.01331363
0.04300537
-0.01443339
-0.02630620
-0.00805361
0.02420172
0.00064779
-0.07611755
-0.03473745
0.01521526
-0.03017861
0.00895311
0.01609751
-0.02685970
0.04683674
-0.04899409
-0.01746158
-0.03274946
-0.00725167
0.14387397
0.00710245
-0.03282728
0.09536110
0.05152877
-0.00306903
-0.01419374
-0.01045132
0.03374777
0.02614566
-0.01743319
0.04672298
-0.01324775
0.05259773
-0.04573161
-0.02436973
-0.00502583
-0.00503803
0.00302386
-0.00401725
-0.06619371
0.03663499
-0.07002050
0.01773431
0.02170754
0.03947147
0.02244569
-0.02457016
-0.00749742
0.03222585
-0.07382097
-0.07566689
0.05097809
-0.01509667
-0.00077719
0.02267214
-0.05415254
0.03058319
0.05977188
-0.00222348
0.09327123
0.01038719
-0.02013582
0.04410394
-0.09381507
0.01305192
-0.08464883
-0.04733044
-0.02980009
-0.03294148
-0.02015697
-0.00421774
-0.01692160
0.01702844
0.04451897
0.06704169
0.03482442
-0.04588556
-0.03846340
-0.03109220
-0.03664927
0.02470388
0.07260764
-0.03413254
-0.04482772
-0.01211195
0.08101933
0.02943620
0.03250515
0.00955280
-0.05811539
0.08529916
-0.02783123
-0.03293250
-0.01582043
-0.04408202
-0.00224483
-0.04105526
-0.03246912
0.00950667
0.04526398
-0.01389212
-0.04370355
0.00210872
-0.08824087
0.03378057
-0.00125657
0.01748137
-0.01094847
-0.12509340
0.01261557
0.02041406
0.03394515
0.06456304
0.02688326
-0.02646188
0.02782116
0.06283724
-0.02768349
-0.02486172
0.00029792
-0.03572093
0.01291714
-0.07637167
0.07048620
0.06811074
-0.01575379
0.00539667
-0.00141353
0.03112195
0.02493626
0.01836368
-0.00804652
-0.11646882
0.02464562
-0.01375830
-0.09757854
-0.04016383
0.01935343
-0.03101301
0.02226288
-0.00068992
-0.01459656
-0.09533186
-0.04006642
-0.02225461
-0.03459746
-0.07053536
0.02024763
-0.05094234
-0.04804059
0.10636444
-0.02620916
-0.00389371
-0.01446626
0.04306935
-0.01254084
0.01302699
0.00833417
-0.05976083
-0.01436300
0.04558846
-0.04860938
0.02497209
-0.06415714
0.00348658
-0.00113972
-0.00615048
-0.05400616
-0.01087407
0.00762635
0.01214166
-0.07881637
-0.03946807
-0.09171964
-0.01496786
-0.04088710
-0.00315124
0.01376539
0.06076577
0.03561296
-0.06206986
-0.01640595
-0.04581579
-0.01817069
0.07701911
-0.06430193
0.04311818
-0.06310660
-0.02994705
0.08225475
-0.02058931
0.07010003
-0.01068868
0.02230751
0.08604087
-0.01437494
0.06223718
0.05505242
0.04331709
0.05743610
-0.00492052
0.00853016
-0.02837862
0.10516772
0.01931952
-0.02157521
0.03844289
0.05872033
0.01855684
-0.01359904
-0.01642652
0.00206921
0.01319221
-0.08873264
0.01885928
-0.00721149
-0.03565265
-0.00162946
-0.03254858
0.02765744
-0.01735843
0.00026612
-0.04006041
-0.03906332
0.04969408
-0.03642547
-0.14198679
0.02755525
-0.04492861
-0.03685227
-0.03592719
0.00499951
-0.00771975
-0.04881505
-0.04248457
0.03364662
-0.03364604
0.07496968
-0.05386936
-0.05459163
-0.01827520
0.00175938
0.04884141
0.00365895
-0.00469591
0.02565934
-0.08398738
-0.08711635
0.06994014
0.00438754
0.06476223
0.03062288
-0.02227475
0.01717974
-0.01938155
-0.06312936
-0.00254263
