0.00266038
0.01718720
0.01261132
-0.02162919
0.02742686
0.02212099
-0.00554798
-0.00335089
-0.04760164
-0.01117366
-0.00612095
0.00217381
-0.01539714
0.01674505
-0.00085810
-0.02520116
-0.00428548
-0.01520099
-0.16512172
0.01578813
0.01758662
0.02654897
0.00776397
-0.03244563
0.00957262
0.02030446
0.03328894
-0.00543360
-0.01147536
0.01439294
-0.16253164
-0.01746252
-0.00143550
0.00452814
-0.00403698
-0.00712294
0.01354521
-0.02425901
-0.01424329
0.00067988
0.00316088
-0.00337177
0.06807259
-0.00768185
-0.00964011
-0.00717052
0.01832981
-0.00731414
-0.00434196
0.00639647
0.01992413
0.02674364
-0.06491315
-0.01711402
-0.00005991
-0.03131141
0.01557728
-0.00467176
0.46860287
-0.04782901
-0.01487004
-0.01338573
0.00040996
-0.02701461
0.00803552
0.01996340
-0.02258184
0.01896700
-0.07594212
0.00278736
-0.01268452
0.00680313
-0.03579083
0.01933049
0.00382248
-0.01613110
-0.02147281
-0.01770073
0.01194685
-0.14919205
0.00101648
-0.02806321
0.01044410
-0.03807576
-0.04772669
-0.01835543
-0.02429100
-0.01704994
0.01047711
-0.00001009
-0.02776945
-0.03299376
0.05342976
0.01838868
-0.01299234
0.01408276
-0.00013508
-0.02811823
-0.04667417
-0.00265297
0.01284923
0.01430686
0.00016612
-0.00835375
-0.02598462
-0.01605489
-0.02328775
0.01034235
0.00967586
-0.00396463
-0.00254850
-0.00502171
-0.00214967
0.02047350
-0.01159270
-0.00798903
-0.02262508
-0.00908425
-0.00989131
0.01402976
0.00087386
0.01271562
-0.01239754
-0.01050857
0.06718493
-0.00005634
0.01139587
-0.00061303
0.00082421
0.08105282
0.04434901
0.01860637
0.01271925
0.01528416
0.00669752
-0.02691464
-0.00488806
0.01719849
-0.09421999
0.00313018
0.11071457
0.02057100
-0.01261435
0.01279846
-0.01765708
-0.22055018
-0.00817637
-0.00463427
-0.02563359
-0.00347381
0.00812918
0.02488083
-0.02115130
-0.02099967
0.00210285
-0.00673596
0.01929864
0.00315893
0.04192265
0.05461181
0.00131920
0.12063376
-0.04746087
0.00931117
-0.00618453
-0.02099073
-0.00497211
0.01811699
0.01063586
0.02175201
-0.02962827
-0.00996543
-0.01418113
-0.03216963
-0.00178747
-0.00311493
0.00007619
0.02622143
-0.06408527
0.02133280
0.01169737
0.01008049
0.01297738
-0.00015786
0.02846157
-0.26145634
0.11894423
0.02281148
0.01341530
0.06049960
0.00018212
0.00344785
-0.00849349
-0.00866158
0.01648192
-0.00857904
0.08394492
0.00430329
-0.00226557
-0.01830565
-0.01100282
-0.00205276
0.04732040
0.01087117
-0.00773675
-0.01544890
0.00256300
-0.01060821
0.02869235
0.04844313
0.02575472
0.00438226
0.02609908
-0.00008476
0.00677559
0.03989145
-0.02952941
0.01570313
-0.00685999
-0.01172054
0.01361737
-0.62659889
0.00614669
0.01075786
-0.00272440
-0.00758596
0.00058952
-0.01275617
0.01027296
0.01392061
-0.00301080
-0.02564313
0.04190868
-0.00279620
-0.04127224
-0.00889775
0.00425074
0.00074648
-0.02284364
0.01511962
-0.01464370
0.02198139
0.14726439
-0.01219754
-0.00936111
0.00732418
0.01082961
-0.01547785
0.01836128
-0.00698222
-0.00225012
0.00812482
0.02917798
0.01106355
-0.00262333
0.00601451
-0.03000890
0.07399612
-0.07707687
0.03585330
0.05089260
0.02958734
-0.11350724
-0.07068454
-0.04576556
0.06951529
-0.02712679
0.04694310
0.00332039
-0.12923707
0.02808320
0.05147487
-0.04284166
-0.03033602
0.00949723
0.00342958
0.01372537
-0.05333907
0.02849008
-0.06549741
0.01591684
0.11735387
0.07120394
-0.08976200
-0.05927331
0.04509108
0.01480590
0.03339847
0.03212547
-0.02524475
0.11799042
0.00627151
-0.05598727
0.01713436
-0.04324643
-0.03358540
-0.08817780
0.10855585
-0.04352560
0.06288882
-0.02091787
-0.11944732
0.86795557
0.00371383
-0.03371536
-0.02435938
-0.07029398
0.16540876
-0.07339431
0.01310158
0.05404237
-0.05136228
-0.04454053
0.08054606
-0.00768522
0.06320181
0.09950934
-0.03261628
-0.07130389
0.02742432
-0.03504736
-0.01357983
-0.02485763
-0.02005601
0.00207948
-0.02676125
-0.03925046
0.03925971
0.04774129
0.04266688
-0.02804449
-0.07217561
0.01229240
0.05964113
0.01028736
0.07884352
-0.04180185
-0.03123572
0.06561939
0.03155114
0.05645003
0.00822403
-0.01535429
0.02613634
-0.07796330
0.05163525
0.03614813
0.02869483
0.00753731
-0.06297480
0.02339383
0.00261912
-0.02050248
-0.10395207
-0.02423682
-0.03465943
-0.02318873
0.02946903
-0.05574735
0.03992581
0.01568389
0.03576572
-0.00970197
-0.00862036
0.01096347
0.00977992
-0.05854468
-0.05452976
-0.05158668
-0.00899052
0.04655537
-0.02291627
0.03916718
-0.01989098
0.00684971
0.02048410
-0.09763392
0.01997584
0.04187635
-0.01570768
-0.05081274
-0.01414597
0.01132524
-0.02073779
-0.05442216
-0.01237439
-0.00984452
-0.04626435
0.10304998
-0.04561800
-0.00548459
-0.04447904
-0.01283330
-0.01863387
-0.04076757
-0.09488441
-0.02823880
-0.09864799
-0.00654411
-0.01570947
0.04678285
0.05733717
0.00540446
0.03992261
-0.03684330
-0.04693362
-0.01562849
-0.05232875
-0.00570346
-0.00941054
0.00639625
0.01447075
0.00705247
0.02316019
-0.00562154
0.02921491
0.00302225
-0.02036033
0.03749609
-0.01504864
0.00585649
-0.03884474
-0.06053668
-0.03734099
-0.01763380
0.07158621
-0.01649893
-0.04405758
-0.03222032
-0.03138456
0.05112145
-0.04383862
0.05271065
0.01970583
-0.00872706
0.03396355
0.03540338
0.00617129
-0.04041410
-0.00129484
-0.00081931
-0.05200028
0.04689106
-0.00571757
0.01722703
0.03321826
0.03252541
0.01435433
-0.09832662
-0.04446745
0.00408377
-0.02934560
-0.04409447
0.02276980
0.06070361
-0.06206984
0.05126502
0.00562970
0.00749028
0.08035272
0.05966768
-0.01680685
-0.00242733
0.02163015
0.02202231
0.04070721
0.01286957
-0.01739424
0.05863483
0.00466834
-0.00503953
0.02163278
0.03198289
0.02201879
0.00997024
0.00855692
0.04984548
-0.02144441
0.06839667
-0.07252455
-0.00840639
-0.03443286
-0.00644422
0.00143028
-0.01394440
-0.05361804
-0.05399476
-0.00490977
-0.08614750
-0.03033685
-0.00929575
-0.04237844
-0.06618343
-0.01851669
0.00484564
0.00471357
-0.05047406
0.02578606
0.02670250
-0.07066546
-0.03754961
0.04538573
-0.00670516
0.05653837
-0.01741011
0.01236045
0.01121750
-0.01669119
-0.01152640
0.00709014
0.05146745
0.04553420
0.07829012
-0.04062799
0.00695078
0.01390689
0.02722736
-0.03029605
0.01796238
-0.02629875
-0.03024650
0.06058788
0.09120233
-0.07528221
-0.03183210
-0.06001318
-0.03951751
0.05829905
0.14677301
0.04924623
0.02449887
-0.00175192
0.02377066
-0.03763790
0.03309251
-0.05669096
-0.02796766
-0.01656235
-0.00564243
-0.01327518
-0.00818683
0.00534219
-0.04666368
0.10723904
0.01697100
0.00936618
-0.03238831
0.03227957
0.00681038
0.00137837
0.06641053
-0.00613527
-0.04198644
-0.00214496
0.02529824
0.01700842
-0.08309673
0.04195040
0.00105407
0.00820989
-0.04029674
0.00124593
0.08787015
-0.00953616
0.00310411
0.05550508
-0.00324910
-0.00757265
-0.01217326
-0.05562462
-0.03627561
0.03249630
0.02255426
-0.08797461
0.02541193
-0.07600096
0.03563990
0.02767905
-0.01981329
0.01031308
-0.00310939
-0.01034894
-0.07544302
-0.02029534
0.02046650
-0.03309713
-0.00448668
0.01295724
-0.03743305
0.07056477
-0.05886111
-0.03353155
-0.02067693
0.02804007
0.12531665
0.01370521
-0.04089050
0.05806189
0.02861454
-0.05478093
0.01247189
-0.01469639
-0.03997770
0.08685775
-0.01843319
0.03632611
0.01386613
0.05328432
0.00919384
-0.02301724
0.01439900
0.01951719
-0.06023249
0.00387454
-0.03963551
0.00935055
-0.12169342
0.01634137
0.03236452
0.04443002
0.02764859
-0.00961717
0.01409492
0.06049812
-0.09757813
-0.06794383
0.04882611
-0.03581383
-0.00910051
0.06609083
-0.00013864
-0.06540339
0.09319998
-0.04051349
0.09339381
0.00713415
0.02428534
0.02917223
-0.08150163
0.00847162
-0.07644510
-0.02235078
-0.02816619
-0.05372617
0.01083604
0.01055854
-0.02284394
0.01751127
0.05388664
0.02680940
0.02121574
-0.06728323
-0.00744489
-0.02932261
-0.03353470
-0.00142030
0.08281215
-0.00286803
-0.06592903
-0.02074977
0.09900322
-0.00438747
-0.03024916
0.00672683
-0.05771516
0.04680849
-0.02823523
-0.00680049
-0.01445680
-0.00978021
-0.02366166
-0.00241364
-0.00598792
-0.00966784
0.03596028
-0.02765915
-0.01762449
0.00989019
-0.04159534
0.00703353
-0.04128642
-0.02383020
0.00556599
-0.08574408
0.00611319
-0.01864465
0.01520456
0.07204333
0.03588592
0.02620808
0.01234290
0.03244790
-0.11221122
-0.01711202
0.00786145
-0.02634889
-0.00334192
-0.01407763
0.03768380
0.09778512
-0.05000192
0.03100580
0.03918758
0.01122335
-0.01334273
0.05345908
0.00700799
-0.12207231
0.02398080
-0.03255891
-0.13481152
-0.02912143
-0.00689850
0.01565757
0.03231247
-0.00364110
-0.04392577
-0.07642510
-0.08772447
-0.04269150
-0.03279131
-0.07082830
0.01020974
-0.01434552
-0.03221508
0.07436334
-0.01817788
0.00200726
0.01567328
0.06634638
-0.03303402
-0.02711604
-0.04299594
-0.02066501
0.03207077
0.07757282
-0.01516198
0.03258534
-0.02980498
-0.00857845
-0.03947020
0.00105648
0.01051130
0.00399508
0.04851277
0.02652090
-0.04646698
-0.05770099
-0.07351042
-0.02599931
-0.05453088
0.02533963
0.02243724
-0.00308617
0.03999349
0.01082061
-0.03865729
-0.04679037
-0.02191076
0.06920668
-0.05619426
0.04968775
-0.04266879
-0.02795968
0.09636422
0.02274940
0.02447973
0.02853198
-0.01911484
0.16967912
-0.01509904
-0.02833594
0.07194213
0.05556036
0.01256076
-0.06661725
0.01088098
-0.02861650
0.07351867
-0.00080893
-0.03904708
0.08339476
0.02635994
0.03463710
-0.04438297
-0.01771132
-0.01672276
0.00170527
-0.06619237
0.00443106
0.00841419
-0.03678041
-0.00430207
-0.04878209
-0.00516266
0.06458864
0.00356228
-0.01424251
-0.02535127
0.07711593
-0.05665017
-0.17713970
0.03877331
-0.03854102
-0.00865048
-0.02777725
0.00646173
0.01584435
-0.06517268
-0.04265304
0.00496314
-0.02406058
0.10314953
-0.11515710
-0.03229515
-0.00856450
0.00952670
0.00629817
-0.00521355
-0.03768896
0.06754043
-0.09117732
-0.04029792
0.04553999
0.00433457
0.05369955
0.00992311
0.00052049
-0.03084642
-0.00157052
-0.03063639
-0.00412150
