0.01067796
0.01115461
0.02177106
-0.00719497
0.01589770
0.01077240
-0.00938139
0.01372246
-0.02940691
-0.01049554
0.00551606
-0.01286833
-0.02067588
0.01463564
0.00365933
-0.01569544
0.00288795
-0.01880024
-0.16075294
0.02371099
0.01183119
0.04678107
-0.01973151
-0.03254046
0.00212819
0.02342168
0.03128531
-0.01730719
-0.00084987
0.01707318
-0.19887552
0.00174062
0.01443208
0.01347176
0.00392121
0.01551117
0.02192892
-0.02251815
-0.01792455
-0.03804826
0.01143343
0.00178180
0.08009754
-0.00653007
-0.00139853
0.00453458
0.01911975
0.00296467
0.00090477
0.01223553
0.03467644
0.01078162
-0.06756958
-0.03291842
0.00572261
-0.03387851
-0.00059796
0.00055188
0.45506969
-0.05470908
-0.01505420
-0.01338741
0.00142473
-0.04037959
0.00865732
0.03270595
-0.03389699
0.02657018
-0.05903091
0.01068468
-0.00031249
0.01863239
-0.03175508
0.01975393
0.01181004
-0.01283531
-0.01443808
0.00936564
0.00963343
-0.13448045
-0.00277044
-0.01964202
0.00105881
-0.04394042
-0.02136892
-0.02855461
-0.01199105
-0.01397225
0.00598389
-0.00964535
-0.01414707
-0.01636413
0.03677111
0.02386701
-0.01149108
0.00812889
-0.01689573
-0.02208620
-0.05309720
-0.00061907
0.01616952
0.01989828
-0.00678346
-0.00242580
-0.02285897
-0.00906075
-0.02988399
0.01817181
0.01047682
-0.00328853
0.02148206
0.01117047
-0.01048850
0.02285924
-0.02456905
0.00148826
-0.02393216
-0.00289540
0.00622163
0.00924871
0.00942554
0.02204121
-0.00436642
-0.00997445
0.05166583
0.01148477
0.00041810
-0.00163635
-0.00461266
0.10128841
0.03043890
0.02615504
0.01039300
0.01497886
0.03277975
-0.03474153
-0.02578826
0.03313319
-0.08767565
-0.00658079
0.05506674
0.02550927
-0.00873089
0.00851419
0.00055242
-0.20994255
-0.00962062
-0.00678385
-0.03170755
-0.00100728
0.00853288
0.02466058
-0.03102483
-0.02754228
-0.00313850
-0.00718188
0.00359606
0.00657876
0.02386974
0.04134093
-0.00441177
0.07669725
-0.02472249
-0.00036788
0.00025203
-0.00533482
-0.00051207
0.00758815
0.01631677
0.02810732
-0.03043543
-0.00614503
-0.00327256
-0.03219833
0.00839820
-0.00066024
-0.00811902
0.02746375
-0.06964417
0.02399402
0.01562063
0.01125556
0.02218743
-0.00126005
0.02167772
-0.24891865
0.05021799
0.01760608
0.00096432
0.06997681
0.04291198
-0.00294264
-0.01409498
-0.00216608
0.01703562
0.00273925
0.08137341
0.00475087
-0.04761535
-0.02892831
-0.00134743
-0.00424527
0.05994396
0.00810029
0.00533275
-0.02635366
-0.00182545
-0.00673838
0.01063514
0.03461097
0.00739473
-0.00527578
0.03479379
-0.00063194
0.02685505
0.06074160
-0.02862934
0.01953781
-0.00743473
-0.02209791
-0.00747970
-0.65650761
0.01029810
0.01483867
0.00788539
0.00733168
-0.00673266
-0.00624813
0.02193050
0.02097808
-0.01572582
-0.03587819
0.04159913
-0.00694087
-0.02976960
-0.01264022
0.00263725
-0.00750968
-0.01617059
0.01259774
0.01813578
0.01895730
0.12770748
-0.01780755
-0.01129540
-0.00522278
0.00501275
0.00946324
0.02381476
-0.02060897
-0.01313492
-0.00104724
0.03055141
0.01416573
0.00212603
0.00525380
-0.02327666
0.04850731
-0.09384463
0.06656148
-0.01715776
-0.04010508
-0.02761361
0.01528317
-0.01889834
-0.00053425
-0.00267230
0.06755317
0.02800678
-0.04840669
-0.01758709
0.04227788
-0.03970372
-0.03371096
0.02306973
0.00954861
-0.01420551
-0.00711618
-0.04227018
-0.03452105
0.08391925
0.06385761
0.07884980
-0.12018591
-0.04934813
-0.01001261
0.04534610
0.02504666
0.03305280
0.01217537
0.03859240
0.01763810
-0.03983936
-0.00046631
-0.04751744
0.02891202
-0.03543653
0.11248901
-0.01414824
-0.04242066
-0.02991601
-0.08622444
0.92536873
-0.01989653
-0.00750728
0.03635855
-0.06810122
0.11585815
-0.01853983
0.04362122
-0.05022894
-0.03101836
-0.01160629
0.02542688
-0.01892900
0.01147568
-0.01393248
0.00584921
-0.10885277
0.00804617
-0.03704206
-0.00770884
0.00645324
-0.00153159
-0.02935030
-0.00737641
-0.04870054
0.05895607
0.03422210
0.04374412
-0.01351622
-0.06956169
0.00448959
0.04528160
-0.00909712
0.07315268
-0.03523474
-0.01514011
0.04501931
0.03385343
0.05602822
0.02478267
-0.04339506
0.02933488
-0.06575016
0.05073846
0.03338116
0.02767192
0.02247413
-0.03742430
0.00094165
0.01630529
-0.01967577
-0.09511067
-0.04783208
-0.05084594
-0.01043730
0.02702609
-0.09008835
0.00975918
0.02277184
0.02335771
0.01511550
-0.00578151
0.01450048
0.01389817
-0.04287412
-0.03394971
-0.09690091
0.02155345
0.03216176
-0.00559978
0.04329164
-0.00209594
0.01093984
0.03989959
-0.10695108
0.03509657
0.04499243
0.02117328
-0.04584900
-0.01035193
0.03859994
-0.02434985
-0.05092996
-0.01006364
-0.01561233
-0.02359888
0.11329383
-0.04034205
0.00365544
-0.05694424
-0.06369805
0.01814767
-0.01799531
-0.09126759
-0.02136557
-0.11192168
0.00443377
-0.00960032
0.04941682
0.08436792
0.00295055
0.03616220
-0.06232292
-0.06191644
-0.01908691
-0.08832537
-0.02333484
0.00483874
0.00880464
0.00068247
0.01438146
0.01933850
0.01494169
0.01779946
0.00653262
-0.01958974
0.01898327
-0.01262388
0.00374072
-0.03719129
-0.07542508
-0.03618533
-0.00866497
0.04935722
-0.01783654
-0.05178067
-0.00866385
-0.03155884
0.04591254
-0.03075513
0.06789417
0.05548525
-0.03859107
0.03850415
0.06619646
-0.00857211
-0.03864682
0.01572097
-0.00008785
-0.05465615
0.03508476
-0.01075815
0.02501128
0.02361538
-0.02000406
-0.02354861
-0.06281522
-0.07131775
-0.00333431
-0.01025275
-0.04067070
0.03619982
0.06176451
-0.06460125
0.04584159
-0.01146384
0.03559495
0.05480584
-0.01419294
0.00109026
-0.01887461
0.03122222
-0.01263898
0.02181005
-0.00627428
-0.01714247
0.07475749
-0.00209969
-0.01344546
0.02301585
0.01409879
0.04021143
0.01380309
0.02914878
0.01585845
0.00045688
0.06645102
-0.08060314
-0.02864856
-0.08135040
0.01113160
0.01495131
-0.02289723
-0.06107889
-0.04289918
-0.00304627
-0.06082528
-0.00609060
-0.03986430
-0.04427778
-0.07169172
-0.03826907
-0.00523259
0.01530141
-0.04498290
0.00756224
-0.01100060
-0.04649825
-0.05691773
0.04658579
-0.01081619
0.05249667
-0.00481612
0.02512001
0.01108643
-0.01545382
-0.01021210
-0.02198872
0.04997040
0.02090006
0.11297581
-0.06335763
0.01711890
0.02466573
0.02978943
-0.00095510
-0.02513983
-0.01294653
0.00631206
0.05782467
0.09310950
-0.06583350
-0.01828801
-0.10375126
-0.03840532
0.04511855
0.15408748
0.05846493
0.01490292
-0.00618204
0.06712127
-0.03148223
0.03772984
-0.06119071
-0.01134402
-0.00389081
-0.00703176
-0.03322485
0.01713367
0.01104926
-0.04115286
0.10385918
0.02473968
-0.00199586
-0.06073133
0.06940121
0.01611512
-0.00458159
0.06767700
-0.02405324
-0.05182253
-0.00658027
0.02188138
0.02179850
-0.12052198
0.03839454
0.01925612
0.02456332
-0.01445971
0.01461391
0.03810240
-0.00521128
-0.00509553
0.05165920
-0.02044141
-0.04987217
-0.01590399
-0.05279595
-0.02053912
0.03437059
0.02050037
-0.08423755
0.01862339
-0.04434088
0.04737344
-0.00620199
-0.00158749
0.01858971
0.00695201
0.00022698
-0.09335232
-0.02628178
0.00579249
-0.03145989
-0.01396808
0.02022594
-0.02743000
0.07143963
-0.05456736
-0.02989510
-0.01022577
-0.00152870
0.15564467
0.01278090
-0.05115889
0.06098280
0.03270353
-0.02820257
0.00807984
-0.03952267
-0.01231174
0.04595746
-0.01672230
0.04909660
-0.00793177
0.06020724
-0.01219432
-0.01432160
-0.00266140
0.01988183
-0.03701097
0.00822887
-0.08171496
0.01981168
-0.11508506
0.00810364
0.03070388
0.06028027
0.03080164
-0.03045405
0.00583304
0.01905122
-0.08983216
-0.06978638
0.03455129
-0.02274447
-0.00083004
0.05843047
-0.04805395
0.00243266
0.05804726
0.00777826
0.08455237
0.01766645
0.02678882
0.02980528
-0.08817764
0.02587000
-0.08848999
-0.02549283
-0.02512376
-0.05435207
-0.00057934
-0.01389671
0.00186809
0.02796212
0.05997426
0.05174426
0.02320635
-0.04998633
-0.01961365
-0.02292469
-0.03145606
0.00970071
0.07691099
-0.01104512
-0.03158249
-0.01969599
0.08307268
0.00594494
-0.02116563
0.00710302
-0.05117571
0.07960738
-0.04534116
-0.01375267
-0.00799179
-0.02390769
-0.01676374
-0.02453960
-0.01448300
0.01709640
0.04439114
0.01040143
-0.02355324
0.00023886
-0.05776914
0.03846137
-0.02003148
-0.01341986
-0.01441635
-0.09196138
0.00185923
0.01238984
0.04390480
0.07991268
0.03891659
0.00432350
0.02662189
0.06330643
-0.08034968
-0.01430072
-0.00018398
-0.04491458
0.01301540
-0.06262501
0.06872817
0.08241000
-0.01997483
0.01025379
0.02899860
0.04443852
-0.00269903
0.03174022
0.00144708
-0.12996858
0.01256509
-0.03008424
-0.09526447
-0.00653592
-0.00262492
-0.00146549
0.03701472
-0.00448629
-0.02453265
-0.03769632
-0.10175556
-0.02969773
-0.01797614
-0.05766613
0.03057867
-0.02476821
-0.02987987
0.10432470
-0.01664901
-0.00380217
0.00451636
0.05171036
-0.03183278
-0.00671333
-0.00660704
-0.02639750
0.00251802
0.07808197
-0.01805598
0.03903150
0.00513317
0.00965250
-0.01594405
0.00518047
-0.03986917
-0.01817018
0.01436239
0.01660058
-0.06017703
-0.03444483
-0.06368137
-0.01747320
-0.03471483
0.00536124
0.01268894
0.00090395
0.03255299
-0.07285038
-0.04302225
-0.03289085
-0.01200703
0.05403975
-0.06829847
0.02260666
-0.04031894
-0.04957379
0.10292397
0.01682241
0.05822611
0.03483024
-0.00394658
0.17702644
-0.01245726
0.02842961
0.04994479
0.05299941
0.01553204
-0.02172068
0.02903926
-0.02509321
0.09855891
0.03776881
-0.03075108
0.07099734
-0.00721119
0.01338296
-0.02098391
0.00350060
-0.03333574
-0.01137508
-0.07877779
0.00667379
0.01205608
-0.03568126
-0.01054260
-0.02727266
-0.00431115
0.01422795
-0.00113702
-0.00140615
-0.02687237
0.06789971
-0.07085969
-0.13183840
0.02820725
-0.03546268
-0.03102754
-0.04058588
-0.01285477
0.00537280
-0.05046883
-0.04663675
0.01394989
-0.00362501
0.09603576
-0.09294047
-0.05124217
-0.01233289
-0.01362150
0.02014911
-0.00728623
-0.01779375
0.05775751
-0.07437439
-0.04793184
0.05766455
-0.00690409
0.03851528
0.01588100
-0.01184736
0.01947242
-0.02000632
-0.06251027
0.00270847
