0.01351008
-0.01116788
-0.04302998
0.05889417
-0.00632440
0.04374499
0.01638707
-0.01440362
-0.00109673
0.02954109
-0.03000342
0.00993093
0.02444710
0.02602225
-0.01900989
0.00251842
-0.02294475
0.04183389
-0.10480168
0.00785947
0.01240313
-0.05434439
0.11897417
-0.01250469
-0.01561162
-0.01691138
-0.04094123
-0.02985312
-0.01494195
0.01583562
-0.05509927
-0.02970010
-0.00233127
-0.00762190
-0.00299311
-0.02737650
0.02770075
0.00091230
-0.00030569
0.04267586
-0.02361016
-0.00182912
0.02686999
0.00116001
-0.00749757
-0.04349815
0.01163762
-0.01578028
0.01390263
0.00067006
0.03274152
0.15064001
-0.07060441
-0.03123350
-0.00802344
-0.01974647
-0.02301474
-0.01878126
0.35692370
0.04747047
0.01233805
-0.01507910
-0.03895020
0.03344911
0.02452328
-0.04624286
0.01138121
-0.01636214
-0.04054339
-0.05704083
0.03320945
0.00779720
-0.02519754
0.00033635
-0.03541552
0.03133489
0.02974484
-0.04334447
-0.00644788
-0.17179818
-0.00499829
-0.01248349
-0.00703346
-0.04567065
-0.11329749
0.00504597
-0.02047126
-0.02205671
0.01881673
-0.02287460
-0.00929304
-0.11711715
0.15381929
0.00411200
-0.03090968
-0.00063796
-0.00266118
-0.00339005
0.00038610
-0.00554267
-0.01853153
0.01743320
-0.02461106
0.00966119
-0.00577755
-0.01016681
-0.00067542
-0.02841623
0.01771373
0.02021484
-0.00835358
-0.00136118
0.01533577
0.01079977
0.00562977
-0.01645041
0.02304609
-0.01241179
-0.02966249
-0.00415934
0.01395927
0.00121805
-0.01561929
0.02425446
0.00474802
0.02235935
0.00322534
0.00154272
0.01066953
-0.03805218
-0.00371276
0.00361699
-0.01459718
0.00998786
-0.03496681
-0.01090309
0.01262843
-0.07058227
-0.05265180
-0.01192264
0.16917004
0.03417828
-0.00297710
-0.01924114
-0.00474233
-0.22670211
0.00743456
-0.01399099
-0.01466588
-0.01052248
0.04143635
-0.00913849
0.03468905
0.00751490
0.01532613
-0.01251923
-0.01103586
-0.00390907
0.06196153
0.02662549
-0.01067681
0.22701897
-0.03511819
0.00269320
-0.00875162
-0.08133648
0.07532594
-0.03690776
0.00588358
-0.00481038
0.00369585
-0.04140987
0.00200325
0.01575848
0.03478173
0.02285871
0.00843459
0.03444897
0.05246121
0.01046361
0.08839256
-0.00775554
-0.00171132
-0.00141510
0.03271332
-0.21218337
0.19618842
0.00998160
0.00728371
-0.00673232
-0.08288299
0.01212300
-0.01507488
-0.01088205
0.00239865
-0.03675688
-0.05344212
-0.00078098
0.01960071
0.00214986
0.00138661
-0.00817026
-0.02159786
0.00550280
0.00070851
-0.02174410
0.00097357
0.02207993
0.02950319
0.12629999
0.02613634
0.01126148
-0.00326955
-0.01119268
-0.00968483
-0.02931470
-0.01069972
0.03587243
-0.00745491
-0.01683909
0.00181504
-0.58108056
-0.01965479
-0.00603308
0.00414448
-0.01439132
-0.02230387
0.02326698
0.01301023
0.01687357
0.00956923
0.06236606
0.01285288
0.01576852
-0.07459185
0.01589694
0.00889083
0.00163627
-0.01398492
0.03012644
0.03066919
-0.00546402
0.07176161
-0.05793288
-0.03506657
-0.00174385
0.00634631
-0.04424260
0.03995612
0.04087720
-0.01937585
0.01601754
0.03811987
0.01480681
-0.01562320
0.00983255
-0.02609449
0.08639163
-0.06909424
0.05290129
0.03978915
-0.08215795
-0.04586979
0.03598815
-0.04455136
0.00823046
-0.05662492
-0.05945194
-0.05696654
-0.01001580
-0.00055755
0.01220248
-0.00973228
-0.03537427
-0.02905151
0.01574418
0.03487523
-0.00383826
-0.06866375
-0.04960212
0.02726059
-0.07466497
0.03700818
-0.17163542
-0.02482182
0.03754662
-0.03998818
0.02013595
0.03077459
0.10431480
0.10274870
0.12718770
-0.05570339
-0.05996389
-0.00740166
0.03762489
-0.05736522
0.05571014
0.08607795
-0.03970611
-0.12480916
-0.05280966
0.83488071
0.08639512
0.02601160
0.12670895
-0.13376014
0.14833714
-0.04786484
-0.11894742
-0.02864751
-0.00092671
-0.03048988
0.06073503
-0.09501903
0.06602944
-0.05484745
0.05283100
-0.15323259
0.04581214
-0.02771183
-0.01492216
-0.00679077
0.00134855
0.00555756
-0.00304631
-0.03961225
0.01642119
0.07169604
0.05160142
-0.05763277
-0.07981445
0.01418185
0.06637353
0.02854063
0.07540364
-0.03618524
-0.03265399
0.04017515
0.03295917
0.05520021
0.01816079
-0.00993889
0.02185066
-0.07807235
0.04787966
0.04341801
0.00076616
0.03540120
-0.04004823
0.00844419
0.00746047
-0.00250868
-0.11782356
-0.02904710
-0.03477946
-0.03806148
0.05336406
-0.07883450
0.05865483
0.00066399
0.03359140
-0.03623466
-0.00355835
0.02762507
0.01698976
-0.06707864
-0.03087875
-0.05189350
-0.00516789
0.05238394
-0.04121647
0.03912142
-0.04434932
-0.00363079
0.01733273
-0.09794918
0.02248287
0.04330959
-0.01135315
-0.06545874
-0.01037804
0.02981709
-0.06025151
-0.05429022
-0.03686411
-0.01765548
-0.05882834
0.10568037
-0.03180744
0.00406216
-0.02979963
-0.02751651
0.00941137
-0.06444137
-0.08977178
-0.01516545
-0.08949108
0.00457147
-0.03860939
0.06042082
0.04039926
-0.02128692
0.04729988
-0.03944888
-0.04868757
-0.01518891
-0.04797740
-0.02179589
0.00374407
0.04892606
0.00659586
0.00325758
0.03339873
0.00369698
0.01631366
-0.00481102
-0.02083798
0.03086690
-0.01040295
-0.00543901
-0.01728043
-0.05458281
-0.01812277
-0.01911522
0.05771514
0.01684166
-0.04403912
-0.03461886
-0.01614764
0.01878107
-0.03531970
0.05926609
0.02341031
-0.01298410
0.02503428
0.01818369
0.00091702
-0.04467095
0.00044883
0.00811139
-0.07047439
0.02725856
-0.02195344
0.00130207
0.04068681
0.03638099
0.01693325
-0.06811328
-0.09062097
0.01235754
-0.03202631
-0.02470358
0.02409261
0.04968128
-0.05888121
0.02836893
-0.00292801
0.03713115
0.07881512
-0.00349185
-0.01364013
0.00083835
-0.00499548
-0.01555608
0.06055803
0.04464063
-0.02916374
0.05949471
0.00761115
-0.01832188
0.01373798
0.00937315
0.02070074
0.00160129
0.02693743
0.05505392
-0.01221945
0.06858183
-0.09256806
0.01570314
-0.02946360
-0.01753993
0.00833710
-0.02234817
-0.07046042
-0.04324517
-0.01318431
-0.07695033
-0.01916697
-0.01717567
-0.05016340
-0.05416828
-0.03562231
0.00369851
0.02146221
-0.05113142
0.03978555
0.03725868
-0.06890425
0.00286876
0.03725560
-0.03608570
0.06276311
-0.02389274
-0.00464056
0.01710437
-0.02737056
0.01808050
0.00265372
0.04611247
0.05575767
0.07472844
-0.05124566
-0.00999496
0.01978469
0.04773156
-0.02357944
0.01288464
-0.03144188
-0.00142025
0.03049613
0.07104865
-0.04791540
-0.03596628
-0.05816171
-0.07939382
0.06396499
0.14520487
0.04928996
0.02743005
-0.00664150
0.04369082
-0.04820007
0.02207982
-0.04483972
-0.01194929
-0.02857161
-0.00070946
-0.01914836
0.00998428
0.00375293
-0.05776585
0.12035565
0.01030184
0.02311845
-0.02476733
0.07800505
0.01565881
0.01685221
0.06897657
-0.01388193
-0.04552206
-0.01008238
0.01492324
0.01476696
-0.10677367
0.03359416
-0.01230729
0.03282570
0.01248170
0.01637526
0.05228119
-0.01353832
-0.01593716
0.03142932
0.00891178
-0.02872629
-0.03461925
-0.05978671
-0.05751657
0.04796292
0.00002140
-0.09761322
0.02088069
-0.07013251
0.05505055
0.02556313
-0.01804541
0.01494795
-0.01445293
-0.03083198
-0.07754958
-0.02945059
0.01014942
-0.01025087
0.01163211
0.01323540
-0.02706065
0.06223090
-0.03726790
-0.01370165
-0.05132236
0.00503471
0.11829876
0.00342275
-0.06835617
0.09169148
0.04801048
-0.04147349
-0.00862657
-0.01698072
0.01515442
0.05555068
-0.02146300
0.06541252
0.03934122
0.06989150
0.02306653
0.01022062
0.02940586
0.03089632
-0.03878451
-0.01796942
-0.02000626
0.01362752
-0.08536672
0.03931123
0.00828772
0.03288128
0.02909643
-0.01015766
0.02764492
0.03935358
-0.05800383
-0.08218345
0.05471439
-0.02460665
-0.01126768
0.06296771
-0.00460519
-0.06082791
0.09360265
-0.04537813
0.06707872
0.00942554
0.00183183
0.04964843
-0.08352230
0.00802217
-0.05800249
-0.02454593
-0.02959756
-0.03013988
0.01646843
0.00525040
-0.00964444
0.01774778
0.05158379
0.02889214
0.01639026
-0.06536168
-0.01652868
-0.01272599
-0.03847779
0.00821325
0.08407094
-0.02862610
-0.05219864
-0.02999531
0.09259441
0.01526742
-0.03475433
0.02140249
-0.05138449
0.05333371
-0.01838146
-0.00113885
-0.01901379
-0.00786631
-0.00081895
-0.02168487
0.00468544
-0.00715127
0.03158305
-0.01690077
0.02068211
-0.00786775
-0.04365170
0.05540263
-0.03762622
-0.00090990
-0.01742238
-0.06963159
0.01002813
-0.01642040
-0.00838071
0.06710835
0.07258913
0.02955248
0.01465511
0.01433938
-0.10958752
-0.03168446
-0.00386696
-0.01712895
-0.02403179
-0.03622646
0.04574655
0.07179911
-0.03964885
0.03839892
0.04816084
0.01612472
-0.03264347
0.07474937
-0.02143783
-0.11024031
-0.00561888
-0.04304662
-0.14587815
-0.00448913
0.01114768
0.01788949
0.02581763
-0.02149605
-0.03795365
-0.06576345
-0.07720971
-0.02117183
-0.03970940
-0.06928805
0.02171860
-0.01556130
-0.02932303
0.06072788
0.00518179
0.00711187
-0.00524597
0.04871521
-0.02714611
0.00355158
-0.04137817
-0.03895966
0.01805726
0.08823511
-0.00879560
0.02426888
-0.03967386
-0.01870898
-0.01791725
-0.01382970
0.01021815
-0.00866705
0.03486462
0.04847544
-0.06963451
-0.02597642
-0.07115379
-0.01759292
-0.03627045
0.01327343
-0.00217966
-0.03078121
0.04018134
-0.03221121
-0.04475248
-0.00993482
-0.01210779
0.05931273
-0.03944786
0.02251234
-0.04555328
-0.03343804
0.11902200
0.04026608
0.06768712
0.01489113
-0.03299913
0.14977367
-0.00178632
-0.01806057
0.06500322
0.04442563
0.00793827
-0.07035751
0.01789551
-0.03486558
0.07584220
-0.00078766
-0.01987272
0.07821663
0.05232757
0.02831437
-0.04188576
0.00591525
-0.00428585
0.00446080
-0.05997698
0.02816612
-0.00241836
-0.04887579
-0.00157386
-0.06147541
-0.02269644
0.02567270
0.01571942
-0.01301472
-0.01194987
0.07391238
-0.04290202
-0.16091207
0.04440137
-0.04603739
0.00635735
0.00575617
0.03600262
0.02155015
-0.05383354
-0.03449457
-0.02945113
-0.02687025
0.10529844
-0.07912625
-0.03573171
-0.04182334
-0.02351420
0.00624863
0.01606683
-0.03657200
0.08325294
-0.08160564
-0.07170925
0.04624633
-0.00439283
0.05551343
0.03634564
0.01054950
-0.01927317
-0.00001443
-0.05612976
0.01357646
