9.093039669096469879e-03
-2.082386054098606110e-02
2.110916003584861755e-02
-1.158451661467552185e-02
-3.192344680428504944e-03
7.500978652387857437e-03
-1.196853630244731903e-02
1.640039123594760895e-02
-3.826106712222099304e-02
-6.894666701555252075e-03
2.488014847040176392e-02
-1.635169982910156250e-02
-5.442932015284895897e-04
-9.619222953915596008e-03
-6.241319701075553894e-03
-2.834543352946639061e-03
1.925096102058887482e-02
6.956143304705619812e-03
-2.525747567415237427e-02
1.223632507026195526e-02
2.499547321349382401e-03
6.899119168519973755e-02
-3.095751628279685974e-02
-3.066001925617456436e-03
-2.054912969470024109e-02
1.245190761983394623e-02
1.726053282618522644e-02
-2.316096611320972443e-02
8.683719206601381302e-04
-1.323715224862098694e-02
-1.091308146715164185e-01
2.379773743450641632e-02
2.905957028269767761e-02
-1.803479716181755066e-02
1.082187797874212265e-02
3.305883705615997314e-02
3.191203996539115906e-02
1.102302409708499908e-02
1.615006290376186371e-02
-4.283696785569190979e-02
2.855866914615035057e-03
-6.453171372413635254e-03
4.525983706116676331e-02
5.837768316268920898e-03
1.156276930123567581e-02
2.352432906627655029e-02
-1.823179610073566437e-02
6.093730684369802475e-03
6.098239216953516006e-03
2.262532524764537811e-02
2.710976079106330872e-02
-2.487413212656974792e-02
2.610513547551818192e-05
-1.722110994160175323e-02
6.106791552156209946e-03
-2.354616858065128326e-02
-2.769771730527281761e-03
1.380035467445850372e-02
4.981115460395812988e-01
-5.145331844687461853e-03
-3.401270136237144470e-03
1.829907111823558807e-02
3.688512369990348816e-02
-6.303150206804275513e-02
-1.789784431457519531e-02
7.327680289745330811e-02
-3.502520173788070679e-02
8.928057737648487091e-03
-5.207070708274841309e-02
4.425181448459625244e-02
-3.515988122671842575e-03
-5.779471714049577713e-03
-2.507712878286838531e-02
2.472935942932963371e-03
-6.835801992565393448e-03
1.488509681075811386e-02
-1.074065361171960831e-02
5.295142997056245804e-03
3.789903363212943077e-03
-1.050526499748229980e-01
-2.528338879346847534e-02
3.784177359193563461e-03
-1.418917905539274216e-02
5.001251585781574249e-03
4.805363714694976807e-02
-5.437730345875024796e-03
2.350148424739018083e-04
-8.070852607488632202e-03
8.562766015529632568e-03
-2.069085836410522461e-02
1.259866356849670410e-02
4.471638426184654236e-02
-7.011585403233766556e-04
2.125355973839759827e-02
-5.541405640542507172e-03
-1.328847184777259827e-02
-1.302695926278829575e-02
-7.268776185810565948e-03
-7.513831835240125656e-03
2.353413961827754974e-03
-6.177722942084074020e-03
2.240622974932193756e-02
-1.528722885996103287e-02
9.859072044491767883e-03
-8.492887020111083984e-03
1.105139032006263733e-02
4.442161880433559418e-03
8.436031639575958252e-03
1.185793895274400711e-02
-4.963797982782125473e-04
1.507605146616697311e-02
1.767498254776000977e-02
4.010217729955911636e-03
-1.458450406789779663e-02
-1.513667684048414230e-02
-1.012414228171110153e-03
1.257189456373453140e-02
-5.547049455344676971e-03
2.044568955898284912e-02
-3.672073595225811005e-03
2.243814803659915924e-02
1.311395782977342606e-02
2.134472690522670746e-02
-1.402098033577203751e-02
1.596310921013355255e-02
1.771559379994869232e-02
-5.095937848091125488e-02
8.972221054136753082e-03
-2.101096790283918381e-03
1.060974895954132080e-01
2.911994792520999908e-02
1.500674895942211151e-02
5.903387907892465591e-03
2.103258296847343445e-02
2.801507152616977692e-02
-1.424635294824838638e-02
-5.243697669357061386e-03
4.248299077153205872e-02
-8.149364590644836426e-02
-1.015691459178924561e-02
-1.642342843115329742e-02
1.209460292011499405e-02
-1.071940548717975616e-02
-4.067860543727874756e-03
3.202965715900063515e-03
-6.741333752870559692e-02
-1.030275132507085800e-02
1.739392406307160854e-03
-1.981623470783233643e-02
-7.062967400997877121e-03
3.662558272480964661e-02
6.321124383248388767e-04
-2.757239155471324921e-02
6.642340682446956635e-03
-7.095474284142255783e-03
-1.929684169590473175e-02
2.248016931116580963e-02
-1.660400303080677986e-03
4.137374460697174072e-03
2.048392035067081451e-02
-1.336307916790246964e-02
-2.023242122959345579e-04
-3.052791021764278412e-02
6.716986652463674545e-03
1.886232011020183563e-02
6.439222395420074463e-02
-6.902443245053291321e-03
-2.321294881403446198e-02
1.983379758894443512e-02
3.459226712584495544e-02
1.416654093191027641e-03
-1.531946286559104919e-02
1.564663089811801910e-02
-9.296476840972900391e-03
2.239182777702808380e-02
-3.306454513221979141e-03
-6.063012406229972839e-03
7.086666300892829895e-03
-7.780556380748748779e-02
1.870806142687797546e-02
-1.278683170676231384e-02
-1.484740525484085083e-02
2.394033223390579224e-02
5.083738826215267181e-03
3.380037844181060791e-02
-1.756314784288406372e-01
8.345524221658706665e-02
2.388696884736418724e-03
-1.101508084684610367e-02
5.466257780790328979e-02
4.546621069312095642e-02
-1.102914568036794662e-02
-1.298973150551319122e-02
9.040547534823417664e-03
-2.521243505179882050e-02
2.669688314199447632e-02
1.028026416897773743e-01
2.368371561169624329e-02
-1.082625705748796463e-02
-1.847841404378414154e-02
-2.058394439518451691e-02
-7.805997040122747421e-03
1.215022057294845581e-01
4.305168054997920990e-03
1.615715213119983673e-02
-2.427698299288749695e-02
-1.368365250527858734e-02
1.941974088549613953e-02
1.816608477383852005e-03
-7.421623449772596359e-03
-2.649251744151115417e-02
-1.818495057523250580e-02
8.506368845701217651e-03
2.003900147974491119e-02
3.358788788318634033e-02
1.401848345994949341e-02
-4.720117431133985519e-04
2.251067012548446655e-02
-2.342225611209869385e-02
3.987054806202650070e-03
-9.502458269707858562e-04
-7.257191538810729980e-01
2.873110771179199219e-02
1.481346040964126587e-02
1.721965521574020386e-02
1.760222017765045166e-02
3.519481047987937927e-02
-1.922570168972015381e-02
5.106555670499801636e-02
2.924941852688789368e-02
-1.246553007513284683e-02
-4.744432121515274048e-02
4.085714370012283325e-02
-7.633974892087280750e-04
-3.275249153375625610e-02
-2.436652593314647675e-02
1.067691016942262650e-03
-2.777054440230131149e-03
7.595970761030912399e-03
-7.285207509994506836e-03
1.331375353038311005e-02
3.584954654797911644e-03
6.093838438391685486e-02
1.051746774464845657e-02
-1.876501366496086121e-02
2.286961069330573082e-03
4.934738855808973312e-03
9.216957725584506989e-03
4.409784916788339615e-03
-2.068893983960151672e-02
-6.987465079873800278e-03
-4.001966211944818497e-03
2.340577915310859680e-02
1.532094273716211319e-02
1.117527717724442482e-03
-5.763613153249025345e-03
6.549010425806045532e-02
4.335639253258705139e-02
-1.267467439174652100e-01
7.258924841880798340e-02
-4.350567981600761414e-02
1.023670285940170288e-02
-2.722202986478805542e-02
-1.658636890351772308e-02
2.014626935124397278e-02
5.702544376254081726e-02
1.061660721898078918e-01
8.616007119417190552e-02
7.859294116497039795e-02
1.699799112975597382e-02
2.860397659242153168e-02
8.488643169403076172e-02
1.050974056124687195e-02
8.706025779247283936e-02
-6.115989387035369873e-02
-3.609293326735496521e-02
-1.265493482351303101e-01
3.366650268435478210e-02
-4.553715698421001434e-03
5.569224059581756592e-02
2.602745220065116882e-02
8.290778845548629761e-02
-6.302189081907272339e-02
-3.925305604934692383e-02
-1.567175537347793579e-01
-4.505018703639507294e-03
1.725266426801681519e-01
3.129174187779426575e-02
-6.018887087702751160e-02
-1.393167972564697266e-01
9.082388877868652344e-02
-9.864314645528793335e-02
-7.651309669017791748e-02
2.751105651259422302e-02
-1.580961979925632477e-02
1.040333360433578491e-01
-2.263293415307998657e-02
2.112639695405960083e-01
2.361749298870563507e-02
-9.382311254739761353e-02
7.128657400608062744e-02
-1.080704852938652039e-02
7.635415792465209961e-01
-1.237996146082878113e-01
-8.562213927507400513e-02
-1.029946208000183105e-01
-5.503348633646965027e-02
5.006700381636619568e-02
-6.143945083022117615e-02
1.881100237369537354e-01
-4.357268568128347397e-03
-1.071211695671081543e-01
2.936532348394393921e-02
7.148794084787368774e-02
-6.540581583976745605e-02
-7.780855894088745117e-02
1.739321649074554443e-02
-1.075301542878150940e-01
3.397657349705696106e-02
1.052346602082252502e-01
-5.029690638184547424e-02
-6.908302661031484604e-03
-8.162939921021461487e-03
-1.733251847326755524e-02
-1.228797528892755508e-02
-1.777292042970657349e-02
-4.282247647643089294e-02
5.738558620214462280e-02
3.545808047056198120e-02
5.337851494550704956e-02
-1.464649662375450134e-02
-8.584854006767272949e-02
5.801871418952941895e-03
5.534797534346580505e-02
-1.366215641610324383e-03
7.992061972618103027e-02
-1.816653646528720856e-02
-1.755674020387232304e-03
4.770373925566673279e-02
4.092527553439140320e-02
8.717083185911178589e-02
1.452029403299093246e-02
-7.979514077305793762e-03
3.853962570428848267e-02
-7.338279485702514648e-02
4.321309551596641541e-02
3.502723947167396545e-02
3.264935687184333801e-02
2.157949469983577728e-02
-5.860335752367973328e-02
-4.875997081398963928e-03
1.723343506455421448e-02
-2.734765782952308655e-02
-1.123330295085906982e-01
-3.412661328911781311e-02
-6.665711849927902222e-02
-1.350234635174274445e-02
3.937921300530433655e-02
-6.262805312871932983e-02
2.688786201179027557e-02
1.778382621705532074e-02
2.348784729838371277e-02
4.675872623920440674e-03
-2.867612754926085472e-03
-5.048400256782770157e-03
2.165608666837215424e-02
-4.296499118208885193e-02
-4.934532195329666138e-02
-6.165853515267372131e-02
1.605559699237346649e-02
4.514810815453529358e-02
-3.574780002236366272e-02
5.292226746678352356e-02
-1.020179502665996552e-02
-3.466720459982752800e-03
3.991186618804931641e-02
-1.020270064473152161e-01
3.140616416931152344e-02
5.333051830530166626e-02
-1.046774536371231079e-02
-4.544744268059730530e-02
-2.376182563602924347e-02
3.748077899217605591e-02
-2.250661700963973999e-02
-6.506703794002532959e-02
-3.016563132405281067e-02
-9.330537170171737671e-03
-2.800869941711425781e-02
1.187171116471290588e-01
-4.832030460238456726e-02
-2.014889754354953766e-02
-4.627403616905212402e-02
-4.611599817872047424e-02
1.214226009324193001e-03
-3.879164531826972961e-02
-9.299656748771667480e-02
-5.457138270139694214e-02
-1.128084212541580200e-01
5.687946104444563389e-04
-6.222506053745746613e-03
2.990647405385971069e-02
8.136491477489471436e-02
1.886799558997154236e-02
4.722163081169128418e-02
-4.781158640980720520e-02
-6.090036034584045410e-02
-2.609102800488471985e-02
-6.432206183671951294e-02
-6.576648913323879242e-03
-1.681718230247497559e-02
1.215163059532642365e-02
2.145375497639179230e-02
6.316663697361946106e-03
1.359047740697860718e-02
8.875581435859203339e-03
3.091231174767017365e-02
1.612114347517490387e-02
-2.772300317883491516e-02
3.097974881529808044e-02
-7.635485846549272537e-03
2.219267887994647026e-03
-3.963618353009223938e-02
-5.940907448530197144e-02
-3.467366471886634827e-02
-7.660144008696079254e-03
6.370260566473007202e-02
-1.717130094766616821e-02
-4.516182467341423035e-02
-2.813483029603958130e-02
-2.520835027098655701e-02
4.697620496153831482e-02
-3.361764550209045410e-02
5.861013010144233704e-02
5.445837974548339844e-02
-1.577000319957733154e-02
3.981402516365051270e-02
5.563718080520629883e-02
3.761692717671394348e-02
-2.727003954350948334e-02
1.143556367605924606e-02
1.463155611418187618e-03
-6.388543546199798584e-02
3.014764748513698578e-02
-2.347968518733978271e-02
2.016674540936946869e-02
3.700293973088264465e-02
1.091353595256805420e-02
2.614134922623634338e-02
-6.697619706392288208e-02
-4.430417716503143311e-02
-2.318219003427657299e-06
-1.329387258738279343e-02
-4.510039091110229492e-02
3.900665417313575745e-02
6.414444744586944580e-02
-7.234372198581695557e-02
6.171441823244094849e-02
1.116603054106235504e-02
9.719700552523136139e-03
4.921362921595573425e-02
-1.008845982141792774e-03
-3.133129095658659935e-03
-1.785070076584815979e-02
1.923318952322006226e-02
3.325293539091944695e-03
4.860948026180267334e-02
-9.951683692634105682e-03
-3.471743315458297729e-02
6.654275953769683838e-02
-4.264059942215681076e-03
-3.061683848500251770e-03
4.126022011041641235e-02
7.260451558977365494e-03
2.032155357301235199e-02
6.837567780166864395e-03
1.378826145082712173e-02
3.171958774328231812e-02
1.663944683969020844e-02
7.034461200237274170e-02
-7.777798920869827271e-02
-2.155393920838832855e-02
-5.164662003517150879e-02
2.157972753047943115e-02
1.017764094285666943e-03
-1.995613984763622284e-02
-6.777180731296539307e-02
-5.360502377152442932e-02
-1.638081111013889313e-02
-7.426650077104568481e-02
-8.613702841103076935e-03
-2.587790973484516144e-02
-4.333835840225219727e-02
-5.218361690640449524e-02
-4.032567143440246582e-02
-2.055452950298786163e-02
1.007140893489122391e-02
-3.648387268185615540e-02
1.514106243848800659e-02
2.122692018747329712e-02
-6.149908527731895447e-02
-3.338853642344474792e-02
3.533003479242324829e-02
-1.729185506701469421e-02
5.778649076819419861e-02
-5.939783295616507530e-04
2.419367432594299316e-02
1.068256236612796783e-02
-3.143439069390296936e-03
-7.938649505376815796e-03
-1.309010945260524750e-02
4.919343441724777222e-02
3.313246369361877441e-02
9.478127956390380859e-02
-5.610772967338562012e-02
2.232543006539344788e-02
2.734433859586715698e-02
2.767331153154373169e-02
-2.704528905451297760e-02
1.235906314104795456e-02
-1.802458986639976501e-02
-1.888918876647949219e-02
4.358844831585884094e-02
9.084543585777282715e-02
-7.372163981199264526e-02
-2.706135436892509460e-02
-5.370315536856651306e-02
-3.112609684467315674e-02
3.765736892819404602e-02
1.603607684373855591e-01
4.400378465652465820e-02
2.326220273971557617e-02
-6.397549994289875031e-03
4.975226521492004395e-02
-5.061022564768791199e-02
4.166528582572937012e-02
-4.512007534503936768e-02
-3.138551861047744751e-02
-1.451125275343656540e-02
5.421997775556519628e-05
-1.420582085847854614e-02
1.353438943624496460e-02
7.770343683660030365e-03
-4.650002345442771912e-02
1.007890328764915466e-01
1.440000161528587341e-02
-6.240104557946324348e-04
-4.120609164237976074e-02
7.357862591743469238e-02
7.991281338036060333e-03
5.265002255327999592e-04
6.546497344970703125e-02
-2.310943976044654846e-02
-3.617228195071220398e-02
-7.309703622013330460e-03
2.413257956504821777e-02
2.406827732920646667e-02
-1.118444278836250305e-01
2.953161299228668213e-02
1.127825584262609482e-02
1.394914090633392334e-02
-2.466838806867599487e-02
1.873642578721046448e-02
6.089310348033905029e-02
2.816191175952553749e-03
-4.967302083969116211e-03
5.284304916858673096e-02
-5.034118890762329102e-03
-1.937396638095378876e-02
-2.589677646756172180e-02
-5.768625810742378235e-02
-2.736425958573818207e-02
3.612355887889862061e-02
5.970401689410209656e-03
-8.884825557470321655e-02
1.723892427980899811e-02
-6.198629736900329590e-02
3.483865410089492798e-02
-9.907038183882832527e-04
-2.073597721755504608e-02
2.486262284219264984e-02
-1.365705206990242004e-02
-1.240829844027757645e-02
-8.091811090707778931e-02
-1.877988502383232117e-02
-6.774362642318010330e-03
-2.286691404879093170e-02
-2.359943231567740440e-03
2.881995402276515961e-02
-3.436748310923576355e-02
6.999617815017700195e-02
-5.244454368948936462e-02
-2.559205517172813416e-02
-1.389626320451498032e-02
8.371743373572826385e-03
1.274491697549819946e-01
2.238041721284389496e-02
-4.359448701143264771e-02
4.602140933275222778e-02
2.952149696648120880e-02
-4.870348796248435974e-02
1.664897985756397247e-02
-3.632673993706703186e-02
-2.127347886562347412e-02
6.109489127993583679e-02
-1.881595700979232788e-02
4.427831992506980896e-02
-1.345674786716699600e-02
5.504175275564193726e-02
-9.598760865628719330e-03
-2.413197979331016541e-02
2.081338083371520042e-03
9.373700246214866638e-03
-4.652498662471771240e-02
-6.558427587151527405e-03
-1.760324276983737946e-02
2.048612385988235474e-02
-1.105218753218650818e-01
2.871791273355484009e-02
3.254614025354385376e-02
5.790739506483078003e-02
2.826084569096565247e-02
-1.401636004447937012e-02
9.381159208714962006e-03
3.584700077772140503e-02
-8.292954415082931519e-02
-7.979419082403182983e-02
5.906879156827926636e-02
-2.501986362040042877e-02
1.937913591973483562e-03
7.062342762947082520e-02
-5.311112385243177414e-03
-2.673574164509773254e-02
7.574590295553207397e-02
-2.341481484472751617e-02
8.271990716457366943e-02
-2.758650574833154678e-03
1.860676519572734833e-02
3.201411291956901550e-02
-1.055168658494949341e-01
4.103388171643018723e-03
-6.820718199014663696e-02
-2.583720535039901733e-02
-4.096730053424835205e-02
-4.900275170803070068e-02
1.001144200563430786e-02
9.084272198379039764e-03
-1.714871637523174286e-02
3.653183206915855408e-02
5.097613111138343811e-02
6.367190927267074585e-02
2.069853059947490692e-02
-4.139804467558860779e-02
-2.162859775125980377e-02
-2.455129660665988922e-02
-3.951169550418853760e-02
3.760542720556259155e-02
9.761650860309600830e-02
-1.284854672849178314e-02
-5.182397738099098206e-02
-1.596059463918209076e-02
8.489251136779785156e-02
1.320032216608524323e-02
-1.771865412592887878e-02
7.508495356887578964e-03
-5.448728799819946289e-02
5.538172647356987000e-02
-5.363891646265983582e-02
-6.672729272395372391e-03
-1.143606100231409073e-02
-4.232850857079029083e-03
-1.545809209346771240e-02
-1.291830465197563171e-02
-1.189700234681367874e-02
-2.679704222828149796e-03
2.573624439537525177e-02
-1.443699281662702560e-02
-1.692090742290019989e-02
1.477219071239233017e-02
-3.899189084768295288e-02
5.235979333519935608e-02
-4.491424933075904846e-02
-1.547065656632184982e-02
-1.189625822007656097e-02
-7.292177528142929077e-02
7.634221576154232025e-03
-1.411617826670408249e-02
1.616183482110500336e-02
7.941660284996032715e-02
4.529311135411262512e-02
1.407191343605518341e-02
4.189729690551757812e-03
4.749210551381111145e-02
-9.181426465511322021e-02
-2.460757829248905182e-02
1.162927411496639252e-02
-4.263765737414360046e-02
1.029447373002767563e-02
-5.259352922439575195e-02
4.013475403189659119e-02
8.522164821624755859e-02
-3.848505765199661255e-02
-6.470715161412954330e-03
3.732561320066452026e-02
2.578098513185977936e-02
1.108601968735456467e-02
3.768047317862510681e-02
-6.185847450979053974e-04
-1.197633519768714905e-01
2.308884076774120331e-02
-2.315810695290565491e-02
-9.421531856060028076e-02
-2.253492735326290131e-02
-9.335014037787914276e-03
-7.237343117594718933e-03
4.486181959509849548e-02
-2.368503774050623178e-04
-3.655636310577392578e-02
-6.918472796678543091e-02
-8.159656822681427002e-02
-4.509601369500160217e-02
-3.910060599446296692e-02
-7.639981806278228760e-02
5.958407185971736908e-03
-2.211166918277740479e-02
-3.363197669386863708e-02
8.760559558868408203e-02
-1.411316171288490295e-02
-1.189261116087436676e-02
9.039758704602718353e-03
7.111515849828720093e-02
-3.526478260755538940e-02
-1.824151538312435150e-02
-1.551800314337015152e-02
-1.651114225387573242e-02
1.154011394828557968e-02
9.343272447586059570e-02
-1.426256541162729263e-02
2.912907116115093231e-02
-3.073880821466445923e-02
-2.346371067687869072e-03
-3.279132395982742310e-02
-7.621366996318101883e-03
-2.057638391852378845e-02
-9.834053926169872284e-03
3.004032000899314880e-02
3.957837447524070740e-02
-5.025144293904304504e-02
-5.522663146257400513e-02
-7.083410769701004028e-02
-3.578189760446548462e-02
-4.763256013393402100e-02
1.345780678093433380e-02
1.850743591785430908e-02
-2.103328518569469452e-02
2.344397641718387604e-02
-3.239373862743377686e-02
-2.320571988821029663e-02
-2.384381927549839020e-02
-1.154242176562547684e-02
5.607536435127258301e-02
-4.814299941062927246e-02
4.465126991271972656e-02
-3.170346096158027649e-02
-3.313291072845458984e-02
1.133961305022239685e-01
4.502031579613685608e-02
6.650584936141967773e-02
2.787928655743598938e-02
-1.540959533303976059e-02
1.705336868762969971e-01
-6.406764499843120575e-03
9.260135702788829803e-03
6.676892936229705811e-02
5.030773952603340149e-02
2.205485850572586060e-02
-4.208883643150329590e-02
1.087043061852455139e-02
-2.419776841998100281e-02
6.961659342050552368e-02
1.490125618875026703e-02
-4.299240559339523315e-02
8.018334209918975830e-02
2.395192719995975494e-02
1.363403443247079849e-02
-2.263745479285717010e-02
-1.955276168882846832e-02
-2.215351164340972900e-02
-9.239903651177883148e-03
-7.951432466506958008e-02
7.551811635494232178e-03
-3.487929701805114746e-03
-4.949246346950531006e-02
-2.639976097270846367e-03
-6.152804568409919739e-02
4.687913693487644196e-03
3.587410971522331238e-02
2.835059305652976036e-03
-1.425170246511697769e-02
-3.561669588088989258e-02
8.713074028491973877e-02
-6.437974423170089722e-02
-1.570834219455718994e-01
2.776681073009967804e-02
-5.585059151053428650e-02
-7.931931875646114349e-03
-4.331281036138534546e-02
1.522303000092506409e-02
1.735876686871051788e-02
-6.485962122678756714e-02
-4.587912932038307190e-02
9.193167090415954590e-03
-1.582554355263710022e-02
8.771210163831710815e-02
-1.032415181398391724e-01
-4.521959647536277771e-02
-2.211057394742965698e-02
-1.802930608391761780e-03
2.838816493749618530e-02
2.170709893107414246e-03
-1.787740737199783325e-02
7.210744917392730713e-02
-8.830517530441284180e-02
-5.396692082285881042e-02
3.409795835614204407e-02
1.591041311621665955e-02
5.636715143918991089e-02
9.803766151890158653e-04
-9.114825516007840633e-04
-7.791108218953013420e-04
-3.154237568378448486e-02
-5.814251303672790527e-02
-1.286620553582906723e-02
