0.0311908517032862
-0.0512755624949932
-0.0277203675359488
-0.0391839332878590
0.0512336455285549
-0.0945707187056541
-0.0517429225146770
0.0591228865087032
0.0931780859827995
0.0625273659825325
-0.0387664400041103
-0.0600590854883194
-0.0314237065613270
0.0554233640432358
-0.0840455219149590
0.0336714386940002
0.0982771739363670
-0.0994263142347336
0.0561656840145588
-0.0462405569851398
-0.0077945892699063
0.0923132970929146
0.0296478066593409
0.1149534210562706
0.0226983819156885
-0.0487729012966156
0.0431833043694496
0.0851886793971062
0.0213610865175724
0.0658576264977455
-0.0864116922020912
0.0729151889681816
-0.0317421145737171
-0.0637128353118896
-0.0448649413883686
-0.0320750400424004
-0.0142104849219322
-0.1348150223493576
0.0787741318345070
-0.0202047042548656
-0.0930463597178459
0.0527062527835369
0.0518152974545956
-0.0371105037629604
0.0572231151163578
0.0324360392987728
-0.0364438556134701
-0.0706499442458153
-0.0271112602204084
0.1197170242667198
0.0325086973607540
0.0134618645533919
-0.0031882515177131
-0.0955905541777611
0.0569876171648502
-0.0908219441771507
-0.0753142237663269
0.0464543402194977
0.0816860646009445
-0.0281976033002138
0.0906794071197510
-0.0534485466778278
-0.0168255213648081
-0.0238655060529709
0.0864879563450813
-0.0688435062766075
-0.0743466764688492
-0.0152416536584496
0.0783782899379730
-0.0804228410124779
0.0793495476245880
-0.0031472386326641
-0.0765083432197571
-0.0556366220116615
-0.0501990988850594
0.0427055060863495
0.0194179527461529
-0.0841648131608963
0.1142881512641907
-0.0582515560090542
-0.0555958487093449
-0.0156858172267675
-0.0037751016207039
0.0002081748243654
-0.0749304965138435
0.0845052674412727
0.0636122003197670
-0.0453374795615673
-0.0024733613245189
-0.0831253826618195
0.0993884056806564
-0.0024555744603276
0.0380958206951618
-0.0842292085289955
-0.0355972871184349
-0.1097429096698761
-0.0532689616084099
0.1187430322170258
0.0271223746240139
0.0597008131444454
0.0586749501526356
-0.0273003559559584
-0.0743988677859306
-0.0522047653794289
0.0006847400218248
0.0250403545796871
-0.0773294717073441
0.0358362272381783
0.1055500656366348
0.1093547120690346
0.0696141645312309
-0.0502198599278927
-0.0306889973580837
0.0915870368480682
-0.0621664561331272
0.1031788662075996
-0.0722600817680359
-0.0264336355030537
-0.0688390582799911
-0.0456221140921116
-0.0622040890157223
-0.0452936515212059
0.0550704114139080
-0.0494061633944511
-0.0494475476443768
0.0102021805942059
0.0103580076247454
0.0811894610524178
0.0150674078613520
-0.0206554047763348
0.0555780939757824
-0.0449802950024605
0.0847974494099617
-0.1357249319553375
-0.0038321262691170
-0.0159229300916195
0.0089173968881369
-0.0501451008021832
-0.0818819999694824
-0.0193897448480129
-0.0417154952883720
0.0294266752898693
-0.0607511736452579
-0.0348520651459694
0.0305544640868902
0.0391078479588032
-0.0877372622489929
0.0953961461782455
-0.0448125787079334
-0.0833746194839478
0.0850935876369476
0.0419298298656940
0.0153807047754526
-0.0970240533351898
0.0390197001397610
0.0457836352288723
0.0341971516609192
-0.0126742534339428
0.0613640844821930
0.0384144484996796
0.0478495843708515
0.0899969637393951
0.0635386109352112
0.0403125658631325
0.0746383517980576
-0.0661146715283394
0.0613198652863503
0.0742834061384201
0.0288296155631542
0.1166648566722870
-0.0655061006546021
0.0343989729881287
0.0150881400331855
-0.0043706493452191
0.0695659294724464
0.0257480908185244
-0.0493672601878643
0.0107567477971315
0.0734606683254242
0.0327352471649647
-0.0744024068117142
0.0428551323711872
-0.0843897163867950
-0.0532665811479092
0.0269379243254662
-0.0023463759571314
-0.1026557236909866
-0.0015797476517037
0.0568005591630936
0.0399381630122662
0.1104979515075684
0.0073711792938411
0.0991156920790672
-0.0930066555738449
-0.0828601866960526
0.0003933132102247
-0.0409365035593510
-0.0090434281155467
-0.0320194736123085
-0.0092893457040191
-0.0265416391193867
-0.0207833480089903
0.0757182091474533
0.0188238937407732
-0.0159828066825867
-0.0324976593255997
-0.0478528849780560
-0.0804205834865570
0.1095872521400452
0.1156512573361397
-0.0071502211503685
0.0856115743517876
0.0606433823704720
0.0855749398469925
-0.0698692351579666
0.0565582886338234
0.0860405936837196
-0.0655384436249733
0.0984625369310379
0.0924853533506393
0.0205264929682016
0.0833388119935989
0.0319357849657536
0.0405776165425777
0.0789018943905830
0.0815934985876083
0.0687289535999298
-0.0159662384539843
0.0960087999701500
-0.0590711086988449
-0.0339302606880665
0.1062170192599297
-0.0803489089012146
-0.0105114737525582
-0.0763775408267975
0.0878275781869888
0.0631252750754356
-0.0026264835614711
0.0514414757490158
-0.0419071465730667
0.0730350092053413
-0.0061599551700056
-0.0165070537477732
0.0281147174537182
-0.1020723134279251
0.0456299670040607
-0.0295604877173901
0.1054702401161194
0.0307849366217852
0.0208410136401653
-0.0154020544141531
0.0471222698688507
-0.0594538673758507
-0.0724796429276466
-0.0727813243865967
-0.0489130578935146
-0.0180300753563643
0.0190109927207232
-0.1217109337449074
0.0917704254388809
0.0496236570179462
-0.1165112555027008
-0.0411566682159901
0.1986892521381378
-0.0121909659355879
-0.0186252482235432
-0.0741218402981758
-0.0049670073203743
0.1018487438559532
0.0678467005491257
-0.1849707961082458
0.0303614288568497
-0.3417691886425018
0.1147566959261894
0.2018282562494278
-0.1794012039899826
-0.0255049988627434
0.0220160391181707
0.0204717181622982
-0.1300864219665527
-0.1603478789329529
0.0464996881783009
-0.1513325273990631
-0.2461753636598587
-0.1013160422444344
-0.0352448485791683
-0.0170346461236477
0.0670089349150658
-0.0392117798328400
-0.0576332621276379
-0.2210055142641068
0.0544692240655422
0.0436470508575439
-0.0637701675295830
-0.0355225019156933
-0.0384766869246960
0.0997849702835083
0.1334300190210342
-0.0451334305107594
0.0563349127769470
0.0476145930588245
-0.0835500061511993
0.0248442385345697
-0.3435402214527130
-0.1590366959571838
0.0109607195481658
-0.0279922187328339
0.0384192913770676
-0.1270295530557632
-0.0481297001242638
-0.0825476795434952
-0.1926801502704620
0.1020916029810905
0.0285726785659790
-0.1070924550294876
0.1542011648416519
0.1046827882528305
0.3311496078968048
0.0921826735138893
-0.1476463526487350
-0.0088638961315155
-0.0968810617923737
0.0124812675639987
0.0152782211080194
-0.0072298739105463
-0.0310025252401829
0.0098329670727253
-0.0332088582217693
-0.0019727856852114
0.0617636218667030
0.0630151033401489
-0.0985332131385803
-0.0433402322232723
-0.0401482582092285
-0.0240393448621035
0.0332497544586658
-0.0630301758646965
-0.0784113407135010
0.1086384356021881
0.0126764941960573
-0.0715344473719597
-0.0656398087739944
-0.0381965972483158
0.0304285287857056
-0.0102339703589678
-0.0380100943148136
-0.0029059944208711
-0.0922237262129784
0.0101863965392113
-0.0348280221223831
0.0429061092436314
0.0143828960135579
0.0758839845657349
0.0554203689098358
-0.0725804269313812
-0.0642845705151558
-0.0193690024316311
0.0012803910067305
-0.0608147904276848
-0.0091812005266547
0.0485049262642860
-0.0612445436418056
0.0391834527254105
0.0084637384861708
-0.0177353434264660
0.0401022247970104
0.0249230191111565
-0.0471985638141632
0.0204280484467745
-0.0115037998184562
-0.0096624866127968
-0.0244445390999317
-0.0381973311305046
0.0246621742844582
0.0524898879230022
-0.0357493907213211
0.0390013419091702
-0.0192137956619263
-0.0254706293344498
0.0040634744800627
-0.0576988719403744
-0.0398433767259121
-0.0269768591970205
0.0348608158528805
-0.0003089182428084
-0.0949765294790268
0.0796323269605637
0.0149344755336642
0.0453116632997990
-0.0530982315540314
0.0336641408503056
-0.0416775420308113
0.0617135427892208
0.0486347004771233
-0.0823811143636703
0.0295280739665031
-0.0183443240821362
-0.0692159980535507
0.0674228221178055
-0.0011025059502572
0.0635230019688606
-0.0200258605182171
-0.0349136367440224
0.0052096536383033
-0.0326747298240662
0.0039037438109517
0.0660073012113571
0.0411208085715771
-0.0228458400815725
0.0676866322755814
0.0893632099032402
0.0236173700541258
0.0431448407471180
-0.0241161864250898
-0.0765661597251892
-0.1037320420145988
0.0016891787527129
0.0205140952020884
-0.0389695614576340
0.0005041930708103
0.0655848011374474
0.0177183933556080
-0.0584176555275917
0.0446472316980362
-0.0209796093404293
0.0378210507333279
0.0750552490353584
-0.0098803136497736
0.0129070794209838
0.0136885419487953
-0.0402980893850327
-0.0202412437647581
0.0381966978311539
0.0019604132976383
-0.0165913812816143
-0.0430339202284813
-0.0548612810671329
0.0327682346105576
-0.0349131934344769
0.0276686493307352
-0.0859669670462608
-0.0636020824313164
-0.0076170335523784
0.0309487897902727
0.1186860650777817
-0.0964012295007706
-0.0126658407971263
-0.0832110643386841
0.0252274349331856
0.0564356371760368
-0.0151602085679770
-0.0646698549389839
-0.0160545613616705
0.0677705183625221
-0.0049482616595924
-0.0328513272106647
-0.0432512387633324
-0.0132643952965736
0.0182451587170362
-0.0520689487457275
0.0258924458175898
0.0014273803681135
-0.0347097292542458
-0.0016331676160917
-0.0282789617776871
0.0341067053377628
0.0454559288918972
0.0068277013488114
-0.0179440677165985
-0.0097557194530964
0.0751210972666740
-0.0375049449503422
-0.0236999429762363
-0.0413203798234463
0.0763825476169586
0.0433464162051678
0.0393281392753124
-0.0591403543949127
-0.0730091333389282
-0.0152579061686993
-0.0317625887691975
-0.0194303523749113
0.0015945369377732
0.0296292211860418
-0.0341187156736851
-0.0393483676016331
0.0268306378275156
0.0656521618366241
-0.0214619860053062
0.0397357679903507
0.0321024730801582
-0.0327772460877895
-0.0332331582903862
0.0208473820239305
-0.0067498320713639
-0.0445145219564438
0.0568543896079063
-0.0744059979915619
0.0051852473989129
0.0568416528403759
-0.0189751461148262
0.0017764157382771
0.0025563484523445
-0.0143712591379881
0.0399137362837791
0.0067678871564567
0.0323494337499142
0.0567352473735809
-0.0654919296503067
-0.0770737603306770
-0.0025505758821964
0.0417652092874050
0.0780359283089638
0.0673241838812828
-0.0437298417091370
-0.0304512437433004
-0.0095902886241674
0.0524229891598225
-0.0502443164587021
0.0048305392265320
-0.0533726848661900
0.0451027639210224
-0.0279794577509165
0.0141911851242185
0.0287727303802967
-0.0642203912138939
0.0008419640944339
-0.0293317064642906
-0.0652650445699692
-0.0475655980408192
0.0327999666333199
-0.0646913200616837
0.0170361623167992
-0.0734214484691620
-0.0490584075450897
-0.0738832801580429
-0.0602301135659218
-0.0268971510231495
-0.0381913110613823
0.0278898589313030
0.0122577957808971
0.0116691272705793
-0.0173899158835411
-0.0413088016211987
0.0842999517917633
0.0364966355264187
-0.0082846563309431
-0.0229080729186535
0.0026971807237715
-0.0640299096703529
-0.0390126854181290
0.0383631289005280
0.0331460237503052
0.0078834835439920
-0.0190476682037115
0.0702488422393799
0.0047957357019186
0.0599353127181530
0.0557238645851612
-0.0199391469359398
0.0718702599406242
0.0983039885759354
-0.0062812212854624
0.0330231152474880
-0.0400895364582539
-0.0258388295769691
-0.0648530647158623
-0.0601483173668385
-0.0393062047660351
-0.0119438041001558
0.0111561808735132
-0.0512051805853844
-0.0418318100273609
-0.0294845961034298
0.0240173861384392
0.0082400953397155
0.0192687530070543
0.0125480014830828
-0.0481000691652298
0.0190821960568428
-0.0191437099128962
-0.0579145513474941
0.0409252494573593
0.0137425046414137
-0.0131443263962865
0.0094697251915932
-0.0345709621906281
-0.0604147762060165
-0.0064891632646322
-0.0104082617908716
0.0035951188765466
0.0338480174541473
0.0135517595335841
-0.0409593656659126
-0.0212088879197836
-0.0003328017774038
-0.0102371433749795
0.0726499184966087
-0.0484613403677940
-0.0063680270686746
0.0120694469660521
0.0389963611960411
0.0450563579797745
-0.0033426608424634
-0.0353234708309174
-0.0797612443566322
0.0094239758327603
-0.0559933595359325
0.0105359544977546
-0.0554576627910137
0.0284390598535538
-0.0230290759354830
-0.0279403384774923
0.0247179325670004
-0.0283022932708263
-0.0615735910832882
0.0281055346131325
-0.0830908045172691
-0.0722784027457237
-0.0182407833635807
-0.0339304655790329
0.0128749944269657
0.0418065749108791
0.0533086210489273
-0.0766570344567299
0.0652314424514771
-0.0712683796882629
-0.0599515512585640
-0.0789763629436493
-0.0334472432732582
-0.0636728554964066
0.0013773574028164
0.0025449218228459
0.0217975676059723
-0.0216808933764696
-0.0738475173711777
-0.0878368616104126
0.0091526219621301
0.0252123698592186
0.0473744943737984
0.0437165535986423
-0.0430286675691605
0.0170865245163441
0.0402305908501148
-0.0188526809215546
-0.0956089720129967
0.0386387482285500
-0.0927271321415901
0.0682722628116608
0.0312620811164379
0.0560545325279236
-0.0421276949346066
0.0155175533145666
0.0473576821386814
0.0842632949352264
-0.0247833263128996
-0.0417791120707989
-0.0661980435252190
0.0169117711484432
-0.0487279817461967
-0.0599829778075218
-0.0419702604413033
0.0197051949799061
-0.0603220649063587
0.0606165938079357
0.0170683376491070
0.0205135885626078
0.0394483357667923
0.0295073818415403
0.0463552139699459
-0.0630179867148399
0.0389932021498680
0.0521452613174915
0.0165314935147762
-0.0430242419242859
-0.0476069040596485
-0.0694638416171074
0.0540374144911766
0.0704869478940964
0.0071388846263289
0.0207183454185724
0.0491482987999916
-0.0112512558698654
0.0460871607065201
-0.0309692062437534
0.0315779186785221
0.0311383530497551
-0.0694448426365852
-0.1067741215229034
0.0328550674021244
0.0584950111806393
0.0316740497946739
-0.0463017597794533
0.0560134314000607
0.0455793216824532
0.0172624383121729
0.0055126002989709
0.0723800659179688
-0.0189042091369629
-0.0255739074200392
0.0123782157897949
0.0798567831516266
0.0792538598179817
0.0493331551551819
-0.0129976477473974
0.0168268568813801
0.0340388566255569
-0.0102891502901912
0.0412053652107716
-0.0383207052946091
0.0487689115107059
-0.0640752986073494
0.0245120469480753
-0.0612013861536980
0.0715329945087433
-0.0270165614783764
-0.0587393194437027
0.0184344593435526
-0.0391886755824089
-0.0092329075559974
-0.0502303838729858
-0.0623038522899151
0.0534576997160912
0.0501543283462524
-0.0370633229613304
-0.0062302728183568
-0.0117461448535323
0.0013027468230575
0.0557282157242298
0.0095446230843663
-0.0434041731059551
0.0037248316220939
0.0010799129959196
0.0759800672531128
0.0330512151122093
-0.0778193995356560
-0.0082902433350682
0.0027529750950634
-0.0405133329331875
-0.0749609693884850
-0.0374280549585819
-0.0051118922419846
0.0437700748443604
-0.0583397671580315
-0.0141792288050056
-0.0166841074824333
-0.0272901486605406
-0.0012669216375798
-0.0242283418774605
-0.0367149151861668
-0.0520006939768791
0.0128394197672606
0.0777188912034035
0.0353188142180443
-0.0066010751761496
0.0932630971074104
0.0391166396439075
0.0235984604805708
-0.0015047184424475
0.0068653253838420
-0.0219410136342049
-0.0813952237367630
-0.0427242368459702
0.0003378089459147
-0.0699976161122322
0.0410013422369957
-0.0419897325336933
-0.0124568725004792
0.0134896095842123
0.0304506421089172
0.0199450962245464
0.0268875025212765
0.0373363047838211
0.0088922809809446
-0.0374627560377121
0.0129478229209781
0.0122346738353372
0.0601933188736439
-0.0133060691878200
0.0558138564229012
-0.0237711835652590
-0.0005707715754397
0.0164859239012003
0.0213107373565435
-0.0356691777706146
-0.0575493797659874
-0.0054476880468428
-0.0532917045056820
0.0216300915926695
-0.0654809102416039
-0.0419626124203205
-0.0228201355785131
-0.0366164110600948
-0.0618258900940418
-0.0061754207126796
-0.0290453433990479
-0.0149763487279415
0.0252916216850281
0.0141885438933969
-0.0321711152791977
-0.0012943480396643
0.0556664727628231
0.0097343483939767
-0.0550097897648811
0.0296591483056545
-0.0027219783514738
0.0214056577533484
0.0356694310903549
-0.0244597103446722
0.0595077425241470
0.0230962689965963
-0.0264460816979408
0.0351162366569042
-0.0418479293584824
0.0590345896780491
0.0135801080614328
-0.0169731676578522
-0.0204814039170742
-0.0619613751769066
-0.0637035891413689
0.0615661777555943
0.0491061843931675
-0.0022561298683286
0.0246283262968063
0.0233833640813828
-0.0323831103742123
-0.0146201178431511
0.0464436598122120
-0.0337476208806038
0.0521460734307766
0.0018216879107058
-0.0326080992817879
