0.0620931759476662
0.0120727103203535
-0.0630070343613625
-0.0570141933858395
-0.0200074370950460
-0.0368419773876667
-0.0304335672408342
0.0467978753149509
0.0444970354437828
0.0138743007555604
-0.0332566946744919
-0.0400633625686169
0.0385333895683289
0.0827105641365051
-0.0545558780431747
0.0790721774101257
0.0394796468317509
-0.1046005189418793
0.0322494655847549
-0.0626204684376717
-0.0672700479626656
0.0519230142235756
0.0280831102281809
0.1206011697649956
0.0375120751559734
0.0360393412411213
0.0686541423201561
0.0541679710149765
0.0527998134493828
0.0356943719089031
-0.1013924852013588
0.0821856558322906
-0.0225629862397909
-0.1193029060959816
-0.0073535363189876
-0.0090599125251174
-0.0257226191461086
-0.1375370919704437
0.0441959872841835
0.0326741077005863
-0.1048064157366753
0.0969362705945969
0.0579816140234470
-0.0317723788321018
0.0241111796349287
0.0132321864366531
-0.0215634088963270
-0.0200980864465237
-0.0726978406310081
0.0323925055563450
0.0491282865405083
0.0669577941298485
0.0669339299201965
-0.0513761341571808
0.0556217692792416
-0.0347995460033417
-0.0409797541797161
-0.0170325562357903
0.0973196700215340
0.0067036277614534
0.0756465047597885
-0.0824099630117416
-0.0602995790541172
0.0050125885754824
0.0433686599135399
-0.0771078467369080
-0.0388753898441792
-0.0149006657302380
0.0528927072882652
-0.0865274965763092
0.0618423447012901
-0.0484592951834202
-0.0749053433537483
-0.0187286250293255
-0.0781424492597580
0.0587780922651291
0.0205656774342060
-0.1258064806461334
0.1145108491182327
-0.0741295367479324
-0.0810803249478340
-0.0002795308246277
0.0092150475829840
-0.0258576571941376
-0.0546254143118858
0.0676380470395088
0.0531603582203388
-0.0252886265516281
-0.0351541414856911
-0.1210730969905853
0.0619989447295666
-0.0303489118814468
0.0435382723808289
-0.0726844221353531
-0.0574632324278355
-0.1333356648683548
-0.0622706972062588
0.0657485723495483
0.0573426596820354
0.0710973814129829
0.1085458248853683
0.0243104174733162
-0.0646160617470741
-0.0484093911945820
-0.0376028753817081
0.0727198645472527
-0.0649245530366898
0.0410967320203781
0.0680789351463318
0.1068994402885437
0.1025669202208519
-0.0639421939849854
0.0172572676092386
0.0760169774293900
-0.0505423247814178
0.0683869421482086
-0.0425610467791557
-0.0222740005701780
-0.0683614686131477
-0.0522547923028469
-0.1082131043076515
-0.0349744670093060
0.0195966307073832
-0.0437302924692631
-0.0508525744080544
0.0402481891214848
-0.0071331295184791
0.0772982910275459
0.0697514414787292
-0.0616353973746300
0.0535081252455711
-0.0173687133938074
0.0852294415235519
-0.1357737779617310
0.0182621330022812
-0.0381235368549824
0.0128958905115724
-0.0416699573397636
-0.0474001243710518
0.0210544914007187
-0.0728000029921532
0.0538349784910679
-0.0330311357975006
-0.0597670860588551
0.0542792491614819
0.0415659807622433
-0.1214638352394104
0.1017762646079063
-0.0486864261329174
-0.1161216869950294
0.0385664999485016
0.1114763841032982
0.0310268979519606
-0.1241342797875404
0.0751223489642143
-0.0006452111410908
0.0628312304615974
-0.0167546272277832
0.0022543582599610
0.0073102824389935
0.0104723088443279
0.0913116708397865
0.0201435014605522
0.0670808181166649
0.0677630975842476
-0.0955953747034073
0.0222625676542521
0.0945803970098495
0.0250152964144945
0.0827983915805817
-0.0861791670322418
0.0169914886355400
-0.0084035433828831
-0.0021220128983259
0.0463076680898666
0.0301995128393173
-0.0862884074449539
-0.0008407304412685
0.1006140038371086
0.0163940619677305
-0.0660205855965614
0.0667074248194695
-0.0706208646297455
-0.0303530227392912
0.0429494902491570
-0.0118267592042685
-0.0520404130220413
-0.0233337823301554
0.0034322275314480
0.0696099475026131
0.0472846925258636
-0.0449402518570423
0.0779271721839905
-0.0904151946306229
-0.0738000199198723
-0.0164973121136427
-0.0554486252367496
0.0393601842224598
-0.0247559901326895
-0.0384345017373562
-0.0444973856210709
0.0098551372066140
0.0848223716020584
0.0249555725604296
-0.0526593215763569
-0.0419502146542072
-0.0493884645402431
-0.1150626838207245
0.0668033808469772
0.0870913639664650
0.0425752699375153
0.0791219621896744
0.0252948403358459
0.0539482571184635
-0.0629604831337929
0.0408440716564655
0.0703840106725693
-0.0683332607150078
0.1283952742815018
0.0923275426030159
0.0360057614743710
0.0679712519049644
0.0777024701237679
0.0318096093833447
0.0057321232743561
0.0502580516040325
0.0329458639025688
0.0191915631294250
0.0918571874499321
-0.0749501362442970
-0.0514789484441280
0.0825065076351166
-0.0210660789161921
-0.0526691228151321
-0.0823296383023262
0.0918125733733177
0.0320060551166534
-0.0408870801329613
0.0841805040836334
-0.0787430554628372
0.0739059075713158
0.0358091667294502
-0.0536812581121922
0.0305053666234016
-0.0724746361374855
0.0663792714476585
-0.0382070243358612
0.1252137422561646
0.0329619795084000
0.0527103506028652
0.0258144363760948
0.0292910020798445
-0.0635122060775757
-0.0337695293128490
-0.1048873960971832
-0.0635795369744301
-0.0713131278753281
0.0138328233733773
-0.0763450488448143
0.0257300268858671
0.0703636184334755
-0.1220532432198524
0.0464563146233559
-0.0682394206523895
0.0633175224065781
0.1233688220381737
-0.0590541735291481
0.1493148207664490
-0.0625950247049332
0.0254996139556170
0.0456785075366497
0.0853629559278488
-0.1506770998239517
-0.0485432781279087
-0.0526340045034885
-0.2560217082500458
-0.1592778563499451
-0.0218356624245644
0.1870855391025543
-0.0438756756484509
0.0706306844949722
-0.1690570414066315
-0.1821644753217697
-0.2008483856916428
0.0768365412950516
-0.1103384345769882
-0.0137670254334807
-0.0513655729591846
0.0808880031108856
0.0454909466207027
-0.0512581728398800
-0.0851702615618706
0.1259220689535141
-0.0185411740094423
-0.0917847976088524
-0.2718328833580017
-0.1863411664962769
-0.0259446334093809
-0.0885258838534355
-0.1125380322337151
-0.0748094320297241
0.2160743921995163
0.2457782775163651
-0.2118119597434998
0.0854029282927513
0.2202219069004059
-0.0470722503960133
0.1156416535377502
0.0811401307582855
-0.1677118539810181
-0.0302528310567141
-0.1853420287370682
0.0320286713540554
0.0575592964887619
-0.1198502108454704
0.0490725710988045
0.0813162475824356
0.2659117281436920
0.0847498998045921
-0.2025568634271622
-0.0011176380794495
-0.0697400122880936
0.0315805934369564
-0.0020053966436535
-0.0191623605787754
-0.0404839254915714
0.0396792478859425
-0.0636466592550278
-0.0313470251858234
0.0534562729299068
0.0409810319542885
-0.0694340839982033
-0.0254437439143658
-0.0451872833073139
0.0295782927423716
0.0286642685532570
-0.0344552397727966
-0.0823005884885788
0.0760136097669601
-0.0037336288951337
-0.0538741908967495
-0.0128851896151900
-0.0418814159929752
0.0466577373445034
-0.0128768449649215
-0.0246886163949966
-0.0181613955646753
-0.0248450431972742
0.0060366261750460
-0.0311514176428318
0.0313691087067127
0.0227104481309652
0.0702837854623795
0.0455457754433155
-0.0399953126907349
-0.0483829341828823
0.0018267190316692
-0.0071765398606658
-0.0045018005184829
0.0123733356595039
0.0492375567555428
-0.0446871407330036
0.0707537904381752
-0.0195089336484671
0.0077194166369736
0.0590006783604622
0.0228268168866634
0.0018692157464102
0.0654023587703705
0.0106524759903550
0.0232798699289560
0.0283030681312084
-0.0359346494078636
0.0604804754257202
0.0420130342245102
0.0002449936291669
0.0703169703483582
-0.0380084179341793
0.0205724425613880
0.0242460332810879
-0.0238260049372911
-0.0426297299563885
-0.0600671619176865
0.0475536547601223
-0.0038620836567134
-0.0838710293173790
0.0519357323646545
-0.0007705924217589
0.0313589572906494
-0.0953910872340202
0.0146621428430080
-0.0207658205181360
0.0408440344035625
0.0106470016762614
-0.0794500336050987
0.0204898044466972
-0.0240154340863228
-0.0606547817587852
0.0710348114371300
0.0194150451570749
0.0497136004269123
-0.0162233747541904
-0.0454079098999500
0.0262138210237026
-0.0550430119037628
0.0227963980287313
0.0477158613502979
0.0368815883994102
-0.0685519501566887
0.0520644858479500
0.1134103462100029
-0.0278966333717108
-0.0020253981929272
-0.0367540791630745
-0.1041050627827644
-0.0886625871062279
0.0313666947185993
0.0484647043049335
-0.0480250380933285
-0.0043696961365640
0.0580325610935688
0.0244196280837059
-0.0970585569739342
0.0281752776354551
0.0343099124729633
-0.0019202342955396
0.0625566020607948
-0.0448573343455791
0.0084220422431827
0.0129068922251463
-0.0285127721726894
-0.0469128265976906
0.0270393155515194
0.0393903478980064
-0.0346299111843109
-0.0314208827912807
-0.1013463586568832
0.0429390445351601
-0.0298495776951313
0.0634431988000870
-0.0487605668604374
-0.0667476728558540
0.0160278193652630
0.0259119477123022
0.0886448174715042
-0.1233680024743080
-0.0312049295753241
-0.0114276343956590
0.0393923372030258
0.0721570923924446
0.0277598239481449
-0.0858544334769249
-0.0635009557008743
0.0607784800231457
0.0020530966576189
-0.0517463311553001
-0.0434828773140907
-0.0277105569839478
0.0122248483821750
-0.0304606072604656
0.0220195855945349
0.0116386711597443
0.0054531777277589
0.0434160642325878
0.0208558067679405
-0.0032865139655769
0.0648069828748703
-0.0150679685175419
-0.0184232052415609
-0.0003264458209742
0.0227478276938200
-0.0188460685312748
-0.0389232784509659
-0.0757586061954498
0.0469304285943508
0.0273133721202612
0.0372106619179249
-0.0711902007460594
-0.0779827088117599
-0.0239646080881357
-0.0559348762035370
-0.0121565973386168
-0.0147597091272473
0.0202877968549728
-0.0049548549577594
-0.0397407487034798
0.0167013816535473
0.0621708706021309
-0.0179985724389553
0.0146985929459333
0.0043679038062692
0.0172316785901785
-0.0195217616856098
0.0055757965892553
0.0086776670068502
-0.0529714971780777
0.0617280825972557
-0.0392624698579311
0.0187115818262100
0.0633636340498924
0.0016869431128725
0.0366245694458485
0.0167098212987185
-0.0120117338374257
0.0867509916424751
-0.0282447636127472
0.0060572242364287
0.0396512262523174
-0.0575924776494503
-0.0459165535867214
-0.0291609279811382
0.0625990480184555
0.0638471990823746
0.0674663707613945
-0.0718006789684296
-0.0179307777434587
0.0342806652188301
0.0529286526143551
-0.0364724546670914
0.0332132987678051
-0.0424184910953045
0.0189779363572598
-0.0025120042264462
0.0260537732392550
0.0103696230798960
-0.0601499080657959
0.0590112917125225
-0.0061736465431750
-0.0418915338814259
-0.0403530970215797
0.0434518717229366
-0.0401368327438831
-0.0176666621118784
-0.0479653701186180
-0.0480331629514694
-0.0161863155663013
-0.0653102099895477
-0.0372424311935902
-0.0090917972847819
0.0541491582989693
0.0031729980837554
0.0108254244551063
-0.0176281183958054
-0.0567534528672695
0.0814119204878807
-0.0200957357883453
-0.0243145767599344
-0.0140228215605021
-0.0511942766606808
-0.0644677579402924
-0.0502182841300964
0.0082961544394493
0.0484750792384148
0.0095294313505292
-0.0725275054574013
0.0574871040880680
0.0017541307024658
0.0776286199688911
-0.0055505363270640
-0.0283035319298506
0.0939846411347389
0.0616026185452938
0.0017500994727015
-0.0351796783506870
-0.0662867128849030
-0.0431977696716785
-0.0413694679737091
-0.0617139041423798
-0.0422251783311367
-0.0113676153123379
0.0172671228647232
-0.0603066496551037
-0.0635545179247856
-0.0306731723248959
0.0547845773398876
0.0121675310656428
0.0372924469411373
0.0483357943594456
-0.0510232001543045
0.0534526631236076
0.0044768238440156
-0.0563601814210415
-0.0059842569753528
0.0344350114464760
-0.0171283166855574
-0.0632249563932419
-0.0077678561210632
-0.0400915779173374
-0.0107381818816066
-0.0443324707448483
-0.0576763711869717
0.0196503289043903
-0.0193785056471825
-0.0316113084554672
-0.0267147924751043
0.0212458670139313
-0.0155409546568990
0.1085608676075935
-0.0316017046570778
-0.0101688923314214
0.0453392565250397
0.0388266369700432
0.0567864701151848
0.0105661358684301
-0.0587991885840893
-0.0604433976113796
0.0356540456414223
-0.0101172393187881
0.0383381918072701
-0.0454006046056747
0.0004270494973753
-0.0118135055527091
-0.0412513762712479
0.0445344448089600
-0.0290489178150892
-0.0430160760879517
-0.0003940092865378
-0.0585196241736412
-0.0989935994148254
-0.0118385115638375
0.0230753943324089
0.0479694679379463
0.0177279915660620
0.0326436497271061
-0.0754915028810501
0.0308387540280819
-0.0071844775229692
-0.0439721085131168
-0.0805664137005806
-0.0349521115422249
-0.0361159555613995
0.0109397163614631
-0.0455707944929600
0.0442044138908386
-0.0616627857089043
-0.0330011025071144
-0.0204405896365643
-0.0102133844047785
0.0270917955785990
0.0163357015699148
0.0553717203438282
-0.0560641847550869
0.0267365016043186
0.0221025887876749
0.0301928631961346
-0.0774219706654549
0.0198437720537186
-0.1050640866160393
0.0604093149304390
0.0590478926897049
0.0077663422562182
0.0037443123292178
0.0577839612960815
0.0342981107532978
0.0614174082875252
-0.0200367122888565
-0.0472709089517593
-0.0313404165208340
0.0298886112868786
-0.0454308502376080
-0.0556773617863655
-0.0065588164143264
-0.0022747386246920
-0.0504457801580429
0.0165139101445675
0.0152429752051830
-0.0047716470435262
0.0325433239340782
0.0424579568207264
0.0214817132800817
-0.0243818052113056
0.0492874197661877
0.0451275259256363
0.0260655991733074
-0.0141845596954226
-0.0713780224323273
-0.0474878214299679
0.0784071758389473
0.0540396608412266
0.0379803739488125
-0.0026185307651758
0.0402835458517075
0.0222502816468477
0.0024130430538207
-0.0217871908098459
0.0532541759312153
0.0243866946548223
-0.0415676310658455
-0.0546682365238667
0.0000649095090921
0.0334564298391342
0.0643099099397659
-0.0294565483927727
0.0255115367472172
0.0911454856395721
0.0454837232828140
0.0502863414585590
0.0641898587346077
0.0241073481738567
-0.0397855229675770
0.0703620314598083
0.0547434762120247
0.0861430093646049
0.0178463533520699
-0.0214146599173546
0.0369007252156734
0.0374448597431183
-0.0008435079944320
0.0764834061264992
-0.0362282916903496
0.0213535279035568
-0.0416075251996517
0.0382546447217464
-0.0314278006553650
0.0651846379041672
-0.0381407774984837
-0.0098753431811929
0.0388955883681774
-0.0414639860391617
0.0232092384248972
-0.0607417225837708
-0.0242301225662231
0.0500769838690758
0.0262884870171547
-0.0151717364788055
-0.0009892777306959
-0.0446384288370609
0.0456106849014759
0.0307060759514570
0.0432702526450157
-0.0551535151898861
0.0005955197848380
0.0134476097300649
0.0417316444218159
0.0157231688499451
-0.0577713064849377
0.0485028661787510
0.0020135438535362
-0.0199694540351629
-0.0519838482141495
-0.0595746189355850
-0.0030209168326110
-0.0207796748727560
-0.0513678826391697
-0.0087596373632550
-0.0073394938372076
-0.0125031936913729
-0.0268202591687441
-0.0511037334799767
-0.0198915470391512
-0.0495298877358437
-0.0015119273448363
0.0458835512399673
0.0391405113041401
-0.0385616458952427
0.0716240182518959
0.0323125682771206
0.0542030073702335
-0.0364206396043301
0.0383647382259369
0.0417369641363621
-0.0685922876000404
-0.0627731308341026
-0.0129481321200728
-0.0501462891697884
0.0575235038995743
-0.0450712814927101
-0.0312520265579224
0.0142655773088336
0.0401994884014130
0.0631331726908684
-0.0083053680136800
0.0618713907897472
0.0364772304892540
-0.0200777184218168
-0.0262334048748016
-0.0104018934071064
0.0501478016376495
-0.0772425606846809
0.0426044240593910
-0.0598580576479435
-0.0283668600022793
0.0276047214865685
0.0432973280549049
-0.0695391595363617
-0.0286854170262814
0.0102216610684991
-0.0083370292559266
0.0031368823256344
-0.0664506033062935
-0.0257357861846685
-0.0533561185002327
-0.0192411150783300
-0.0754335448145866
0.0161739178001881
-0.0582769066095352
-0.0108745368197560
-0.0071128425188363
-0.0287945568561554
-0.0069067496806383
-0.0204338300973177
0.0602176077663898
0.0184174813330173
-0.0403121188282967
-0.0043224929831922
-0.0018961298046634
0.0489046834409237
0.0521821677684784
-0.0224533732980490
0.0687252134084702
0.0589220784604549
-0.0093878488987684
0.0462642423808575
-0.0498807989060879
0.0665667057037354
-0.0280859060585499
-0.0429257750511169
-0.0435600988566875
-0.0504725873470306
-0.0653328597545624
0.0720019936561584
0.0472557395696640
-0.0098309647291899
0.0628540143370628
0.0506730861961842
-0.0610865652561188
-0.0575559884309769
0.0559996291995049
-0.0683182030916214
0.0881815627217293
-0.0430659800767899
0.0039145909249783
