0.0344050563871861
-0.0659406036138535
-0.0536089986562729
-0.0480611398816109
0.0701776817440987
-0.0646139234304428
-0.0481009334325790
0.0161121860146523
0.0653840079903603
0.0522021837532520
-0.0004834597348236
-0.0770784467458725
-0.0738692432641983
0.0702384635806084
-0.0595202520489693
0.0243937186896801
0.0889936760067940
-0.0719321593642235
0.0315323621034622
-0.0397642701864243
-0.0111545631662011
0.1029235646128654
-0.0295931845903397
0.1122479140758514
0.0268834680318832
-0.0121631631627679
0.0293734967708588
0.0848969966173172
0.0396241992712021
0.0178149286657572
-0.0710756927728653
0.0883401334285736
-0.0730983987450600
-0.0544414706528187
-0.0554461516439915
-0.0651066750288010
-0.0241259094327688
-0.1010133177042007
0.0291826985776424
-0.0241784173995256
-0.0698271393775940
0.1026811748743057
0.0425862558186054
0.0068676979281008
0.0166213493794203
-0.0012287480058149
-0.0706179589033127
-0.1068066582083702
-0.0197522491216660
0.1083461791276932
0.0376527458429337
0.0085649853572249
-0.0115232123062015
-0.0940101593732834
0.0827557221055031
-0.0394629687070847
-0.0513502620160580
0.0464159734547138
0.0815898105502129
-0.0112110963091254
0.1188470944762230
0.0023018447682261
-0.0026096149813384
0.0020286652725190
0.0813657119870186
-0.0612467005848885
-0.0662203505635262
-0.0079145822674036
0.0652207806706429
-0.1180176660418510
0.0659653022885323
0.0499577000737190
-0.1100123897194862
-0.0621567443013191
0.0111262220889330
0.0540665313601494
0.0103940330445766
-0.0897616371512413
0.0848442167043686
-0.0815302729606628
-0.0368877686560154
-0.0306570213288069
-0.0569441579282284
-0.0076748710125685
-0.0789731740951538
0.0350034385919571
-0.0080838548019528
-0.0612623207271099
-0.0568718239665031
-0.0609642229974270
0.0844877511262894
-0.0120303854346275
0.0581179782748222
-0.0843240395188332
-0.0776494145393372
-0.0841042548418045
-0.0653130337595940
0.1368515342473984
0.0333552733063698
0.0317439995706081
0.0411936603486538
0.0066752387210727
-0.0383574739098549
-0.0100798010826111
0.0523861944675446
0.0610853359103203
-0.0387027487158775
0.0469424091279507
0.0873504504561424
0.1044575423002243
0.0821079388260841
-0.0458382070064545
-0.0241639427840710
0.0961472243070602
-0.0443884246051311
0.0952137112617493
-0.0902300029993057
0.0470067448914051
-0.0623383261263371
-0.0684097781777382
-0.0458037704229355
-0.0709280669689178
0.0153944864869118
-0.0638995990157127
-0.0507867895066738
0.0252708643674850
-0.0314291529357433
0.0825676843523979
0.0460386648774147
-0.0141979269683361
0.0319972820580006
-0.0703448653221130
0.1188286468386650
-0.1384291499853134
-0.0506194159388542
-0.0051471623592079
-0.0349478758871555
-0.0413975454866886
-0.0990010723471642
-0.0318223088979721
-0.0896111726760864
-0.0369810871779919
-0.0350723452866077
-0.0399610698223114
0.0759209990501404
0.0812598317861557
-0.0940914601087570
0.0296134669333696
-0.0248696263879538
-0.0849405899643898
0.0542954057455063
0.0393882654607296
0.0603772327303886
-0.0858451128005981
0.0414833575487137
0.0414897575974464
0.0357370302081108
-0.0187264736741781
0.1021184995770454
0.0056075658649206
-0.0185672342777252
0.0807152390480042
0.0722109600901604
0.0699407979846001
0.0751944482326508
-0.0175245273858309
0.0183632709085941
0.0262758452445269
0.0189821273088455
0.0892300754785538
-0.0435081422328949
0.0025317005347461
-0.0281096063554287
-0.0068364255130291
0.0540899969637394
0.0780438706278801
-0.0459468439221382
-0.0285477861762047
0.0374082364141941
0.0775378718972206
-0.0564428903162479
0.0248325318098068
-0.0478450655937195
-0.0804750248789787
-0.0004191132902633
-0.0042585413902998
-0.0466502532362938
0.0157353412359953
0.0627426207065582
-0.0111681511625648
0.0960884764790535
0.0058730742894113
0.1106142550706863
-0.0692087635397911
-0.0929454490542412
0.0175453573465347
-0.0899618268013000
-0.0072516864165664
0.0169089473783970
0.0402095913887024
-0.0332388393580914
-0.0341403149068356
0.0661336258053780
0.0197642575949430
-0.0819402039051056
-0.0830700695514679
-0.0922284349799156
-0.0806381478905678
0.0970054566860199
0.0651715919375420
-0.0024465227033943
0.0978001058101654
0.0791788026690483
0.0452322363853455
-0.0239772051572800
0.0834584757685661
0.1013874039053917
-0.0272118821740150
0.0606905966997147
0.0797325521707535
0.0394407287240028
0.1063840761780739
0.0859205573797226
0.0041440431959927
0.0780599787831306
0.0811553150415421
0.0887663215398788
-0.0735528320074081
0.0853091925382614
-0.0799160897731781
-0.0687232539057732
0.0740387141704559
-0.1255345344543457
-0.0213484019041061
-0.0522974058985710
0.1073288321495056
0.0345243290066719
-0.0027663272339851
0.0720975175499916
-0.0427559465169907
0.0545325279235840
0.0157135352492332
-0.0191102679818869
0.0028537812177092
-0.0975886955857277
0.0458042398095131
-0.0692971199750900
0.0956379696726799
0.0356663540005684
0.0101926391944289
-0.0042869099415839
0.0412158593535423
-0.0303522348403931
-0.0713452771306038
-0.0930687710642815
-0.0537262260913849
-0.0897886678576469
-0.0110246287658811
-0.0485940463840961
0.0907103419303894
0.0218300949782133
-0.0651863068342209
0.0083777895197272
-0.0284629929810762
0.0721940249204636
0.0798102840781212
-0.0255622360855341
0.1280567795038223
-0.1065915226936340
0.0461462512612343
0.0344599373638630
0.0776395052671432
-0.1937803626060486
-0.0434652194380760
-0.0162870250642300
-0.2587915658950806
-0.1298742592334747
-0.0323959998786449
0.1850055605173111
-0.0252500008791685
-0.0055148415267467
-0.1132499128580093
-0.2237628549337387
-0.2539365291595459
0.0810366123914719
-0.0970796719193459
-0.0485399141907692
-0.0153274126350880
0.1007887944579124
0.1112974211573601
-0.0729264914989471
-0.1399850398302078
0.0661443322896957
0.0162947811186314
-0.0654704347252846
-0.2661367952823639
-0.1648493260145187
0.0166892781853676
-0.1002584844827652
-0.0760286524891853
-0.0424639582633972
0.1983888149261475
0.2108783274888992
-0.2416138947010040
0.0764581188559532
0.2012134939432144
-0.0359422788023949
0.0792704597115517
0.0218999460339546
-0.2005948573350906
-0.0526879057288170
-0.1705640852451324
0.0410638824105263
0.0685207471251488
-0.1436107009649277
0.0978277400135994
0.0411676540970802
0.2577199041843414
0.0922380611300468
-0.2581215798854828
-0.0191657859832048
-0.0261598024517298
0.0733917355537415
-0.0289574377238750
-0.0288992989808321
-0.0151745174080133
0.0325518138706684
0.0089646270498633
0.0077911787666380
0.0076258280314505
0.0303680729120970
-0.0642153769731522
-0.0110147604718804
-0.0548144355416298
0.0150288436561823
0.0574415773153305
-0.0342537350952625
-0.0173716489225626
0.0503539294004440
0.0426455587148666
-0.0427602790296078
-0.0158102959394455
-0.0232441816478968
0.0142942359670997
-0.0194686986505985
-0.0580406859517097
-0.0152485128492117
-0.0379725173115730
0.0675586536526680
-0.0710588023066521
0.0353106148540974
-0.0131010450422764
0.0444244891405106
0.0538839474320412
-0.0179537683725357
-0.0306844376027584
-0.0434372685849667
0.0174134299159050
-0.0507433600723743
0.0387656390666962
0.0940194576978683
-0.0468629151582718
0.0188593268394470
-0.0145105225965381
0.0063878558576107
0.0725110173225403
0.0188356116414070
-0.0572096630930901
0.0847909897565842
-0.0675320848822594
-0.0112670389935374
-0.0239638965576887
-0.0382405221462250
0.0635545179247856
0.0835056751966476
0.0170438885688782
0.0189413931220770
-0.0415896922349930
0.0256287604570389
-0.0147454626858234
-0.0256601106375456
-0.0361049585044384
-0.0251236744225025
0.0219708122313023
0.0223543122410774
-0.0138374064117670
0.0721088573336601
-0.0041770166717470
0.0609766393899918
-0.0717487260699272
-0.0151162184774876
-0.0228295549750328
0.0760077759623528
0.0070436182431877
-0.0565284602344036
-0.0149131100624800
-0.0079274978488684
-0.0287027321755886
0.0753681138157845
0.0436448045074940
0.0560423955321312
-0.0222184788435698
-0.0237916223704815
0.0283179655671120
-0.0126964999362826
-0.0054283114150167
0.0395403951406479
0.0568089783191681
-0.0055951494723558
0.0821219757199287
0.0491205379366875
-0.0013763532042503
-0.0013721820432693
-0.0687124133110046
-0.0408964268863201
-0.0469936430454254
0.0586771294474602
0.0266842246055603
-0.0540707446634769
-0.0160715226083994
-0.0103425579145551
0.0186117049306631
-0.0692283883690834
0.0557118915021420
0.0228096060454845
-0.0014063430717215
0.0257575269788504
-0.0577751062810421
0.0108223184943199
0.0197314191609621
-0.0133661208674312
-0.0232434030622244
0.0437149554491043
0.0561004392802715
0.0130865704268217
-0.0390764698386192
-0.0648341774940491
0.0686802789568901
-0.0584056191146374
0.0426855869591236
-0.0589324012398720
-0.0925888270139694
0.0127426953986287
-0.0235206019133329
0.0349226072430611
-0.0780835226178169
-0.0240474883466959
-0.0520882196724415
0.0600904226303101
-0.0031814889516681
0.0060200691223145
-0.0037672461476177
-0.0191449169069529
0.0029228627681732
0.0201356671750546
-0.0238937474787235
0.0134881725534797
0.0040698968805373
0.0613265149295330
-0.0502720549702644
0.0258962251245975
-0.0101357232779264
-0.0083583788946271
0.0076848655007780
0.0082715693861246
-0.0196051876991987
0.0991706997156143
0.0002824643743224
-0.0197063218802214
0.0028212466277182
0.0192398093640804
0.0268945265561342
-0.0425491444766521
-0.0598018020391464
0.0188457164913416
0.0150700015947223
0.0190514065325260
-0.0589555278420448
-0.0604274459183216
-0.0095123471692204
-0.0693700462579727
0.0280521456152201
0.0202031005173922
0.0636060237884521
-0.0002616804267745
-0.0037139486521482
0.0121989380568266
0.0600685104727745
0.0298880711197853
-0.0263636969029903
0.0024395550135523
0.0099394442513585
-0.0232098344713449
-0.0013690540799871
-0.0026089604943991
-0.0489866957068443
0.0605795010924339
-0.0392511598765850
0.0119828432798386
0.0747968256473541
-0.0492230281233788
0.0634463876485825
0.0066838101483881
-0.0473711676895618
0.0813118815422058
-0.0430567041039467
0.0494281798601151
-0.0073628029786050
-0.0453005880117416
-0.0280992053449154
-0.0442609973251820
0.0871803686022758
-0.0043944683857262
0.0662067458033562
-0.0425571948289871
-0.0327010713517666
0.0119521375745535
0.0592696964740753
-0.0256544109433889
0.0232311394065619
-0.0204098913818598
0.0166238229721785
0.0541677772998810
0.0029468105640262
0.0240263044834137
-0.0744567513465881
0.0456221848726273
-0.0132331792265177
-0.0928461328148842
0.0383524708449841
0.0689085945487022
-0.0103473868221045
-0.0428356155753136
-0.0298939216881990
-0.0983332321047783
-0.0238520298153162
-0.0366247110068798
-0.0186307746917009
-0.0014100953703746
0.0405405126512051
0.0553308613598347
-0.0243851188570261
-0.0108255706727505
-0.0339759811758995
0.0314034856855869
-0.0132612856104970
0.0182020515203476
0.0339517481625080
-0.0256862789392471
-0.0616854242980480
-0.0447219237685204
-0.0480058826506138
0.0423055626451969
0.0523529350757599
-0.1084902212023735
0.0281360447406769
0.0407177098095417
0.0917693004012108
-0.0330367051064968
-0.0129573699086905
0.0955479294061661
0.0787660479545593
0.0099867982789874
-0.0573199316859245
-0.0376638062298298
-0.0094681279733777
-0.0574569888412952
0.0191465560346842
-0.0510779246687889
0.0147710656747222
-0.0034130411222577
0.0177476871758699
-0.0184581652283669
-0.0380134955048561
-0.0137043120339513
0.0146672567352653
0.0017047796864063
-0.0383290126919746
-0.0251051764935255
0.0292441975325346
-0.0634381324052811
-0.0439573377370834
0.0338650830090046
0.0479287840425968
-0.0132470680400729
-0.0467321239411831
-0.0185190495103598
0.0107921976596117
0.0085642496123910
-0.0172601304948330
-0.0400868542492390
0.0143590969964862
-0.0295064654201269
0.0107742547988892
-0.0027373840566725
0.0104374717921019
-0.0472545921802521
0.0430174283683300
-0.0122799230739474
-0.0097366841509938
0.0226877164095640
0.0056284731253982
0.0523522607982159
-0.0027178158052266
-0.0407971739768982
-0.0705258026719093
0.0800700187683105
-0.0118064498528838
0.0262789819389582
-0.0544527471065521
-0.0118653252720833
-0.0075959637761116
-0.0509099476039410
0.0337474904954433
0.0171199273318052
-0.0106806289404631
-0.0304792374372482
-0.1258647292852402
-0.0864121988415718
-0.0073733991011977
-0.0032095909118652
0.0485344380140305
0.0484113842248917
0.0287665501236916
-0.0562666542828083
0.0642913579940796
-0.0541453361511230
-0.0573261938989162
-0.1056146621704102
-0.0518746078014374
-0.0184619762003422
0.0384773015975952
0.0234826803207397
-0.0079639814794064
-0.0401998795568943
-0.0513666868209839
0.0071366261690855
0.0291599277406931
-0.0163285713642836
-0.0395548529922962
0.0191375389695168
-0.0870927944779396
0.0108348205685616
0.0537178702652454
-0.0067998357117176
-0.0620513148605824
0.0461461655795574
-0.0734515860676765
0.0651906132698059
0.0471867658197880
0.0700468197464943
-0.0128361806273460
0.0460952110588551
0.0722193941473961
0.0357399247586727
-0.0208493899554014
-0.0468365922570229
-0.0577891618013382
0.0435597822070122
-0.0204653963446617
-0.0222575180232525
-0.0244164448231459
-0.0063014519400895
-0.0624005980789661
0.0107591245323420
0.0600481554865837
-0.0017750943079591
0.0576490685343742
0.0529036074876785
0.0905800387263298
-0.0342059917747974
0.0586777031421661
0.0318136960268021
-0.0513683035969734
-0.0368356667459011
-0.1019609943032265
-0.0331814214587212
0.0743523016571999
0.0420686043798923
0.0427740290760994
0.0413903445005417
0.0318483300507069
0.0336174406111240
0.0092305392026901
-0.0292563196271658
0.0351146720349789
0.0537419095635414
-0.0521348603069782
-0.0450213104486465
-0.0312218032777309
0.0141744455322623
0.0432460308074951
-0.0604362003505230
0.0116144511848688
0.0449484363198280
0.0607331693172455
-0.0163868237286806
0.0567338019609451
0.0781982243061066
-0.0354181639850140
0.0484832637012005
0.0297628361731768
0.0722517520189285
0.0132843963801861
0.0082679828628898
0.0320592708885670
0.0402999408543110
0.0184933003038168
0.0745595246553421
-0.0050642364658415
-0.0084130242466927
-0.0276207141578197
0.0286990683525801
-0.0708936750888824
0.0200287308543921
-0.0279447231441736
-0.0062602073885500
0.0271279327571392
-0.0103453556075692
0.0416046902537346
-0.0070501710288227
-0.0065076611936092
0.0592413358390331
0.0659360811114311
-0.0670056864619255
-0.0211206432431936
-0.0318059958517551
0.0393464341759682
0.0105998516082764
0.0309670269489288
-0.0536460317671299
0.0019576102495193
0.0265122894197702
0.0327133387327194
0.0131433904170990
-0.0302095618098974
0.0122862709686160
0.0251165870577097
-0.0400996431708336
-0.0521155931055546
-0.0375017076730728
-0.0255796480923891
-0.0258021503686905
-0.0744055882096291
-0.0779982879757881
-0.0144635373726487
-0.0205664038658142
-0.0013030859408900
-0.0424840040504932
-0.0425292998552322
-0.0210359804332256
-0.0477970913052559
0.0733527094125748
0.1022812649607658
-0.0157420821487904
0.0868948251008987
0.0640426576137543
0.0596481002867222
-0.0278327204287052
0.0730237290263176
0.0653074607253075
-0.0794189497828484
-0.0561727359890938
0.0472660884261131
-0.0226109158247709
0.0285679735243320
-0.1199891120195389
-0.0304035041481256
-0.0335880331695080
0.0466352216899395
0.0641283690929413
0.0188131649047136
0.0106305181980133
0.0438202172517776
-0.0289740040898323
0.0071403803303838
-0.0597560890018940
0.0721705183386803
-0.0226035267114639
-0.0251920539885759
-0.0257080048322678
0.0336992368102074
0.0376619771122932
0.0529291033744812
-0.0876392945647240
-0.0334185175597668
0.0411804653704166
-0.0720310583710670
0.0360450446605682
-0.0666367560625076
-0.0106863630935550
0.0272404365241528
-0.0596225969493389
-0.0813322812318802
0.0405241958796978
-0.1008721664547920
-0.0193013679236174
0.0033985534682870
-0.0452506281435490
0.0363311059772968
-0.0423966571688652
0.0716141313314438
0.0347896255552769
-0.0525605939328671
0.0102341035380960
0.0085754655301571
0.0226753149181604
0.0347317419946194
-0.0100467167794704
0.0301481038331985
0.0736351981759071
0.0009285817504860
-0.0074084750376642
0.0056605883873999
0.0954794138669968
-0.0229550413787365
-0.0717896521091461
-0.0285030342638493
-0.0560508295893669
-0.0504367910325527
0.0652128458023071
-0.0116187622770667
0.0262549780309200
0.0309582222253084
0.0039198817685246
-0.0498799979686737
-0.0093678571283817
0.0196671765297651
-0.0375221222639084
0.0647115185856819
-0.0500334315001965
-0.0086959814652801
