0.0734026879072189
-0.0452737286686897
-0.0282824188470840
-0.0016135332407430
0.0233984384685755
-0.0596306920051575
-0.0577379278838634
0.0057817711494863
0.0729211196303368
0.0873554125428200
-0.0014252938563004
-0.0079585108906031
-0.0429451018571854
0.0924440100789070
-0.0940556153655052
-0.0383274368941784
0.0697715133428574
-0.0810851827263832
0.0266959220170975
-0.1044834107160568
-0.0185117200016975
0.1135723367333412
-0.0353208892047405
0.0791299566626549
0.0021746789570898
0.0190724860876799
-0.0004682787694037
0.0900488048791885
0.0097148278728127
0.0194245949387550
-0.0892873257398605
0.0818838402628899
-0.0158036481589079
-0.0639346241950989
-0.0301322545856237
-0.0053661093115807
-0.0079862866550684
-0.0891833975911140
0.0455387718975544
-0.0141527596861124
-0.1031491160392761
0.1131558269262314
0.1003554314374924
0.0325798317790031
0.0442510247230530
0.0120913758873940
-0.0653998330235481
-0.0660933330655098
-0.0296146851032972
0.0664060041308403
-0.0159463789314032
0.0414890907704830
0.0281819850206375
-0.1051309928297997
0.0412269420921803
-0.0288448855280876
-0.0748146325349808
0.0271650124341249
0.0811336189508438
0.0006428646156564
0.1283541917800903
-0.0167143214493990
0.0003649179416243
-0.0060320510528982
0.0504597760736942
-0.0579786524176598
-0.0780083537101746
0.0324413701891899
0.1007540076971054
-0.1432890892028809
0.0770418569445610
0.0373041257262230
-0.1260844022035599
-0.0209935251623392
-0.0072177033871412
0.0179723761975765
0.0678253173828125
-0.0884686186909676
0.1248110085725784
-0.0809102430939674
-0.0525520220398903
-0.0341431982815266
-0.0378773696720600
-0.0315260700881481
-0.0406199730932713
0.0593769811093807
-0.0321856588125229
-0.0246837995946407
-0.0951430872082710
-0.0641862303018570
0.0623978637158871
-0.0304418094456196
0.0235144626349211
-0.1103400439023972
-0.0846626311540604
-0.1290803998708725
-0.0735840573906898
0.1042343974113464
0.0329062826931477
0.0743723213672638
0.0539288632571697
-0.0103771733120084
-0.0682862550020218
0.0090777343139052
-0.0118294227868319
0.0542947389185429
-0.0299774892628193
-0.0036455891095102
0.1036588847637177
0.1191526353359222
0.0867434665560722
-0.0268658772110939
0.0460398383438587
0.0915575772523880
-0.0302430801093578
0.1030551493167877
-0.0339198186993599
-0.0011680158786476
-0.1142623499035835
-0.0024919793941081
-0.0487660430371761
-0.0463296882808208
-0.0063664731569588
-0.0515033826231956
-0.0462595410645008
0.0456528365612030
0.0028117906767875
0.0240163579583168
0.0243136286735535
0.0214201305061579
0.0056388215161860
-0.0533517226576805
0.1276756525039673
-0.1402077227830887
-0.0059751556254923
-0.0638070255517960
0.0010112421587110
-0.0555433891713619
-0.0468705557286739
0.0121588883921504
-0.0610076263546944
-0.0311647392809391
-0.0239899475127459
0.0322043374180794
0.0307512264698744
0.0764593109488487
-0.1045680046081543
0.0897524058818817
-0.0175200682133436
-0.0434916988015175
0.0642381608486176
0.0258656293153763
0.0775571539998055
-0.0500372797250748
0.0742271542549133
0.0835398212075233
0.0356900617480278
-0.0525445230305195
0.0544823110103607
-0.0007472347933799
-0.0024685440585017
0.0792265683412552
0.0990217030048370
0.0484662875533104
0.0496503077447414
-0.0588424243032932
0.0415910519659519
0.0395231768488884
0.0615451596677303
0.0768280252814293
-0.0919755622744560
-0.0133956847712398
0.0078236293047667
0.0186401084065437
0.0181772839277983
0.0595859512686729
-0.0608507320284843
-0.0048704650253057
0.0597835965454578
0.0503286458551884
-0.0538830608129501
0.0619196929037571
-0.0285120569169521
-0.0282856691628695
0.0046300874091685
0.0077153905294836
-0.0586833208799362
0.0140152638778090
0.0291133858263493
0.0287215989083052
0.0959704890847206
-0.0231397487223148
0.0970469787716866
-0.0997113063931465
-0.1008487045764923
-0.0238553471863270
-0.0543154403567314
0.0145111382007599
-0.0226069800555706
0.0246071759611368
-0.0261600799858570
0.0142944520339370
0.0588254332542419
-0.0242653675377369
-0.0369149707257748
-0.0993224754929543
-0.0517446361482143
-0.0790251418948174
0.0463006347417831
0.0748480036854744
0.0499539040029049
0.1096522212028503
0.0446938909590244
0.0391140244901180
-0.0510929562151432
0.0722879394888878
0.1053149178624153
-0.0279509648680687
0.0532896034419537
0.1256504058837891
0.0188127011060715
0.0926108211278915
0.0873770639300346
-0.0307939704507589
0.0540629811584949
0.0542527027428150
0.0747811198234558
-0.0637030005455017
0.0443479716777802
-0.0927750542759895
-0.0587870590388775
0.1226292476058006
-0.1210544630885124
0.0179097857326269
-0.0848826542496681
0.0976539254188538
0.0542909540235996
-0.0449526198208332
0.0435263477265835
-0.0644475892186165
0.0671407878398895
0.0353211164474487
-0.0100116049870849
0.0287544336169958
-0.0584715269505978
0.0627354755997658
-0.0388807505369186
0.0746050029993057
0.0494310669600964
0.0615239664912224
0.0325392968952656
0.0033208795357496
-0.0520795248448849
-0.0793554931879044
-0.1128817200660706
-0.0774880349636078
0.1081123501062393
0.0448489114642143
-0.1547096967697144
-0.0159895252436399
0.1380664706230164
-0.1440319418907166
-0.0520840510725975
0.1862542480230331
0.0142711903899908
0.0805764794349670
-0.1290079057216644
-0.0415571369230747
0.2114005982875824
0.0911968275904655
-0.2207929193973541
-0.1350413262844086
-0.3247143030166626
0.0932552665472031
0.1463726013898849
-0.1515495479106903
-0.0814382061362267
-0.0096668358892202
-0.0163427274674177
-0.0388152226805687
-0.0124615803360939
-0.0045396196655929
-0.1148234903812408
-0.0881030336022377
-0.1924630701541901
0.0468826889991760
-0.0259445849806070
0.0587309896945953
-0.1757264137268066
-0.1743490844964981
-0.2429861426353455
0.0427935421466827
0.0604969449341297
0.0176514964550734
0.0126300361007452
0.0100884456187487
0.1317278295755386
0.0761507153511047
-0.0319391116499901
0.0553460605442524
0.0287645887583494
-0.1073410287499428
0.0324186645448208
-0.3124406337738037
-0.1900718957185745
-0.0051429923623800
0.0200160443782806
0.0234008580446243
-0.1066957637667656
0.0727090835571289
-0.0829854235053062
-0.1169052869081497
0.1571327596902847
0.0259166341274977
-0.0886231586337090
0.0873442739248276
0.0184231214225292
0.3549523949623108
0.0185364279896021
-0.0429398752748966
-0.0043237241916358
-0.0935534462332726
0.0274334643036127
-0.0120589639991522
-0.0394658967852592
-0.0390983037650585
0.0051754545420408
-0.0088373357430100
0.0039346814155579
0.0719379559159279
0.0814909487962723
-0.0923988595604897
-0.0171582605689764
-0.0090302471071482
-0.0024850622285157
0.0766275227069855
-0.0361812636256218
-0.0479402765631676
0.0854777991771698
0.0136267812922597
-0.0301755964756012
-0.0282854828983545
-0.0285725463181734
0.0032497020438313
0.0058953962288797
-0.0106179201975465
-0.0128915486857295
-0.0191985648125410
-0.0196758303791285
-0.0462194532155991
0.0036626055371016
0.0373440161347389
0.0777987092733383
0.0312439110130072
-0.0374462045729160
-0.0674198195338249
-0.0304713267832994
0.0237299557775259
-0.0130900721997023
-0.0104158055037260
0.0646820142865181
-0.0320356599986553
0.0332684703171253
-0.0050794268026948
-0.0128013091161847
0.0392603874206543
0.0205877274274826
-0.0387119874358177
0.0417942255735397
0.0213486701250076
-0.0045589343644679
-0.0411803200840950
-0.0412399210035801
0.0239724870771170
0.0446933060884476
-0.0135046830400825
0.0343259088695049
-0.0582884401082993
-0.0046905125491321
-0.0018427023896948
-0.0269121099263430
-0.0138003267347813
-0.0010128441499546
0.0220465250313282
-0.0058516669087112
-0.0564876981079578
0.0534026473760605
0.0144184026867151
0.0337339192628860
-0.0867463797330856
0.0486969314515591
-0.0576657652854919
0.0392202995717525
0.0822772011160851
-0.0975491032004356
0.0097626950591803
-0.0389165692031384
0.0079615600407124
0.0587047748267651
-0.0010269746417180
0.0491821654140949
0.0128840403631330
-0.0331326648592949
-0.0285328235477209
0.0087288580834866
0.0272877123206854
0.0444210134446621
0.0811892971396446
-0.0756406486034393
0.0483473762869835
0.0615658685564995
-0.0031448849476874
-0.0011486255098134
-0.0823995023965836
-0.0870745331048965
-0.1005860716104507
0.0285400543361902
0.0449796393513680
-0.0600147321820259
0.0134064601734281
0.0506418906152248
0.0204338021576405
-0.0750410929322243
0.0291903018951416
0.0287568029016256
-0.0281011890619993
0.0898265838623047
-0.0525759942829609
0.0326768718659878
-0.0413418896496296
0.0151511896401644
-0.0451946295797825
0.0750364288687706
0.0124120581895113
-0.0141872316598892
-0.0320764556527138
-0.0671285614371300
0.0505073070526123
-0.0954537987709045
0.0036450680345297
-0.0762114897370338
-0.0597628615796566
0.0067403274588287
0.0217915736138821
0.0700950995087624
-0.1272630691528320
-0.0154319750145078
-0.0532869920134544
0.0191587861627340
0.0185997765511274
0.0117601919919252
-0.0430060289800167
-0.0375403091311455
0.0501680746674538
0.0613492242991924
-0.0461065731942654
-0.0296079553663731
-0.0375667512416840
0.0055373273789883
-0.0504851751029491
-0.0069574951194227
-0.0089058028534055
-0.0171271469444036
0.0531470291316509
0.0238051209598780
-0.0042616440914571
0.0610132925212383
-0.0106198871508241
-0.0316126234829426
0.0000328074238496
0.0518707670271397
-0.0067502125166357
-0.0553241223096848
-0.0388775952160358
0.0568274818360806
-0.0034561671782285
0.0730606988072395
-0.1026995256543159
-0.0921114385128021
0.0047844410873950
-0.0715017765760422
-0.0172378905117512
-0.0404217392206192
0.0151371108368039
-0.0018798835808411
-0.0033338929060847
0.0240926686674356
0.0689544826745987
0.0059405448846519
-0.0018339160596952
-0.0234834924340248
-0.0095885898917913
-0.0373698323965073
0.0028907977975905
-0.0050665880553424
-0.0235012453049421
0.0070573189295828
-0.0576396211981773
-0.0215977281332016
0.0475973226130009
0.0356747172772884
0.0126462420448661
-0.0160302836447954
-0.0579470321536064
0.0612957663834095
-0.0106724807992578
0.0199508853256702
0.0391727052628994
-0.0215338021516800
-0.0249049868434668
-0.0377949140965939
0.0386296771466732
0.0204014126211405
0.0717507898807526
-0.0781900733709335
-0.0432822294533253
0.0063084661960602
0.0716695785522461
-0.0472671724855900
-0.0017285317881033
-0.0587634183466434
0.0685177966952324
-0.0552966929972172
0.0283155720680952
0.0225769020617008
-0.0662636309862137
0.0181610025465488
0.0171878095716238
-0.0347425788640976
-0.0122278872877359
0.0574572719633579
-0.0549421906471252
-0.0435683391988277
-0.0259363856166601
-0.0714638680219650
-0.0312395170331001
-0.0601131692528725
-0.0315738134086132
-0.0273590963333845
0.0048493933863938
0.0241224747151136
0.0427948981523514
-0.0049280975945294
-0.0670521929860115
0.0624085366725922
0.0076841339468956
-0.0031061219051480
-0.0029855906032026
0.0060193771496415
-0.0567668974399567
-0.0485214591026306
0.0185787025839090
0.0458186827600002
0.0404652059078217
-0.0336147285997868
0.0607318095862865
0.0111560747027397
0.0707965195178986
0.0259132776409388
-0.0145835168659687
0.0439787842333317
0.0491742789745331
0.0336870066821575
0.0087486552074552
-0.0769034102559090
-0.0104906801134348
-0.1202479600906372
-0.0467475727200508
-0.0177791845053434
0.0328616313636303
0.0319811515510082
-0.0071866735816002
-0.0670175775885582
-0.0022611382883042
0.0380373746156693
0.0214714519679546
0.0573029443621635
-0.0125237423926592
-0.0648646727204323
0.0211631245911121
-0.0295763239264488
-0.0497216731309891
0.0378456301987171
0.0327085256576538
-0.0309459920972586
-0.0090754199773073
-0.0225271470844746
-0.0326677188277245
0.0233029164373875
0.0180100277066231
-0.0099595226347446
0.0213214978575706
-0.0242193788290024
-0.0311732441186905
-0.0063060121610761
-0.0307790040969849
-0.0210124775767326
0.0711174011230469
-0.0528035983443260
-0.0422378443181515
-0.0032488489523530
0.0423173941671848
0.0090903509408236
0.0364410802721977
-0.0379552580416203
-0.0537321455776691
0.0222873017191887
-0.0394721142947674
0.0131895747035742
-0.0785524919629097
0.0117688477039337
0.0346941351890564
-0.0501129925251007
0.0168557893484831
-0.0403878465294838
-0.0455971248447895
-0.0185143295675516
-0.0767332613468170
-0.0816109254956245
-0.0194097962230444
-0.0110862096771598
-0.0243329666554928
0.0533702559769154
0.0211933739483356
-0.0822953730821609
0.0441766865551472
-0.0649436712265015
-0.0577484443783760
-0.0414336659014225
0.0011608684435487
-0.0401916131377220
0.0030572137329727
-0.0007740961154923
0.0149916065856814
-0.0318301916122437
-0.0924814939498901
-0.0307147931307554
-0.0002727927349042
0.0033495333045721
0.0048461733385921
0.0816601440310478
-0.0700373128056526
-0.0149812800809741
0.0612502172589302
0.0130058499053121
-0.0503594242036343
0.0056162537075579
-0.0493067018687725
0.0242164675146341
0.0034956305753440
0.0717302560806274
-0.0509843863546848
0.0936673060059547
0.0779988765716553
0.0739973187446594
-0.0037903771735728
-0.0861776843667030
-0.0228156112134457
0.0382943563163280
-0.0583367273211479
-0.0878914520144463
-0.0027110408991575
0.0046114549040794
-0.0457182787358761
0.0034887827932835
-0.0033636807929724
0.0089841187000275
0.0230316016823053
0.0282310973852873
0.0402748025953770
-0.0280841458588839
0.0616935081779957
0.0882312655448914
-0.0358139574527740
-0.0164636578410864
-0.0478247292339802
-0.0449255034327507
0.0494393929839134
0.0502422377467155
-0.0058098281733692
0.0084330979734659
0.0324857383966446
0.0401486121118069
-0.0172680467367172
-0.0642446205019951
0.0554665476083755
-0.0102599672973156
-0.0852037966251373
-0.0527312904596329
0.0071438509039581
0.0257398597896099
0.0266875810921192
-0.0592914521694183
0.0244428273290396
0.0739357918500900
0.0224198456853628
0.0307740848511457
0.0954807773232460
0.0167449172586203
-0.0582413375377655
0.0639962404966354
0.0565823540091515
0.0557478256523609
0.0484176352620125
-0.0202589519321918
0.0331902578473091
0.0096166701987386
-0.0285852123051882
0.0960084944963455
0.0057616527192295
0.0020223041065037
-0.0148667208850384
0.0612730197608471
-0.0494945831596851
0.0547925308346748
0.0118143381550908
-0.0498758368194103
-0.0048391660675406
0.0070840502157807
0.0269988439977169
-0.0270074140280485
-0.0204801261425018
0.0434027202427387
-0.0104136420413852
-0.0443624742329121
0.0052961353212595
-0.0301948003470898
0.0560183823108673
0.0557019561529160
0.0076653622090816
-0.0979859381914139
0.0147820562124252
0.0448643378913403
0.0527593828737736
0.0308189447969198
-0.0636364296078682
0.0186954289674759
0.0116392346099019
-0.0319160036742687
-0.0208217613399029
-0.0597982816398144
-0.0385216884315014
0.0071820891462266
-0.0669076517224312
-0.0157573614269495
0.0129957580938935
-0.0236826445907354
0.0225492678582668
-0.0185804553329945
-0.0164058208465576
-0.0477802865207195
0.0111304614692926
0.0595601946115494
0.0259952582418919
-0.0037703590933233
0.1075546666979790
0.0414859130978584
0.0571512244641781
-0.0057576592080295
0.0238062199205160
0.0181534066796303
-0.0739298984408379
-0.0521891415119171
-0.0031224258709699
0.0015453835949302
0.0711795166134834
-0.0784257426857948
0.0336963236331940
0.0038474942557514
0.0479110926389694
0.0171634480357170
0.0327775701880455
0.0107749840244651
0.0712383762001991
-0.0403815060853958
0.0181587059050798
-0.0212270449846983
0.0793872848153114
-0.0025703760329634
0.0311142113059759
-0.0071512758731842
0.0029229270294309
-0.0250148028135300
0.0415917634963989
-0.0689103081822395
-0.0071642939001322
-0.0264245662838221
-0.0566028654575348
-0.0117876678705215
-0.0404224544763565
-0.0252866577357054
-0.0158634930849075
-0.0136809963732958
-0.0834870338439941
0.0240809768438339
-0.0433966480195522
-0.0155001720413566
0.0417737960815430
0.0208223201334476
0.0372644737362862
-0.0271395444869995
0.0872387439012527
0.0264790747314692
-0.0887277945876122
0.0303295720368624
-0.0233515650033951
0.0318616963922977
0.0408595837652683
-0.0199868939816952
0.1016035526990891
0.0347694866359234
-0.0195046029984951
0.0429490432143211
0.0190133899450302
0.0660995319485664
-0.0318197309970856
-0.0678459629416466
-0.0402907803654671
-0.0432805046439171
-0.0561725832521915
0.0402902401983738
0.0367754101753235
0.0445045754313469
0.0642662718892097
0.0172435846179724
-0.0480400212109089
-0.0435007773339748
0.0464538224041462
-0.0167475286871195
0.0682741701602936
0.0010596067877486
0.0143028078600764
