-0.00464168
0.00100016
-0.02226182
0.01057409
0.00573603
0.03598858
-0.00415209
-0.01237040
-0.00877663
0.00039158
0.00153707
-0.01556540
-0.01255346
-0.00209814
-0.01180011
-0.00572320
-0.00756888
0.00002068
-0.09821807
0.00354956
0.01812035
0.00401057
0.03977096
-0.02639989
0.00014193
0.01221288
-0.00593188
-0.00159930
-0.00222052
-0.00246247
-0.12852257
-0.01062559
0.02253576
-0.01725970
-0.01291141
0.01814642
0.02173554
-0.01416699
-0.01257115
-0.00758837
0.00903797
-0.00511997
0.03794143
-0.02209722
0.00725448
-0.00019098
-0.01345884
-0.02085221
-0.01125826
0.02586666
0.02110261
0.07307308
-0.06532632
-0.01051191
0.01052225
-0.01879326
0.00683571
0.00447463
0.45810780
0.02445472
-0.01704659
-0.01624114
-0.01459938
-0.00136627
0.01883993
-0.00908659
-0.01085292
0.01878932
-0.02712157
-0.00870302
-0.00902621
0.00846060
-0.03112013
0.01276139
-0.01101007
-0.01960005
-0.01203349
-0.01259720
0.00660546
-0.17511286
0.01115800
-0.01054094
0.00728460
-0.02589289
-0.05727314
-0.02451685
-0.03157058
-0.01776374
0.01876284
-0.00705127
-0.02571511
-0.06456925
0.10875881
0.00839906
-0.01896555
0.00993332
-0.00207449
-0.03775344
-0.01000095
0.01313128
0.00865524
-0.00679960
-0.01744601
0.00742680
-0.01490458
-0.01092416
-0.01436615
0.02104199
0.01916498
-0.02038181
0.00948990
-0.00312482
-0.00289100
0.01005445
-0.00993251
-0.01476231
0.02901267
-0.01092667
-0.00204528
0.01297049
0.01806971
0.02967232
-0.00185138
-0.00227322
0.01437003
0.00137470
0.00751479
-0.01787799
-0.01125776
0.04604781
0.01824725
0.01487712
0.02401537
0.00800192
-0.00762625
-0.02371918
-0.00720540
0.00656330
-0.10924052
0.00858330
0.09836523
0.02011170
-0.00729826
0.01905150
0.00310040
-0.18777603
-0.01273979
-0.00750520
-0.02091687
-0.00133652
0.05060928
0.02693285
-0.00645606
-0.02186891
-0.00089906
-0.02486546
0.01652250
-0.01131021
0.03554299
0.02856992
0.00219406
0.12062886
-0.00319230
-0.00598471
-0.00780900
-0.01686920
0.04424867
-0.01247439
0.00384517
0.02985660
-0.01225679
-0.02070894
0.01045299
-0.01735155
0.01646382
0.01361225
-0.00592425
0.00993217
-0.01173300
0.01340422
0.03005276
0.02450852
0.01764352
-0.00955297
0.04448424
-0.26398444
0.18138960
0.02526686
-0.00505251
0.04304622
-0.01008309
-0.00522933
-0.02857390
0.00302847
-0.00266826
-0.01493833
0.01027421
0.01993229
-0.00842194
-0.01904677
0.02172424
0.01390022
0.07191796
-0.00470361
0.00925189
-0.04941290
0.01446402
0.00063997
-0.00247005
0.07367413
0.00381260
-0.00213501
0.02478108
-0.00399636
-0.00150400
0.01551400
-0.02610442
0.02022318
-0.02235155
-0.00817975
-0.00419229
-0.65992779
0.00275446
-0.00398088
0.00621819
-0.00399644
0.00695737
-0.01001039
0.01927563
0.01515387
-0.01243993
0.02132173
0.00437005
0.01269421
-0.06835017
0.00366350
-0.00226910
-0.00192137
-0.02116680
0.02397276
0.00178117
0.00984426
0.08343899
-0.04852152
-0.00831814
-0.00683475
0.01816954
-0.01241853
0.02589252
0.01479353
-0.02447501
0.02564128
0.03855810
0.01817492
-0.00036868
0.02941581
-0.04828405
0.03433191
-0.00669819
0.02067410
0.02250237
-0.04102867
0.00834253
-0.00186627
-0.00060557
0.02345959
-0.00562203
0.02859841
-0.06373473
-0.02284915
0.03801810
0.08471993
0.00559243
0.01521352
0.01620705
0.03091169
0.00511031
-0.05040281
-0.01725655
-0.01417846
0.06519560
0.06120014
0.09942676
-0.12129357
0.01068876
0.02212924
0.01827249
0.05481857
0.04527057
0.00206697
0.08229536
-0.01254721
0.00466767
-0.02761552
0.01072693
0.02771273
-0.03504870
0.03462452
0.04085473
-0.02034148
-0.01493131
-0.04209899
0.93552858
0.02024917
-0.00493408
0.05024442
-0.07076016
0.16371898
-0.05102374
0.00589064
-0.04599496
-0.03445375
0.00293015
-0.00174972
-0.00430433
0.05382149
-0.00003049
-0.02380368
-0.03825190
0.00520600
0.03801971
0.01494025
-0.03363819
0.07876091
0.05612965
-0.04400603
0.00930794
-0.00983826
-0.00653572
0.02172410
0.03080605
-0.02397587
-0.02852480
-0.04158386
-0.02842978
0.00138743
0.04296024
0.03967215
-0.03784094
-0.07833179
-0.07353651
-0.00609012
0.01463959
0.02752350
-0.03445843
-0.06753142
-0.01754273
-0.01982464
-0.04543207
0.05656368
-0.04087533
-0.02515735
-0.01623007
-0.00128518
-0.00864300
0.00859431
-0.04500328
-0.03642037
0.06128322
0.02758680
0.00097311
-0.09141700
-0.06359646
0.02048462
-0.05253601
0.00625055
0.00709791
0.00866203
-0.01561361
0.04017730
-0.05719111
0.01635870
0.02130421
-0.01376012
-0.00304323
0.02702670
0.01957128
-0.06214066
-0.01081014
-0.04650302
0.01102761
0.02379846
0.01404108
-0.01586125
0.02835973
-0.06136554
0.03763143
0.02083101
-0.03532099
0.06689822
-0.03028516
0.06964564
0.04011698
0.01082826
-0.03031498
0.02440315
0.04196024
0.03007507
-0.03671760
0.00253968
-0.00752956
0.01180562
0.03508451
-0.03284786
0.00067512
-0.03465484
0.04004167
-0.01772399
0.08004055
0.04116885
0.03915638
0.02874511
-0.04525958
0.05290159
-0.01204199
-0.01711999
-0.02417393
-0.04153816
-0.05184900
0.04119724
-0.00405473
0.02276424
-0.04751752
0.04131167
-0.00301014
-0.01642302
0.06777050
-0.04289723
0.05579403
-0.00719374
-0.00493277
-0.02803828
-0.00763114
-0.03399495
0.01989821
-0.02940863
-0.03808986
0.01033625
0.01084978
-0.00991817
-0.06190454
-0.01011984
0.00381689
0.04619824
0.05601725
0.00489076
-0.04707273
-0.19329134
0.01986235
-0.07802431
0.03974069
-0.00106406
0.03101728
-0.01607536
0.05229200
0.01800113
0.03161048
0.01275044
0.06133206
-0.06254213
-0.12543750
-0.04776764
-0.00157980
-0.01537130
0.04855840
0.01380165
0.00722108
0.05910610
-0.03443696
0.00230758
0.01171831
-0.01092777
0.04904080
0.00044500
-0.01619644
-0.07468924
0.04736584
0.03631555
0.02890762
-0.02920940
-0.08456348
-0.08627093
-0.05037105
-0.03833348
0.04256084
0.03148899
0.01158889
-0.08783774
0.08771037
0.01854844
0.04882862
-0.01242701
0.00686706
0.00314021
-0.03169611
-0.04338085
0.00442605
-0.01199896
0.00408586
-0.00250555
0.02886337
-0.04600547
-0.01443610
0.03477312
-0.01775638
-0.03579916
-0.00991500
-0.01843370
0.01498611
-0.05096513
-0.00452141
-0.00761828
-0.01528255
-0.02475380
0.01480732
-0.06553628
-0.00204347
0.04726988
0.03078316
-0.03242387
0.07076277
-0.00810606
0.00995682
0.04106813
0.02752036
-0.09771435
0.02532646
-0.14004077
-0.05158805
-0.06823720
-0.00849438
-0.04967532
0.01549590
-0.03074129
0.05209214
0.00178612
-0.04208161
0.03134485
0.06131916
0.01619470
0.03037888
0.01507143
0.02186683
-0.04915252
0.01881838
-0.04796346
0.10589918
0.02033278
-0.03546047
0.03610330
-0.03284112
0.01211182
0.01668549
-0.05431751
0.00493559
-0.01300083
-0.01590841
0.00844900
-0.05380286
0.00311225
0.04720924
0.00229164
-0.06686100
0.00276498
0.00686707
-0.03157485
-0.01953091
0.03426554
0.04241372
-0.02305560
-0.02996447
-0.01026758
0.02081234
-0.00470803
0.05651091
0.00889878
0.04215204
-0.04398123
-0.01985150
-0.01557400
-0.01993183
0.01398743
0.01531561
0.01187212
-0.03243247
0.03888015
-0.03580859
0.03294503
-0.00290911
-0.02454090
-0.00722499
-0.00084827
-0.05771853
-0.00138343
0.13424690
0.01826899
0.02043052
-0.02771873
0.01361889
-0.02896102
-0.04917039
-0.05696398
-0.03654539
-0.06759346
0.00808393
0.07684378
-0.00912336
-0.03934017
-0.04284206
0.04064132
0.03644631
-0.02793626
-0.00646884
0.02634977
-0.11712509
0.05102348
0.02859332
-0.02411002
0.04393657
0.02958168
0.06190995
0.06979345
0.00619538
-0.05168787
0.03968549
0.07335864
0.03966725
-0.03554831
0.00548638
-0.08837888
-0.01469633
0.11376232
0.00233389
-0.05938911
0.03028720
0.01913710
-0.06352778
-0.03127626
-0.10969988
-0.03693335
0.00637483
-0.01647047
-0.03399593
0.04787087
-0.03850920
0.03357659
0.00926472
0.00586697
0.07208656
0.05585214
0.04200698
0.06671158
0.04773264
-0.02382785
0.02448920
-0.00163490
0.03099264
0.01422202
0.03815714
0.06010166
0.08046201
0.00886239
0.02768871
-0.04360748
-0.00390885
0.06192225
-0.00646727
-0.05091930
0.01281851
0.03309363
0.03286849
-0.00357712
0.00178380
0.00635878
0.07751934
-0.03353483
-0.00969797
-0.04528161
-0.07353359
0.05300046
-0.01442448
0.04986350
0.01468306
0.00306166
-0.08885450
0.01833477
0.01216030
-0.03436658
0.01945774
0.02279508
-0.00454192
0.02585916
0.08404625
0.02155688
0.05568166
0.02710323
-0.00311927
-0.02447425
-0.01927358
-0.04291848
-0.03226109
0.01325856
0.01131713
-0.03160161
-0.00428279
-0.03206027
0.04276497
0.01055365
0.00008616
0.06171020
0.13177809
-0.06073980
0.02546033
0.00034510
0.05850723
-0.00973696
0.01423864
0.02971992
-0.09367339
-0.04881934
0.05394866
0.11301591
0.00460497
0.00076982
0.02341731
-0.07641052
-0.04130545
0.02849210
-0.03702039
0.02460016
0.04428650
-0.04028482
0.10938928
0.04429706
-0.09505814
-0.06115619
0.03386501
-0.00736994
-0.03245514
0.00322107
-0.03449042
-0.02244889
-0.03859155
0.05496212
-0.04094127
-0.01227488
-0.00646487
0.02526286
0.03243106
-0.02194418
-0.05272335
0.02465444
0.00166358
-0.01561700
0.00816757
-0.10080656
0.05575946
0.02857963
0.04773225
0.07992772
-0.00516593
-0.04246407
0.01705642
0.07742321
-0.04154823
-0.01160792
0.04062415
-0.05984362
0.04027148
-0.07522017
0.00258575
0.05342735
-0.10085385
0.08617350
-0.00505250
-0.08400650
-0.05108014
-0.00714999
0.00364220
-0.05466940
-0.01161996
-0.00031567
0.06628492
0.06347650
-0.09009577
-0.01070671
-0.01982269
0.02285747
-0.07356505
-0.08798899
-0.03454421
-0.04449591
-0.01852759
-0.02578256
0.01800344
-0.04346250
-0.00103693
-0.01599145
-0.02270754
-0.07027423
0.05537242
0.10032270
-0.02925018
0.05261346
-0.00773478
0.03338515
0.02546803
0.00162145
-0.03468932
0.02679990
0.01057412
0.00011799
0.01107299
0.01729198
0.02347374
-0.00603593
-0.03127132
-0.01390984
0.04836985
0.07801377
-0.07136106
-0.01192156
0.05187313
0.16920820
0.01675068
-0.06017688
-0.03806066
-0.00400878
0.04950569
-0.07164611
0.02957818
0.00335000
