-2.384367212653160095e-02
-7.189321797341108322e-03
-2.908197790384292603e-02
-1.279244758188724518e-02
-1.321662683039903641e-02
4.158433154225349426e-02
2.689623739570379257e-03
3.297561034560203552e-02
3.910896182060241699e-02
-8.033600635826587677e-03
-8.130731061100959778e-03
-2.275215834379196167e-02
6.439713295549154282e-03
-3.242218866944313049e-02
-1.507791224867105484e-02
1.216682791709899902e-02
-4.205799195915460587e-04
2.418115735054016113e-02
-1.652790931984782219e-03
3.087246324867010117e-03
4.913499578833580017e-03
-6.952711381018161774e-03
8.076827973127365112e-03
3.217903897166252136e-02
-4.172004759311676025e-03
-4.030642565339803696e-03
-1.866418495774269104e-02
-1.141674350947141647e-02
1.486310362815856934e-02
1.545078214257955551e-02
-6.209522858262062073e-02
2.641831524670124054e-02
2.853997983038425446e-02
-1.431428082287311554e-02
5.641747266054153442e-03
3.518761321902275085e-02
6.567012984305620193e-03
2.091469429433345795e-02
3.360911086201667786e-02
-2.568810060620307922e-02
6.011046469211578369e-03
3.519496880471706390e-03
1.381820905953645706e-02
1.862485427409410477e-03
1.271923258900642395e-02
4.841075837612152100e-02
-8.788347244262695312e-03
-1.948112435638904572e-02
3.014486469328403473e-02
4.795846063643693924e-03
4.652835428714752197e-02
-2.540645748376846313e-02
-5.962766241282224655e-03
2.150029875338077545e-02
3.080577217042446136e-02
1.429777406156063080e-02
2.079571224749088287e-02
1.557312533259391785e-02
4.852159917354583740e-01
5.113508924841880798e-02
9.889304637908935547e-03
1.607920788228511810e-02
-9.981321636587381363e-04
-1.096802297979593277e-02
4.268951714038848877e-03
3.065665811300277710e-02
-1.689392887055873871e-02
5.629215389490127563e-03
-2.663029171526432037e-02
5.901016294956207275e-03
-8.834095206111669540e-04
-4.887974821031093597e-03
-3.125948831439018250e-02
1.264892425388097763e-02
-6.297019124031066895e-02
-9.555620141327381134e-03
7.167034782469272614e-03
2.104507759213447571e-03
-2.327149733901023865e-02
-1.012496873736381531e-01
-1.832386292517185211e-02
3.087341599166393280e-02
8.904840797185897827e-03
-7.205368019640445709e-03
4.806906357407569885e-02
-3.391494741663336754e-03
5.911493790335953236e-04
-3.532198071479797363e-02
4.687063861638307571e-03
-1.094406284391880035e-02
1.837573014199733734e-02
8.886136114597320557e-03
6.448726053349673748e-04
-2.934331260621547699e-02
5.629978259094059467e-04
-2.725378843024373055e-03
-1.301690004765987396e-02
-7.278998382389545441e-03
1.344027929008007050e-02
1.835630647838115692e-02
-4.224267788231372833e-03
1.101099420338869095e-02
-1.123899128288030624e-02
5.235884804278612137e-03
3.893789602443575859e-03
3.282296285033226013e-02
3.196619823575019836e-02
2.389664575457572937e-02
-7.214355748146772385e-03
8.733675815165042877e-03
-6.541093811392784119e-03
8.977143093943595886e-03
2.256664447486400604e-02
-2.109143510460853577e-02
-9.470169432461261749e-03
1.286423765122890472e-02
6.437280029058456421e-02
1.302276737987995148e-03
-1.070019789040088654e-02
-6.078054662793874741e-03
1.706279069185256958e-02
1.726944744586944580e-02
2.101363847032189369e-03
-5.912876222282648087e-04
-5.078190192580223083e-02
-1.682220399379730225e-02
-3.389666229486465454e-02
1.237494125962257385e-02
2.915417216718196869e-02
3.705237060785293579e-02
8.160013239830732346e-04
2.159538492560386658e-02
2.612762339413166046e-02
7.513560820370912552e-03
2.176075801253318787e-02
-4.140653833746910095e-02
-3.670646576210856438e-03
9.717067005112767220e-04
-7.775136083364486694e-02
7.644057739526033401e-03
-2.273387648165225983e-02
1.073016598820686340e-02
2.397142164409160614e-02
-1.706438924884423614e-04
4.589393362402915955e-02
-2.078088745474815369e-02
1.290773414075374603e-02
6.886948831379413605e-03
-7.740953937172889709e-03
1.712229568511247635e-03
3.108143992722034454e-02
-1.198662724345922470e-02
-4.832894075661897659e-03
-2.810067497193813324e-03
-1.876730588264763355e-03
-1.724055409431457520e-02
-8.539074100553989410e-03
-2.973970584571361542e-02
-1.787848584353923798e-02
1.351840421557426453e-02
-1.805088110268115997e-02
1.218826510012149811e-02
-3.634168300777673721e-03
-2.930907532572746277e-02
1.477101165801286697e-02
2.013734728097915649e-02
8.986380882561206818e-03
-1.730732992291450500e-02
-1.049557793885469437e-02
2.429689047858119011e-03
-1.628763228654861450e-02
-7.697173394262790680e-03
1.386149972677230835e-02
2.305020578205585480e-02
2.223589830100536346e-02
6.230444414541125298e-04
1.647709123790264130e-02
5.080708768218755722e-03
-2.310203202068805695e-02
6.145029328763484955e-03
-1.589163579046726227e-02
-1.689926721155643463e-02
2.160138264298439026e-02
8.411200717091560364e-03
5.620872229337692261e-02
-1.155636012554168701e-01
9.374803304672241211e-02
3.214127197861671448e-02
-5.110096186399459839e-03
3.070035390555858612e-02
-1.190230343490839005e-02
-2.483236230909824371e-02
-7.785080932080745697e-03
2.632194757461547852e-02
-1.465026848018169403e-02
-6.321738008409738541e-03
5.038512405008077621e-03
-2.528544049710035324e-03
-5.552224814891815186e-02
-1.497826073318719864e-02
1.720605790615081787e-02
-1.843974925577640533e-02
1.227904036641120911e-01
1.922653615474700928e-02
-1.372506492771208286e-03
-4.233410116285085678e-03
-6.643286906182765961e-03
2.019125036895275116e-02
-1.609222032129764557e-02
4.096799343824386597e-02
-4.980407655239105225e-02
1.174708631879184395e-05
5.882350727915763855e-03
1.111099403351545334e-02
1.049875747412443161e-02
-1.916564814746379852e-02
-8.168450556695461273e-03
1.384165510535240173e-02
1.104076299816370010e-02
3.452023491263389587e-02
-2.764611318707466125e-02
-7.730631232261657715e-01
1.669513061642646790e-02
1.803704909980297089e-02
1.005644164979457855e-02
2.092137373983860016e-02
2.829055674374103546e-02
9.696494817035272717e-05
2.373667061328887939e-02
9.844871237874031067e-03
-1.640097796916961670e-02
7.080335170030593872e-03
2.820714609697461128e-03
-2.865121932700276375e-03
-3.924145922064781189e-02
6.072433199733495712e-03
1.024679862894117832e-03
2.070512622594833374e-03
8.475079201161861420e-03
-3.432943299412727356e-02
1.498738769441843033e-02
-8.980028331279754639e-03
3.638428077101707458e-02
-3.167866170406341553e-02
-5.512017291039228439e-03
-7.773119490593671799e-03
2.046861872076988220e-02
1.034600194543600082e-02
3.305231034755706787e-02
5.468557775020599365e-02
9.263821877539157867e-03
1.771694421768188477e-02
1.875950768589973450e-02
2.326199412345886230e-02
1.735638268291950226e-02
6.391477771103382111e-03
1.333218216896057129e-01
-9.195651113986968994e-02
-3.071413934230804443e-02
2.966845408082008362e-02
6.357284635305404663e-02
7.058446854352951050e-02
4.429460689425468445e-02
-1.043033078312873840e-01
8.463461883366107941e-03
-6.755612045526504517e-02
1.999403238296508789e-01
6.099351495504379272e-02
1.957902871072292328e-02
-1.140576377511024475e-01
-6.961849983781576157e-03
-1.036961469799280167e-02
1.070930585265159607e-01
6.485995650291442871e-02
-7.217367179691791534e-03
3.456302732229232788e-02
2.594276517629623413e-02
-3.612077608704566956e-02
-1.515862252563238144e-02
1.024713963270187378e-01
-9.618858806788921356e-03
-5.448347702622413635e-02
7.839296758174896240e-02
-1.984610222280025482e-02
-5.579911917448043823e-02
3.274804679676890373e-03
1.406031250953674316e-01
-2.542050555348396301e-02
-3.737357258796691895e-02
-6.927563343197107315e-03
1.170839890837669373e-01
-5.517470836639404297e-02
4.245255887508392334e-02
1.462298333644866943e-01
-5.901806801557540894e-02
-6.797385960817337036e-02
-1.823100745677947998e-01
-1.271848380565643311e-02
-2.763664163649082184e-02
-8.046935545280575752e-04
7.693123072385787964e-02
1.974762417376041412e-03
7.949679493904113770e-01
-1.937579736113548279e-02
-9.013930335640907288e-03
-1.441617161035537720e-01
1.012126579880714417e-01
1.464632898569107056e-01
1.175691336393356323e-01
1.230048853904008865e-02
-1.680852472782135010e-02
-2.050728164613246918e-02
1.584481149911880493e-01
-8.624701760709285736e-03
-1.583434059284627438e-03
-3.487815335392951965e-02
-2.934459783136844635e-02
-8.208147436380386353e-02
-2.203358337283134460e-02
-4.229883477091789246e-02
1.419338025152683258e-02
-2.378508262336254120e-02
1.525839604437351227e-02
2.669426798820495605e-02
9.828363358974456787e-02
-5.167170427739620209e-03
1.023156940937042236e-02
7.615351118147373199e-03
-4.582680761814117432e-02
2.574516693130135536e-03
1.523462962359189987e-02
1.458373945206403732e-02
-2.491666935384273529e-02
1.116191316395998001e-02
2.303657494485378265e-02
-1.688333973288536072e-02
3.629891946911811829e-02
3.843672201037406921e-02
4.547859425656497478e-04
-3.838733583688735962e-02
-4.001137614250183105e-02
-3.943689167499542236e-02
-2.342038601636886597e-02
1.746189221739768982e-02
2.720355987548828125e-02
-7.622481789439916611e-03
-4.981448128819465637e-02
-6.988864392042160034e-02
-2.985433489084243774e-02
5.833777040243148804e-02
-1.920899190008640289e-02
3.342768549919128418e-02
-1.639121584594249725e-02
4.340143129229545593e-02
-4.535350948572158813e-03
3.336908295750617981e-02
-3.277629241347312927e-02
5.117663182318210602e-03
1.151386052370071411e-01
2.341151423752307892e-02
-1.733355782926082611e-02
-2.967075444757938385e-02
-2.237787656486034393e-02
9.865132160484790802e-03
-5.323467403650283813e-02
-1.235104631632566452e-02
-4.746972117573022842e-04
-2.053587697446346283e-02
-2.230309881269931793e-02
-2.417541481554508209e-02
-4.502861946821212769e-02
-1.736993528902530670e-02
8.827498182654380798e-03
2.974820323288440704e-02
1.803906075656414032e-02
-6.680504884570837021e-04
6.047762930393218994e-02
-4.625125601887702942e-02
-3.738959506154060364e-02
-6.972572952508926392e-02
1.596357487142086029e-02
2.221017703413963318e-02
-4.672144353389739990e-02
-3.962321951985359192e-02
1.567702181637287140e-02
-2.050402201712131500e-02
8.941104635596275330e-03
7.316989451646804810e-02
-2.769299224019050598e-02
2.746554650366306305e-02
-2.577375248074531555e-02
5.823637545108795166e-02
1.084514483809471130e-01
5.219271406531333923e-02
-1.315151713788509369e-02
1.544461119920015335e-02
5.934206768870353699e-02
2.118551731109619141e-02
-2.860485203564167023e-02
-2.330696024000644684e-02
1.774012111127376556e-02
-3.271690756082534790e-02
9.221952408552169800e-02
-1.231505349278450012e-02
4.523679614067077637e-02
1.425977889448404312e-02
6.723394244909286499e-02
1.612418144941329956e-02
1.343497782945632935e-01
3.727093338966369629e-02
6.315252929925918579e-02
-2.693553268909454346e-02
3.656962513923645020e-02
7.598178088665008545e-02
4.225906357169151306e-02
-2.233874984085559845e-03
-4.922435805201530457e-02
-4.028674215078353882e-02
-8.255115151405334473e-02
8.232745341956615448e-03
-5.143453367054462433e-03
2.239658683538436890e-02
-7.917098701000213623e-02
1.002651266753673553e-02
-1.722817681729793549e-02
-3.654219582676887512e-02
5.311252921819686890e-02
-8.698905818164348602e-03
-4.872146248817443848e-02
4.589504533214494586e-05
-1.895734667778015137e-02
-3.922227304428815842e-03
-2.285025827586650848e-02
-3.366571664810180664e-02
-1.999654434621334076e-02
-4.142255708575248718e-02
-2.925188839435577393e-02
-3.806935995817184448e-02
3.132008761167526245e-02
-4.566434770822525024e-02
-2.604821138083934784e-02
5.478956736624240875e-04
-2.457718178629875183e-02
-7.874021306633949280e-03
1.720504090189933777e-02
4.763896390795707703e-02
4.219026491045951843e-02
-1.782417893409729004e-01
8.569035679101943970e-02
-8.753024041652679443e-03
3.083426877856254578e-02
-3.741868538782000542e-03
4.601159319281578064e-02
-1.894278824329376221e-02
1.552857924252748489e-02
6.899674236774444580e-02
3.800285980105400085e-02
6.035581696778535843e-03
2.383988536894321442e-02
-3.127798810601234436e-02
-2.571398951113224030e-02
-3.907527402043342590e-02
-2.122888574376702309e-03
-4.174878075718879700e-02
5.037324130535125732e-02
8.970364928245544434e-02
-9.987491648644208908e-04
4.004918038845062256e-02
-1.644077152013778687e-02
1.149488613009452820e-02
-2.478379383683204651e-02
-1.431621424853801727e-02
5.794745683670043945e-02
-3.319343924522399902e-02
-2.626302279531955719e-02
-6.634990125894546509e-02
8.135166019201278687e-02
-1.190947089344263077e-02
5.327216908335685730e-02
-4.976838454604148865e-02
-2.346092276275157928e-02
-4.781222343444824219e-02
-6.631960719823837280e-02
-2.135463245213031769e-02
3.132636100053787231e-02
3.526679426431655884e-02
9.630383923649787903e-03
-7.265390455722808838e-02
4.422717168927192688e-02
1.576057821512222290e-02
6.111041456460952759e-02
-4.209805652499198914e-02
-1.306673791259527206e-02
5.936072021722793579e-02
-2.890543080866336823e-02
-1.898311451077461243e-02
-2.874431759119033813e-02
3.992735967040061951e-02
-2.809275314211845398e-02
-2.168810460716485977e-03
1.119290105998516083e-02
-5.607184395194053650e-02
-6.072121858596801758e-02
4.864488914608955383e-02
1.473288983106613159e-03
-1.871057599782943726e-02
3.926459327340126038e-02
-1.751759648323059082e-02
2.649202197790145874e-02
-5.486719682812690735e-02
-8.663764223456382751e-03
-2.032994665205478668e-02
-9.072925895452499390e-02
9.418951347470283508e-03
-2.137033641338348389e-02
-1.755069755017757416e-02
9.007005952298641205e-03
-1.524551771581172943e-03
2.325952611863613129e-02
-2.384685538709163666e-02
8.661817759275436401e-02
-3.888819366693496704e-02
-2.497715875506401062e-02
1.790934242308139801e-02
-2.046304941177368164e-02
-1.013475731015205383e-01
1.860184222459793091e-02
-7.376664131879806519e-02
-1.242134645581245422e-01
-8.491378277540206909e-02
2.216564724221825600e-03
-1.034420654177665710e-01
-5.589060112833976746e-02
2.398856217041611671e-03
4.717241972684860229e-02
3.609569510444998741e-03
-5.659751966595649719e-02
4.312370344996452332e-02
7.707129116170108318e-04
1.865710131824016571e-02
4.710138589143753052e-02
2.501981891691684723e-02
6.980579812079668045e-03
-4.151885211467742920e-02
-5.896905809640884399e-02
-5.997647717595100403e-02
1.443652808666229248e-01
-1.568396389484405518e-02
-1.246253587305545807e-02
1.698562502861022949e-02
6.143917795270681381e-03
1.184683525934815407e-03
1.067441049963235855e-02
-3.271356597542762756e-02
-1.338737923651933670e-02
3.585199266672134399e-02
3.551178053021430969e-02
-1.828001253306865692e-02
-8.141922950744628906e-02
-3.752621589228510857e-03
3.542249649763107300e-02
-3.528017923235893250e-02
-6.675489246845245361e-02
7.977163791656494141e-02
7.870221510529518127e-03
-1.544308755546808243e-02
-3.391844779253005981e-02
6.189349666237831116e-02
6.158709898591041565e-02
-4.625435918569564819e-03
-6.990893930196762085e-02
2.024981752038002014e-02
-3.366725891828536987e-02
2.390336245298385620e-02
-3.033704822883009911e-03
1.256671547889709473e-02
-4.139997530728578568e-03
-2.237719483673572540e-02
-2.516443282365798950e-02
2.385087497532367706e-02
-2.696471102535724640e-02
2.803588658571243286e-02
3.816905990242958069e-02
-3.908512182533740997e-03
-7.815564051270484924e-03
-4.893333837389945984e-02
2.648518187925219536e-03
1.792951487004756927e-02
-2.412108890712261200e-02
-8.205479010939598083e-03
-2.966815838590264320e-03
3.302209777757525444e-03
-2.163229510188102722e-02
-2.214348316192626953e-02
5.963931977748870850e-02
3.820638731122016907e-02
7.243736088275909424e-02
-4.406449943780899048e-02
2.490480989217758179e-02
1.864740252494812012e-02
-2.353472169488668442e-03
-3.863332793116569519e-02
-4.183431342244148254e-02
-7.082224637269973755e-02
-2.399449236690998077e-02
4.927860200405120850e-02
1.549984980374574661e-02
2.398753911256790161e-02
-9.910814464092254639e-03
6.746723316609859467e-03
3.477417677640914917e-02
-1.479188539087772369e-02
-1.760162762366235256e-03
-1.671559549868106842e-02
-7.888321578502655029e-02
6.897673010826110840e-02
6.443551927804946899e-02
-3.880209114868193865e-04
-1.461067795753479004e-02
-3.395692910999059677e-03
5.615138448774814606e-03
7.982213050127029419e-02
8.801938034594058990e-03
-2.281957492232322693e-02
3.616519644856452942e-02
1.014250814914703369e-01
5.417796596884727478e-02
-4.321779310703277588e-02
-4.065642878413200378e-02
-5.573618784546852112e-02
-5.185271427035331726e-02
1.002267003059387207e-01
-2.021203190088272095e-02
-5.977493245154619217e-03
2.484887279570102692e-02
3.365078568458557129e-02
-2.735755220055580139e-02
6.676095537841320038e-03
-7.002989202737808228e-02
1.918097771704196930e-02
8.347285911440849304e-03
-2.307610958814620972e-02
4.104759078472852707e-03
2.565629780292510986e-02
-4.597644507884979248e-02
1.807433366775512695e-02
-5.789324641227722168e-02
-4.675042815506458282e-03
4.933447390794754028e-02
3.221621038392186165e-03
4.488637670874595642e-02
5.859101191163063049e-02
-1.339866686612367630e-02
2.495682425796985626e-02
2.738248556852340698e-02
-4.684465751051902771e-02
-3.660931065678596497e-02
-2.277442999184131622e-02
-3.626651316881179810e-02
5.741448327898979187e-02
2.954558283090591431e-02
9.599620476365089417e-03
4.432189743965864182e-03
4.177844093646854162e-04
-9.877601638436317444e-03
1.152933575212955475e-02
2.486406452953815460e-02
-2.471581287682056427e-02
2.195826917886734009e-02
-7.706959731876850128e-03
5.295366421341896057e-02
-1.370151620358228683e-02
-5.327579379081726074e-02
-3.969766572117805481e-02
6.842856109142303467e-02
-2.906268276274204254e-02
-1.573183014988899231e-02
-3.433708101511001587e-02
-6.258413195610046387e-02
9.862893261015415192e-03
7.390531152486801147e-02
6.440649926662445068e-02
2.262919023633003235e-02
5.817663297057151794e-02
9.271623566746711731e-03
-3.768850862979888916e-02
3.939968347549438477e-02
-9.890289604663848877e-02
-4.143964871764183044e-02
7.529333978891372681e-02
4.019002895802259445e-03
2.773009613156318665e-02
6.590658426284790039e-02
2.607299946248531342e-02
-1.362663606414571404e-04
3.112320788204669952e-02
-6.813055370002985001e-03
4.643939435482025146e-02
-1.057432964444160461e-02
-8.787304908037185669e-02
6.473852694034576416e-02
3.189910203218460083e-02
-5.750887840986251831e-02
-8.164284378290176392e-02
-8.500474505126476288e-03
9.216464124619960785e-03
-4.170106723904609680e-03
5.189972370862960815e-02
-3.268599277362227440e-03
4.728251695632934570e-02
7.428564876317977905e-02
-9.362141788005828857e-02
2.436914294958114624e-02
-2.238754859718028456e-05
2.017522696405649185e-03
-4.885371029376983643e-02
2.367819426581263542e-03
-6.290447711944580078e-02
-1.256729662418365479e-02
-5.699886754155158997e-02
4.083978012204170227e-02
2.109759859740734100e-02
-4.990738257765769958e-02
1.339754741638898849e-02
1.379288826137781143e-02
-7.190168648958206177e-02
2.784377662464976311e-03
9.096693247556686401e-02
-2.598672173917293549e-02
1.817542687058448792e-02
4.864229634404182434e-02
-6.115284562110900879e-02
3.817339986562728882e-02
3.495486825704574585e-02
-7.236679643392562866e-02
-1.218418180942535400e-01
-1.162910135462880135e-03
4.037101194262504578e-02
-5.363877490162849426e-02
-8.598545566201210022e-03
-5.592052824795246124e-03
-1.948762685060501099e-02
-2.705051749944686890e-02
2.669839747250080109e-02
-8.234528452157974243e-02
8.916184306144714355e-03
2.877950202673673630e-03
-3.809682652354240417e-02
-2.790649421513080597e-02
4.490505531430244446e-02
-4.048692807555198669e-02
-3.082876652479171753e-02
-1.256165280938148499e-02
6.029464676976203918e-02
3.051660954952239990e-02
3.567656502127647400e-02
5.679498985409736633e-02
-1.420980319380760193e-02
7.456190139055252075e-02
7.785949856042861938e-02
-3.316295892000198364e-02
4.130774363875389099e-02
1.132092904299497604e-02
5.742017552256584167e-02
-5.952086299657821655e-02
9.165963274426758289e-04
6.547775119543075562e-03
-6.010436639189720154e-02
-8.879803121089935303e-03
-1.566797196865081787e-01
-1.537964493036270142e-02
5.407486110925674438e-02
-5.185677856206893921e-02
3.658064827322959900e-02
3.480307012796401978e-02
-3.397952392697334290e-02
-9.401416778564453125e-02
2.056950144469738007e-02
-1.900466904044151306e-02
-3.105672821402549744e-02
-2.813196554780006409e-02
-2.272066473960876465e-02
6.629382073879241943e-02
6.841105222702026367e-02
-2.170284651219844818e-02
-1.634999737143516541e-02
-4.520280752331018448e-03
2.088323235511779785e-02
-2.457353845238685608e-02
-9.583130478858947754e-03
-5.569868534803390503e-02
-5.322823300957679749e-02
-4.555648565292358398e-02
1.141201518476009369e-02
1.692478545010089874e-02
-7.298971712589263916e-02
1.294739451259374619e-02
8.327527903020381927e-03
1.892200298607349396e-02
-5.173806473612785339e-02
5.885477736592292786e-02
7.408836483955383301e-02
-1.541474275290966034e-02
5.491559207439422607e-02
1.255762111395597458e-02
1.944598369300365448e-02
2.839278057217597961e-02
-3.855540230870246887e-02
-7.520794868469238281e-02
3.276247158646583557e-02
-1.411439292132854462e-02
-4.393702372908592224e-02
-2.858672104775905609e-02
3.860571980476379395e-02
3.190785646438598633e-02
2.932234667241573334e-02
-3.601771593093872070e-02
-3.373505175113677979e-02
5.981685593724250793e-02
6.522373110055923462e-02
-9.629435837268829346e-02
1.139908935874700546e-02
-1.219505164772272110e-02
9.173627197742462158e-02
-3.641970828175544739e-02
-6.800795346498489380e-02
-7.644569128751754761e-02
1.083341520279645920e-02
4.667112231254577637e-02
4.754056688398122787e-03
9.539216011762619019e-02
-7.193259894847869873e-02
