-0.00043577
-0.00672040
-0.03129790
0.01514496
-0.00516675
0.03936614
-0.00348871
-0.00188538
-0.01768554
0.00485874
-0.00368192
-0.01553104
-0.01044297
-0.00260382
-0.02229005
-0.00545392
-0.01919175
0.01861627
-0.11755196
0.00642354
0.01204642
-0.00988317
0.04858162
-0.01803972
0.00179972
-0.00015140
-0.01460503
-0.00355983
0.00129010
0.01899284
-0.13229798
0.00564199
0.02153558
-0.00681168
-0.01135367
0.01226831
0.03989041
-0.00367957
-0.00859208
-0.00192588
-0.00897495
-0.00460279
0.03944172
-0.01052581
0.01226168
-0.00517280
-0.00627484
-0.01705975
0.00483225
0.01093780
0.03970096
0.07737502
-0.06599522
-0.02858036
0.01864807
-0.01569287
-0.01057042
-0.00359409
0.42982206
0.02112326
-0.00297090
-0.01628270
-0.01517199
0.00139818
0.01923200
-0.00873475
-0.02477005
0.02288063
-0.03642492
-0.01005982
0.00754789
0.01179348
-0.02570941
0.02194386
-0.03924038
-0.01298466
-0.00731729
-0.02011238
0.00238720
-0.18337198
0.00642258
0.00132265
0.00662939
-0.03527863
-0.05974627
-0.02752685
-0.02287078
-0.03468695
0.01100593
-0.01873334
-0.01039479
-0.06833597
0.11135299
-0.00022087
-0.02900139
0.00811289
-0.00483878
-0.02173353
-0.00415941
0.01083594
0.00424088
-0.00108055
-0.03091629
0.01091895
0.00128299
-0.00391370
-0.01036618
0.02028600
0.01274445
-0.01170075
0.01923594
0.00404429
0.01542403
0.01184737
-0.00460101
-0.00459319
0.02689029
-0.01042832
-0.00898124
0.00444137
0.01854012
0.02602617
0.00787665
0.00770314
0.01263465
0.01071840
0.00233805
-0.01202438
-0.00296043
0.03156310
0.02223302
0.02257054
0.01128766
0.01036842
-0.00103875
-0.03130132
-0.00474965
-0.00387343
-0.08651552
0.00717177
0.10903840
0.03488060
-0.00487953
0.02611319
0.01511439
-0.20536961
-0.00617850
-0.01582311
-0.01572355
-0.00230455
0.05372169
0.03160090
0.00880367
-0.01702389
0.01127915
-0.03239143
-0.00144165
-0.00830329
0.03869323
0.02921464
-0.01367567
0.13681659
-0.01085036
-0.00633329
-0.00666358
-0.03080551
0.04738793
-0.02075520
0.00404327
0.03066312
-0.01338718
-0.02002901
0.00782353
0.00359773
0.02370099
0.01874704
0.00906786
0.01270559
-0.01051404
0.01280920
0.04292976
0.01764997
0.01980038
-0.01621275
0.05177376
-0.26921827
0.18145952
0.02051490
-0.00795200
0.04604877
-0.03157680
-0.00902106
-0.03818305
0.00918865
-0.00799921
-0.01528088
0.00521835
0.00680838
-0.01954064
-0.02350193
0.02142104
0.00177526
0.07121423
0.01314884
0.00273242
-0.04811868
0.00965747
0.00635471
-0.00716856
0.09510570
0.00251056
-0.00279994
0.01752220
-0.00714618
0.00034241
0.01435133
-0.02650928
0.04051949
-0.01542943
-0.01776505
-0.01327004
-0.64202166
-0.00729612
0.01026827
0.01264045
-0.00366145
0.00603931
-0.00061437
0.02529363
0.01573590
-0.01843065
0.02755875
0.00780248
0.01211768
-0.07583959
0.01229912
0.00759390
-0.00964294
-0.01533779
0.02155781
0.04179687
0.00175382
0.09238541
-0.05446157
-0.02014436
-0.01097801
0.02497512
-0.03026644
0.04281899
0.03279039
-0.02565837
0.01937309
0.04543766
0.03029663
0.00536718
0.03149379
0.19225107
0.02529561
-0.10252095
0.11951372
0.01442679
0.00673278
-0.12573151
-0.06791352
-0.03302753
-0.06640889
0.08977008
0.10078801
0.06455698
-0.11428972
-0.06487493
-0.04150594
0.01707499
0.00885105
-0.00081450
0.04501127
0.13145407
0.11504996
-0.06736167
-0.04418998
-0.00433156
-0.14349195
-0.02396312
-0.04529575
-0.08284198
-0.07369996
-0.00433530
-0.03185008
0.02002660
0.01841830
-0.06704021
0.03217241
0.01217037
0.08966235
-0.16307166
-0.01391865
0.00305265
0.12382816
-0.03629265
-0.02191134
-0.09240616
-0.02949944
0.79872090
-0.01673332
0.09339979
-0.12527142
0.06268641
0.11731445
0.02365717
-0.04387880
-0.00014893
-0.09817352
0.06078524
0.00625668
-0.06531569
0.03597882
-0.05518331
-0.05600209
-0.13544832
-0.00221671
-0.01019634
-0.02383009
-0.01005330
0.07239587
0.02392597
0.00774047
-0.02214061
-0.01107752
0.01727590
0.02461645
-0.03518262
-0.03015777
-0.01237237
-0.03242011
-0.04948118
-0.02219024
0.05542661
0.02141954
-0.03024197
-0.04497358
-0.09138635
-0.05185861
-0.03983437
0.04972620
0.03584418
-0.05877782
0.01211169
-0.01610789
-0.05499814
0.05312794
-0.00241065
-0.02773704
-0.02791132
0.10048039
-0.04862549
0.07910801
-0.01059409
0.01189100
0.05862010
-0.00755613
0.01812189
-0.03841492
0.03042132
0.04988053
-0.01958501
0.00149286
0.01169282
0.03534702
0.02222062
0.00849628
-0.05356478
0.05109499
0.02692409
0.03670158
0.02518298
0.01431669
0.01186491
-0.02706014
0.00049943
-0.01457797
-0.04310379
0.00205124
0.01842062
-0.03197416
0.08630963
-0.04476620
-0.02719418
-0.00046084
-0.03945653
0.04755537
0.02268996
0.09072153
0.10233697
0.02128153
-0.01244034
0.07761148
0.12860467
0.10828195
-0.08188387
-0.04378052
0.00575260
-0.04713352
-0.07175932
-0.02924360
0.03560016
-0.00271908
0.03722714
-0.01675971
0.13584416
0.03798471
0.01355211
0.02090341
0.06243362
0.07249899
0.00107350
0.02004541
0.00484179
-0.03591377
-0.05309754
-0.04921704
-0.02638251
-0.03216660
0.06907246
0.00597001
-0.03032151
-0.00657881
0.03682690
0.00008933
0.04784128
-0.00116444
-0.03762472
0.02425451
0.00995614
0.00636285
0.03702078
-0.01927646
0.02782006
-0.01707552
0.06515580
-0.05587982
-0.00849207
0.03742519
0.02603128
0.01938405
0.05164810
0.06159919
-0.04367582
-0.17932770
0.00404102
-0.01609455
0.05722630
-0.00974019
0.00450568
-0.01182383
0.06071844
0.05075539
0.03418438
0.00638438
0.03050846
0.00038824
0.04238068
0.02187814
-0.01446934
-0.00185464
0.05863902
0.05334754
-0.01794957
0.04048795
-0.01604960
0.01420886
-0.03126229
0.00120410
0.03791916
0.03084880
-0.04537580
-0.08296449
0.03098516
0.01668348
0.01691997
-0.03973884
-0.05720260
0.01481955
-0.06806677
0.01691142
0.00703649
0.02724097
-0.01330428
0.00890351
0.06570627
-0.01227852
0.04230806
-0.02549459
0.00377262
0.03229706
-0.00524112
-0.06128400
-0.05434699
0.02018708
-0.04594621
-0.03718086
0.03698127
-0.06565501
-0.04332186
0.03917782
-0.02778332
-0.08362252
0.04818626
-0.00344575
0.04050891
-0.06071376
-0.01972021
-0.00946873
-0.04438745
0.02912445
-0.05856306
-0.02939459
-0.03954561
0.06612543
0.02232971
-0.03231049
0.01184172
-0.01654166
0.00479447
0.08166644
-0.00315667
-0.01098886
-0.02102128
-0.08139262
-0.12301198
-0.04051023
-0.03605348
-0.05229256
0.02577817
0.02104440
-0.04416381
0.00109505
-0.06894464
0.08282308
0.02828488
-0.00895244
-0.02325410
0.00860749
-0.00130324
0.00221954
0.03591288
-0.02266986
0.10836326
-0.09676089
-0.00735603
0.02058676
0.01263781
0.00397865
0.02873596
-0.04039214
0.04856010
-0.03814650
0.01401960
-0.00287715
-0.04033685
-0.00902256
0.01495193
-0.03051085
-0.08181157
0.06909250
-0.00167771
-0.05722607
-0.02712945
0.03801621
0.02935855
-0.03309778
-0.05963560
-0.06256172
-0.03163570
0.01633665
0.05941401
-0.00496512
0.02743841
0.01010680
-0.02821972
0.05101045
0.04039876
0.01981257
-0.02591905
0.00696246
-0.00835705
-0.04937728
-0.00957159
0.01326111
0.04354006
-0.02391931
-0.02080020
0.00865880
0.01436034
0.03103155
0.05406850
0.07296002
0.02915499
0.01354738
-0.00339680
-0.00915207
-0.06104895
-0.03982437
0.01678617
-0.04038581
-0.01378118
-0.03379446
0.00512621
0.03479012
0.01149737
-0.01101724
-0.01754301
0.01430365
-0.01112213
-0.01094094
-0.15650699
0.04141110
0.01392381
-0.05160097
-0.01833340
0.06402931
0.05484086
0.00137891
0.03693792
-0.03871309
0.06841452
0.10770240
0.02145602
-0.05068161
0.00663612
-0.02992232
-0.02247373
0.04156107
0.00782539
-0.01953836
0.04631580
-0.00230523
0.00307969
0.07577520
0.04498946
0.03614761
-0.00206157
-0.03449675
-0.03561512
0.00802996
-0.03725298
-0.02473617
-0.07753102
-0.00532237
-0.05505332
0.00146960
0.04453979
-0.01688674
0.00580995
-0.01192733
0.00718071
-0.05976782
-0.03933092
0.04673733
0.01821208
0.06379765
0.05293619
-0.01226371
-0.02019568
0.02143335
-0.03926630
-0.00686747
0.02888284
-0.03117211
0.00591355
0.00397705
0.01594893
0.04923724
0.01502187
-0.01688288
0.03359070
0.02230564
-0.00606816
-0.02848826
-0.04829966
-0.00349303
0.05169868
0.03956762
0.01214455
0.05635929
-0.03327681
0.00667024
0.01727143
-0.07335601
-0.03076120
0.04132966
-0.01537224
0.02721859
0.10155733
0.01450718
0.00124972
0.00620134
0.04529162
0.02959676
0.01066154
-0.05854795
-0.03778087
0.03718291
-0.02378067
-0.04027294
-0.05093903
-0.00844908
0.03005696
0.01890976
-0.07004763
0.01425822
0.03927734
-0.09131486
0.01765241
-0.00024295
0.05204012
0.01948469
-0.01015589
0.11930256
-0.05542313
-0.08444761
0.08374381
0.06806729
0.00023259
-0.00151279
0.04290396
-0.01065930
-0.05141081
0.06619297
0.03734742
0.02088035
0.05149653
-0.00763451
0.07272334
0.00948775
-0.04934020
-0.10130783
-0.01839354
0.00697948
0.09699807
0.02729092
-0.00547089
0.00351911
-0.06008515
0.05563485
-0.06761402
-0.01655837
-0.02080295
0.00765381
0.03020473
0.02144116
-0.04243775
0.01572391
0.01107578
0.03861201
0.06237580
-0.05379992
0.03673188
-0.00436134
0.04708575
-0.03159293
-0.03261815
-0.07593913
-0.01696347
-0.00401192
-0.06592483
-0.04336687
-0.03698108
-0.05747152
-0.02378740
-0.04246799
-0.00201040
-0.01944389
-0.12622441
0.03261279
-0.03895324
-0.06663418
-0.03041383
0.00917857
0.02192316
-0.07782606
-0.00870544
0.03560003
-0.03452585
0.06737420
-0.12178073
-0.02587141
-0.03387335
0.00915073
-0.02513524
-0.01617792
-0.02074957
-0.04006349
-0.06378771
0.00266976
0.00286075
0.00696051
0.00943095
-0.04484858
0.04081971
-0.00840053
0.02226282
0.11349101
-0.00739736
0.05723181
0.00496108
-0.00865637
-0.04705265
-0.03098594
-0.06688692
0.01231362
-0.02523109
0.02012536
0.06300629
0.06251366
-0.00911439
-0.03363627
-0.05044771
-0.03207850
-0.00229879
0.02636038
-0.11988898
-0.02359627
0.06631900
0.12364356
-0.06492572
-0.08280444
-0.02029955
-0.02622525
0.03169926
0.01513978
0.04320342
-0.03174211
