-0.04007928
-0.02868572
-0.02313942
0.00902848
-0.01592643
0.01779199
-0.00853600
0.00048124
0.01161474
0.01222195
0.01272815
-0.01304198
0.01644598
-0.02814594
-0.03310594
0.01153647
-0.01190859
0.03176598
-0.02898231
-0.01320161
0.00377830
0.00793039
0.04452422
0.02926483
-0.01017188
-0.02440635
-0.01809464
-0.00804309
0.00144145
0.00005486
-0.07296930
0.01382216
0.04288044
-0.03820732
-0.00636220
0.03915490
0.04814381
0.02166833
0.02279689
-0.00505491
0.00173353
0.01532205
0.07290037
-0.00027672
0.01779011
0.01077739
-0.03738738
-0.02257736
0.00847583
0.02304654
0.05070833
0.05266292
0.00566651
-0.00028466
0.02376761
0.00570642
0.01926117
0.01909057
0.45400921
0.03893389
0.00115289
0.02483100
-0.00946326
-0.02225764
0.00145531
0.02715428
0.00038897
0.00467406
-0.04971839
0.01207946
0.00289568
-0.01172092
-0.02871557
-0.00163956
-0.04324165
0.01493931
-0.00207987
-0.02807212
-0.00040362
-0.18663001
-0.01473624
0.00726008
-0.00701904
-0.01689832
0.00823652
0.00189239
-0.02314232
-0.03108323
0.02180764
-0.04391820
-0.00408231
-0.01338606
0.03170291
0.00259419
-0.01340873
0.00723907
0.00159765
-0.02821810
0.02539799
0.04246522
-0.02296183
0.00311110
-0.04908602
0.00680064
-0.01000587
0.04031895
0.02298851
0.02262172
0.01047596
0.00283311
0.00932778
0.01804705
0.03158717
-0.02073781
0.00158200
0.00069264
0.05942758
-0.01304162
-0.01254001
-0.01214367
0.03372023
0.01694290
0.02629909
0.00201752
-0.00002920
0.01104835
-0.04473199
0.01735204
0.00859628
0.04451288
0.02995214
0.01589182
0.02174590
0.02878407
-0.00303070
-0.00413717
0.03035772
-0.01095996
-0.05462522
0.01504175
0.01450907
0.01820535
-0.00420115
0.01923401
0.03217928
-0.12817262
0.01108094
-0.00560567
-0.01662832
-0.00050716
0.07473188
-0.00003618
-0.00245599
0.01661114
0.00174330
-0.01046229
0.00129883
-0.03701833
0.02874341
0.03783911
-0.03156350
0.06223198
-0.02946839
-0.00930703
-0.00048286
0.04046427
0.04366387
-0.04407090
0.02421376
0.02642101
0.01350251
-0.03734127
0.02282485
0.01953780
0.03545463
0.00900672
0.00062442
0.01310006
-0.01158020
0.01315648
0.01673284
-0.01161039
0.01749871
0.00199679
0.06865592
-0.20406097
0.18195309
0.03030663
-0.01143085
0.03088215
-0.03144354
-0.01897124
-0.02087826
0.03525643
-0.06505395
-0.00532363
0.05226721
0.02803332
-0.00435458
-0.00719232
-0.02321601
-0.01941107
0.11894584
0.02374315
0.01652605
-0.03403744
0.00018177
0.00991404
-0.02126083
0.05972426
-0.03297685
-0.02288577
-0.00207047
0.02498225
0.01396513
-0.02915120
0.00578022
0.04722567
-0.01071708
0.03230453
-0.01122150
-0.68676502
0.02333211
0.01541091
0.02913867
0.02461747
0.05855364
-0.01269998
0.05739456
0.03844897
-0.02972658
0.02896921
0.03922176
0.00238580
-0.05046399
-0.00359570
0.02517926
-0.00718542
0.02026297
-0.00842747
0.02848594
-0.02950756
0.07110779
-0.02781714
-0.01457854
-0.03007519
0.02114771
-0.02339245
0.04984978
0.03181099
-0.01173478
0.03075858
0.03186548
0.04426641
0.00385159
0.01527573
0.06849545
0.02997334
-0.03776417
0.08177832
-0.08106389
-0.20293778
0.06236612
0.04504769
0.07826847
-0.08713430
0.05859530
-0.00444470
-0.00272452
0.10485074
-0.14666046
-0.01916956
-0.08389446
0.07394803
-0.03235758
-0.03087498
0.01803166
0.10407785
-0.18135849
0.00577802
0.12249102
-0.11784884
-0.02354159
-0.05279040
-0.01208195
-0.03918593
0.03751041
0.04069113
0.02752764
0.14408842
-0.00369748
0.19119464
0.02530219
-0.01896090
-0.02414556
-0.04621404
-0.04203174
-0.02173086
0.00960660
-0.07062696
0.05777333
0.12593058
0.76649702
-0.01885596
0.10546932
0.10365410
0.08683825
0.08451489
0.02403066
-0.00403393
-0.09766155
-0.08106454
0.05695760
0.02592076
0.04241891
0.03700524
-0.15344664
0.14557579
-0.07524504
-0.00846447
0.02597970
-0.02728958
0.02114133
0.02303026
0.04381818
0.00864153
-0.00296940
0.00940306
-0.00598973
-0.00713937
0.01143101
0.01822024
-0.01655113
-0.03824428
-0.00335244
-0.01937275
0.03967680
0.04183601
0.00124192
-0.05209540
-0.04851239
-0.03270231
-0.05690416
0.04475159
0.00162940
-0.11332751
-0.01596663
-0.05683087
-0.04587910
0.09071179
0.04410538
-0.00394599
-0.03517938
0.02230411
-0.02821247
0.01960067
-0.02173157
0.00768250
0.10600737
-0.02186490
0.04156275
-0.03610559
0.00514708
0.00822548
-0.05644394
0.00106910
0.01858606
-0.01933995
0.00400632
0.00899733
-0.05642616
0.08209296
0.03296245
0.06422310
0.00198793
-0.00210130
0.08221797
-0.04031085
0.02118295
-0.02858018
-0.00868545
0.02549685
0.02341888
-0.03739980
0.06293762
-0.00704935
-0.01417808
0.03177014
-0.05718732
0.01392173
0.00832790
0.06261417
0.08151301
0.04393286
0.00001020
0.01955708
0.08258454
0.07121795
-0.08566653
0.03289946
0.00134426
-0.00980052
-0.01344431
-0.02556304
0.07036246
-0.06129565
0.07428548
0.04620693
0.09931590
0.02439542
-0.03411543
0.00055772
0.06382580
0.03179539
0.00401399
0.01745486
-0.00142033
-0.03704567
-0.04472774
0.01168390
-0.06125985
-0.00559305
0.01043912
-0.01127530
0.00332939
-0.01204892
0.02733264
0.04106333
0.04359179
0.00396024
-0.06251658
0.01790913
0.00522192
-0.00872558
0.01323939
-0.02076788
0.01195560
0.01691394
0.01652132
-0.06874900
-0.01620041
0.01345626
-0.02662506
0.03841591
0.04646025
-0.01400535
0.01066468
-0.17711306
-0.00075598
-0.02843410
0.02929998
0.01525627
-0.04112978
-0.01059639
0.00551508
0.05717488
0.00824609
0.00690317
0.03106564
-0.01199351
0.06879643
-0.01361035
0.01429219
0.01765763
0.04605243
0.03756216
-0.02248278
0.05787685
-0.03291088
-0.04014693
-0.01995059
-0.02182074
0.05009504
0.02845004
-0.11883397
-0.04413689
0.02856314
0.01518830
0.01637323
-0.01107048
-0.04842990
-0.02572749
-0.06126770
-0.02592959
0.03844465
0.04541653
-0.00137936
0.00706084
0.03480144
0.00717977
0.05635424
-0.04492766
-0.01881466
0.05530315
-0.02732001
-0.03038238
-0.07212460
0.02679763
-0.02210947
-0.03571004
-0.05013398
0.01384707
-0.04600284
0.02181762
0.01583009
-0.01706577
0.02333526
-0.01034976
0.01898261
-0.10551740
-0.00816034
-0.06018509
-0.05268926
0.10719752
-0.01975004
-0.01564744
-0.02241868
0.05896467
0.01934841
-0.01033629
0.00937215
-0.02269383
0.02891221
0.01195355
0.02068657
-0.12241300
0.05191774
-0.10443138
-0.15870370
-0.05988824
-0.02147374
-0.10723070
0.04035771
-0.01701170
0.05600491
-0.00946710
-0.04551773
0.05797444
0.01366861
0.00764313
0.02458868
0.04547901
0.00889036
-0.00472749
0.02755427
-0.05264137
0.06566833
-0.11025079
0.00672679
-0.01457833
0.01703655
-0.02592549
0.03499230
-0.04358415
0.03027491
0.01621690
0.07023416
0.00987319
-0.04488213
-0.01709558
-0.03393518
-0.01467132
-0.10326937
0.04404383
0.03571948
0.00115060
-0.01311252
0.04543443
0.08449892
-0.01857726
-0.06372602
-0.03508164
-0.00981910
0.01762913
0.03795624
-0.03071808
0.03684854
-0.01538316
-0.00668872
0.00602259
-0.02752787
0.05324425
0.01485180
0.00063753
0.01386327
-0.02374983
0.01704691
0.01541546
-0.00206594
-0.00277042
-0.00072989
-0.01722245
0.01714716
-0.00785799
0.06172174
0.05877957
0.04544526
-0.03817981
0.01845997
0.00358206
-0.04892694
-0.04965331
-0.02173091
-0.03341041
0.01449005
-0.00851472
-0.02001557
0.00566330
0.01812789
0.03904816
0.00455461
0.04498522
0.00333909
0.03123030
-0.13906926
0.02890759
0.04932119
-0.03805826
-0.03197564
0.05317600
0.01099634
0.04553805
0.03886659
-0.05333967
0.00819742
0.13567887
-0.00043863
-0.02832245
0.00511270
-0.03163445
-0.08589370
0.07467502
-0.01649547
0.00488945
-0.01527524
0.07226904
0.02296076
0.01987885
-0.03171835
0.01358050
-0.09338645
-0.01900015
0.01950454
-0.02724746
-0.07225363
-0.00618459
-0.04977108
-0.05252717
0.09387177
-0.04256896
0.03113462
0.02042126
0.01756123
0.02264960
0.00579642
-0.03998244
-0.01552095
0.01795164
0.02989951
0.09043988
0.04206774
-0.06047447
-0.02516698
-0.01105658
-0.03353942
0.00521987
-0.02170892
-0.05396841
0.01626862
0.00459263
0.02363639
0.02386839
-0.04276562
-0.02032260
0.08198711
-0.02070703
-0.02023485
-0.02189260
-0.02265427
0.01306765
0.07921463
0.05039531
0.00188896
0.11991157
-0.04911595
-0.00870356
0.01431261
-0.09442288
-0.00323359
0.02763204
0.00807978
0.02466034
0.06494481
0.02011959
-0.06162388
-0.02429932
0.02477487
0.08695273
-0.00013627
-0.03230603
0.02818952
0.02099181
-0.00173109
-0.04659799
-0.02782883
-0.01123454
0.02621762
0.04718309
-0.09207917
0.02126278
0.04128639
-0.06856223
-0.00150067
-0.01239993
0.04482032
-0.00531585
0.00356452
0.01588618
0.02034824
-0.06040135
0.08551454
0.06813315
-0.01074773
0.05083311
0.01086868
-0.08098425
-0.04357434
0.04390043
0.01727256
0.00220324
0.02250124
-0.06204873
0.08495519
0.03473996
-0.05398450
-0.09271614
0.01231578
0.00580052
0.10556485
-0.00280645
-0.02238614
-0.01195788
-0.04678869
0.01433256
-0.11277327
-0.00731279
0.03970958
-0.01565444
-0.03669311
0.05493962
-0.02784007
0.01389050
-0.00572120
0.03458986
0.02297367
-0.02880306
0.01508653
-0.03931701
-0.00107288
0.03199000
-0.06046926
-0.05823440
0.00326722
-0.00166401
-0.08397792
-0.06703075
-0.05544318
-0.02775213
0.01281711
-0.02582902
-0.01858469
0.00961249
-0.10649560
0.05529571
0.05074719
-0.06321433
-0.00986758
0.01737221
0.02713401
0.00069503
0.00366488
0.00933212
-0.08390443
0.03848976
-0.07890400
-0.00626001
-0.03277659
0.00535302
0.04427977
-0.04981298
-0.00860145
-0.06130657
-0.07893097
0.02011474
0.01400913
-0.03300357
0.03963696
-0.02175864
0.03129895
-0.04538004
0.02055920
0.05166512
-0.05968656
0.06877887
0.00310160
0.00343669
-0.08067869
-0.03716102
-0.01900692
0.03676883
-0.04164340
0.00440017
-0.00605797
-0.02697289
0.03366784
-0.00603969
-0.01987344
-0.03193142
0.02555854
0.04607894
-0.07154673
-0.01184531
0.04736094
0.08222262
-0.06561987
-0.05793125
-0.02059964
-0.02645868
0.08541112
-0.01373372
0.07858862
-0.03534375
