-1.401334255933761597e-02
4.484525998122990131e-04
-8.777815848588943481e-03
-1.187385898083448410e-02
4.815788008272647858e-03
2.931846491992473602e-02
-4.194042179733514786e-03
1.742447912693023682e-02
-4.830397199839353561e-03
-1.441480778157711029e-02
3.208961570635437965e-03
-2.190833911299705505e-02
-9.944832418113946915e-04
-1.452265400439500809e-02
1.141781732439994812e-02
-1.398635096848011017e-03
5.806657020002603531e-03
1.652269437909126282e-02
-2.550015598535537720e-02
1.736685517244040966e-03
-5.067836493253707886e-03
2.049044705927371979e-02
5.461583379656076431e-03
8.782483637332916260e-03
4.059163853526115417e-03
1.037861872464418411e-02
3.280834353063255548e-04
-1.376155484467744827e-02
1.430447679013013840e-02
4.367347341030836105e-03
-8.236922323703765869e-02
2.133113704621791840e-02
1.965081505477428436e-02
-1.423292979598045349e-02
9.851864539086818695e-03
1.751006208360195160e-02
2.914713695645332336e-02
-3.452204982750117779e-04
2.744187414646148682e-02
-2.534910477697849274e-02
1.092252228409051895e-02
2.068146131932735443e-03
2.976312302052974701e-02
1.047602295875549316e-02
1.116684637963771820e-02
2.949119172990322113e-02
-1.358576118946075439e-02
-1.843275316059589386e-02
-1.795329852029681206e-03
1.127970311790704727e-02
3.098834492266178131e-02
-1.165338978171348572e-02
-9.178171865642070770e-03
-2.685123356059193611e-03
2.278333157300949097e-02
-3.411943791434168816e-03
1.108937524259090424e-02
1.608708873391151428e-02
4.988439977169036865e-01
1.919389702379703522e-02
1.033217739313840866e-02
5.347406957298517227e-03
1.778803393244743347e-02
-3.581620752811431885e-02
4.577396030072122812e-04
4.992792010307312012e-02
-3.200583904981613159e-02
1.613449305295944214e-02
-4.297966137528419495e-02
2.174032106995582581e-02
-1.863527856767177582e-02
5.755062215030193329e-03
-2.432806231081485748e-02
8.582304231822490692e-03
-4.727562516927719116e-02
-1.205357629805803299e-02
3.664630930870771408e-03
-5.072161089628934860e-03
-5.478426348417997360e-03
-1.154753640294075012e-01
-1.163088809698820114e-02
1.256475783884525299e-02
5.055691115558147430e-03
-3.915645647794008255e-03
3.159646317362785339e-02
-3.511686995625495911e-02
-1.313451398164033890e-02
-2.865350805222988129e-02
-1.620185445062816143e-03
-4.784901626408100128e-03
-1.226127706468105316e-02
1.450151763856410980e-02
2.108481340110301971e-02
-7.747733034193515778e-03
1.424578833393752575e-03
-2.995876129716634750e-03
-1.876039803028106689e-02
-1.563209854066371918e-02
-1.125116599723696709e-03
1.659155637025833130e-02
-1.332812011241912842e-03
9.083162061870098114e-03
-3.855454036965966225e-03
-1.117567531764507294e-02
-8.693645708262920380e-03
1.588867232203483582e-02
2.203219383955001831e-02
2.842829190194606781e-02
-5.395497195422649384e-03
-1.896404661238193512e-03
-9.416750399395823479e-04
4.876442719250917435e-03
1.614146307110786438e-02
-7.126400247216224670e-03
-8.097721263766288757e-03
6.561043672263622284e-03
4.226782917976379395e-02
7.657706737518310547e-03
-2.880837302654981613e-03
1.306694559752941132e-02
2.341433614492416382e-02
1.557732466608285904e-02
1.862373668700456619e-03
-5.608139559626579285e-03
-2.157378196716308594e-02
-1.356909889727830887e-02
-3.718191757798194885e-02
5.129657685756683350e-03
1.572091691195964813e-02
5.977510660886764526e-02
1.899047009646892548e-02
2.251784689724445343e-02
2.764587849378585815e-02
7.956674322485923767e-03
1.422265358269214630e-02
-4.238932579755783081e-02
6.261355709284543991e-03
2.393685840070247650e-02
-7.422584295272827148e-02
3.481701016426086426e-03
5.557965021580457687e-03
6.392272189259529114e-03
1.608862727880477905e-02
8.728656917810440063e-03
2.688831835985183716e-02
-5.838548764586448669e-02
1.683674985542893410e-03
1.230573933571577072e-02
-1.160112675279378891e-02
1.066904887557029724e-02
3.959343209862709045e-02
1.055873464792966843e-02
-4.864216782152652740e-03
7.895343005657196045e-04
-1.359587162733078003e-02
-2.714267186820507050e-02
1.747748069465160370e-02
-1.202334742993116379e-02
4.053635988384485245e-03
1.454887539148330688e-02
-1.218004338443279266e-02
2.252499200403690338e-02
-1.472685020416975021e-02
-1.180984359234571457e-02
2.031142264604568481e-02
2.922320738434791565e-02
6.514430977404117584e-03
-4.929013550281524658e-03
6.196516100317239761e-03
1.949859969317913055e-02
-1.675121486186981201e-02
-4.430029075592756271e-03
-1.798269222490489483e-03
1.298497337847948074e-02
6.702207028865814209e-03
-6.231595762073993683e-03
-9.225279092788696289e-03
1.146992575377225876e-02
-4.070783406496047974e-02
1.057537738233804703e-02
-5.681493319571018219e-03
3.081464674323797226e-03
2.978897094726562500e-02
-1.316383481025695801e-03
5.147086828947067261e-02
-1.572194844484329224e-01
1.081198453903198242e-01
2.752064727246761322e-02
-3.339810296893119812e-03
4.345744475722312927e-02
3.715702798217535019e-03
-3.161555528640747070e-02
-1.029746700078248978e-02
1.134831365197896957e-02
-5.706930533051490784e-03
1.193156349472701550e-03
3.905095905065536499e-02
1.372545119374990463e-02
-2.012327313423156738e-02
-8.335870690643787384e-03
-1.862518489360809326e-03
-1.215934474021196365e-02
1.113299280405044556e-01
1.999662816524505615e-02
9.023847058415412903e-03
-1.654015108942985535e-02
-2.514125080779194832e-03
1.739872992038726807e-02
-1.057028211653232574e-02
2.940137498080730438e-02
-2.438651025295257568e-02
-1.139009185135364532e-02
1.396195869892835617e-02
1.001979503780603409e-02
3.991807345300912857e-03
2.102125436067581177e-03
-7.243460975587368011e-03
7.924959994852542877e-03
1.527632819488644600e-03
1.747532002627849579e-02
-8.284899406135082245e-03
-7.677753567695617676e-01
2.072250656783580780e-02
2.139056287705898285e-02
1.475007459521293640e-02
1.947259716689586639e-02
4.113966971635818481e-02
-7.441390189342200756e-04
3.681320324540138245e-02
1.922081597149372101e-02
-6.672698073089122772e-03
-6.622135639190673828e-03
7.079359143972396851e-03
-9.024537168443202972e-03
-4.985947161912918091e-02
-4.395979922264814377e-03
6.841766647994518280e-03
1.229648478329181671e-02
5.411321762949228287e-03
-1.540253777056932449e-02
-1.449601375497877598e-03
2.363184001296758652e-03
4.750735685229301453e-02
-1.381193753331899643e-02
-1.739411614835262299e-02
-4.141307901591062546e-03
1.592632196843624115e-02
-4.206574521958827972e-03
1.741618290543556213e-02
3.083209507167339325e-02
-3.338632232043892145e-04
7.222237996757030487e-03
3.119045309722423553e-02
3.023254685103893280e-02
9.564906358718872070e-03
1.213319227099418640e-02
4.280789941549301147e-02
-9.916873276233673096e-02
1.063690171577036381e-03
8.797626942396163940e-03
6.353145092725753784e-02
4.062085226178169250e-02
1.073458716273307800e-01
-6.045721471309661865e-02
5.873571708798408508e-02
-2.909045666456222534e-02
1.771533191204071045e-01
2.131012268364429474e-02
1.632419601082801819e-02
-4.907798394560813904e-02
-8.516155648976564407e-04
3.900716081261634827e-02
9.964690357446670532e-02
1.066799312829971313e-01
1.147567480802536011e-02
4.485456738620996475e-03
-9.579475969076156616e-03
-5.357280001044273376e-02
-2.572083100676536560e-02
1.578021347522735596e-01
7.021118886768817902e-03
-1.424111053347587585e-02
1.028227433562278748e-01
-9.540165774524211884e-03
-3.349617123603820801e-02
4.050646722316741943e-02
1.734509021043777466e-01
1.752836070954799652e-02
-2.210004255175590515e-02
-4.323780909180641174e-02
1.595993638038635254e-01
-7.883390039205551147e-02
5.105311796069145203e-02
7.734619826078414917e-02
2.913799509406089783e-02
-1.256966218352317810e-02
-1.666006892919540405e-01
-5.915911868214607239e-02
-1.125590130686759949e-02
-1.937939040362834930e-02
1.454206407070159912e-01
1.973977684974670410e-02
7.926164269447326660e-01
-1.473892387002706528e-02
-1.479290612041950226e-02
-1.307014524936676025e-01
1.218143850564956665e-01
1.083585172891616821e-01
6.976520270109176636e-02
6.883474439382553101e-02
-1.702752709388732910e-02
-3.140595182776451111e-02
2.018835693597793579e-01
-2.133833616971969604e-02
-2.260676585137844086e-02
-4.590748250484466553e-02
-5.763283744454383850e-02
-3.083617240190505981e-02
3.320866823196411133e-02
-6.031812354922294617e-02
3.180354833602905273e-04
-9.722026064991950989e-03
2.160553634166717529e-02
4.758642613887786865e-02
8.681352436542510986e-02
1.479714456945657730e-02
-7.815529592335224152e-03
-2.060179039835929871e-02
-1.100984588265419006e-02
-6.488589104264974594e-03
-7.829753682017326355e-03
1.107145659625530243e-02
-1.983656547963619232e-02
8.156337775290012360e-03
-1.029896549880504608e-02
-1.035252586007118225e-02
5.937181040644645691e-02
8.314456045627593994e-02
-8.127789944410324097e-03
-5.324412137269973755e-02
-1.484747417271137238e-02
-4.111526161432266235e-02
-1.799694821238517761e-02
5.069367587566375732e-02
2.486687898635864258e-02
-1.418527495115995407e-02
-7.939738221466541290e-03
-3.949229791760444641e-02
-3.252020850777626038e-02
7.733146846294403076e-02
-1.050875615328550339e-02
2.177245914936065674e-02
-4.646029695868492126e-02
6.455675512552261353e-02
-1.934140734374523163e-02
4.745587706565856934e-03
-2.407119609415531158e-02
2.541652135550975800e-02
6.189829111099243164e-02
-7.940383628010749817e-03
-2.907450124621391296e-02
-8.311164565384387970e-03
1.152673456817865372e-02
1.282789558172225952e-02
-4.948326945304870605e-02
-8.440980687737464905e-03
1.818865351378917694e-02
1.095459237694740295e-02
1.547398790717124939e-02
4.559010732918977737e-03
-3.848139569163322449e-02
-3.034549579024314880e-02
2.454428374767303467e-02
4.360856115818023682e-02
-8.295701816678047180e-03
5.364592745900154114e-02
5.697763711214065552e-02
-2.219563163816928864e-02
-2.230041846632957458e-02
-4.884387552738189697e-02
2.830953896045684814e-02
2.953241113573312759e-03
-3.585290163755416870e-02
-6.291016191244125366e-02
2.562253735959529877e-02
-3.942521288990974426e-02
-3.244643798097968102e-03
5.925394967198371887e-02
-2.959456294775009155e-02
2.149723470211029053e-02
-2.260120958089828491e-02
4.788267984986305237e-02
7.634353637695312500e-02
5.726701021194458008e-02
-3.106267563998699188e-02
4.050877690315246582e-02
7.329872250556945801e-02
7.285504788160324097e-02
-8.724112808704376221e-02
-3.817063942551612854e-02
1.109216362237930298e-03
-1.930574700236320496e-02
6.251711398363113403e-02
-2.848472446203231812e-02
3.972072526812553406e-02
-7.244288921356201172e-03
9.682397544384002686e-02
3.905894607305526733e-02
1.111868023872375488e-01
3.000983409583568573e-02
6.596238166093826294e-02
-1.116098184138536453e-02
7.240927219390869141e-02
8.994080126285552979e-02
3.506050258874893188e-02
3.746100142598152161e-02
-4.222625494003295898e-02
-3.741529211401939392e-02
-9.166434407234191895e-02
-2.536623738706111908e-02
-1.261802669614553452e-02
-5.690125981345772743e-04
-1.804276555776596069e-02
2.573375776410102844e-02
-2.253480255603790283e-02
-5.136070400476455688e-02
6.627334654331207275e-02
3.108320571482181549e-02
-3.748106956481933594e-02
1.317341253161430359e-02
-3.472444787621498108e-02
1.050201896578073502e-02
-1.433994341641664505e-02
-4.941155668348073959e-03
-1.275400817394256592e-02
-3.920818120241165161e-02
2.578798495233058929e-02
-1.023442670702934265e-02
4.689677059650421143e-02
-8.718428015708923340e-02
-2.728665620088577271e-02
-5.666479468345642090e-03
-2.388161420822143555e-02
-1.556371990591287613e-02
7.137140631675720215e-02
6.173489987850189209e-02
3.613504767417907715e-02
-1.615459024906158447e-01
5.337145552039146423e-02
1.295389607548713684e-02
4.645329713821411133e-02
2.172688953578472137e-02
7.663915865123271942e-03
3.157577244564890862e-03
2.597977221012115479e-02
3.878045827150344849e-02
4.008875414729118347e-02
5.962304770946502686e-03
2.290948852896690369e-02
-4.147448018193244934e-02
-2.326276618987321854e-03
-3.329707309603691101e-02
8.138752309605479240e-04
-7.099370006471872330e-03
1.777046732604503632e-02
9.632647037506103516e-02
-7.844770327210426331e-03
2.149628708139061928e-03
6.880060536786913872e-04
5.997987464070320129e-03
-4.107895493507385254e-02
-7.168252021074295044e-03
3.821755945682525635e-02
-2.282031066715717316e-02
-6.729408353567123413e-02
-4.608773440122604370e-02
6.791649013757705688e-02
-5.639073788188397884e-04
3.920334950089454651e-02
-5.467903241515159607e-02
-3.484606370329856873e-02
1.361824013292789459e-02
-4.971279948949813843e-02
1.142773125320672989e-02
1.372080761939287186e-02
4.018392786383628845e-02
-5.318930838257074356e-03
-1.691568829119205475e-02
3.972294181585311890e-02
-3.750903299078345299e-03
2.731708809733390808e-02
-1.232121419161558151e-02
-6.123704370111227036e-03
1.032890472561120987e-02
-2.954353392124176025e-02
-1.636480726301670074e-02
-7.698561530560255051e-03
3.783388063311576843e-02
-5.448786169290542603e-02
-4.018838703632354736e-02
4.055663943290710449e-02
-7.156699895858764648e-02
-1.067672446370124817e-01
5.207037180662155151e-02
1.123213488608598709e-02
-3.851817548274993896e-02
4.697848483920097351e-02
3.490731120109558105e-02
5.097905173897743225e-02
-6.505009531974792480e-02
-1.939605735242366791e-02
-1.932839676737785339e-02
-6.432195007801055908e-02
3.066438995301723480e-02
-5.522514879703521729e-02
-2.200977317988872528e-02
-7.561154197901487350e-03
2.382725663483142853e-02
4.067511111497879028e-02
-1.829712465405464172e-02
7.214823365211486816e-02
-8.463956415653228760e-02
-1.118275243788957596e-02
2.184675820171833038e-02
5.176899023354053497e-03
-5.082140117883682251e-02
-1.596786454319953918e-02
-6.314293295145034790e-02
-1.007843092083930969e-01
-7.100176066160202026e-02
-3.651842474937438965e-02
-1.250323057174682617e-01
7.606037892401218414e-03
4.020385444164276123e-03
-2.678857743740081787e-02
2.338742092251777649e-02
-5.741960182785987854e-02
6.588736921548843384e-02
1.165213715285062790e-02
3.964167088270187378e-02
5.107716843485832214e-02
5.310561507940292358e-02
-1.486697001382708549e-03
-6.738209724426269531e-02
-3.382151201367378235e-02
-9.983160346746444702e-02
1.175604537129402161e-01
-3.557762131094932556e-02
-2.998709911480545998e-03
1.903329044580459595e-02
1.415869034826755524e-02
-1.610616035759449005e-02
-1.635467866435647011e-03
-3.803489729762077332e-02
1.353414170444011688e-02
2.978445962071418762e-02
5.715128965675830841e-03
-1.867040432989597321e-02
-8.500771224498748779e-02
-3.406225517392158508e-02
4.499954357743263245e-02
-1.085476670414209366e-02
-9.011603146791458130e-02
1.309531629085540771e-01
1.699239946901798248e-02
-3.754382207989692688e-02
-2.446221932768821716e-02
4.513971880078315735e-02
4.025183245539665222e-02
-3.889060392975807190e-02
-1.032775267958641052e-01
7.047990337014198303e-03
-5.514783412218093872e-02
2.271061763167381287e-02
-2.074501477181911469e-02
4.180132411420345306e-03
2.630885504186153412e-02
-7.005601190030574799e-03
-2.347200363874435425e-02
3.469079360365867615e-02
-7.698533008806407452e-04
2.334338985383510590e-02
2.058160863816738129e-02
-2.563414350152015686e-02
-4.728296305984258652e-03
-3.710420802235603333e-02
7.736732251942157745e-03
2.265419065952301025e-02
1.767917908728122711e-02
-2.699754945933818817e-02
9.724308736622333527e-03
-4.976647906005382538e-03
-2.071655355393886566e-02
-2.505644969642162323e-02
6.221791729331016541e-02
6.258618831634521484e-02
7.633003592491149902e-02
-2.477210946381092072e-02
1.858875527977943420e-02
3.468797728419303894e-02
-2.455236203968524933e-02
-2.311481721699237823e-02
-2.367402613162994385e-02
-8.801896125078201294e-02
-4.369516856968402863e-03
9.963944554328918457e-03
3.646772354841232300e-02
1.966206170618534088e-02
1.971238479018211365e-02
2.253942377865314484e-02
-1.617242232896387577e-03
2.061603032052516937e-02
1.166061311960220337e-02
-3.521456569433212280e-02
-8.512449264526367188e-02
7.130321860313415527e-02
4.967510327696800232e-02
-1.484159473329782486e-02
-2.416775934398174286e-02
5.394039675593376160e-02
4.392244387418031693e-03
4.952379316091537476e-02
2.007685787975788116e-02
-1.487497705966234207e-02
8.135517686605453491e-02
9.586363285779953003e-02
5.973422527313232422e-02
-3.754754737019538879e-02
-5.851214006543159485e-02
-4.663686454296112061e-02
-2.488249540328979492e-02
7.339619845151901245e-02
-2.786320867016911507e-03
1.507490780204534531e-02
5.071848258376121521e-02
-1.483651623129844666e-02
-4.609893262386322021e-02
1.730233430862426758e-02
-4.188154265284538269e-02
3.345760330557823181e-02
1.652533560991287231e-02
4.153516143560409546e-03
-5.234883166849613190e-03
3.393219783902168274e-02
-1.823747903108596802e-02
7.939389906823635101e-03
-8.547076582908630371e-02
-9.283409453928470612e-03
-8.130292408168315887e-03
3.680401016026735306e-03
4.965390637516975403e-02
1.310341898351907730e-02
-2.564179152250289917e-02
2.474603801965713501e-02
1.634388417005538940e-02
-4.147337749600410461e-02
-4.920748993754386902e-02
-2.566662244498729706e-02
-1.466695591807365417e-02
8.893381059169769287e-02
-1.335374079644680023e-02
2.436794893583282828e-04
6.208626553416252136e-03
2.473513409495353699e-02
-3.977002575993537903e-02
-1.341023575514554977e-02
-1.898597576655447483e-03
-7.113084197044372559e-02
-8.338934741914272308e-03
6.700110621750354767e-03
7.335200160741806030e-02
1.398485503159463406e-03
-2.326216734945774078e-02
-4.500287771224975586e-02
4.595994576811790466e-02
-1.978947408497333527e-02
4.655847791582345963e-03
-1.885301619768142700e-02
-5.303323268890380859e-02
9.253853000700473785e-03
6.179160252213478088e-02
9.299840778112411499e-02
-2.174245193600654602e-02
1.016823053359985352e-01
4.871105775237083435e-03
-3.327113762497901917e-02
1.330547500401735306e-02
-9.896476566791534424e-02
-2.611614763736724854e-02
8.768415451049804688e-02
9.258924983441829681e-03
1.153774466365575790e-02
5.496960878372192383e-02
8.040619082748889923e-03
-3.054646216332912445e-02
4.473059996962547302e-02
5.638838186860084534e-02
2.012545056641101837e-02
-1.020084973424673080e-02
-8.350688219070434570e-02
3.774548694491386414e-02
2.927700802683830261e-02
-7.063008099794387817e-02
-8.486820012331008911e-02
-8.422728627920150757e-03
6.842815317213535309e-03
4.112395457923412323e-03
3.456730023026466370e-02
-2.138778567314147949e-03
4.425188153982162476e-02
7.655981183052062988e-02
-1.079636886715888977e-01
2.895974181592464447e-02
-2.197555452585220337e-02
2.082457952201366425e-02
-2.492294646799564362e-02
1.182555966079235077e-02
5.914631299674510956e-03
-7.369693368673324585e-03
-5.562068149447441101e-02
7.370498031377792358e-02
3.781998530030250549e-02
-4.147683829069137573e-02
1.217962149530649185e-02
3.097189404070377350e-02
-1.580815017223358154e-02
2.108163665980100632e-03
1.047801300883293152e-01
-1.866148901171982288e-03
3.430893411859869957e-03
6.178874522447586060e-02
-3.489599376916885376e-02
4.071310162544250488e-02
6.111873313784599304e-03
-4.884302616119384766e-02
-1.000210717320442200e-01
-1.886780187487602234e-02
2.071195468306541443e-02
-3.631401434540748596e-02
-7.972647435963153839e-03
4.931777715682983398e-03
-1.112999301403760910e-02
-2.751202695071697235e-02
1.476084720343351364e-02
-1.112386733293533325e-01
2.105843834578990936e-02
-8.182555320672690868e-04
-2.854379080235958099e-02
-2.153130434453487396e-02
4.585948958992958069e-02
-4.887120425701141357e-02
-3.709288686513900757e-02
1.383339241147041321e-02
4.094909131526947021e-02
9.556731209158897400e-03
-5.456796847283840179e-03
7.406258583068847656e-02
-2.207161672413349152e-02
4.945999011397361755e-02
1.166483294218778610e-02
-4.484151303768157959e-02
1.844629831612110138e-02
2.608786150813102722e-02
3.032835572957992554e-02
-2.867676876485347748e-02
-6.604794878512620926e-03
2.232043305411934853e-03
-6.744433939456939697e-02
-3.150211274623870850e-02
-1.347408294677734375e-01
-2.352112531661987305e-02
2.176088094711303711e-02
-7.823184877634048462e-02
-1.914050802588462830e-02
2.976324036717414856e-02
-2.538770204409956932e-03
-5.107235535979270935e-02
6.129264365881681442e-03
2.089763619005680084e-02
-4.258249327540397644e-02
-1.311782654374837875e-02
-3.667690232396125793e-02
6.750594079494476318e-02
6.271831691265106201e-02
5.627566948533058167e-03
-2.840207330882549286e-02
1.972972648218274117e-03
4.877346381545066833e-02
1.233378890901803970e-03
-5.065398290753364563e-03
-2.584455534815788269e-02
-6.402106583118438721e-02
-5.271753668785095215e-02
3.127159085124731064e-03
2.478988468647003174e-02
-6.349921226501464844e-02
2.828666009008884430e-02
-3.470233455300331116e-02
4.432409256696701050e-02
-3.166024386882781982e-02
6.790892034769058228e-02
1.207734122872352600e-01
-4.212434962391853333e-02
5.075241997838020325e-02
2.742760628461837769e-02
8.478476083837449551e-04
1.697457395493984222e-02
-6.620685011148452759e-02
-5.388151481747627258e-02
5.055109784007072449e-02
-3.524975851178169250e-02
-2.560316212475299835e-02
-2.918901108205318451e-02
3.986684232950210571e-02
2.659900300204753876e-02
-1.476190332323312759e-02
-4.281963407993316650e-02
-2.458204329013824463e-02
4.141523689031600952e-02
7.457808405160903931e-02
-1.113070473074913025e-01
-2.293644705787301064e-03
4.175922833383083344e-03
8.743225038051605225e-02
-4.539548605680465698e-02
-6.435389816761016846e-02
-8.003011345863342285e-02
-4.380697757005691528e-02
4.743938148021697998e-02
6.189000327140092850e-03
7.823129743337631226e-02
-6.467613577842712402e-02
