-2.477885689586400986e-03
-1.703443378210067749e-02
-1.483546104282140732e-02
3.316931426525115967e-02
6.119557074271142483e-04
1.045941002666950226e-02
1.226858422160148621e-02
-6.495717912912368774e-03
-2.015088498592376709e-02
2.450599148869514465e-02
4.746719729155302048e-03
1.427555107511579990e-03
4.247193038463592529e-02
-1.013812422752380371e-02
-7.734335493296384811e-03
1.697644032537937164e-02
-8.403749205172061920e-03
2.765998989343643188e-02
1.190215572714805603e-01
3.703295951709151268e-04
-2.580084605142474174e-03
-1.297770161181688309e-02
2.059967815876007080e-02
5.474608018994331360e-02
-2.261728513985872269e-03
-4.303753748536109924e-02
-1.464831270277500153e-02
-4.093000665307044983e-03
-1.041405554860830307e-02
1.301242271438241005e-03
1.119941398501396179e-01
2.761119976639747620e-02
1.460776105523109436e-02
-1.816971972584724426e-02
-1.915897428989410400e-02
-9.389674291014671326e-03
5.289481952786445618e-03
3.123866394162178040e-02
2.575200423598289490e-02
4.905230924487113953e-02
-2.911327779293060303e-02
2.204123884439468384e-02
2.400925569236278534e-02
8.325988426804542542e-03
-1.006713951937854290e-03
-1.066611707210540771e-02
-3.331690654158592224e-02
1.059384457767009735e-02
-1.613413169980049133e-02
-6.859830580651760101e-03
9.298811666667461395e-03
-4.303295537829399109e-02
1.062605306506156921e-01
1.832832023501396179e-02
-1.316136773675680161e-02
1.461485400795936584e-02
3.281644079834222794e-03
1.803391613066196442e-02
4.521024227142333984e-01
5.510900169610977173e-02
-1.037906575947999954e-02
2.331014350056648254e-02
2.292987192049622536e-03
-5.813786265207454562e-05
-5.747353658080101013e-03
6.525943428277969360e-02
1.842928119003772736e-02
-2.231082692742347717e-02
-6.402073055505752563e-02
1.904862467199563980e-03
2.303746156394481659e-02
-9.184105321764945984e-03
-4.198572598397731781e-03
-1.861108466982841492e-02
-4.149964824318885803e-02
4.848148673772811890e-02
1.629963144659996033e-02
-2.406097948551177979e-02
-1.377365458756685257e-02
-3.913941234350204468e-02
-1.034879591315984726e-02
2.904107328504323959e-03
-1.770647987723350525e-02
2.376670390367507935e-02
8.920571953058242798e-02
1.499520521610975266e-02
-8.729952387511730194e-03
-2.873679855838418007e-03
2.112861350178718567e-02
-4.163113236427307129e-02
-1.000250037759542465e-02
2.890952117741107941e-02
-6.849472224712371826e-02
-5.494226235896348953e-03
-1.337211579084396362e-02
2.480887807905673981e-03
2.465454116463661194e-02
-2.865092456340789795e-02
3.923058137297630310e-02
3.941325936466455460e-03
-3.162442520260810852e-02
3.222681954503059387e-02
-3.731505479663610458e-03
-1.785318134352564812e-03
-1.858297386206686497e-03
2.558616176247596741e-02
5.504078045487403870e-02
-1.853608526289463043e-02
7.181711029261350632e-03
7.578962482511997223e-03
-2.020161412656307220e-02
1.519902888685464859e-02
4.475427791476249695e-02
-2.982805017381906509e-03
2.530390024185180664e-02
2.059816149994730949e-03
4.425622522830963135e-02
-2.898547612130641937e-02
-7.978704757988452911e-03
-1.251859217882156372e-02
-1.081270910799503326e-02
-1.398412417620420456e-02
9.187404066324234009e-03
6.130898371338844299e-03
-1.180871296674013138e-02
5.078276153653860092e-03
-5.459454283118247986e-02
7.695468142628669739e-03
-1.168756396509706974e-03
9.061521850526332855e-03
4.234118759632110596e-02
-5.317659117281436920e-03
-2.099814265966415405e-02
3.064833814278244972e-03
-3.614987060427665710e-02
2.895028702914714813e-02
7.201454043388366699e-02
-2.957567572593688965e-02
1.360292267054319382e-02
2.808040007948875427e-02
-6.764698028564453125e-02
-2.272563427686691284e-02
4.671161994338035583e-03
-2.416489645838737488e-02
1.090667024254798889e-02
8.192958682775497437e-02
1.261501107364892960e-02
-2.391812764108181000e-02
-1.498294249176979065e-02
6.093883421272039413e-03
2.099247090518474579e-02
9.549139998853206635e-03
2.297318726778030396e-02
6.624837964773178101e-02
9.499607607722282410e-03
-1.027731876820325851e-02
4.663794767111539841e-03
-2.239107899367809296e-02
-1.632888987660408020e-02
-8.260296657681465149e-03
-2.988709695637226105e-02
-1.132599636912345886e-02
-6.134394183754920959e-02
4.369332455098628998e-03
-8.293366990983486176e-03
4.562579467892646790e-02
-2.247131057083606720e-02
-1.596420072019100189e-02
-3.493503900244832039e-03
-1.878456957638263702e-02
2.831997536122798920e-02
-6.299127824604511261e-03
7.486980874091386795e-03
2.113347314298152924e-02
1.610990427434444427e-02
6.572012323886156082e-03
1.828336715698242188e-02
-3.839131444692611694e-03
-3.341097384691238403e-02
-5.257450509816408157e-03
2.061437070369720459e-02
-2.413127757608890533e-02
-5.710043478757143021e-03
7.177131250500679016e-03
2.381792664527893066e-02
4.748358204960823059e-02
7.520673424005508423e-02
-4.937206860631704330e-03
8.442353457212448120e-03
-1.172398403286933899e-02
-5.064021795988082886e-02
8.930717594921588898e-03
1.227417867630720139e-02
3.640576731413602829e-03
-3.754321485757827759e-02
1.253695692867040634e-02
6.077836081385612488e-02
9.607298299670219421e-03
5.747632309794425964e-02
2.790618455037474632e-03
-8.987074345350265503e-02
7.931712083518505096e-03
7.507766038179397583e-02
1.540511148050427437e-03
1.701817102730274200e-02
4.001542553305625916e-02
1.695205457508563995e-02
2.269733697175979614e-02
-8.010582067072391510e-03
-3.114773705601692200e-02
-2.581869484856724739e-03
-9.068287909030914307e-03
-2.324584126472473145e-02
1.417771447449922562e-02
-2.863558009266853333e-03
-6.563477963209152222e-02
1.831225864589214325e-02
3.788775205612182617e-02
3.073194762691855431e-03
2.026688866317272186e-02
-1.943858340382575989e-02
-7.577067613601684570e-01
1.073529664427042007e-02
8.407847955822944641e-03
1.066953036934137344e-02
8.892178302630782127e-04
5.518724396824836731e-02
1.493653398938477039e-03
-2.142239594832062721e-03
2.326311729848384857e-02
-1.764936745166778564e-02
2.390161622315645218e-03
2.795412577688694000e-02
2.646712586283683777e-03
-7.595652248710393906e-03
1.779283769428730011e-02
3.571566939353942871e-02
-1.417524460703134537e-02
4.528321791440248489e-03
-1.758210361003875732e-02
1.119488477706909180e-02
-3.259139135479927063e-02
-4.159187432378530502e-03
3.954822197556495667e-02
-1.774171367287635803e-02
-9.662133641541004181e-03
-7.126927841454744339e-03
-1.630088686943054199e-02
5.489293020218610764e-03
3.669541701674461365e-02
3.642525291070342064e-03
9.981879964470863342e-03
-1.921254023909568787e-02
1.172506064176559448e-02
1.254890486598014832e-02
-1.145887654274702072e-02
4.202812537550926208e-02
-8.371175080537796021e-02
-1.039444655179977417e-02
-1.421609893441200256e-02
4.012240469455718994e-02
-9.853234887123107910e-02
-2.242086827754974365e-02
9.061006829142570496e-03
4.734864085912704468e-02
9.422712028026580811e-02
8.711384981870651245e-02
4.705762118101119995e-02
2.087354287505149841e-02
8.246195316314697266e-02
-5.460671335458755493e-02
5.383370444178581238e-02
-6.223667040467262268e-02
8.719721436500549316e-02
-3.928261250257492065e-02
6.572261918336153030e-03
-6.693006306886672974e-02
-5.874662473797798157e-02
-5.342466011643409729e-02
4.265281930565834045e-02
7.296361774206161499e-02
3.271668776869773865e-02
-4.009079933166503906e-02
-9.143858402967453003e-02
4.347426071763038635e-02
-5.226163193583488464e-02
1.828837543725967407e-01
1.155923306941986084e-01
-8.165477216243743896e-02
6.413564831018447876e-02
8.134511858224868774e-02
1.058595776557922363e-01
5.393096059560775757e-02
5.798606574535369873e-02
3.607733175158500671e-02
-7.618869096040725708e-02
1.634143851697444916e-02
-9.071340784430503845e-03
-1.373444199562072754e-01
-3.822033107280731201e-02
1.182162091135978699e-01
5.368521809577941895e-02
8.250826597213745117e-01
-9.988262504339218140e-02
5.180120840668678284e-02
3.437235206365585327e-02
5.434894189238548279e-02
3.048809058964252472e-02
-9.852739423513412476e-02
4.540942981839179993e-02
4.533294588327407837e-02
-1.465845257043838501e-01
-3.107932396233081818e-02
4.705240577459335327e-02
4.676073044538497925e-02
-1.616667583584785461e-02
-1.807636581361293793e-02
1.965271309018135071e-02
1.334784328937530518e-01
1.185191199183464050e-01
3.490910679101943970e-02
3.942508623003959656e-02
-1.200527697801589966e-02
9.047143161296844482e-02
-8.809070102870464325e-03
-5.566662549972534180e-02
5.075776018202304840e-03
-8.022704161703586578e-03
-9.987752884626388550e-03
8.155353134498000145e-04
6.505028158426284790e-02
3.040833957493305206e-02
-3.438738640397787094e-03
-7.663215696811676025e-02
3.852154687047004700e-02
-5.284067243337631226e-02
-2.052849624305963516e-03
-4.459502920508384705e-02
1.495700515806674957e-02
-1.040190830826759338e-02
-3.331192210316658020e-02
-2.206278219819068909e-02
5.696250498294830322e-02
1.317668240517377853e-02
-1.661716587841510773e-02
7.732004392892122269e-03
6.875879131257534027e-03
-1.214834861457347870e-02
-8.540954440832138062e-03
-2.442951314151287079e-02
-3.714153543114662170e-02
-2.139391936361789703e-02
1.527078356593847275e-02
-4.810152947902679443e-02
-4.064857214689254761e-02
8.694525063037872314e-02
-2.299185842275619507e-02
2.044711727648973465e-03
-4.818869382143020630e-02
4.312329366803169250e-02
-9.557889774441719055e-03
-8.725634962320327759e-02
-4.039606079459190369e-02
-2.167057618498802185e-02
3.613799065351486206e-02
2.487936429679393768e-02
7.965660654008388519e-03
2.337271720170974731e-02
3.915706649422645569e-02
-5.015225615352392197e-03
-2.043684711679816246e-03
9.774279594421386719e-02
-4.669991880655288696e-02
-6.129723042249679565e-02
-3.387052193284034729e-02
-3.922126069664955139e-02
-3.724542260169982910e-02
-3.331601247191429138e-02
2.207986451685428619e-02
-1.343864714726805687e-03
-8.082782849669456482e-03
-1.066486723721027374e-02
-4.611277207732200623e-02
-2.179319597780704498e-02
6.622350215911865234e-02
-5.180137977004051208e-02
6.099493475630879402e-04
-3.276403620839118958e-02
4.568400606513023376e-02
4.660867154598236084e-02
2.698099799454212189e-02
7.742315530776977539e-03
-5.139158666133880615e-02
-2.273794822394847870e-02
1.314324419945478439e-02
-9.358651936054229736e-03
8.849267661571502686e-02
1.429659035056829453e-02
1.516959909349679947e-02
-1.438911259174346924e-02
-3.910859674215316772e-02
-4.329797998070716858e-02
2.590374648571014404e-02
-2.555881859734654427e-03
-2.563824504613876343e-02
-3.554091230034828186e-02
-6.483352929353713989e-02
-4.359284788370132446e-02
2.183675300329923630e-03
1.289720181375741959e-02
-6.954223662614822388e-02
-1.625873707234859467e-02
4.848298267461359501e-04
-7.469325512647628784e-02
-2.294609509408473969e-02
-7.944806478917598724e-03
-5.223523476161062717e-04
1.682079024612903595e-02
1.490847859531641006e-02
2.170262672007083893e-02
-1.466372422873973846e-02
2.608949318528175354e-02
-2.840061113238334656e-02
6.220382824540138245e-02
2.544652856886386871e-02
-3.559896722435951233e-03
2.631834149360656738e-02
-1.100825984030961990e-02
7.038106769323348999e-02
-6.210467778146266937e-03
-1.830438524484634399e-02
2.859250456094741821e-02
3.626167401671409607e-02
-2.759277448058128357e-02
3.203903511166572571e-02
-3.996199741959571838e-02
-4.499037936329841614e-02
4.393929615616798401e-03
-1.136310864239931107e-02
5.143177695572376251e-03
-1.152956113219261169e-02
9.209298528730869293e-03
1.416151970624923706e-02
4.440024867653846741e-02
-2.518969401717185974e-02
-1.317870803177356720e-02
-1.523087639361619949e-02
-1.653839945793151855e-01
1.620393432676792145e-02
-6.918480992317199707e-02
3.865544497966766357e-02
6.877613253891468048e-03
3.191099315881729126e-02
-1.710732281208038330e-02
7.880578748881816864e-03
-1.077069062739610672e-02
-1.711071468889713287e-02
3.485031798481941223e-02
-8.229711093008518219e-03
-5.943728983402252197e-02
-1.138928756117820740e-01
2.513046376407146454e-02
-2.106264606118202209e-02
-7.069060229696333408e-04
-1.852040924131870270e-02
-5.314526148140430450e-03
-7.973784580826759338e-03
1.047722157090902328e-02
7.821550752851180732e-06
5.114809796214103699e-02
5.155067518353462219e-02
3.954172134399414062e-02
-2.513239346444606781e-02
5.437825620174407959e-02
8.404501713812351227e-03
-2.528862282633781433e-02
3.588823368772864342e-03
-4.579816944897174835e-03
3.631184250116348267e-02
1.900116726756095886e-02
-9.886837564408779144e-03
2.202962338924407959e-02
-7.045045495033264160e-02
-3.343978524208068848e-02
8.342129737138748169e-02
7.397027220577001572e-03
5.227389559149742126e-02
2.535730833187699318e-03
7.032184302806854248e-02
1.310932915657758713e-02
-2.071650139987468719e-02
8.581231534481048584e-02
7.325418293476104736e-02
-4.701963812112808228e-02
-4.015756398439407349e-02
-2.723889425396919250e-02
1.017444059252738953e-01
2.584508620202541351e-03
2.316052652895450592e-02
-8.188217179849743843e-04
-2.472474984824657440e-02
2.783529832959175110e-02
2.926709316670894623e-02
-4.586084187030792236e-02
-7.046717405319213867e-02
-8.691622316837310791e-02
3.503561019897460938e-02
-3.650482743978500366e-02
-1.868970430223271251e-04
-5.186988506466150284e-03
-3.848947957158088684e-02
-1.786460541188716888e-02
4.195105284452438354e-03
2.682541869580745697e-02
-1.648799702525138855e-02
1.698407344520092010e-02
-6.257565319538116455e-02
5.560048297047615051e-02
1.498259231448173523e-02
-1.599060930311679840e-02
5.874423310160636902e-02
9.151822328567504883e-02
-1.209166198968887329e-01
9.704687632620334625e-03
4.160026460886001587e-02
5.103347450494766235e-02
4.581599310040473938e-02
-1.726911216974258423e-02
1.281851083040237427e-01
-5.191721022129058838e-02
-5.258317664265632629e-02
7.132095098495483398e-02
4.082811996340751648e-02
4.982949420809745789e-02
-7.137732114642858505e-03
4.614360257983207703e-02
3.986993059515953064e-02
3.376549482345581055e-02
4.569619521498680115e-02
-1.931592077016830444e-02
-4.438640922307968140e-02
7.372368127107620239e-03
3.236697614192962646e-02
-4.898452013731002808e-02
3.551324829459190369e-02
6.841355562210083008e-02
6.685391813516616821e-02
7.442692294716835022e-03
-3.438585624098777771e-02
3.386875614523887634e-02
2.907413430511951447e-02
-5.071317777037620544e-02
-1.861549215391278267e-03
-2.359305694699287415e-02
4.269848018884658813e-02
-5.755736678838729858e-02
-1.979066617786884308e-02
2.230883203446865082e-02
-2.252063900232315063e-02
6.358032673597335815e-02
-5.464056972414255142e-03
6.862211227416992188e-02
6.777915172278881073e-03
-6.968185305595397949e-02
-1.320626586675643921e-02
-2.701131999492645264e-02
4.354859143495559692e-02
-5.387589707970619202e-02
2.925312146544456482e-03
5.976709723472595215e-02
4.240277409553527832e-02
-4.541794955730438232e-02
-1.042036898434162140e-02
-1.000648643821477890e-02
3.009689226746559143e-02
-7.075064629316329956e-02
1.971023157238960266e-02
2.813888248056173325e-03
1.497562509030103683e-02
-2.336232736706733704e-02
1.771381683647632599e-02
-2.075460366904735565e-02
7.396751316264271736e-04
2.680673077702522278e-02
-1.879778876900672913e-02
8.456137031316757202e-02
-1.798236370086669922e-02
3.266605362296104431e-02
-2.106564352288842201e-03
-5.972035229206085205e-02
-1.854317076504230499e-02
2.028973959386348724e-02
-6.809957325458526611e-02
3.412868827581405640e-02
-5.511531978845596313e-02
-3.507909923791885376e-02
-2.196083031594753265e-02
-2.093914337456226349e-02
-1.421681698411703110e-02
-2.692819200456142426e-02
2.065753377974033356e-02
9.282590448856353760e-02
8.927282877266407013e-03
3.918347507715225220e-02
4.140093922615051270e-02
-8.937112055718898773e-03
3.506296500563621521e-02
-1.678084209561347961e-02
4.900151118636131287e-02
1.023401692509651184e-02
-9.467526338994503021e-03
-3.769983351230621338e-02
1.988710835576057434e-02
2.759536169469356537e-02
-1.612090766429901123e-01
-1.877536997199058533e-02
4.291234910488128662e-02
1.437913859263062477e-03
-3.035077243112027645e-04
-1.189894042909145355e-02
8.219468593597412109e-02
-3.827996924519538879e-02
3.042129985988140106e-02
-1.609394699335098267e-02
7.690075784921646118e-03
-4.957259166985750198e-03
-1.787316799163818359e-02
-4.957527294754981995e-02
-4.975864663720130920e-02
-4.935868084430694580e-02
6.915821880102157593e-02
-4.568215087056159973e-02
-2.233796380460262299e-02
-5.316322296857833862e-02
-5.653651058673858643e-02
-7.236232515424489975e-03
-9.621919691562652588e-02
-4.436266794800758362e-02
1.002172231674194336e-01
-2.343960292637348175e-02
5.618432071059942245e-03
1.723299920558929443e-02
-4.658014327287673950e-02
1.587991788983345032e-02
-8.400392718613147736e-03
1.684623584151268005e-02
2.213090099394321442e-02
2.078552544116973877e-02
-7.268244028091430664e-02
-1.687217503786087036e-02
2.920427545905113220e-02
9.901810437440872192e-03
-7.385923061519861221e-03
-6.418263912200927734e-02
1.982420682907104492e-02
-2.763701230287551880e-02
9.783352725207805634e-03
4.752168059349060059e-02
1.198035255074501038e-01
-4.111109767109155655e-03
-1.003350317478179932e-01
-1.001047436147928238e-02
-4.232881590723991394e-02
-4.557424108497798443e-04
7.078842725604772568e-03
4.165326803922653198e-02
1.217952277511358261e-02
-3.744817897677421570e-02
4.844878800213336945e-03
1.095501589588820934e-03
-1.015112083405256271e-02
1.579063944518566132e-03
7.124821841716766357e-02
-6.533481646329164505e-03
-7.639466226100921631e-02
-2.169084735214710236e-02
-6.017258856445550919e-03
-5.055337678641080856e-03
-2.562449313700199127e-02
2.521637082099914551e-02
-9.813873469829559326e-02
4.813203122466802597e-03
3.208677470684051514e-02
2.170637995004653931e-02
-7.585018873214721680e-02
7.546983659267425537e-02
-5.920805968344211578e-03
2.478753961622714996e-02
1.494238805025815964e-02
-2.764448709785938263e-02
-1.952640339732170105e-02
-8.494562655687332153e-02
-3.024028986692428589e-02
5.766537040472030640e-03
2.473576366901397705e-02
-8.535216562449932098e-03
3.639710135757923126e-03
-6.651533395051956177e-02
-1.354226656258106232e-02
-3.437928855419158936e-02
-1.290784124284982681e-02
1.613213680684566498e-02
5.227269232273101807e-02
-1.494568958878517151e-02
-5.631761997938156128e-02
-3.425983712077140808e-02
6.965193897485733032e-02
-1.313247252255678177e-02
-4.359544441103935242e-02
4.822457674890756607e-03
1.782825738191604614e-01
1.588151417672634125e-02
-2.411095984280109406e-02
-8.088431204669177532e-04
1.195083931088447571e-02
3.484190674498677254e-03
7.850313186645507812e-02
-6.442540790885686874e-03
2.919184602797031403e-02
-2.509498409926891327e-02
5.665752291679382324e-02
7.198377698659896851e-02
4.363591223955154419e-02
1.125700026750564575e-02
3.893509879708290100e-02
-8.258841186761856079e-02
-1.395089924335479736e-02
-2.718629315495491028e-02
5.843612924218177795e-02
5.699863191694021225e-03
1.362613588571548462e-02
3.667411161586642265e-03
2.162536606192588806e-02
-2.920514438301324844e-03
-1.882033981382846832e-02
4.624138027429580688e-02
7.367342710494995117e-02
-2.073676139116287231e-02
-1.003132984042167664e-01
7.682240102440118790e-03
-3.990147635340690613e-02
-1.287018228322267532e-02
3.014164976775646210e-02
2.552911639213562012e-02
1.125530246645212173e-02
-5.833210796117782593e-02
6.119594722986221313e-02
9.504076838493347168e-02
7.683083415031433105e-02
-1.268276199698448181e-02
2.388315834105014801e-02
6.666887551546096802e-02
-4.909483343362808228e-02
-1.010392382740974426e-01
-2.583971619606018066e-02
-8.670822530984878540e-02
-1.023542322218418121e-02
6.794596463441848755e-02
5.362366791814565659e-03
-1.438255608081817627e-02
2.504507638514041901e-02
-3.085032477974891663e-02
3.065269440412521362e-02
2.467910386621952057e-02
-2.762852003797888756e-03
-1.760088466107845306e-02
-1.716123428195714951e-03
-6.646583229303359985e-02
1.412484329193830490e-02
-1.702142506837844849e-01
6.622626632452011108e-02
-5.743631720542907715e-02
-7.004424184560775757e-02
-4.144724085927009583e-02
-3.926843404769897461e-02
-5.528899282217025757e-02
1.797802932560443878e-02
1.722121052443981171e-02
1.042855810374021530e-02
-5.069431290030479431e-02
5.845416337251663208e-02
-8.517807722091674805e-02
6.616754084825515747e-02
-4.288833960890769958e-02
8.709327131509780884e-02
-7.790544070303440094e-03
-1.870910823345184326e-02
3.501995280385017395e-02
-3.159230947494506836e-02
-3.431140258908271790e-02
2.464145794510841370e-02
2.393075637519359589e-02
3.115790709853172302e-02
-4.872646182775497437e-02
3.411019220948219299e-02
3.137340396642684937e-02
-3.034391440451145172e-02
1.481260266155004501e-02
-3.469830006361007690e-02
-7.755152881145477295e-03
3.996343165636062622e-02
-7.944071665406227112e-03
-2.593840472400188446e-02
7.705493271350860596e-02
-2.599869668483734131e-02
3.908314555883407593e-02
-8.751236833631992340e-03
-3.921890258789062500e-02
-1.452045701444149017e-02
1.126899756491184235e-02
-3.464928269386291504e-02
3.603618219494819641e-02
-8.449518680572509766e-02
3.672619909048080444e-02
1.752679119817912579e-03
-3.462298959493637085e-02
-2.186354622244834900e-02
-1.328091323375701904e-02
-6.335579790174961090e-03
7.541873026639223099e-03
-1.605989970266819000e-02
1.344475056976079941e-02
7.591190189123153687e-02
1.688898205757141113e-01
-4.341464024037122726e-03
5.986338481307029724e-02
3.661831840872764587e-02
-1.985806273296475410e-03
-7.826669141650199890e-03
-8.482372760772705078e-02
-1.061381679028272629e-02
-7.820441387593746185e-03
