-0.00357571
-0.02647683
-0.04347089
0.02672028
-0.02568260
0.03515243
0.02180690
0.03186205
0.10605747
0.05012915
-0.04009401
-0.02078387
0.04692581
-0.02540474
-0.02829664
0.00831021
-0.01320790
0.01354718
-0.00994246
0.04001732
0.00299563
0.01719703
0.00812069
-0.00857143
-0.02749014
0.01348008
-0.02095618
-0.01759901
-0.00380217
0.00137116
-0.14554077
-0.00835606
0.03019963
0.00116551
0.01359525
0.07901996
-0.02812935
0.04526373
-0.00926399
-0.11528642
-0.03066987
0.00425535
0.01030603
-0.04563225
-0.00387597
0.02957967
-0.01559465
-0.00604348
0.06980760
0.00006264
0.04662567
0.00644865
-0.09297865
0.03932793
-0.02831933
0.00374955
-0.03212392
0.01624857
0.31414932
0.07569532
0.00376336
0.00330994
-0.02770243
-0.00321933
0.02951895
-0.02312110
0.01115794
-0.02770347
0.04966957
-0.01303205
0.05551493
-0.01081501
-0.04009136
-0.00011363
-0.01076378
-0.00755898
0.00392238
0.03463235
0.01016324
-0.08110385
-0.02831901
0.02835941
0.00274741
-0.05090882
0.03472134
0.01928896
0.01300836
0.02270277
0.02614433
-0.02483006
0.05009288
-0.04932357
0.06095787
0.00170948
-0.00544632
-0.03930452
0.01612353
-0.00256648
0.01566449
0.00445541
-0.04654413
0.02181630
-0.02819044
0.02160247
0.00786571
-0.00675821
-0.00721975
-0.00334545
0.02931221
-0.01823942
-0.03968680
0.00870688
-0.03815542
-0.05718127
-0.00911595
0.00570947
0.06955656
-0.03520198
-0.01629333
-0.02243308
0.01195468
-0.01643496
-0.01084360
0.00652229
-0.05682751
0.02627249
0.00415737
0.01579804
0.01643462
0.06022559
-0.08432406
0.00192363
-0.03254380
0.00671738
0.03471259
-0.02520599
-0.10378165
-0.03542661
-0.11533262
-0.00555343
-0.09432320
0.00035884
0.01356913
-0.06111650
0.03482943
-0.05831622
0.02386845
-0.03270322
-0.01139717
-0.03154112
0.02585197
-0.00677782
-0.01576891
-0.03668476
0.00785093
0.01455111
-0.07772788
-0.01528381
-0.04755795
-0.00709981
-0.02483868
-0.00305344
0.06751466
-0.01522181
0.01410090
0.01041756
0.09964200
-0.03907905
0.01423850
0.00493023
0.01784515
-0.02173888
0.02788720
0.01959845
0.05716938
0.02774278
0.00674595
0.01601895
-0.00464184
-0.00687354
0.01382142
-0.02871914
0.01027363
0.03577006
0.02909384
-0.11674736
-0.02110309
0.02537472
-0.01743034
0.03503548
0.06537413
0.03116719
0.00599885
-0.00909536
0.01364789
-0.02560090
-0.07490078
0.00075579
-0.17018947
-0.03167643
0.11480480
0.00087542
0.09391776
-0.04928186
-0.02073243
-0.03653525
0.01018431
0.01595685
-0.01022001
0.04785631
-0.08919054
-0.02341430
0.02704787
0.00488765
0.00281229
-0.02696698
0.01882410
0.04358802
0.01690705
0.01816474
-0.06093265
-0.70068926
-0.02467624
-0.02480495
0.02191604
0.02037561
-0.07032102
-0.00282519
0.01042730
-0.01626279
-0.03468787
0.02866285
0.02361183
0.00514221
-0.01189979
-0.01237399
-0.05643763
0.00698927
-0.00000216
-0.00868479
0.07337466
0.01406185
0.00448719
-0.12368093
0.00728942
0.02209713
0.00800971
0.07530805
0.03106421
-0.01267585
-0.02110834
0.02851038
0.01894636
0.01128800
-0.01303492
-0.00541017
0.02763338
0.06140717
-0.04112508
0.06015148
-0.09400994
-0.13546190
0.01347837
0.04595956
0.08287159
-0.06465275
0.05578205
0.09179290
0.03822717
0.10888930
-0.09904085
-0.03167571
-0.10186280
0.06844660
-0.05918769
-0.03500342
0.01830812
0.09551020
-0.21300334
-0.08361455
0.06928630
-0.03391099
-0.07893217
-0.06815904
-0.06812486
-0.02932462
0.07699761
0.02254852
0.04073729
0.09818011
-0.02449465
0.16395080
-0.01285993
-0.01278503
0.00276033
-0.02267776
0.02059435
0.03166999
0.01738015
-0.02029982
0.03043951
0.08213402
0.82302713
-0.05479474
0.07871554
0.10292126
0.05929289
0.04864559
0.04543482
0.04628063
-0.09919826
-0.08303085
0.00535466
0.05841708
0.02779038
0.03047090
-0.09303520
0.12374295
-0.02908223
0.01409020
0.03079517
-0.02514275
-0.04823928
-0.03131340
0.00213484
-0.05176308
0.00100265
-0.00707743
0.03534511
0.02240627
0.01480929
0.02843663
0.00188902
0.01985348
0.04534004
-0.00289339
0.00763384
0.03667699
0.04348893
-0.01395398
-0.02620828
0.00024111
0.00285798
-0.01765645
-0.06993377
-0.07575414
-0.03335986
0.00100576
-0.03556111
0.01663934
-0.00674850
-0.05026983
-0.01001145
-0.01905522
0.06618913
-0.10007060
-0.01865417
-0.06102839
0.12041443
0.03957183
0.00158789
0.02704662
-0.03868346
-0.00885765
-0.04810905
-0.02586753
-0.04173867
-0.02047752
0.00861320
-0.00360884
0.00648374
-0.04481471
-0.03743441
0.04637267
0.00919877
0.01964649
0.11432551
-0.01551229
0.04704414
-0.03326602
0.04682410
-0.01108606
-0.07698027
-0.06341515
0.01842976
0.00816767
0.03020752
0.03466142
-0.06057075
0.01110496
-0.07509984
0.00652564
0.02432457
0.00676293
-0.00197651
-0.00187379
0.02507696
0.02991574
-0.01900546
0.02823332
0.00608520
0.02356015
0.12025650
0.02275624
0.01562129
-0.05638094
-0.01976014
0.06048959
-0.01908886
-0.01314346
-0.01258206
0.01485626
-0.00245897
-0.01060045
0.03010347
-0.00333336
0.00035367
0.00348244
-0.07332465
0.05209682
-0.00110580
0.02186501
-0.09897051
0.03405159
-0.01842357
-0.01106043
-0.00051387
-0.10383513
-0.02800035
-0.01780243
0.06163894
-0.09884612
-0.01741111
-0.05689065
-0.03599055
-0.02336925
-0.01091589
0.02362455
-0.05742146
-0.08560074
-0.01564064
-0.01066972
0.00261746
0.08738697
0.03581289
0.04434567
0.06746230
-0.04873104
-0.01701457
-0.02674330
0.02589670
-0.01333059
0.01186837
0.01007840
-0.05884244
-0.00007325
-0.01332056
0.02418911
0.04118505
-0.05946218
-0.03552061
-0.11480054
0.05085105
0.00506660
0.02512193
0.00731058
-0.00472168
0.04714860
-0.02436081
-0.02957109
0.04724998
-0.02726562
0.04015616
-0.03940070
-0.00146912
-0.00531241
-0.00437028
0.02185290
-0.02608077
-0.00898529
-0.01127573
-0.04521535
-0.01485743
-0.04909965
0.05108137
0.02789196
0.02570719
-0.05041854
0.00267079
0.01672520
0.02698771
-0.01897337
0.01671674
0.00737963
-0.02205756
-0.04404865
-0.03447396
0.06076211
-0.02061820
-0.03686604
-0.00704598
-0.00438040
0.01159754
-0.01110993
0.02105960
0.00394331
-0.01450995
-0.00231629
-0.03590856
0.06597959
-0.00622830
0.05457450
-0.00749562
0.03332360
0.00083946
-0.04717517
0.01774390
0.00058673
0.04161276
-0.03335897
0.00811104
-0.02039211
-0.01856006
-0.08055870
0.04500965
-0.09318967
0.10952190
-0.10972902
-0.10790918
-0.06081434
-0.03522893
-0.13422269
-0.09003334
-0.07464674
0.08630616
0.02808997
-0.00378315
0.05859442
0.01631436
0.04267919
0.07626811
0.05426941
0.02505659
-0.02336792
-0.00803897
-0.06403180
0.00356560
-0.00744108
-0.01318413
0.02039321
-0.03455048
0.05935926
-0.01324637
0.02906127
-0.01303596
0.01784335
0.02885092
0.04857864
0.00281098
-0.04941113
0.00296245
0.03953318
-0.00501630
-0.02309716
0.04214391
-0.00724500
-0.06273825
0.05760359
0.03688363
-0.02593745
-0.04162509
0.02466748
0.05183132
-0.00716525
-0.02390408
0.01542672
-0.02403872
-0.04298861
-0.04473471
-0.08602617
-0.06441150
0.03683972
0.06723991
0.03474716
0.03339163
0.01690229
0.02117897
-0.00979267
-0.06495166
0.03944214
-0.02817265
-0.04195998
-0.02627006
-0.03734282
0.08074469
0.00412574
0.06618989
-0.06950179
0.00731231
-0.02171666
-0.02882968
-0.01965895
-0.04514962
-0.03200748
0.04760516
0.08548592
-0.02982893
0.01533568
0.00553775
0.06122839
0.04923085
-0.03486167
-0.02379655
0.04292674
0.09104278
-0.00539398
0.02028813
-0.01481963
-0.05358935
0.01487482
-0.00502744
0.08951832
-0.01188574
0.00785826
0.01348158
0.06821685
-0.01751794
-0.00911026
-0.01777544
-0.05900608
-0.01464724
0.08514939
0.02348278
0.00723676
-0.01061246
0.02002705
-0.02663404
-0.03923777
-0.09956394
-0.04421292
-0.04765845
-0.04073501
0.04406238
0.02709726
-0.06804892
-0.00609756
-0.03488874
-0.00185203
0.08358188
0.00371669
0.00035229
-0.00742619
0.08003589
-0.03041095
-0.02433097
0.06209341
0.00595879
-0.00074642
-0.00243905
0.05432354
0.06872393
-0.01348839
0.07624980
-0.05208771
-0.05694406
-0.03227377
0.05637108
-0.05261401
0.00593176
0.01852693
0.04455261
0.00158155
-0.03446322
-0.03799298
0.06962129
-0.04836063
-0.06979605
-0.00369196
-0.04899590
0.00809276
0.02356638
0.08040490
0.07896789
0.01599017
-0.02464480
-0.05234551
0.05473955
-0.04096354
-0.02460944
0.05191575
0.01288711
-0.04143909
0.04939818
-0.00497883
0.04744962
-0.00474193
-0.00313529
0.07887758
-0.10864668
0.00923307
0.01349204
-0.05136116
-0.02243556
-0.05196920
0.06532694
-0.03942886
0.05414476
0.11680367
0.04913520
0.05300640
0.08292845
-0.03049546
0.02708368
0.00378442
0.00524983
-0.03953053
-0.00303551
-0.13904788
-0.00863282
-0.04232776
0.03001557
0.05259907
0.02496764
0.01111292
-0.04154189
-0.03094454
-0.02541522
-0.04009435
-0.02324010
0.02034045
-0.01767545
-0.04603522
0.05183814
-0.00058720
-0.06642634
-0.05551386
0.04214435
-0.00265489
-0.08962997
0.00713354
-0.04134660
0.00370090
-0.00081005
-0.01995059
-0.01301110
-0.01550010
0.01938109
-0.05520545
-0.03382967
0.00647930
-0.03522696
-0.04407683
0.00708458
0.03838560
0.03251282
0.04551009
0.01661678
-0.04018659
-0.02681766
0.10546976
0.01373581
0.03609733
0.00983239
0.06011899
-0.07989869
-0.09126870
-0.02190091
-0.03524445
0.03970001
-0.18214019
-0.03490948
0.00102280
-0.05234413
0.06918954
0.08818477
-0.04088623
-0.01876889
0.04743861
-0.07489534
-0.01370249
-0.07738549
-0.01223786
0.06342106
0.05018245
-0.06883411
0.00324332
0.00418569
0.01262433
-0.03090627
-0.01445565
-0.06205375
-0.01828940
-0.03744975
0.01320235
0.03810113
-0.04785953
-0.00951962
-0.02955338
-0.02764939
-0.01025499
-0.01505434
-0.02376630
-0.02264386
0.01354104
-0.03082850
-0.00690809
0.03044661
0.01640643
0.04335930
0.07246047
-0.00756575
-0.03712793
-0.07902651
-0.05301636
0.05256670
0.07064962
0.03737856
0.00522467
0.05694550
-0.01153485
0.00092447
-0.03351973
0.04007056
-0.00208367
-0.02860321
0.02463661
-0.03361984
-0.02547923
-0.01023658
-0.05168059
0.04619485
-0.00625696
