-0.00119457
-0.00863483
0.01607776
0.01829292
-0.00464339
-0.00375568
-0.00728380
0.01354779
-0.02556151
0.00051490
0.02019628
-0.01183501
-0.00269822
0.00004453
-0.01813889
0.02085551
-0.00582862
0.01373545
-0.03347866
0.00979415
0.00298327
0.01678165
0.02278617
0.03861117
-0.00409161
-0.04008844
0.00445841
-0.02512965
-0.00893613
0.00157599
-0.03600556
0.03077545
0.03841912
-0.00374778
0.00235518
-0.00247945
0.03377585
0.01618780
0.01604428
0.03624082
0.00373382
0.01579732
0.08539115
0.02640722
0.01246600
0.00814611
0.00292306
-0.00032367
0.00987839
0.01073177
0.04582217
0.00503720
0.04796467
-0.00607986
0.03297562
-0.00284878
0.01175025
0.02631856
0.50108773
-0.00550979
-0.00262915
-0.00689607
0.01002160
-0.02858793
-0.01607548
0.06300636
-0.02428007
0.00847615
-0.08785827
0.00910281
0.01054389
-0.00923517
-0.02201398
-0.00352986
-0.03506257
0.02694833
0.02187056
-0.02429394
-0.00320161
-0.13247715
-0.01613067
0.00225502
-0.01305432
-0.01532603
0.02379019
0.00192066
-0.00948244
-0.01791100
0.00574979
-0.04337249
-0.00844439
0.02644799
-0.02773337
-0.00142415
-0.00456301
0.00789003
-0.00837507
-0.01904429
0.00035057
0.01695854
0.00334152
0.03112218
-0.03067469
0.00345721
-0.01131981
0.03908055
0.02528618
0.00432831
-0.00336348
0.02083231
0.00547149
0.02244656
0.02665499
-0.00861264
-0.00376919
0.01778945
0.00366896
-0.01350432
-0.01286621
-0.00573148
0.00801526
0.01473261
0.02320844
-0.01433124
0.01926705
0.00008283
-0.04786532
-0.00567491
0.00301057
0.05309261
0.04604986
0.03087785
0.01615675
0.02070938
0.00254871
-0.00640345
0.05095602
-0.00412666
-0.02921742
-0.00065686
0.00599452
0.02274274
0.00371195
-0.01143069
0.03324455
-0.10111906
0.02852475
-0.01458089
-0.01823291
-0.00194040
0.02383826
0.00499582
-0.00121035
0.02837349
0.00740219
0.00112596
-0.01835356
-0.01814454
0.03075016
0.01933807
-0.03741896
0.04853607
-0.05959237
-0.01664325
0.01032004
0.03396876
-0.00922938
-0.03317288
0.01429509
-0.00512178
-0.01220350
-0.01352951
0.01034622
0.00340029
0.01726257
-0.00144900
-0.00372074
0.02460938
-0.05307202
0.01731479
0.00923344
-0.00298236
0.00786109
-0.01261046
0.03728119
-0.13850549
0.12313509
0.03526729
-0.00217972
0.01771229
-0.05006432
-0.02948086
-0.01547561
0.04678389
-0.04498088
0.01401539
0.09922206
0.00401722
0.02307512
-0.01120545
-0.07057916
-0.02119146
0.09187410
0.02452797
-0.00079598
0.00786636
-0.00074712
0.01390119
-0.02593295
0.04156802
0.00087870
-0.02225835
-0.01008701
0.01268469
0.02252059
-0.00933207
-0.01350110
0.03478795
0.01139212
0.01852045
-0.00043227
-0.72119379
0.02323166
0.04464461
0.02606938
0.01759572
0.05016420
-0.00093590
0.03448565
0.03503309
-0.02465855
0.00802022
0.04977056
-0.01271098
-0.02551725
-0.00639463
0.04171959
-0.02012694
0.01134474
-0.01985990
0.02128068
-0.03429366
0.08105416
0.01835446
-0.03077453
-0.02695725
-0.01222889
-0.01912167
0.02471267
0.01787044
-0.00777136
0.01056072
0.01320346
0.02802808
0.02014111
0.01130217
-0.12122913
0.10776724
0.10149135
-0.08366995
0.07181583
-0.13039342
0.07496753
-0.16175354
-0.07372180
0.09821675
-0.13322341
-0.06720587
-0.04274527
-0.01842224
-0.00139039
0.06484582
-0.09030742
0.01690893
0.15355274
0.02366201
0.10175090
-0.01415231
-0.10398094
-0.02109081
0.01091684
0.05325558
0.14950714
0.08363564
-0.07264310
0.00716575
-0.08971240
0.04430219
0.02501044
-0.05370142
-0.07114419
-0.00682495
0.00248838
-0.17845738
0.14278710
0.05781431
-0.07018317
-0.03832011
0.10675549
0.08642472
0.06455106
-0.06299746
0.73736602
0.07991541
-0.03409950
-0.08956990
-0.06436582
-0.03960432
0.08094499
0.13757235
-0.08368025
0.07192255
-0.01133155
-0.06997629
0.02407482
0.15648137
-0.01057182
0.09650714
0.00001190
-0.13012737
0.00303442
-0.02854203
0.01619464
-0.00028862
0.04239029
-0.01701329
0.01574051
0.02534335
-0.04021764
0.00724017
0.04767122
0.06042931
0.03761350
-0.02038389
0.05511153
-0.04871556
-0.07405408
-0.03381806
0.03321535
0.00223290
0.02434873
0.01327765
0.03653771
-0.04521948
0.05157944
0.10621390
-0.04819435
0.00685380
0.03144887
-0.08647513
-0.05520198
0.04254204
0.00862464
-0.01676521
0.06288541
0.07184806
-0.02369307
-0.01688574
-0.03531438
0.05215746
-0.11090281
0.00762865
-0.01401620
-0.06346069
0.01655999
0.01068939
-0.02071190
-0.04849625
0.04876964
-0.02035786
0.01388307
-0.01332807
-0.09626797
-0.04341704
0.03571688
-0.01878896
0.05284897
0.02237754
-0.02803785
-0.01605318
0.00637280
0.02019343
-0.12250002
0.01116388
0.01314253
0.01275199
0.06425495
-0.03366437
-0.05758662
0.02774340
-0.03961908
-0.03491035
-0.07648162
-0.00388521
0.05430980
0.04674584
-0.00830931
-0.05204784
0.01511777
-0.00353260
-0.01394447
-0.04856168
0.09674261
0.00645146
-0.04326821
0.01861998
-0.00975488
-0.04967437
0.00773946
-0.01755563
-0.01294976
-0.02021457
0.03446483
-0.00761891
0.03194546
0.00158730
-0.03634757
0.04122150
-0.00838888
0.01828646
0.05716294
0.00880773
-0.11202285
0.03723894
0.00544973
0.04756830
0.01767803
0.01564640
0.00428826
-0.03558146
0.03472651
0.03495358
-0.06439593
-0.05143274
-0.02645652
-0.04336591
-0.03575124
-0.11390696
-0.07363924
-0.00826919
0.04827986
0.02655616
0.01170854
0.00655084
-0.05428362
-0.02379947
0.02110957
-0.03544912
0.03851653
-0.04963851
0.00734202
-0.02420121
0.12810104
-0.06059223
-0.04193707
0.05318920
-0.05313633
-0.02050003
-0.02497222
0.02006159
-0.14024921
-0.00760913
-0.01259174
-0.01106156
0.01673449
0.00350521
-0.00456467
-0.03177381
-0.01664915
0.05011925
0.00251819
-0.03286022
0.00833390
-0.01498251
0.13851030
-0.03016668
0.01893663
-0.04881772
0.01242770
-0.03048833
0.04551428
0.02994787
-0.03701449
-0.03272037
0.03500412
0.02097883
0.03409785
-0.04523594
0.06005170
-0.01404531
-0.01214523
0.08096474
0.03248936
-0.01765235
0.01158863
0.01219059
0.10884354
-0.00040125
-0.03197243
-0.00093394
-0.05702111
-0.00415202
0.00106417
-0.02600035
-0.00714554
-0.02614292
-0.01169143
0.00244733
0.01830534
0.09221836
-0.01335035
-0.00524689
0.00919993
-0.03460356
-0.04088510
-0.03178360
-0.06525899
-0.00520821
-0.03301864
0.01155083
0.05897231
0.13702728
-0.08026481
-0.00534779
0.06195254
-0.00165975
0.00776169
-0.00336945
0.19863439
0.01334809
0.01254767
0.04045813
-0.10017495
0.02172743
-0.00518853
-0.00793363
0.05904427
0.01361854
-0.02069692
0.00278455
-0.01767543
0.00758682
0.02448250
-0.05112632
-0.02070743
0.09104490
0.01597182
0.05382688
-0.06349311
0.06814107
0.01477518
-0.01011743
-0.02392771
-0.01586642
-0.03941737
0.04847046
-0.00517310
0.03992777
-0.02142302
-0.00641089
0.02662152
0.01563337
0.10130843
-0.03584035
-0.01177106
0.04841208
0.03156760
-0.05257585
-0.00879723
0.05359202
0.03510255
-0.06714799
0.02877217
0.03472714
0.00708955
0.05465478
-0.01861536
0.01518655
0.06315018
-0.03657098
0.02060194
-0.00494736
0.01013845
-0.05252410
-0.00328579
-0.02265865
-0.02979166
-0.04337745
-0.05130682
0.01990040
-0.03418338
0.01000588
-0.03249133
0.01252445
0.00619192
-0.02839246
0.01615337
-0.04366031
-0.02466002
0.02196363
0.10703940
0.04159697
-0.06477409
0.00983446
0.00706196
0.04245029
0.07459027
0.00718821
0.01362306
0.00445021
0.01488080
-0.07908478
-0.02987323
0.01568165
-0.03110137
-0.00700985
-0.01663020
0.02042823
-0.00452253
-0.05365987
-0.02790425
0.05387276
-0.00541003
0.01748190
-0.04029033
-0.07560521
-0.02792630
-0.00350134
-0.01206123
-0.03359473
0.02422274
0.04413271
-0.04295072
-0.01949015
-0.03039402
0.00893979
0.02936374
-0.00301858
0.06841411
0.01117976
0.07652497
0.04056282
-0.02970814
-0.00091598
-0.00566949
0.01013668
-0.01085647
0.06621411
-0.00203304
-0.05507990
0.00340422
0.05873483
0.03573447
0.03247982
0.05837143
-0.03781079
0.01792928
0.05173147
0.07836307
0.01813822
-0.11158252
0.02916449
0.05178730
-0.05570253
0.00213823
0.08604862
0.03472843
0.04024152
0.06232762
-0.04204897
-0.03504949
0.02449130
0.03631498
-0.01547777
-0.02420623
-0.00176611
0.00514443
-0.01023978
-0.00941788
-0.07894539
-0.05462751
-0.01628975
0.06776186
-0.05669498
0.00758072
0.03689792
0.00173958
0.05348675
-0.02098474
0.02511312
-0.00586461
-0.04378519
-0.00766457
0.03152328
0.06705922
0.03881180
-0.07487143
-0.03362549
-0.02107293
-0.07201125
0.07156845
0.06519153
-0.00125247
0.01171565
0.03022171
-0.03206104
-0.01144476
0.02009686
0.05080141
0.04936590
0.13789886
-0.02009996
0.06803639
0.05240764
-0.03877448
-0.00133273
0.02091389
0.00348351
0.01007842
0.03140246
0.01060992
0.04595368
0.07368393
-0.03000137
0.03343260
-0.02767791
0.02373271
0.03784950
-0.05411001
-0.05671386
-0.04022181
0.02476316
-0.03102176
-0.01449943
-0.03828557
-0.00416851
0.01662765
0.07504088
-0.06396186
-0.00429305
0.00605607
-0.00346875
0.06569041
0.03277345
0.06057664
-0.04046141
0.05204880
0.02700658
0.05669054
0.04000051
0.04580718
0.06326894
-0.02642858
0.01929881
-0.03666998
0.04068810
-0.03235014
0.04008956
0.04390701
0.07371052
0.03314357
0.02657437
0.00186238
0.04258904
-0.02687764
-0.07692540
-0.00398422
0.02295088
0.01170314
-0.14692703
0.04065607
-0.02392504
-0.00106891
-0.02437227
-0.01106226
0.01385082
0.01425457
0.05456528
-0.01288021
-0.00370040
-0.01172810
-0.12740755
0.03688745
-0.01032124
0.14626637
0.01287782
-0.01266472
0.01763093
-0.07918838
-0.02278727
0.04489034
0.03030198
0.05071596
0.00197196
0.00762588
0.05044460
-0.01585501
0.04438942
-0.05273854
-0.05577242
0.02646967
0.03785018
0.03053117
0.00259202
0.00455465
-0.01327480
0.00525474
-0.00330842
0.01265370
-0.02183435
0.01780877
-0.01900680
-0.07874044
0.05277204
0.01996803
0.07600896
0.02211929
-0.03843717
0.06045227
-0.00215435
0.01152739
0.02640231
-0.03255663
0.03650170
-0.01613189
0.03996466
0.01719075
0.03055895
-0.05158513
-0.05151992
0.03556338
0.02903653
