0.0554340668022633
0.0243752058595419
-0.0374379381537437
-0.0861391201615334
0.0285060834139585
0.0332617759704590
0.0326138883829117
-0.0720659494400024
0.0408015064895153
-0.0313675403594971
0.0846556872129440
0.0489510744810104
0.0175992436707020
-0.0042757829651237
-0.0590090565383434
-0.0344884954392910
-0.0673768892884254
0.0490598902106285
0.0818064436316490
-0.0188701208680868
0.0009550452232361
-0.0026546942535788
-0.0791137292981148
0.0652256831526756
-0.0063726012594998
-0.0458619631826878
0.1164624392986298
0.0664891973137856
-0.0380127541720867
0.0550661012530327
-0.0518037527799606
0.0632071718573570
0.0296222716569901
0.0032032241579145
-0.0036237901076674
-0.0503822192549706
0.0008582752780057
-0.0110143944621086
-0.0240048319101334
0.0452054664492607
-0.0577035099267960
0.0311153288930655
0.0195176508277655
-0.0194721259176731
0.0591089800000191
0.0636042207479477
-0.0006364011205733
-0.0258008353412151
0.0730773061513901
-0.0131707955151796
0.0056650540791452
0.1179237291216850
0.0641034916043282
0.1150527223944664
-0.0431735888123512
-0.0627583712339401
0.0058864019811153
0.0362518131732941
0.0751534402370453
0.0869448930025101
0.0555993095040321
0.0068510840646923
-0.0991217121481895
-0.1178291812539101
0.0283144786953926
-0.0577548071742058
-0.0350359790027142
0.0652180761098862
0.0583819486200809
-0.0693764612078667
0.0703905373811722
-0.0453640259802341
0.0659791454672813
-0.1192925125360489
0.0542201288044453
0.0672874003648758
-0.0754501968622208
0.0182654950767756
0.0061989477835596
-0.0166528727859259
-0.1336358189582825
0.1001566573977470
-0.0437505319714546
-0.0582332536578178
0.0594091936945915
0.0120050776749849
0.0492809265851974
-0.0278608556836843
-0.0582102537155151
0.0114409094676375
0.0490295737981796
0.0201972573995590
0.0009776771767065
0.0565213412046432
-0.0284270998090506
-0.0746499598026276
0.0226519089192152
-0.0648493170738220
0.0277357604354620
-0.0139176594093442
0.0720732808113098
0.0116945924237370
-0.0316214412450790
-0.0938009545207024
0.0183179154992104
0.0792794674634933
-0.0110535928979516
0.0824843645095825
0.0323118083178997
0.1046494245529175
0.0696038007736206
0.0296668838709593
-0.0530775003135204
0.0200381744652987
-0.0874284058809280
0.0912631377577782
-0.0694131255149841
0.0914429649710655
-0.0741763934493065
-0.0217375177890062
-0.0653636157512665
0.0633694231510162
0.0342592820525169
-0.0095162689685822
-0.0642111077904701
-0.0816896408796310
0.1166495233774185
0.0463720560073853
0.1075977087020874
0.0713317096233368
0.0479779057204723
0.1139167174696922
0.0702888593077660
-0.0035088940057904
0.0598829463124275
0.0305185802280903
-0.0578827112913132
-0.0739924907684326
-0.0595295503735542
0.1114136204123497
-0.0066348235122859
0.0207176450639963
0.0705634206533432
-0.1002272814512253
0.1327558904886246
0.0200871899724007
0.0342084243893623
0.0103197032585740
0.0357827581465244
0.0223465692251921
-0.0568529628217220
-0.0033252257853746
0.0483602695167065
-0.0576152913272381
0.0940729826688766
0.0344931595027447
-0.0919963940978050
0.0782126337289810
0.0051226210780442
0.0250578187406063
-0.0214772783219814
0.0899869054555893
-0.0762925371527672
0.0334329567849636
0.1024241447448730
-0.0202967971563339
0.0326321646571159
0.0923510119318962
0.0404049269855022
0.0698223188519478
-0.0321655161678791
-0.0267266817390919
-0.0337703898549080
0.0823490694165230
-0.0052271005697548
0.0703748688101768
-0.0079248100519180
0.0617314800620079
0.0596090108156204
0.0411773435771465
-0.0506972521543503
0.0536738559603691
0.0102915205061436
0.0844148844480515
0.1325243562459946
-0.0668754503130913
0.0404179058969021
-0.1234478801488876
0.0307186692953110
-0.0130508812144399
-0.0724960491061211
-0.0683178454637527
0.0184316523373127
-0.0577509552240372
-0.0143509116023779
-0.1460486650466919
-0.0391575470566750
0.0574282705783844
0.0766049399971962
0.0479162298142910
-0.0581045486032963
-0.0370479859411716
0.0861203670501709
-0.0581717640161514
-0.1121533662080765
-0.0141815356910229
-0.0278693716973066
-0.1399672329425812
-0.0033428173046559
0.0306408796459436
0.0761554613709450
0.0578479021787643
0.0566917471587658
-0.0197697877883911
0.0087142931297421
0.0296528879553080
0.0471233911812305
-0.0002270073018735
0.0269780699163675
0.0019491434795782
0.0399197041988373
-0.0995057895779610
0.1192332133650780
0.0126270838081837
0.0390313081443310
0.0869187861680984
0.0026146408636123
-0.0197111815214157
0.0461606793105602
-0.1035209000110626
-0.1131944656372070
0.0657720416784286
0.0100888656452298
-0.0314862690865993
-0.0839504078030586
0.0728172659873962
0.0049886740744114
-0.1399346739053726
-0.0393191762268543
-0.1244165599346161
-0.0210791826248169
0.0795567780733109
-0.0674620047211647
0.1017071679234505
0.0418297126889229
0.0956616252660751
-0.0850942432880402
0.0547780655324459
-0.0863251611590385
0.0264234896749258
-0.0760600343346596
0.0795567333698273
0.0784793943166733
-0.0556616894900799
-0.0279229562729597
-0.0650396347045898
-0.0357670933008194
-0.0257496349513531
-0.1401151865720749
-0.0422179438173771
0.1238863244652748
-0.1567978560924530
0.0193695556372404
0.0933035612106323
0.0585791356861591
0.0763216316699982
-0.1468470990657806
-0.0047826864756644
0.0851386189460754
0.1491778045892715
-0.1163733527064323
-0.0192762911319733
-0.3247017264366150
0.0347615480422974
0.0271349977701902
-0.2501078546047211
-0.1365093886852264
0.0191009975969791
0.0654027014970779
-0.0539005063474178
0.0147885959595442
-0.1071281284093857
-0.2183938920497894
-0.1520476937294006
-0.0241850111633539
-0.0667684897780418
-0.0635031387209892
0.0293661914765835
-0.0729914903640747
-0.1148655191063881
-0.2004041522741318
-0.0342901721596718
0.0955803319811821
-0.0130657609552145
-0.0980044379830360
-0.1993176341056824
-0.0509117059409618
-0.0039595183916390
-0.0419395416975021
-0.0435815714299679
-0.0386435277760029
0.0603262074291706
0.2112864702939987
-0.3180079460144043
-0.0491704568266869
0.0923011451959610
-0.1184648796916008
0.0264455247670412
0.0646149367094040
-0.0617092326283455
-0.0270212050527334
-0.2172658294439316
0.1122189611196518
0.0158374588936567
-0.2002817988395691
0.0737161338329315
0.0010606030700728
0.3763966560363770
0.0117095038294792
-0.0857282504439354
0.0872097909450531
-0.0837806761264801
0.0308251455426216
0.0475338548421860
0.0267860013991594
0.0070475498214364
-0.0221111942082644
0.0072479504160583
0.0547573417425156
0.0513241589069366
0.0098796803504229
-0.0576260276138783
0.0244139656424522
0.0996385440230370
-0.0404150038957596
0.0036574208643287
-0.0391309149563313
-0.0133743388578296
0.0099522471427917
-0.0254627969115973
-0.0456481799483299
0.0075771859847009
0.0289527997374535
-0.0547576397657394
-0.0092782881110907
0.0617544576525688
-0.0490750819444656
0.0468499027192593
-0.0507054626941681
0.0353922471404076
0.0049399174749851
0.0481714345514774
0.0013808528892696
0.0836963057518005
0.0027444448787719
0.0790772214531898
-0.0380643680691719
0.0400081984698772
0.0138418069109321
-0.0262801758944988
-0.0164223778992891
-0.0542444437742233
0.0625109896063805
0.0199083853513002
-0.0632820352911949
-0.0401964411139488
0.0068673053756356
0.0228746142238379
-0.0389222092926502
0.0763270854949951
-0.0602802596986294
-0.0482061095535755
0.0561058744788170
0.0037081502377987
-0.0341634303331375
-0.0580203048884869
0.0029232040978968
0.0062200152315199
-0.0464462265372276
-0.0220686681568623
0.0143107837066054
0.0111005743965507
-0.0016304183518514
0.0004783383046743
0.0021468077320606
-0.0815706700086594
0.0436363331973553
-0.0388935320079327
-0.0572238229215145
0.0096179367974401
0.0014133735094219
-0.0303517114371061
-0.0367221869528294
0.0427362695336342
-0.0478037893772125
0.0129140391945839
0.0704685151576996
-0.0523954853415489
0.0527609959244728
0.0045938836410642
-0.0073677040636539
0.0776429697871208
0.0279654636979103
-0.0460640825331211
0.0566123947501183
-0.0364777818322182
0.0339016951620579
0.0043182573281229
0.0277963802218437
-0.0167670194059610
0.0545169077813625
0.0211550742387772
0.0409930422902107
-0.0558246076107025
-0.0764220952987671
-0.0182857438921928
-0.0411502942442894
0.0175109729170799
0.0108147412538528
-0.0547725036740303
0.0035619852133095
0.0324029102921486
-0.0221004616469145
-0.0086707537993789
-0.0132198445498943
0.0180379338562489
0.0847436711192131
0.0868308022618294
0.0232127979397774
-0.0863347649574280
-0.0257210191339254
0.0113139450550079
-0.0396916233003139
-0.0941402837634087
-0.0427664034068584
-0.0383608750998974
0.0141967823728919
0.0367164947092533
-0.0858713388442993
-0.0158671028912067
-0.0297906417399645
0.0955450609326363
0.0010635706130415
0.0010391022078693
0.0192780308425426
-0.0003280760720372
0.0088314069435000
-0.0836119949817657
0.0192483346909285
0.0636028870940208
0.0099466629326344
-0.0048942812718451
-0.0343709923326969
0.0393672846257687
0.0387480743229389
0.0494566932320595
-0.0431222766637802
0.0562078505754471
-0.0408863127231598
-0.0471997708082199
0.0154274571686983
-0.0360738560557365
0.0290673524141312
0.0100092627108097
-0.0569090731441975
0.0427451506257057
-0.0699943006038666
-0.0426399894058704
-0.0496230870485306
-0.0021356919314712
0.0297844745218754
-0.0266381781548262
0.0092472173273563
0.0052675567567348
0.0453417971730232
0.0524707883596420
0.0281243920326233
-0.0646407753229141
-0.0626337677240372
0.0565574690699577
0.0402505509555340
0.0215328764170408
-0.0567402839660645
-0.0505385547876358
-0.0829998254776001
-0.0751835107803345
0.0023409591522068
0.0323608741164207
-0.0150141734629869
0.0746001973748207
-0.0247615538537502
-0.0798822492361069
0.0331573113799095
-0.0104655791074038
0.0468996949493885
0.0583616159856319
-0.0019328359048814
-0.0572205372154713
-0.0117188906297088
-0.0735464170575142
0.0628583729267120
-0.0284213125705719
-0.0787751451134682
0.0171313825994730
-0.0201935879886150
-0.0302214864641428
0.0597063340246677
0.0792945250868797
-0.0164671577513218
-0.0846823751926422
0.0027743079699576
-0.0436712279915810
0.0608821436762810
0.0273018069565296
-0.0077906670048833
0.0578661449253559
-0.0007410253747366
-0.0144042223691940
-0.0380787923932076
-0.0029313145205379
-0.1004292890429497
0.0837197825312614
-0.0490811690688133
0.0514837242662907
-0.0346869826316833
-0.0428454354405403
-0.0777298882603645
0.0305426567792892
-0.0121561205014586
-0.0626617521047592
0.0525062158703804
-0.0255387891083956
-0.0574125573039055
-0.0682757645845413
-0.0595372729003429
-0.0367630273103714
-0.0356354042887688
0.0377337522804737
-0.0416371636092663
-0.0433568917214870
0.0245736483484507
-0.0104669425636530
0.0893607214093208
-0.0293111503124237
0.0429878719151020
-0.0230180136859417
-0.0225502029061317
-0.0514025762677193
0.0028523372020572
-0.0334560424089432
0.0095124784857035
0.0248133279383183
0.0215354412794113
0.0327295511960983
-0.0290248114615679
0.0461810156702995
-0.0477716885507107
0.0116857551038265
0.0608750283718109
-0.0300110355019569
0.0155862830579281
-0.0426511503756046
-0.0123762059956789
0.0530353561043739
-0.0539836809039116
-0.0293862223625183
-0.0922482684254646
-0.0516661256551743
-0.0093340845778584
0.0731443390250206
-0.0071975700557232
-0.0617206655442715
0.0153953796252608
0.0063896770589054
-0.0191812105476856
0.0300690736621618
0.0511254668235779
-0.0566417574882507
-0.0284421388059855
-0.0249126981943846
0.0124300830066204
-0.0116704963147640
0.0650310888886452
-0.0373848304152489
-0.0324440933763981
0.0277416631579399
-0.0332032367587090
0.0094525739550591
0.0003885273763444
-0.0021687773987651
0.0267581548541784
0.0366994850337505
0.0243129376322031
-0.1031996384263039
-0.0000309980750899
-0.0152933420613408
0.0415464118123055
0.0084323398768902
-0.0436644665896893
0.0116273174062371
-0.0629701986908913
0.0924777090549469
-0.0360497571527958
0.0204089861363173
-0.0784873738884926
-0.0230005327612162
-0.0118785873055458
-0.0509578883647919
0.0528855323791504
-0.0671619921922684
0.0386424362659454
-0.0256541520357132
-0.0031128250993788
-0.0630777925252914
-0.0901877433061600
-0.0338140837848186
0.0508325099945068
0.0025026001967490
-0.0444148257374763
-0.0549589619040489
-0.0081083187833428
-0.0717180594801903
0.0213332176208496
0.0189763531088829
0.0540658831596375
0.0300931967794895
-0.0371870249509811
0.0022352396044880
0.0011804128298536
0.0026655879337341
0.0663039311766624
-0.0329607091844082
0.0198625568300486
-0.0401418879628181
0.0442628748714924
0.0324366837739944
-0.0137170562520623
0.0655758306384087
0.0123352697119117
-0.0010164104169235
0.0887130275368690
-0.0496483258903027
0.0453923679888248
-0.0325412265956402
0.0010342190507799
-0.0029684877954423
0.0033089553471655
-0.0838450416922569
0.0396969839930534
-0.1119228079915047
0.0647383257746696
-0.0237944833934307
0.0285102035850286
0.0306799896061420
0.0638515949249268
-0.0494668371975422
-0.0247537307441235
0.0127446483820677
0.0182084906846285
-0.0383650064468384
-0.0345258004963398
0.0353001356124878
-0.0147782145068049
0.0258691124618053
0.0409470312297344
-0.0070727504789829
0.0372603312134743
0.0062446747906506
-0.0474132187664509
-0.0519440993666649
0.0229124166071415
-0.0294777043163776
0.0265139751136303
-0.0390307530760765
0.0393362790346146
-0.0300176925957203
-0.0766578838229179
-0.0229523498564959
0.0071768765337765
0.0220849923789501
-0.0010065393289551
0.0176344998180866
0.0329079702496529
-0.0589925460517406
-0.0768010392785072
-0.0454674586653709
-0.0550948977470398
-0.0260246098041534
-0.0155387902632356
-0.0304582398384809
0.0269514322280884
-0.0394902713596821
0.0290630348026752
0.0048330924473703
0.0205202251672745
0.0802160650491714
-0.0456563420593739
0.0709603354334831
-0.0892361104488373
-0.0516461245715618
0.0253407601267099
0.0126150511205196
0.0414969474077225
-0.0660222768783569
-0.0572283044457436
0.0491965077817440
0.0171161815524101
-0.0518148727715015
-0.0037622069939971
0.0178543515503407
0.0093594081699848
0.0523755289614201
0.0405165776610374
0.0303983427584171
0.0903891026973724
-0.0339706018567085
-0.0646797716617584
-0.0419383682310581
0.0471688844263554
-0.0405793040990829
-0.0269411392509937
0.0078752497211099
0.0045587802305818
-0.0576665922999382
-0.0238952264189720
-0.0031010895036161
-0.0671715810894966
-0.0035978462547064
-0.0297507252544165
-0.0762426778674126
-0.0338084772229195
0.0101707670837641
-0.0009503234177828
0.0857993811368942
0.0402201563119888
-0.0458918325603008
-0.0044783819466829
0.0061675230972469
-0.0642794072628021
-0.0087321558967233
-0.0159962791949511
-0.0275448616594076
0.0605685412883759
0.0007443111971952
-0.0012904454488307
-0.0408310219645500
0.0718644708395004
-0.0356844179332256
-0.0176593475043774
0.0557518638670444
-0.0386299006640911
0.0929840728640556
-0.0096604982391000
-0.0943870991468430
-0.0361866615712643
0.0867110863327980
0.0035068960860372
0.0228695906698704
-0.0492558777332306
0.0384916067123413
-0.0155593510717154
0.0036411138717085
0.0073882518336177
-0.0536670014262199
0.0771446749567986
0.0397739447653294
0.0044649448245764
0.0190508235245943
0.0337820202112198
0.0326222777366638
-0.0470672510564327
-0.0354792997241020
0.0523591041564941
-0.0245422944426537
0.0251988433301449
-0.0660018697381020
0.0612766258418560
-0.0125646134838462
0.0484783127903938
0.0004804805212189
0.0502056330442429
0.0451014302670956
-0.0279667600989342
0.0018597105517983
-0.0062348153442144
-0.0316245742142200
0.0491885244846344
-0.0111840944737196
0.0060490611940622
-0.0142126008868217
-0.0455291047692299
0.0105625940486789
-0.0400055125355721
0.0122814932838082
-0.0373887568712234
0.0598577670753002
-0.0565679781138897
0.0957614481449127
0.0679259598255157
0.0238366574048996
-0.0018758934456855
0.0555898360908031
-0.0389406867325306
-0.0623525977134705
0.0100253280252218
-0.0007321105222218
0.0190232899039984
-0.0328683964908123
0.0600159950554371
0.0226087737828493
-0.0745982453227043
-0.0322559326887131
-0.0262191481888294
0.0373536124825478
0.0611438117921352
0.0235796943306923
0.0378878004848957
-0.0632672309875488
-0.0963483899831772
0.0564871244132519
0.0126750208437443
0.0467401370406151
0.0732610896229744
0.0246444251388311
-0.0073639405891299
-0.0196626782417297
-0.0418790541589260
0.0381838455796242
0.0586009360849857
0.0340491570532322
0.0267338864505291
0.0087837819010019
