0.0598630756139755
0.0293615758419037
-0.0397621504962444
-0.0785387828946114
-0.0124560007825494
0.0337874442338943
0.0344809517264366
-0.0389224477112293
0.0136542059481144
-0.0299935117363930
0.0211411919444799
0.0668474137783051
0.0076407254673541
-0.0081975711509585
-0.0727273747324944
-0.0139518240466714
-0.0329756960272789
0.0367048271000385
0.0840463340282440
-0.0675424933433533
-0.0155522320419550
-0.0044653913937509
-0.0374740064144135
0.0810483694076538
0.0090860920026898
-0.0064583811908960
0.0992978587746620
0.0046724635176361
-0.0315815657377243
0.0653370544314384
-0.0725435093045235
0.0393998846411705
0.0466495528817177
-0.0697083771228790
-0.0326597131788731
-0.0146323842927814
-0.0378928631544113
-0.0499690063297749
-0.0207578986883163
0.0502198673784733
-0.0929897874593735
0.0726454108953476
0.0529991202056408
-0.0169857107102871
0.0805067270994186
0.0606731548905373
-0.0063571264036000
0.0235994346439838
0.0282867290079594
-0.0343043319880962
0.0188968796283007
0.1321341246366501
0.0766494497656822
0.0582416094839573
-0.0184463541954756
-0.0543047860264778
-0.0053028264082968
0.0212475359439850
0.0805467888712883
0.1079612672328949
0.0778871998190880
-0.0610287487506866
-0.1121359243988991
-0.1071407794952393
0.0343309156596661
-0.0447949767112732
-0.0340209491550922
0.0748547241091728
0.0520535260438919
-0.1059145703911781
0.0459081381559372
-0.0864353850483894
0.0009833166841418
-0.1051632165908813
-0.0056171454489231
0.0611396357417107
-0.0294950474053621
-0.0028124796226621
0.0663975402712822
-0.0596239343285561
-0.1241882815957069
0.0417240113019943
-0.0282499529421329
-0.0060394704341888
-0.0072055775672197
0.0325042679905891
0.0431165844202042
-0.0083780931308866
-0.0715564042329788
-0.0296763852238655
0.0594425648450851
0.0210395567119122
0.0362656600773335
0.0235243793576956
-0.0600990727543831
-0.1169046387076378
0.0047819209285080
-0.0481351315975189
0.0293489973992109
0.0547455996274948
0.1145111098885536
-0.0057632327079773
-0.0450023449957371
-0.0624178946018219
-0.0950724035501480
0.0829422473907471
-0.0220109783113003
0.0272525157779455
0.0639080032706261
0.0831136032938957
0.0863758921623230
0.0023215087130666
-0.0319829508662224
0.0270712953060865
-0.1051965504884720
0.0933466404676437
-0.0484534241259098
0.0037397893611342
-0.0907013863325119
0.0396482869982719
-0.0313177295029163
0.0665131583809853
0.0197200048714876
-0.0040907100774348
-0.0647803544998169
-0.0863991603255272
0.1082030311226845
0.0318915210664272
0.0529843270778656
0.0159570574760437
0.0343929789960384
0.0943290442228317
0.0540361851453781
-0.0797748118638992
0.1201582029461861
0.0380911454558372
-0.0232346281409264
-0.0605718418955803
-0.0227299313992262
0.0761657357215881
-0.0205750279128551
0.0501288771629333
0.0360082201659679
-0.0599267482757568
0.1096330657601357
0.0452703908085823
-0.0128381587564945
0.0850627794861794
0.0261988155543804
-0.0479544736444950
-0.0060769948177040
0.0301258545368910
0.0563942752778530
-0.0488915778696537
0.1085197404026985
0.0165424570441246
-0.0244531612843275
0.0410147495567799
-0.0295710433274508
0.0373507589101791
0.0200305469334126
0.1077326536178589
-0.0849734395742416
0.0347141958773136
0.0487755611538887
-0.0652101188898087
0.0693120360374451
0.0955498591065407
0.0631505772471428
0.0847077518701553
-0.0765811651945114
-0.0052331490442157
-0.0202437341213226
0.0755765885114670
0.0155072156339884
0.0650494322180748
-0.0250738523900509
0.1117129996418953
0.1113317310810089
0.0038482092786580
-0.0808968096971512
0.0727479681372643
-0.0504078939557076
0.0970648080110550
0.1170504167675972
-0.0709638074040413
-0.0196880139410496
-0.1375559419393539
-0.0194716341793537
0.0383568964898586
-0.0094592915847898
-0.0800948441028595
0.0526732802391052
-0.0946870371699333
-0.0055475686676800
-0.1363682001829147
-0.0297522973269224
0.0557629093527794
-0.0277899000793695
0.0282740611582994
-0.0421775691211224
-0.0418519489467144
0.0799404308199883
-0.0458921380341053
-0.0393201634287834
-0.0045708962716162
-0.0109327500686049
-0.1343168020248413
0.0136862648651004
0.0549813397228718
0.0882549732923508
0.0452112294733524
0.0626930668950081
0.0009873379021883
-0.0565577745437622
0.0303623024374247
0.0834841281175613
-0.0177812445908785
0.0500907488167286
0.0516463778913021
0.0645840093493462
-0.0371785648167133
0.0800522714853287
0.0925008505582809
0.0184273179620504
0.0942584946751595
-0.0263301879167557
0.0028227984439582
0.0718269720673561
-0.0603932216763496
-0.0853256955742836
0.1126152202486992
0.0106598204001784
-0.0609695427119732
-0.1420211195945740
0.0481701456010342
0.0106681603938341
-0.1163137629628181
-0.0317903980612755
-0.1273919045925140
-0.0306653603911400
0.1142670735716820
-0.0971286892890930
0.1052623987197876
0.0006035215919837
0.1005768552422523
-0.0718001127243042
0.1099096164107323
-0.0581360161304474
0.0613022521138191
-0.0320490822196007
0.0374546200037003
0.0274342279881239
-0.0409064218401909
-0.0236552841961384
-0.0853447392582893
-0.0489741340279579
-0.0405209660530090
-0.0556312240660191
0.0001345729106106
0.0078499605879188
-0.1617043316364288
0.1092661321163177
-0.0142999114468694
-0.0556297712028027
0.0777113065123558
-0.0957955718040466
0.1917489767074585
-0.0502011477947235
0.0025405168998986
0.0467882715165615
0.0935758650302887
-0.1927557885646820
-0.0976428762078285
0.0475205890834332
-0.2714732289314270
-0.1067389622330666
-0.0409482493996620
0.1089328080415726
-0.0733635500073433
-0.0057506309822202
-0.0937804430723190
-0.1391987651586533
-0.2426293790340424
0.0778108835220337
-0.1076900586485863
0.0249508060514927
-0.1146141886711121
0.0562917850911617
0.0023282126057893
-0.1178828403353691
-0.0701588466763496
0.1483516693115234
-0.0241581629961729
-0.1388773918151855
-0.2152218520641327
-0.1541912406682968
-0.0243128649890423
-0.0418176874518394
-0.1359999328851700
-0.0901597291231155
0.1690586507320404
0.2193803340196609
-0.2145883440971375
-0.0050803385674953
0.1676011532545090
-0.0265931691974401
0.1246400326490402
0.1095518916845322
-0.2156894654035568
0.0183805786073208
-0.1919104754924774
0.0734360888600349
0.0939116552472115
-0.0848855078220367
0.0733909383416176
0.1471181064844131
0.2743927836418152
0.0815987363457680
-0.2416165769100189
0.0326196663081646
-0.0887952446937561
0.0357650853693485
0.0306292679160833
-0.0213930439203978
0.0870107859373093
0.0200644824653864
-0.0411067903041840
0.0973207131028175
0.0484179891645908
-0.0088600069284439
-0.0346821807324886
0.0482350289821625
0.0274446569383144
-0.0570547915995121
-0.0282608903944492
0.0083290524780750
-0.0031025749631226
-0.0064309765584767
0.0098796263337135
-0.0353903844952583
-0.0603590495884418
0.0112487683072686
-0.0402756519615650
-0.0263058412820101
0.0358229987323284
-0.0210590697824955
0.0351864434778690
-0.0190235301852226
0.0449732206761837
0.0002563206653576
0.0566085241734982
-0.0714079886674881
0.0347698703408241
0.0369663015007973
0.0771440416574478
0.0060593117959797
-0.0103109534829855
-0.0457284785807133
-0.0316344536840916
-0.0113643603399396
0.0109726469963789
-0.0235537923872471
0.0435860455036163
-0.0281163603067398
-0.0063938284292817
-0.0196577049791813
0.0059097576886415
-0.0728798061609268
0.0480112917721272
-0.0435671396553516
-0.0452724955976009
0.0806802287697792
0.0219613742083311
-0.0435371249914169
-0.0255676303058863
-0.0029675259720534
-0.0122654233127832
-0.0275988001376390
-0.0923214629292488
-0.0318123064935207
0.0240809451788664
-0.0596365742385387
-0.0926256701350212
0.0239341687411070
-0.0298400539904833
-0.0292673893272877
-0.0364602021872997
-0.0339633785188198
0.0140815060585737
-0.0076262047514319
0.0439583398401737
-0.0375077091157436
0.0061637815088034
-0.0299266241490841
0.0070613897405565
0.0614508166909218
-0.0730078890919685
0.0099915908649564
0.0193621665239334
-0.0411404035985470
0.1047030016779900
0.0585652962327003
-0.0108671300113201
0.0250674504786730
-0.0422940962016582
0.0468509122729301
-0.0736124664545059
0.0075754071585834
-0.0328442119061947
0.0463056415319443
0.0139055000618100
-0.0051473863422871
0.0086348634213209
-0.0307776331901550
0.0611910857260227
-0.0094510922208428
-0.0105329491198063
0.0609562993049622
-0.0248087719082832
0.0630954131484032
0.0342560037970543
-0.0351362973451614
-0.0036156338173896
-0.0123654808849096
0.0236646104604006
0.0415175147354603
0.0180292893201113
0.0375096611678600
-0.0265840273350477
-0.0410861298441887
0.0248258300125599
-0.0633063241839409
-0.0644302964210510
-0.0870557278394699
-0.0684214606881142
0.0474347732961178
0.0534543171525002
-0.0690960437059402
0.0384662710130215
-0.0143042905256152
0.0898240506649017
0.0018759146332741
0.0096399653702974
0.0121627980843186
0.0801957845687866
0.0206352956593037
-0.0995061546564102
0.0292501412332058
0.0734941586852074
-0.0211633108556271
-0.0038921986706555
-0.0242246519774199
-0.0127567332237959
0.0303109753876925
0.0356254912912846
-0.0190414898097515
0.0711574628949165
-0.0295745171606541
-0.0421360991895199
0.0139274941757321
-0.0212723817676306
0.0120321363210678
0.0039004196878523
-0.0359211526811123
0.0162679087370634
-0.0733036696910858
0.0005395790212788
-0.0110582141205668
-0.0499035902321339
-0.0103053459897637
-0.0445771440863609
0.0621370896697044
0.0229731947183609
0.0385903902351856
0.0224127024412155
-0.0169364009052515
-0.0448050163686275
-0.0436123125255108
0.0327173359692097
0.1020757630467415
0.0987349599599838
-0.0638941228389740
-0.0392847098410130
-0.0947419330477715
-0.0535382516682148
0.0509892776608467
0.0394483022391796
0.0178427249193192
0.0471549034118652
0.0031906527001411
-0.0841826424002647
0.0385095588862896
-0.0483844839036465
0.0500335134565830
0.0622649416327477
0.0426362752914429
-0.0397668220102787
-0.0110295247286558
-0.0535897240042686
0.0464337803423405
-0.0429731868207455
-0.0454988554120064
0.0716556757688522
-0.0111737539991736
-0.0515902079641819
0.0757863894104958
0.0871880576014519
-0.0917120575904846
-0.0965280383825302
-0.0050052469596267
-0.0479961149394512
0.0732212811708450
0.0674619376659393
0.0567720532417297
0.0578166730701923
0.0786075815558434
0.0079788863658905
-0.0296123847365379
-0.0289186183363199
-0.0789123252034187
0.0351001359522343
-0.0547640174627304
0.0671322941780090
-0.0161216352134943
-0.0354060232639313
-0.0522290281951427
0.0354131832718849
0.0126667609438300
-0.0467205420136452
0.0053773312829435
-0.0051519703119993
0.0341879613697529
-0.0433399900794029
-0.0106821237131953
-0.0101202959194779
-0.0460781008005142
0.0311576239764690
-0.0341266952455044
-0.0475930571556091
-0.0319763012230396
-0.0209956560283899
0.0643413066864014
0.0063129924237728
0.0316595770418644
-0.0359341539442539
-0.0164332967251539
-0.0309887062758207
-0.0154484799131751
0.0518122464418411
0.0247215870767832
-0.0293125342577696
0.0720349028706551
0.0223628114908934
-0.0287458728998899
0.0285027436912060
-0.0456848405301571
-0.0094314934685826
0.0505899973213673
-0.0800645202398300
0.0324670560657978
0.0032396344467998
-0.0172295104712248
0.0058082886971533
0.0168626811355352
-0.0320560745894909
-0.0472298264503479
-0.0529506355524063
-0.0166469868272543
0.0536037757992744
-0.0312097165733576
-0.0206613577902317
0.0085424017161131
-0.0151946218684316
-0.0698404535651207
0.0495172180235386
-0.0169111825525761
-0.0147913144901395
0.0040890933014452
-0.0081731863319874
0.0145844919607043
-0.0352081283926964
0.0289274118840694
0.0003756091464311
-0.0282277166843414
-0.0165800489485264
-0.0079152863472700
0.0396783761680126
-0.0029419574420899
-0.0325587615370750
0.0467188321053982
-0.0261209849268198
0.0089114541187882
-0.0526697859168053
-0.0306009538471699
-0.0588680282235146
0.0761999860405922
0.0124844787642360
0.0294461473822594
0.0336161144077778
-0.0371396057307720
0.0880752354860306
-0.0351095497608185
0.0113978441804647
-0.0862118601799011
-0.0152628468349576
-0.0443074405193329
-0.0864348709583282
0.0561628937721252
0.0222463682293892
0.0640302151441574
-0.0738718584179878
0.0607379041612148
-0.0762170255184174
-0.0765628293156624
-0.0050403568893671
-0.0078148599714041
0.0330098643898964
-0.0275562852621078
-0.0026504783891141
-0.0117974318563938
-0.0232408847659826
0.0106685543432832
-0.0131462197750807
0.0372706092894077
-0.0266737286001444
-0.0165622401982546
0.0382965952157974
0.0149043453857303
-0.0244915056973696
0.0675492063164711
-0.0036102917511016
0.0740054473280907
-0.0601993352174759
0.0734947919845581
0.0883937999606133
-0.0433297157287598
0.0423512756824493
0.0994018316268921
0.0028067221865058
0.0517587363719940
-0.0330335199832916
0.0453204140067101
-0.0213837493211031
0.0054970993660390
-0.0566391125321388
0.0513818524777889
-0.0907312110066414
0.0136308064684272
-0.1177878528833389
0.0503405705094337
0.0018425647867844
0.0003631500585470
0.0198317635804415
0.0086088003590703
-0.0433211922645569
-0.0326777137815952
0.0235095992684364
-0.0190520118921995
-0.0333801023662090
-0.0454529412090778
0.0481411255896091
0.0322885140776634
-0.0007661376730539
0.0108911087736487
-0.0194121636450291
0.0431600920855999
0.0799618363380432
-0.0299621671438217
-0.0366309396922588
-0.0061377882957458
-0.0031034166458994
0.0031320212874562
0.0390802882611752
0.0391296371817589
-0.0189960170537233
-0.0536722242832184
-0.0822897702455521
-0.0239951219409704
0.0109514854848385
-0.0064692744053900
0.0212256256490946
-0.0104908691719174
-0.0258694421499968
-0.0251738112419844
-0.0341427028179169
-0.0432052351534367
0.0010826565558091
0.0008420464000665
0.0124618820846081
0.0917422100901604
-0.0156550593674183
0.0269144866615534
-0.0297130681574345
-0.0276336371898651
0.0656158924102783
-0.0616479031741619
0.0187808517366648
-0.0996714830398560
-0.0310983806848526
0.0031262885313481
-0.0372003316879272
0.0921615436673164
-0.0614712126553059
-0.0371238291263580
-0.0013245600275695
0.0032679755240679
-0.0253203511238098
0.0150228086858988
0.0035429948475212
0.0104169687256217
0.0663607046008110
-0.0092979315668344
0.0497262813150883
0.0913629084825516
-0.0530630573630333
-0.0075839241035283
-0.0091872271150351
0.0618533156812191
-0.0676817148923874
-0.0189412180334330
0.0186001695692539
-0.0604917034506798
-0.0740937069058418
-0.0034186406992376
0.0087705766782165
-0.0761386677622795
-0.0035861653741449
-0.0693204030394554
-0.0822813212871552
0.0527780242264271
-0.0004504458047450
0.0228490009903908
0.0364226065576077
0.0213627070188522
0.0033758082427084
-0.0449204184114933
-0.0119664259254932
-0.0721151083707809
-0.0081551680341363
-0.0519720353186131
0.0187567546963692
0.0762755274772644
0.0174652971327305
-0.0028248145245016
0.0060728569515049
0.0696104839444160
0.0002637686848175
-0.0518591962754726
0.0428903698921204
-0.0482276603579521
0.1047165915369987
0.0424820892512798
-0.0657817572355270
-0.0625477731227875
0.0498490445315838
-0.0271726325154305
-0.0014861727831885
-0.0602360628545284
0.0075149354524910
-0.0076271020807326
0.0331760421395302
-0.0111580956727266
-0.0389153212308884
0.0427692532539368
0.0805946290493011
-0.0390674658119678
-0.0314879007637501
0.0061550172977149
-0.0097475042566657
-0.0233255717903376
-0.0437520816922188
0.0455660447478294
-0.0248705726116896
0.0449897758662701
-0.0188047867268324
0.0358071327209473
-0.0245555453002453
0.0226926412433386
-0.0064059691503644
0.0690205171704292
0.0686354860663414
0.0075109414756298
-0.0281791873276234
0.0406254045665264
-0.0525958463549614
0.0544143170118332
0.0397485308349133
-0.0138824628666043
-0.0372232683002949
-0.0320963971316814
0.0191891267895699
-0.0487784668803215
-0.0136053087189794
-0.0825561285018921
0.0238143689930439
-0.0030069646891207
0.0619479157030582
0.0439438074827194
-0.0261050425469875
-0.0260893609374762
0.0557193532586098
-0.0099069876596332
-0.0272915251553059
0.0574314519762993
0.0115512935444713
0.0229288898408413
0.0015742491232231
0.0583512373268604
0.0243877246975899
-0.0206495560705662
-0.0603762231767178
-0.0643096789717674
0.0129331108182669
0.0346619896590710
0.0268766563385725
0.0141658671200275
-0.0733149722218513
-0.0660271197557449
0.0546947345137596
-0.0138670792803168
0.0363269187510014
0.0359917618334293
-0.0364654660224915
0.0169625878334045
-0.0089097851887345
-0.0364917106926441
0.0164616722613573
0.0823279023170471
0.0080775283277035
0.0427665300667286
0.0291910301893950
