-0.0151992486789823
0.0305998940020800
-0.0389894284307957
-0.0891315862536430
0.0422017574310303
0.0287189837545156
0.0815275236964226
-0.0559839457273483
0.0104296971112490
-0.1073535010218620
0.0416255369782448
0.0140064377337694
-0.0009949145605788
-0.0693930685520172
-0.0254821851849556
0.0264270547777414
-0.0237151309847832
0.1020407453179359
0.1008395254611969
0.0229673385620117
0.0292798336595297
-0.0344129614531994
-0.0422089770436287
0.0607235096395016
-0.0029591503553092
-0.1026210039854050
0.1192214936017990
0.0200253818184137
-0.0550897046923637
0.0549108460545540
-0.0217550229281187
0.0442273169755936
-0.0009352420456707
-0.0333546735346317
-0.0302432980388403
-0.0814730599522591
-0.0256792232394218
-0.0066171847283840
-0.0514912419021130
0.0178232304751873
-0.0607865378260612
0.0127109037712216
-0.0253082569688559
-0.0594658404588699
0.0524117238819599
0.0393118336796761
-0.0025539728812873
-0.0094391331076622
0.0889311209321022
-0.0053141922689974
0.0597831122577190
0.1194408237934113
0.0237059388309717
0.1117732077836990
-0.0216859001666307
-0.0780303403735161
0.0156340580433607
0.0507407858967781
0.0469794124364853
0.0801343470811844
0.0127745941281319
-0.0247207116335630
-0.1114925667643547
-0.1030091717839241
0.0530501157045364
-0.0656558722257614
-0.0198121536523104
0.0599542148411274
0.0190006252378225
-0.0597892813384533
0.0465589724481106
-0.0698600411415100
0.0632122084498405
-0.1510890275239944
0.0440606996417046
0.0740408375859261
-0.0984594747424126
0.0586870200932026
-0.0339221842586994
-0.0238272603601217
-0.0869790613651276
0.0583269931375980
-0.0522836297750473
-0.0042973724193871
0.0123454863205552
-0.0078803151845932
0.0669557303190231
-0.0422062166035175
0.0058257491327822
0.0051248418167233
0.0637498572468758
0.0527849607169628
0.0436081551015377
0.0743387788534164
-0.0032894732430577
-0.0706472024321556
0.0402390062808990
-0.0492597185075283
0.0192185249179602
-0.0170502364635468
0.0799959450960159
0.0141576807945967
-0.0117866080254316
-0.0987245962023735
-0.0056890808045864
0.0594456493854523
0.0022911066189408
0.0774705410003662
0.0166079178452492
0.0578804910182953
0.0396935902535915
0.0269585195928812
-0.1399283409118652
0.0193980280309916
-0.0897253900766373
0.0605327747762203
-0.0968424007296562
0.0627342239022255
-0.0183463227003813
-0.0390893258154392
-0.0025977687910199
0.0697997361421585
0.0486513189971447
-0.0064056501723826
-0.0669871196150780
-0.1094709336757660
0.1224256604909897
0.0526986494660378
0.0453853197395802
0.0074112289585173
0.0736019015312195
0.0988013073801994
0.0062320115976036
0.0008439377415925
0.0895996913313866
0.1043239012360573
-0.0712111368775368
-0.0569307841360569
-0.0736756250262260
0.0576979443430901
-0.0226796530187130
0.0455620996654034
0.0373558811843395
-0.1244270876049995
0.1419606357812881
0.0183808114379644
0.0624719560146332
-0.0115820365026593
0.0306987408548594
-0.0175958555191755
-0.0585569329559803
0.0066984985023737
0.0305799506604671
-0.0671694502234459
0.0615870393812656
-0.0290593672543764
-0.0680318102240562
0.0973251983523369
0.0223185811191797
0.0427650362253189
-0.0210735984146595
0.0873883590102196
-0.1247310116887093
0.0408080369234085
0.0989701822400093
-0.0063377493061125
0.0588526986539364
0.0682887583971024
0.0027147228829563
0.0728894248604774
-0.0120496992021799
0.0264626722782850
-0.0452512279152870
0.0758224055171013
0.0232741869986057
0.0772749111056328
0.0313776656985283
0.1062808930873871
0.0748603418469429
0.0524842068552971
-0.0625263005495071
0.0153652485460043
-0.0270102396607399
0.0572798326611519
0.1320262700319290
-0.0825213268399239
-0.0155540108680725
-0.1347561776638031
0.0235390253365040
-0.0427443757653236
-0.0521295107901096
-0.0251295529305935
0.0301898289471865
-0.0465423241257668
-0.0014005753910169
-0.0972191020846367
-0.0195704326033592
-0.0069589186459780
0.0514383614063263
0.0587338246405125
-0.0501408576965332
-0.0793427824974060
0.1115950644016266
-0.0230001658201218
-0.0817500427365303
0.0207172129303217
-0.0315650701522827
-0.1339779645204544
0.0272509921342134
0.0343267805874348
0.0602144040167332
0.0279400162398815
0.0642512440681458
-0.0222785230726004
0.0003089789825026
0.0096780629828572
0.0295519568026066
-0.0155546190217137
0.0292625986039639
-0.0421032123267651
0.0543493516743183
-0.0873358696699142
0.0849667489528656
0.1040342897176743
0.0669487565755844
0.1266047358512878
-0.0058712842874229
-0.0119667798280716
0.0625397637486458
-0.0576285421848297
-0.1015278548002243
0.0321140736341476
0.0314158126711845
-0.0743016079068184
-0.0684948191046715
0.0219350028783083
-0.0042104925960302
-0.1153115704655647
-0.0679467022418976
-0.1041547805070877
-0.0798115134239197
0.0955733209848404
-0.0796357020735741
0.0820144265890121
0.0173643976449966
0.0889202654361725
-0.0881694927811623
0.1200734823942184
-0.1067790389060974
0.0036422731354833
-0.0741481408476830
0.0882884785532951
0.0797590538859367
-0.0122647788375616
0.0394242443144321
-0.0444625653326511
-0.0684473067522049
0.0360986515879631
-0.1416476368904114
0.0810965523123741
0.0167869403958321
-0.1401190012693405
0.0739617720246315
-0.1316164135932922
0.0448208414018154
0.1279424130916595
-0.0764337778091431
0.1991596519947052
-0.1300149112939835
0.0036934388335794
-0.0132203092798591
0.1372687518596649
-0.1780987679958344
-0.0383874140679836
-0.0745293647050858
-0.2357024103403091
-0.1022489219903946
0.0336127392947674
0.2140701562166214
-0.0699375271797180
0.0312898010015488
-0.0879989191889763
-0.1133324801921844
-0.2133613377809525
0.0825226455926895
-0.1948745101690292
-0.0063129342161119
-0.0677102059125900
0.1210062950849533
0.1024456918239594
-0.0294763855636120
-0.0276947673410177
0.0984488055109978
-0.0963030904531479
-0.1723928153514862
-0.2031253278255463
-0.1034739241003990
-0.0002230459358543
-0.1162259057164192
-0.0230181477963924
0.0305384211242199
0.2181398719549179
0.1712464988231659
-0.2207563370466232
0.0482446961104870
0.1563044935464859
-0.0219874549657106
0.0690005943179131
0.1111022308468819
-0.1398128569126129
-0.0117871193215251
-0.1878447830677032
-0.0010739695280790
0.0359974130988121
-0.1483889818191528
0.0484373867511749
0.1237128004431725
0.2593864500522614
0.1244091019034386
-0.2462743818759918
0.0491946935653687
-0.0376667603850365
0.0097190877422690
0.0162435807287693
-0.0009846474276856
0.0656957700848579
0.0112702446058393
-0.0222755037248135
0.0804788023233414
0.0262293387204409
-0.0500254854559898
-0.0267703868448734
0.0010341437300667
0.0148117793723941
-0.0213856268674135
0.0397799313068390
-0.0001941445661942
-0.0386770851910114
0.0814725160598755
-0.0587194338440895
-0.0402744486927986
-0.0044547938741744
0.0057129669003189
0.0003128787211608
-0.0168665256351233
0.0346948504447937
0.0166391879320145
0.0072498107329011
-0.0153048560023308
-0.0002764242235571
0.0734331011772156
0.0398446172475815
0.0227560605853796
0.1063912361860275
-0.0447278246283531
-0.0228330288082361
0.0223038792610168
0.0570838041603565
0.0395901836454868
0.0107473516836762
0.0517195761203766
-0.0421822778880596
0.0651802718639374
0.0099213719367981
-0.0212339907884598
0.0078769503161311
-0.0216952282935381
0.0225135833024979
-0.0139312520623207
0.0382711812853813
0.0242189653217793
-0.0117804212495685
0.0526292882859707
0.0320144854485989
-0.0542833060026169
-0.0139888096600771
0.0585609041154385
0.0074073048308492
-0.0327193699777126
0.0288719851523638
0.0357350893318653
-0.0304142907261848
-0.0543784648180008
0.0471823215484619
-0.0105891376733780
-0.0945912599563599
0.0790314674377441
-0.0675419718027115
-0.0317252688109875
-0.0507412254810333
0.0591035597026348
-0.0620304420590401
0.0181577093899250
-0.0269771050661802
-0.0507944598793983
0.0005344413802959
0.0331747308373451
-0.0833114609122276
0.0963504910469055
-0.0079940753057599
0.0180203225463629
0.0558010973036289
-0.0102608399465680
0.0257139988243580
-0.0238706823438406
-0.0463693365454674
0.0650799795985222
0.0488409139215946
0.0009316931827925
-0.0559869483113289
0.0868719592690468
0.0070397173985839
0.0281165763735771
0.0051776114851236
-0.0920913219451904
-0.0401842221617699
-0.0105073787271976
0.0400484092533588
0.0081807496026158
-0.0092279771342874
0.0450520589947701
0.0036211288534105
-0.0143212117254734
0.0317006781697273
-0.0380456447601318
0.0494196936488152
0.0396193787455559
0.0814319849014282
-0.0284645948559046
-0.0401666089892387
-0.0489969328045845
0.0100004188716412
-0.0166988056153059
-0.0690763667225838
-0.0748597458004951
-0.0026491764001548
0.0010552813764662
0.0286834593862295
-0.0670685842633247
0.0358449891209602
-0.0308044385164976
0.0297419838607311
0.0400570556521416
0.0003690877347253
0.0417968183755875
-0.0219318792223930
-0.0404690355062485
-0.0220075063407421
-0.0853435397148132
0.0739317759871483
0.0238030310720205
-0.0335145518183708
-0.0705531537532806
0.0303886774927378
-0.0204392205923796
0.0020381775684655
-0.0329609997570515
-0.0105493282899261
-0.0911852270364761
-0.0636400878429413
0.0643069595098495
-0.0483051426708698
0.0497344806790352
0.0390018932521343
-0.0176668129861355
0.0215178914368153
-0.0899939537048340
-0.0839895084500313
0.0110832471400499
0.0224259365350008
0.0073845051229000
0.0149759529158473
-0.0763982906937599
-0.0326918624341488
-0.0470362231135368
0.0760546997189522
-0.0123917534947395
0.0024536631535739
-0.0087943281978369
-0.0002871257020161
0.0356255061924458
-0.0171188414096832
-0.0432305186986923
-0.0741364508867264
-0.1049283370375633
-0.0829738751053810
-0.0372746624052525
0.0429173819720745
-0.0295599624514580
0.0794103741645813
-0.0003753524506465
-0.0482401587069035
0.0182825196534395
0.0163284800946712
0.0452069081366062
0.0288859140127897
0.0257090777158737
-0.0346272252500057
-0.0005763997905888
0.0056618717499077
0.0646864548325539
-0.0037157752085477
-0.0393897034227848
0.0727563872933388
-0.0298562385141850
-0.0201031379401684
0.0516341105103493
0.0419314056634903
-0.0383934974670410
-0.0810999795794487
0.0203941706568003
-0.0553668402135372
0.0414498187601566
0.0313169807195663
0.0170239396393299
0.0692549794912338
0.0288418624550104
-0.0576312988996506
-0.0041309203952551
0.0563856698572636
-0.0847309380769730
0.0016859837342054
0.0357571952044964
0.0436508134007454
-0.0233210548758507
0.0005443539703265
0.0068381819874048
0.0027983575128019
0.0081896064803004
-0.0947503000497818
0.0424940995872021
-0.0037874621339142
-0.0477764159440994
-0.0730373635888100
-0.0168121624737978
0.0290695670992136
-0.0539150722324848
-0.0047152340412140
-0.0566177889704704
0.0016427463851869
0.0410506054759026
-0.0360965840518475
-0.0093463724479079
-0.0258138906210661
0.0595514364540577
-0.0346331261098385
-0.0415773540735245
-0.0171807985752821
-0.0457186363637447
-0.0723900869488716
-0.0171962045133114
0.0481412373483181
0.0403555631637573
0.0093562500551343
-0.0555689446628094
0.1015380769968033
0.0305357091128826
0.0219727605581284
0.0231437385082245
-0.0280555970966816
0.0159026384353638
-0.0296233519911766
-0.0862838402390480
0.0163023583590984
-0.0623961538076401
-0.0427748821675777
-0.0352880954742432
-0.0868533700704575
0.0328361429274082
0.0296208076179028
0.0200872421264648
-0.0780417248606682
-0.0126582887023687
-0.0050311894156039
-0.0062999981455505
0.0632999092340469
0.0411338657140732
0.0066733877174556
-0.0877023860812187
0.0173800121992826
0.0812818855047226
-0.0397899709641933
0.0407316051423550
-0.0329985432326794
-0.0082083325833082
-0.0387439168989658
-0.0145575478672981
0.0133571950718760
-0.0337144695222378
0.0331747531890869
-0.0353598631918430
0.0662391632795334
0.0229665730148554
-0.1424471288919449
-0.0557313114404678
0.0469043664634228
0.0228915717452765
0.0863488838076591
0.0060009732842445
0.0111638233065605
-0.0045645344071090
0.0679793208837509
0.0525298304855824
-0.0471152253448963
-0.0746186897158623
-0.0624528266489506
0.0135579071938992
-0.0482513643801212
0.0868483632802963
-0.0162546057254076
0.0403786450624466
-0.0111232018098235
-0.0544638670980930
-0.0322591923177242
-0.0837596654891968
-0.0604622922837734
0.0156282112002373
-0.0398133583366871
-0.0443528555333614
-0.0284769870340824
0.0556523166596889
-0.0254785344004631
0.0093821678310633
-0.0001012094289763
-0.0048307464458048
0.0513122938573360
0.0055049406364560
-0.0144076831638813
-0.0298896618187428
-0.0221809800714254
0.0139637365937233
0.0168258994817734
0.0004417351738084
-0.0125701623037457
0.0104170050472021
0.0400033369660378
-0.0287789609283209
0.0092084826901555
0.0755208805203438
0.0241478141397238
0.0552037246525288
-0.0194206964224577
0.0072298413142562
-0.0138623910024762
0.0432667471468449
-0.0801210626959801
0.0061545590870082
-0.0558187663555145
0.0504598133265972
-0.0561062581837177
-0.0006821423303336
0.0024233553558588
0.0459112487733364
0.0656407698988914
0.0762137919664383
-0.0502243600785732
-0.0442807339131832
0.0257715675979853
0.0563401170074940
0.0230217371135950
-0.0851169377565384
0.0074598542414606
-0.0117375748232007
0.0117386896163225
0.0475719273090363
-0.0008606515475549
-0.0213316287845373
0.0221600160002708
-0.0210379324853420
-0.0284706763923168
0.0457768216729164
-0.0135133164003491
-0.0150456875562668
0.0520241260528564
0.0051487260498106
-0.0394355282187462
-0.0470267273485661
-0.0247724056243896
0.0270603820681572
0.0957513898611069
0.0100929290056229
0.0457620508968830
0.0483369752764702
-0.0342474617063999
-0.0718672424554825
-0.0406353399157524
-0.0798302367329597
-0.0130226686596870
-0.0680813416838646
-0.0043093375861645
0.0521164648234844
0.0103257652372122
0.0078919278457761
-0.0034449659287930
0.0329142101109028
0.0776245966553688
0.0303362570703030
0.0026103765703738
-0.0513456463813782
-0.0329946652054787
0.0424013994634151
0.0340575575828552
0.0119395051151514
-0.0523256510496140
0.0284428521990776
0.1085160672664642
0.0443007089197636
-0.0312797687947750
0.0078671509400010
-0.0153832612559199
0.0004897195613012
0.0566266477108002
0.0456354841589928
-0.0106006404384971
0.0888118371367455
-0.0298466198146343
-0.0494516715407372
-0.0023184544406831
0.0559984333813190
-0.0315792188048363
-0.0303908418864012
0.0125464778393507
0.0180977806448936
-0.0530514679849148
0.0191917847841978
0.0016552767483518
0.0001473833253840
0.0394086465239525
-0.0173895712941885
0.0177503228187561
-0.0221977792680264
0.0575006864964962
0.0240590907633305
0.0552315153181553
0.0281821247190237
-0.0271041337400675
0.0111488029360771
-0.0115727381780744
-0.0404132120311260
-0.0248148199170828
-0.0336529053747654
-0.0021672553848475
0.0370452851057053
0.0572201199829578
-0.0011986343888566
-0.0327471978962421
0.0614823214709759
-0.0848580151796341
-0.0548203773796558
-0.0233081858605146
-0.0548891462385654
0.0621709153056145
0.0243477839976549
-0.0517701841890812
-0.0946814045310020
0.0314428396522999
-0.0433283671736717
0.0318483598530293
-0.0122530041262507
0.0558960027992725
0.0064899884164333
-0.0097639085724950
0.0483817644417286
-0.0523930601775646
0.0475912578403950
0.0753782764077187
-0.0021550355013460
-0.0202899798750877
0.0071273851208389
0.0800284892320633
-0.0087938737124205
-0.0828090682625771
0.0875769779086113
-0.0097141973674297
0.0292013473808765
-0.0622633919119835
0.0763011723756790
-0.0179334934800863
-0.0255530811846256
0.0041475477628410
-0.0540476813912392
0.0079709906131029
-0.0352195985615253
0.0421562232077122
0.0245382487773895
-0.0745469257235527
0.0386553034186363
0.0104700569063425
-0.0034655132330954
-0.0267263166606426
-0.0487683042883873
-0.0195499230176210
-0.0070950235240161
0.0335647650063038
-0.0295700449496508
0.0214119087904692
-0.0473689995706081
0.0380993410944939
0.0313629955053329
-0.0061432644724846
0.0482087023556232
0.0218119397759438
-0.0346975624561310
-0.1004111915826797
-0.0524828210473061
-0.0136362677440047
0.0561747960746288
-0.0113229500129819
0.0560163930058479
-0.0013649133034050
0.0216014571487904
-0.0099744284525514
0.0126326531171799
-0.0296982079744339
0.0310781579464674
0.0536646060645580
0.0572858639061451
-0.0679383799433708
-0.1074994876980782
0.0031791618093848
0.0123856095597148
0.0546630173921585
-0.0128870727494359
0.0469760373234749
0.0437635816633701
0.0022739844862372
-0.0289630237966776
0.0818292871117592
0.0472472235560417
0.0118295056745410
-0.0588705092668533
-0.0205776784569025
