2.023090049624443054e-02
-2.166614867746829987e-02
5.047556478530168533e-03
2.386459708213806152e-02
-1.333994418382644653e-02
1.797293499112129211e-02
1.899463124573230743e-02
4.633442312479019165e-02
8.160728216171264648e-02
1.907117106020450592e-02
-1.019138377159833908e-02
-6.654143799096345901e-03
1.584017276763916016e-02
-7.934277877211570740e-03
-1.100576575845479965e-02
4.819474648684263229e-03
5.528147798031568527e-03
-1.561000850051641464e-02
-4.626474529504776001e-02
3.327415883541107178e-02
1.370191480964422226e-02
5.278290435671806335e-02
-5.814807116985321045e-02
-3.423572704195976257e-02
-1.995846256613731384e-02
2.564335614442825317e-02
1.107575092464685440e-02
-3.436293825507164001e-02
-7.455952465534210205e-03
-1.404003426432609558e-02
-1.827069371938705444e-01
3.632197389379143715e-03
2.880516089498996735e-02
-1.094124279916286469e-03
1.681684702634811401e-02
8.130054920911788940e-02
-3.514808043837547302e-02
1.634661853313446045e-02
-3.233942762017250061e-02
-1.321721822023391724e-01
-1.380479708313941956e-02
-7.809323724359273911e-03
5.551535636186599731e-02
-4.167374595999717712e-02
-4.311312804929912090e-04
1.616623811423778534e-02
9.105077944695949554e-03
1.212736684828996658e-02
2.247264608740806580e-02
1.056941039860248566e-02
2.281051874160766602e-02
-4.231536388397216797e-02
-8.062443882226943970e-02
5.454975180327892303e-03
-1.567554101347923279e-02
-1.899884827435016632e-02
-8.331106044352054596e-03
1.126535609364509583e-02
3.477729260921478271e-01
8.654218167066574097e-03
-5.045641213655471802e-03
1.806910498999059200e-03
-4.702528472989797592e-03
-1.675496622920036316e-02
7.692322134971618652e-03
1.925852708518505096e-02
8.816593326628208160e-03
-1.318129338324069977e-02
2.750429557636380196e-03
-1.670392230153083801e-02
2.535118348896503448e-02
-1.151364176621427760e-05
-4.810205847024917603e-02
-1.092816516757011414e-02
4.601895064115524292e-02
-5.228966008871793747e-03
6.965794600546360016e-03
8.065923303365707397e-02
9.271784685552120209e-03
-5.402456596493721008e-02
-1.106883492320775986e-02
-2.863691188395023346e-03
4.162897821515798569e-03
-7.707688957452774048e-02
8.575388044118881226e-02
1.798888295888900757e-02
4.667726345360279083e-03
2.900231257081031799e-02
9.744712151587009430e-03
-1.712739653885364532e-02
1.133760157972574234e-02
-4.876405932009220123e-03
-1.516477670520544052e-02
1.602779515087604523e-02
1.037612237269058824e-04
-1.670035161077976227e-02
3.822927828878164291e-03
-1.089152228087186813e-02
-6.144581362605094910e-02
3.111586673185229301e-03
-3.192213596776127815e-03
4.984859004616737366e-02
-1.564323902130126953e-02
1.736513897776603699e-02
2.537346212193369865e-03
-2.162473462522029877e-02
-4.823767393827438354e-02
-9.667987003922462463e-03
2.527084387838840485e-02
-1.604497246444225311e-02
-7.375818211585283279e-03
1.037229551002383232e-03
-6.104722991585731506e-02
-2.127563953399658203e-02
-6.302194204181432724e-03
-7.781345397233963013e-03
3.654894232749938965e-02
-3.583678603172302246e-02
7.792213931679725647e-03
-1.626753062009811401e-02
5.419061635620892048e-04
-1.260251831263303757e-02
-1.751506142318248749e-02
-8.750065229833126068e-03
-2.482410892844200134e-02
2.543655596673488617e-02
9.354944340884685516e-03
8.839293383061885834e-03
6.864489521831274033e-03
1.164841502904891968e-01
-5.863112211227416992e-02
-3.864906495437026024e-03
-1.376475114375352859e-02
2.957212738692760468e-03
7.567684352397918701e-02
-1.416500844061374664e-02
-1.270561069250106812e-01
-1.060564909130334854e-02
-8.600974828004837036e-02
-9.514619596302509308e-03
-1.447535604238510132e-01
2.929228357970714569e-04
-1.221192628145217896e-02
-4.837148636579513550e-02
7.709307596087455750e-03
-6.840389966964721680e-02
5.561198107898235321e-03
-2.533410675823688507e-02
-2.957480028271675110e-02
-1.469962764531373978e-02
-1.676821708679199219e-02
1.480246544815599918e-03
-3.679451718926429749e-02
-5.076027289032936096e-02
1.321408897638320923e-02
2.771957963705062866e-02
-5.338719859719276428e-02
-5.437151063233613968e-03
-4.137833043932914734e-02
-5.070546641945838928e-03
-1.109684258699417114e-02
-3.957888484001159668e-02
2.659541741013526917e-02
-3.915511537343263626e-03
1.174898631870746613e-02
1.173410378396511078e-02
4.526063427329063416e-02
-1.214144192636013031e-02
7.063226308673620224e-03
6.276860833168029785e-03
1.212813798338174820e-02
-1.131432875990867615e-02
1.599864102900028229e-02
-2.371062524616718292e-02
2.847008779644966125e-02
1.999012380838394165e-02
-5.379787180572748184e-03
8.924574591219425201e-03
-5.423796549439430237e-02
-1.655663130804896355e-03
5.708558019250631332e-03
-1.778175681829452515e-02
-1.550398301333189011e-03
2.647143788635730743e-02
-1.483277883380651474e-02
-9.900774806737899780e-02
-1.109078973531723022e-01
4.023507703095674515e-03
-1.384497713297605515e-02
4.975661635398864746e-02
1.344770640134811401e-01
2.176281251013278961e-02
-3.858294337987899780e-03
-1.225463394075632095e-02
2.347964234650135040e-02
-1.649486646056175232e-02
8.037507068365812302e-04
1.022567227482795715e-02
-1.950483471155166626e-01
-2.895302698016166687e-02
6.256736069917678833e-02
1.256410498172044754e-02
9.262672811746597290e-02
-7.130180299282073975e-02
-7.357074413448572159e-03
-6.468723062425851822e-03
5.975876469165086746e-03
1.106761954724788666e-02
-9.735948988236486912e-04
-1.470106421038508415e-03
-7.463027536869049072e-02
-3.053049370646476746e-02
3.372400999069213867e-02
1.055808458477258682e-02
1.401729788631200790e-02
1.515066716820001602e-02
1.807766035199165344e-03
3.416867926716804504e-02
-1.037903875112533569e-02
-5.286285653710365295e-03
-6.588155031204223633e-02
-6.898277997970581055e-01
-3.384545911103487015e-03
-3.225251275580376387e-04
2.218923904001712799e-02
9.542163461446762085e-04
-7.310376316308975220e-02
-1.725246198475360870e-02
1.341293565928936005e-03
-2.750833518803119659e-03
-3.033879399299621582e-02
-2.131319604814052582e-02
2.975620701909065247e-02
8.896028622984886169e-03
1.569922082126140594e-02
-4.313989728689193726e-02
-4.989228025078773499e-02
2.986679610330611467e-04
5.440921057015657425e-03
5.275183357298374176e-03
2.812041901051998138e-02
1.838082261383533478e-02
2.970935590565204620e-02
-6.454540789127349854e-02
1.961543597280979156e-02
9.755229577422142029e-03
-1.384778507053852081e-02
1.050445064902305603e-01
5.620711948722600937e-03
-5.361956357955932617e-02
-1.211757119745016098e-02
1.694090478122234344e-02
-1.937305368483066559e-02
-1.383580826222896576e-02
2.248510951176285744e-03
-5.100860260426998138e-03
-5.872286856174468994e-02
8.944332599639892578e-02
1.118144672363996506e-02
3.750635683536529541e-02
2.345515787601470947e-02
-1.320627033710479736e-01
7.514689117670059204e-02
-4.728416353464126587e-02
7.655709981918334961e-03
1.343773156404495239e-01
-1.863125115633010864e-01
-2.014716155827045441e-02
-1.467459462583065033e-02
1.027119010686874390e-01
3.710783645510673523e-02
2.359154075384140015e-02
-9.681200608611106873e-03
7.320346683263778687e-02
-7.196311838924884796e-03
-1.759331673383712769e-02
5.879004299640655518e-02
8.306444436311721802e-02
-1.177352964878082275e-01
-7.672335952520370483e-02
-7.331988960504531860e-02
-3.100627567619085312e-03
-1.930707506835460663e-02
-3.956027794629335403e-03
-2.150659216567873955e-03
-7.463475316762924194e-02
-3.303451836109161377e-02
9.838131256401538849e-03
5.351253971457481384e-02
-8.795256912708282471e-02
-5.798065289855003357e-02
1.078685279935598373e-02
-5.764596909284591675e-02
-1.707485169172286987e-01
1.222277134656906128e-01
8.719767630100250244e-02
1.683511398732662201e-02
-8.417735807597637177e-03
2.647724933922290802e-03
4.932665079832077026e-02
6.588726304471492767e-03
-8.942378312349319458e-02
8.503040075302124023e-01
-8.747935295104980469e-02
-4.966019839048385620e-02
-4.217986389994621277e-02
-4.787125065922737122e-02
-6.016895920038223267e-02
1.610396243631839752e-02
8.739793300628662109e-02
-1.050511095672845840e-02
1.540913432836532593e-02
2.262963540852069855e-02
3.504623100161552429e-02
-6.236317101866006851e-03
1.196652799844741821e-01
-8.960917592048645020e-03
3.149608895182609558e-02
-5.135734099894762039e-03
2.357321232557296753e-02
-1.251020003110170364e-02
-6.542049348354339600e-03
2.702390775084495544e-03
-6.400032341480255127e-02
5.364357680082321167e-02
-2.849489264190196991e-02
2.375966869294643402e-02
4.566005617380142212e-02
-1.179487351328134537e-02
4.532033205032348633e-02
6.620315834879875183e-03
5.973584577441215515e-02
3.153325244784355164e-02
1.648227870464324951e-02
8.772709965705871582e-02
-1.331456704065203667e-03
-7.181044667959213257e-03
-2.479901164770126343e-02
5.349224060773849487e-02
7.911077700555324554e-04
2.535640075802803040e-02
3.232590481638908386e-02
4.082880914211273193e-03
-2.019981667399406433e-02
5.903444439172744751e-02
5.124050751328468323e-02
-3.607726469635963440e-02
-4.624354187399148941e-03
6.963343173265457153e-02
-6.428664922714233398e-02
1.013461407274007797e-02
-3.715185681357979774e-03
-3.527800366282463074e-02
-7.513519376516342163e-02
5.480116978287696838e-02
4.716308414936065674e-02
-1.692999526858329773e-02
-1.676220074295997620e-02
4.584853723645210266e-02
6.872954964637756348e-02
-7.580314576625823975e-02
3.396156057715415955e-02
-1.189738139510154724e-02
-3.140707314014434814e-02
-2.062609232962131500e-02
-1.999277807772159576e-02
-2.869265619665384293e-03
-4.073610529303550720e-02
-4.259236529469490051e-02
-1.527663599699735641e-02
4.449773579835891724e-02
1.787585578858852386e-02
-8.411847800016403198e-02
-1.041803881525993347e-02
7.080709189176559448e-02
-3.020003437995910645e-02
3.398679196834564209e-02
-2.500797621905803680e-03
4.255301319062709808e-03
-4.887611418962478638e-02
-1.108275074511766434e-02
-9.664250537753105164e-03
-1.004640385508537292e-01
5.367461219429969788e-02
1.643070206046104431e-02
1.276038028299808502e-02
5.638535320758819580e-02
-5.969333462417125702e-03
-7.881127297878265381e-03
-1.494495384395122528e-02
-1.368207577615976334e-02
-5.835111439228057861e-02
-9.320750832557678223e-02
1.179291959851980209e-02
-1.172536239027976990e-02
-3.779863193631172180e-02
-3.940415102988481522e-03
-7.059721648693084717e-02
3.165254741907119751e-02
-5.414850264787673950e-02
-1.536296028643846512e-02
-8.094465360045433044e-03
8.196935057640075684e-02
-2.056783065199851990e-03
-1.533077191561460495e-02
3.968945890665054321e-02
-1.882180757820606232e-02
-7.107636332511901855e-02
1.638365723192691803e-02
-2.517708763480186462e-02
-6.840389221906661987e-02
4.922002088278532028e-03
1.559535507112741470e-02
-4.546923562884330750e-02
6.696753948926925659e-02
-1.046547107398509979e-02
-2.952152304351329803e-02
1.336743589490652084e-03
-2.682177722454071045e-02
3.954015206545591354e-03
4.070151969790458679e-02
1.662369631230831146e-02
-1.314692497253417969e-01
-1.078457571566104889e-02
1.698247902095317841e-02
-1.364534627646207809e-02
4.530257545411586761e-03
-5.367731675505638123e-02
-1.163216587156057358e-02
-1.726296916604042053e-02
4.051597416400909424e-02
-4.799322411417961121e-02
-4.147907719016075134e-02
-4.557815846055746078e-03
-5.462942272424697876e-02
-6.666206568479537964e-02
-5.182472616434097290e-02
-2.127891406416893005e-02
-9.086199104785919189e-02
-4.936233628541231155e-03
3.445998579263687134e-02
3.243366372771561146e-04
-2.297984436154365540e-02
2.443481981754302979e-02
-1.013342440128326416e-01
-1.230013556778430939e-02
4.481720179319381714e-02
-1.265310049057006836e-01
6.745965778827667236e-02
-6.989347934722900391e-02
-2.473682723939418793e-02
-3.216324374079704285e-02
1.209383308887481689e-01
-4.117944464087486267e-02
-1.811186596751213074e-02
1.462387945502996445e-02
-1.762352883815765381e-02
-1.432799361646175385e-02
-3.288571164011955261e-02
-1.217492111027240753e-02
-1.173181310296058655e-01
-2.435269765555858612e-02
1.676706038415431976e-02
4.983256105333566666e-03
4.322200641036033630e-02
2.865712344646453857e-02
9.286196902394294739e-03
-8.085090667009353638e-05
-7.680003065615892410e-03
-1.008590310811996460e-02
2.322655916213989258e-02
-2.683988027274608612e-02
1.942295022308826447e-02
-3.777277097105979919e-02
1.051297709345817566e-01
-4.407791793346405029e-02
-1.458419766277074814e-02
-9.128683060407638550e-02
5.007953196763992310e-02
-3.565797954797744751e-02
1.476052030920982361e-02
-6.737743318080902100e-02
-1.885946467518806458e-02
-1.769241504371166229e-02
3.383732866495847702e-03
-2.223639190196990967e-02
2.424750663340091705e-02
-6.585490424185991287e-03
-1.003712322562932968e-02
-3.087466396391391754e-02
3.404354304075241089e-02
-9.564091451466083527e-03
-1.411379221826791763e-02
7.034418173134326935e-03
-2.585913054645061493e-03
5.768835078924894333e-03
3.543644025921821594e-02
2.685035346075892448e-03
2.214190363883972168e-02
2.940806001424789429e-02
-5.880820006132125854e-02
-1.435194071382284164e-02
1.082831528037786484e-02
2.021754160523414612e-02
1.876346208155155182e-02
2.450318634510040283e-02
-6.216762214899063110e-02
-1.016880944371223450e-02
-9.637798182666301727e-03
4.463580250740051270e-02
-6.048387382179498672e-03
-3.002825565636157990e-02
2.864413335919380188e-02
-3.666978329420089722e-02
1.275602262467145920e-02
-6.222317740321159363e-02
-1.089387387037277222e-02
-1.447342149913311005e-02
3.219890175387263298e-03
-2.522341348230838776e-02
2.999641932547092438e-02
1.173042729496955872e-01
-5.758082494139671326e-02
-9.807658940553665161e-02
7.857428491115570068e-02
-6.442106515169143677e-02
4.687264934182167053e-02
-1.427596807479858398e-02
1.210618764162063599e-01
-5.183268338441848755e-03
2.442813292145729065e-02
2.730667591094970703e-02
-1.054688096046447754e-01
-3.294114768505096436e-02
6.704240292310714722e-02
-3.210989385843276978e-02
1.911066821776330471e-03
-1.051804237067699432e-02
-3.894582763314247131e-02
-1.907062157988548279e-02
1.480991207063198090e-02
-3.813077509403228760e-02
-1.942587667144834995e-03
8.490731939673423767e-03
-4.460244253277778625e-02
1.156980916857719421e-01
-2.688890323042869568e-02
5.671215802431106567e-02
-3.269301354885101318e-02
-2.851217612624168396e-02
-3.758786991238594055e-02
1.110437791794538498e-02
1.591606438159942627e-02
1.598652824759483337e-02
-2.752880565822124481e-02
1.295439060777425766e-02
-4.769824817776679993e-02
3.287915885448455811e-02
-1.928897388279438019e-02
-1.397244725376367569e-02
-8.890553563833236694e-02
2.363099344074726105e-02
7.585214078426361084e-02
4.481541458517313004e-03
-1.911874860525131226e-02
3.021479956805706024e-02
-8.556420914828777313e-03
1.246255636215209961e-02
3.935204446315765381e-02
4.747629165649414062e-02
5.095463618636131287e-02
-4.171334207057952881e-03
3.834084421396255493e-02
-3.647888079285621643e-02
3.144373372197151184e-02
8.278116583824157715e-03
1.970694959163665771e-02
-4.214075207710266113e-02
2.516514435410499573e-02
-3.082189522683620453e-02
-3.968344628810882568e-02
4.832612350583076477e-02
1.123828813433647156e-02
-2.313643135130405426e-02
-2.329001203179359436e-02
-1.761444285511970520e-02
-1.969716884195804596e-02
-7.155267521739006042e-03
-4.833726957440376282e-02
-6.577912718057632446e-03
-2.440149523317813873e-02
1.268564164638519287e-02
2.090456150472164154e-02
3.167188540101051331e-02
4.719446972012519836e-02
3.080003336071968079e-02
1.452854834496974945e-02
-3.692990168929100037e-02
-2.062463387846946716e-02
4.922457784414291382e-02
5.939926579594612122e-02
2.432512678205966949e-02
-5.647413432598114014e-02
4.772019758820533752e-02
-2.341548912227153778e-02
6.961246579885482788e-02
-8.742952719330787659e-03
2.735841320827603340e-03
-6.723159551620483398e-02
1.787812798283994198e-03
1.960513181984424591e-02
-9.359033405780792236e-02
-1.780794002115726471e-02
-4.024696536362171173e-03
-1.465111225843429565e-01
3.451942000538110733e-03
1.937406882643699646e-02
-2.531082741916179657e-02
4.591765627264976501e-02
-2.509240061044692993e-02
-5.128410831093788147e-02
7.914529740810394287e-02
-4.720548540353775024e-02
4.615646973252296448e-02
-9.235143661499023438e-02
-2.832477167248725891e-02
4.242796823382377625e-02
1.111908443272113800e-02
5.347111262381076813e-03
-9.248745627701282501e-03
-1.994623616337776184e-02
1.504369825124740601e-02
-5.562356114387512207e-02
6.150598172098398209e-03
-6.646853685379028320e-02
5.043611675500869751e-02
1.168556162156164646e-03
2.214020676910877228e-02
5.111868679523468018e-02
-1.843145862221717834e-02
-4.733543843030929565e-02
-4.319243598729372025e-03
7.676974404603242874e-03
-3.785062208771705627e-02
-6.166348233819007874e-02
3.141373023390769958e-02
-3.751370310783386230e-02
1.143924798816442490e-02
1.342389546334743500e-02
4.256333340890705585e-04
-1.871400140225887299e-02
4.831509292125701904e-02
6.243808194994926453e-02
-5.776320397853851318e-02
6.459043361246585846e-03
2.847851254045963287e-02
-7.043619640171527863e-03
3.466702252626419067e-02
9.238952398300170898e-02
1.377794798463582993e-02
-6.145141646265983582e-02
2.655647881329059601e-02
9.310547262430191040e-02
-9.457795321941375732e-02
1.485457993112504482e-03
5.755481123924255371e-02
2.131089195609092712e-02
3.182850033044815063e-02
8.065646141767501831e-02
-6.029307469725608826e-02
-3.174719959497451782e-02
-1.789206266403198242e-02
-6.094383425079286098e-04
3.215287113562226295e-03
-3.606591373682022095e-02
3.005922771990299225e-02
-7.423270493745803833e-02
-4.575480520725250244e-02
-2.397194691002368927e-02
2.636960940435528755e-03
-2.419328875839710236e-02
-1.844135113060474396e-02
6.548146903514862061e-02
-9.127508848905563354e-02
5.471011996269226074e-02
-2.122517116367816925e-02
2.409967128187417984e-03
3.768948093056678772e-02
-4.858307540416717529e-03
-7.548808585852384567e-03
-9.857225231826305389e-03
1.796859502792358398e-02
-2.697428688406944275e-02
1.925551332533359528e-03
8.688471466302871704e-02
2.164847962558269501e-02
-3.708309307694435120e-02
1.985410228371620178e-02
-5.139411985874176025e-02
5.582727491855621338e-03
6.531282514333724976e-02
2.763415314257144928e-02
3.851075842976570129e-02
3.303872793912887573e-02
2.246645092964172363e-02
2.934130653738975525e-02
-6.718682125210762024e-03
-4.885604977607727051e-02
-1.503461506217718124e-02
7.397536933422088623e-02
2.164500951766967773e-02
-2.421738579869270325e-02
8.251886069774627686e-02
4.057363420724868774e-02
-1.495147868990898132e-02
2.659025043249130249e-02
2.544115483760833740e-02
-1.471138894557952881e-01
8.842511475086212158e-02
2.419847063720226288e-02
1.101934351027011871e-02
-6.943327188491821289e-02
8.034193515777587891e-02
-5.100019276142120361e-02
-3.550295904278755188e-02
-5.640443041920661926e-02
2.327574649825692177e-03
1.019608229398727417e-02
-8.571837097406387329e-02
2.177323913201689720e-03
-3.779728338122367859e-02
2.783771045506000519e-02
-1.043874211609363556e-02
-2.640820853412151337e-02
-4.287409037351608276e-02
2.145675942301750183e-02
1.083283219486474991e-03
4.357913881540298462e-02
-3.461705893278121948e-02
-3.646492585539817810e-02
4.832266643643379211e-02
-5.459653586149215698e-02
9.066840633749961853e-03
3.521004319190979004e-02
2.733100950717926025e-02
6.289747077971696854e-03
5.041094496846199036e-02
-4.451642278581857681e-03
-3.045517392456531525e-02
1.545158214867115021e-02
4.731198400259017944e-02
3.300201520323753357e-02
-1.634130999445915222e-02
4.171421460341662169e-04
-9.047830477356910706e-03
2.150509878993034363e-02
5.200196988880634308e-03
3.929845523089170456e-03
4.814140871167182922e-02
6.239382550120353699e-02
4.872275516390800476e-02
4.379281401634216309e-02
-7.838346064090728760e-03
6.380562484264373779e-02
-2.804458606988191605e-03
-1.190064847469329834e-01
4.038371145725250244e-02
3.026806004345417023e-02
2.947730757296085358e-02
-1.417373567819595337e-01
1.087854523211717606e-02
5.479091033339500427e-02
7.145021855831146240e-02
3.254633769392967224e-02
8.324328809976577759e-02
7.455864455550909042e-03
-2.269352041184902191e-02
2.854973450303077698e-02
-3.861466795206069946e-02
2.842725627124309540e-02
-5.183973908424377441e-02
-3.973285853862762451e-02
3.473104210570454597e-03
5.340513307601213455e-03
7.582908123731613159e-02
1.862933859229087830e-02
1.112093590199947357e-02
-3.004760947078466415e-03
-6.139459460973739624e-02
-1.097202533856034279e-03
1.930915005505084991e-02
1.316194050014019012e-02
-2.997882431373000145e-03
1.284668594598770142e-02
3.743128851056098938e-02
-1.234466582536697388e-02
-2.419644407927989960e-02
4.415393620729446411e-02
-1.062544137239456177e-01
1.450814306735992432e-03
7.811582647264003754e-03
-1.192450374364852905e-01
5.716232582926750183e-02
-3.186969831585884094e-02
-1.924955286085605621e-02
-9.268163703382015228e-03
-1.125265751034021378e-02
5.632724240422248840e-02
-2.931967936456203461e-02
-1.011531986296176910e-02
2.945682965219020844e-02
-4.282679408788681030e-02
-7.029289007186889648e-02
-5.423304811120033264e-02
-6.318503990769386292e-03
6.433404237031936646e-02
6.537903845310211182e-02
3.336799144744873047e-02
4.641824588179588318e-02
-2.170219086110591888e-02
7.862280309200286865e-02
4.504378885030746460e-02
-7.970706559717655182e-03
7.099685072898864746e-02
2.559007890522480011e-02
1.059727519750595093e-01
-2.905079722404479980e-02
4.845723882317543030e-02
-4.385686770547181368e-04
-3.842602297663688660e-02
1.709442213177680969e-02
3.270266950130462646e-02
