0.1281316131353378
0.0430044233798981
-0.0079999687150121
0.0414192043244839
-0.0333381108939648
-0.0181352403014898
-0.0538628138601780
-0.0289064981043339
0.0837141945958138
0.1285470724105835
0.0019747326150537
0.0430225208401680
0.0948689952492714
0.1181512773036957
-0.1137967854738235
-0.0633067265152931
-0.0775791853666306
-0.1004199236631393
0.0360426157712936
-0.1180088222026825
-0.0563477016985416
0.0039139525033534
-0.0336290039122105
0.0075860326178372
-0.0612083189189434
0.0282665286213160
0.0287599191069603
0.0588283650577068
-0.0222284700721502
0.0692008361220360
-0.0982876867055893
0.0142310410737991
0.0858156308531761
-0.0444502755999565
0.0078891394659877
0.0554509721696377
0.0404921025037766
-0.0201395247131586
0.0565635040402412
0.0073707401752472
-0.0678628757596016
0.0806423947215080
0.0694712623953819
0.0210761763155460
0.1008728444576263
0.0622154474258423
-0.0088675254955888
-0.0177182871848345
-0.0032516515348107
-0.0100413002073765
-0.0407583676278591
0.0777981281280518
0.1030766293406487
0.0012188972905278
-0.0908562541007996
-0.0566801540553570
-0.0778427720069885
0.0048954961821437
0.0760450065135956
0.0440473370254040
0.0864377543330193
-0.0203258600085974
-0.0040581780485809
-0.0355858653783798
-0.0095640597864985
-0.0210781600326300
0.0035536678042263
0.0385069288313389
0.1353905946016312
-0.0344102568924427
0.0415799953043461
-0.0377919524908066
-0.0161333270370960
-0.0326358787715435
-0.0636453181505203
-0.0211187805980444
0.0219683982431889
-0.1025988683104515
0.1437597721815109
0.0219855532050133
-0.1343031823635101
0.0937585234642029
0.0100018903613091
-0.0839909985661507
0.0469099096953869
0.0484068840742111
-0.0088906595483422
0.0296382978558540
-0.0624708235263824
-0.0480065643787384
0.0427897162735462
-0.0489693135023117
-0.0586504973471165
-0.0261562503874302
-0.0116892615333200
-0.0687502026557922
-0.0658027827739716
-0.0343364141881466
0.0071739349514246
0.1011547669768333
0.0643200054764748
-0.0243157818913460
-0.0319924093782902
-0.0419520586729050
-0.0992767736315727
0.0480649098753929
-0.0689779072999954
0.0027460961136967
0.0359595045447350
0.0687860399484634
0.1313075870275497
0.0433032214641571
0.1079967767000198
0.0367283001542091
-0.0635885000228882
0.0793232098221779
0.0161878205835819
-0.0366540364921093
-0.1152715384960175
0.0868033990263939
-0.1153659895062447
0.0215058568865061
0.0426096729934216
-0.0162095483392477
-0.0452556833624840
0.0157030019909143
0.0371226444840431
-0.0257062260061502
0.0912809073925018
0.0763900503516197
0.0031605132389814
0.0752980038523674
0.0833862572908401
-0.0290167257189751
0.0771871134638786
-0.1149422302842140
0.0280526708811522
-0.0201503913849592
0.0018002162687480
0.0969971269369125
0.0574205145239830
-0.0157123636454344
0.0147643247619271
0.0314900614321232
0.0012288156431168
-0.0031804793979973
-0.0513392686843872
0.1413470357656479
-0.0004551891179290
0.0207932628691196
0.0453545153141022
0.0359582379460335
0.0115520711988211
-0.0051109250634909
0.1238911002874374
0.1139811947941780
0.0083334725350142
-0.0495739094913006
-0.0654424205422401
-0.0625285208225250
0.0448380745947361
0.0426948592066765
0.0350072160363197
0.0067673870362341
-0.0041409321129322
-0.1119249463081360
0.0428886860609055
0.1291186511516571
0.0786210075020790
0.0598445795476437
-0.1053209230303764
-0.0888191610574722
0.0360242687165737
0.0523300804197788
0.0064936890266836
0.0291646439582109
-0.1272624135017395
0.0580728463828564
0.0263265725225210
-0.0474208556115627
-0.0376720428466797
0.0538456402719021
-0.0169497374445200
0.1231302246451378
0.0676559209823608
-0.0001118112413678
-0.0219113230705261
-0.0198180656880140
0.0017715233843774
0.1311724781990051
-0.0182100776582956
-0.1088649705052376
0.0053952517919242
-0.0691447034478188
-0.0787785723805428
-0.1252199709415436
0.0169112067669630
0.1224690973758698
-0.0557333305478096
-0.0258098300546408
-0.0317175388336182
0.0918024852871895
0.0099304523319006
-0.0502003878355026
0.0033010046463460
-0.0366219691932201
0.0289070941507816
-0.0464211292564869
-0.0069695711135864
0.0576313212513924
0.0816121548414230
0.0694569647312164
-0.0038112914189696
-0.0112075693905354
-0.0139539064839482
0.0309838559478521
0.0444861799478531
-0.0294336099177599
0.0164257474243641
0.0945175811648369
-0.0688580200076103
-0.0034752935171127
0.0986363217234612
-0.0822240784764290
-0.0378671772778034
-0.0158543772995472
-0.0384960696101189
0.0061302529647946
0.0206694267690182
-0.1301139593124390
-0.0128448549658060
0.1520055085420609
-0.0299719385802746
0.0358035229146481
-0.1006894260644913
0.0628315731883049
0.0812387913465500
-0.0571085214614868
-0.0144431693479419
-0.0645558536052704
0.0718756690621376
0.0143875386565924
-0.0034061784390360
0.0716470927000046
0.0118089281022549
0.0428706221282482
-0.0242530163377523
-0.0182548202574253
0.0171227846294641
0.0655021965503693
-0.0001514478644822
0.0081173945218325
-0.0394228287041187
-0.0695523396134377
-0.0966034308075905
-0.0300353709608316
-0.0603678710758686
-0.0626849755644798
-0.1120463088154793
-0.0624044835567474
-0.0016126817790791
-0.1536746323108673
0.0390763059258461
0.0618724785745144
-0.0111335646361113
0.1124221384525299
-0.1118475571274757
0.1338014602661133
0.0133037725463510
0.1138778999447823
-0.0347782410681248
-0.0286948140710592
-0.3189539313316345
-0.0911796540021896
0.0460193268954754
-0.2846086025238037
-0.0734940618276596
-0.0773045048117638
0.0561559163033962
-0.0019780283328146
0.0609030686318874
-0.0683308541774750
-0.1864289045333862
-0.1620187461376190
0.0388657711446285
-0.1003263667225838
-0.1053451672196388
-0.0808593109250069
-0.0167899150401354
-0.1406790316104889
-0.2102289646863937
-0.0992567911744118
0.0957418680191040
0.0394524857401848
-0.0879106596112251
-0.1622828245162964
-0.0687437579035759
-0.0803079679608345
0.0339591279625893
-0.0858860909938812
-0.0935658738017082
0.0924456790089607
0.2215290069580078
-0.2405375391244888
-0.0574901998043060
0.0826356038451195
-0.0278442669659853
0.0510089099407196
0.0959059298038483
-0.1663132905960083
0.0287244431674480
-0.2329565286636353
0.1322938054800034
0.0802261680364609
-0.1955646723508835
0.1679664701223373
0.0138875739648938
0.3316137790679932
-0.0151500348001719
-0.1151477396488190
-0.0876892209053040
0.0138114560395479
0.0729556903243065
-0.0711276605725288
-0.0004761509189848
0.0793872103095055
-0.0922123566269875
-0.0646523013710976
-0.0169423110783100
0.0193832516670227
-0.0150892026722431
0.0404562503099442
-0.0024874454829842
-0.0675546005368233
-0.0546165332198143
-0.0979881733655930
0.0138317253440619
0.0243204999715090
-0.0542323216795921
0.1103948727250099
-0.0922545641660690
0.0539872199296951
0.0424983389675617
0.0015803802525625
-0.0504840090870857
-0.0654258280992508
0.0348281674087048
0.0518028475344181
0.0343842394649982
0.0413480736315250
0.0293979160487652
-0.0261624250560999
0.0267340186983347
-0.0337930917739868
-0.0518352091312408
0.0150114223361015
0.0611705407500267
0.0557722635567188
-0.0437830090522766
0.0409489162266254
0.0045514116063714
-0.0538548566401005
-0.0829021409153938
-0.0402123630046844
-0.0138716679066420
-0.0269227549433708
0.0180628970265388
-0.0262550972402096
0.0059263231232762
-0.0166030358523130
-0.0193175189197063
-0.0126350047066808
0.0173904635012150
0.0321303009986877
0.0087624676525593
-0.0477713830769062
-0.0364177674055099
-0.0652088299393654
0.0997150093317032
-0.0193707738071680
0.0162242855876684
-0.0230794791132212
-0.0011067562736571
-0.0642926692962646
0.0552911199629307
0.0523466020822525
-0.0149149112403393
0.0258509553968906
0.0597142092883587
0.0342963933944702
-0.0550395362079144
0.0430741794407368
-0.0328333154320717
-0.0266515333205462
-0.0503318496048450
-0.0560408867895603
0.0354737788438797
-0.0677031353116035
0.0425490029156208
0.0826188474893570
0.0102255363017321
0.0380784980952740
0.0168394949287176
0.1046189889311790
0.0727240368723869
-0.0123695321381092
-0.0051915789954364
-0.0007921491633169
0.0201403032988310
0.0340874120593071
-0.0667064487934113
-0.0133073907345533
0.0231111757457256
-0.0666368529200554
0.0109949661418796
0.0077736084349453
0.0304712243378162
-0.0431271940469742
0.0013464097864926
0.0083526801317930
-0.0669917315244675
0.0229066889733076
0.0194920785725117
0.0657056719064713
0.0032780168112367
0.0105812838301063
-0.0542668774724007
-0.0891483724117279
0.0558367855846882
-0.0175311975181103
-0.0354446433484554
0.0439766533672810
-0.0538803115487099
0.0068313097581267
-0.0197804644703865
-0.0674118399620056
-0.0311565231531858
0.0030776273924857
0.0194570720195770
-0.0474601611495018
-0.0352829098701477
-0.0568857192993164
-0.0414543002843857
-0.0309710018336773
-0.0520482473075390
0.0215265676379204
0.0123828630894423
-0.0248336624354124
0.0266810972243547
-0.0324013568460941
-0.0105686411261559
-0.0736052319407463
0.0365887694060802
-0.0036790014710277
-0.0293461680412292
0.0669676661491394
0.0520630143582821
0.0534342452883720
0.0331906192004681
-0.0531023032963276
-0.0102768354117870
-0.0194011405110359
0.0086221182718873
-0.0528413988649845
-0.0382660739123821
-0.0157562885433435
-0.0026874938048422
0.0336906686425209
-0.0451143868267536
0.0596683993935585
0.0045654675923288
0.0622065775096416
0.0388927981257439
0.0112073989585042
0.0062975687906146
-0.0402846969664097
-0.0513711348176003
-0.0047365101054311
0.0189838632941246
-0.0541108399629593
0.0139560392126441
0.0458236895501614
0.0356054753065109
0.0277112536132336
-0.0208444558084011
-0.0232600383460522
-0.0543981827795506
0.0124052995815873
0.0504990555346012
-0.0022937355097383
-0.0708184912800789
-0.0199538934975863
0.0193845573812723
0.0462215878069401
-0.0523775480687618
0.0087271025404334
0.0764576494693756
-0.0150193721055984
-0.0911434590816498
-0.0154741909354925
-0.0206948388367891
-0.0084459027275443
-0.0076508140191436
-0.0144444210454822
0.0214866697788239
-0.0189504511654377
0.0663940906524658
-0.0589642077684402
-0.0111197642982006
-0.0795510932803154
-0.0205743554979563
0.0423812307417393
0.0797938480973244
-0.0410764589905739
-0.0324852578341961
-0.0548733361065388
-0.0469891168177128
-0.0228770487010479
0.0115736061707139
-0.0548821464180946
0.0677821189165115
-0.0199521221220493
0.0555443838238716
0.0145392632111907
0.0687920749187469
0.0563073419034481
-0.0062212008051574
0.0225019529461861
-0.0286294668912888
0.0454669110476971
-0.0232450608164072
0.0522496439516544
0.0727876275777817
0.0357714034616947
-0.0239335894584656
-0.0334918759763241
0.0683686807751656
0.0173828639090061
0.0301553402096033
0.0577217452228069
0.0750128105282784
-0.0537306405603886
0.0812563300132751
-0.0301320664584637
-0.0463077500462532
-0.0387086682021618
0.0212940983474255
-0.0015724309487268
0.0245959535241127
0.0447586476802826
-0.0312333293259144
-0.0648008286952972
0.0052174059674144
0.0506176687777042
-0.0656683221459389
0.0269478950649500
0.0508495755493641
0.0550181120634079
-0.0120407380163670
0.0002426540740998
0.0058738668449223
-0.0220199096947908
-0.0406593009829521
0.0220679696649313
0.0251346156001091
0.0283695980906487
-0.0148840397596359
0.0758098959922791
-0.0329313613474369
-0.0056343777105212
-0.0134094329550862
-0.0005921238916926
-0.0060690953396261
-0.0416216999292374
-0.0625004693865776
0.0198254343122244
-0.0218962300568819
-0.0423436872661114
0.0297721028327942
0.0565039813518524
-0.0454602651298046
0.0399830415844917
0.0688442587852478
-0.0433056503534317
-0.0537095367908478
0.0203380361199379
0.0444830395281315
0.0523992590606213
-0.0181695725768805
-0.0450304001569748
-0.0594524294137955
-0.0502720102667809
0.0557664968073368
0.0832644701004028
-0.0560391694307327
0.0689821317791939
0.0285824462771416
-0.0315735824406147
0.0233450625091791
0.0644494593143463
-0.0247624088078737
-0.0354810096323490
0.0330490283668041
-0.0469756908714771
-0.0199144389480352
0.0105946902185678
0.0245243851095438
-0.0527307838201523
0.0251833759248257
0.0245262086391449
0.0527229867875576
-0.0886809751391411
0.0324819982051849
-0.0945687219500542
0.0339648984372616
0.0092422440648079
-0.0326236262917519
0.0088704815134406
0.0371739678084850
0.0260893777012825
0.0061490228399634
0.0670492723584175
0.0730455741286278
-0.0130100697278976
-0.0163215603679419
0.0676032900810242
0.0515986382961273
0.0316041111946106
-0.0377727635204792
-0.0566056072711945
-0.0487057603895664
0.0705254375934601
0.0213313978165388
-0.0245648548007011
-0.0076556587591767
0.0462872423231602
0.0667858868837357
0.0441963598132133
-0.0262483917176723
-0.0583386979997158
-0.0664285123348236
-0.0382672436535358
-0.0572382956743240
-0.0387273505330086
0.0247217267751694
-0.0432819463312626
0.0829487442970276
-0.1126351207494736
0.0305421687662601
-0.0137790124863386
-0.0048905797302723
-0.0367160849273205
0.0083948019891977
0.0379877202212811
-0.0226396638900042
-0.0426596961915493
0.0289987083524466
-0.0217546317726374
0.0102858934551477
0.0076686576940119
0.0713337659835815
0.0256801731884480
-0.0366796106100082
-0.0219467040151358
0.0352164581418037
0.0572874732315540
0.0273668393492699
0.0659019425511360
-0.0366239100694656
-0.0149493431672454
-0.0332768298685551
-0.0600086376070976
-0.0509196147322655
-0.0114498045295477
0.0613381341099739
-0.0066774180158973
-0.0316554158926010
-0.0168499518185854
0.0275623258203268
0.0317998006939888
0.0709956660866737
-0.0421071834862232
0.0095051573589444
-0.0367573872208595
-0.0630621239542961
-0.0240812115371227
0.0591589510440826
0.0060852505266666
0.0140884090214968
-0.0715024471282959
0.0597953088581562
-0.0284240581095219
-0.0608268231153488
-0.0216107536107302
-0.0166534706950188
-0.0073914257809520
-0.0483753234148026
-0.0235894694924355
0.0417659245431423
0.0644391104578972
-0.0142022948712111
-0.0008788437698968
0.0795501023530960
-0.0192588381469250
0.0211096964776516
-0.0146468142047524
0.0414895527064800
0.0242429375648499
0.0878570452332497
-0.0316172353923321
-0.0012859033886343
-0.0248459223657846
-0.0231883563101292
-0.0107509270310402
0.0383180268108845
-0.0226145926862955
-0.0488871000707150
0.0383360758423805
0.0526761375367641
-0.0234582778066397
0.0508801266551018
0.0300803519785404
-0.0140039175748825
0.0189872346818447
0.0077056507579982
-0.0688683763146400
0.0305586159229279
-0.0720876976847649
-0.0671738460659981
-0.0297369379550219
0.0481311343610287
-0.0734322443604469
-0.0850940793752670
-0.0311040319502354
0.0038948277942836
0.0320403762161732
-0.0178602151572704
-0.0645132213830948
-0.0070763602852821
0.0301919449120760
-0.0503722466528416
-0.0116442935541272
0.0067978072911501
-0.0362954139709473
-0.0856933444738388
-0.0569551475346088
-0.0310929939150810
-0.0184124018996954
-0.0129502238705754
0.0062182354740798
0.0229974724352360
-0.0415330603718758
-0.0569910928606987
0.0729257538914680
0.0107189686968923
0.0461249835789204
0.0182379446923733
-0.0337273553013802
-0.0722320526838303
0.0370305813848972
0.0840696692466736
0.0505712181329727
-0.0374484360218048
0.0699275434017181
-0.0443294718861580
-0.0199272166937590
-0.0224354024976492
-0.1087787076830864
-0.0233815088868141
0.0113937947899103
0.0371249988675117
0.0449938848614693
0.0320452377200127
-0.0295836441218853
-0.0024514095857739
0.0246198046952486
0.0307858865708113
-0.0087675759568810
0.0273158438503742
-0.0535034351050854
-0.0109004853293300
0.0512375868856907
-0.0460479594767094
-0.0869180634617805
-0.0128277083858848
0.0380179397761822
0.1038494780659676
-0.0526441223919392
0.0042047239840031
-0.0331819728016853
0.0377704948186874
-0.0101602524518967
-0.0794627442955971
-0.0241343136876822
-0.0587082989513874
-0.0249044187366962
-0.0544682294130325
-0.0877112895250320
0.0084605375304818
-0.0453398339450359
-0.0019139235373586
-0.0382508225739002
0.0466799288988113
0.0331620536744595
0.0626532584428787
0.0225942283868790
0.0423336364328861
0.0036729879211634
0.0290561560541391
-0.0851692408323288
0.0512322746217251
0.0273209456354380
-0.0621478259563446
0.0397610291838646
-0.0421344228088856
0.0421251021325588
0.0709733515977859
0.0808896124362946
-0.0409840457141399
-0.0065275593660772
-0.0010048282565549
-0.0073940171860158
0.0016462811036035
-0.0369362346827984
-0.0223996527493000
0.0115614989772439
0.0067081539891660
-0.0429915115237236
0.0121445022523403
-0.0062824101187289
-0.0158896241337061
0.0064951493404806
