0.1222529932856560
0.0525339320302010
0.0169542450457811
0.0330901220440865
-0.0457391440868378
-0.0184060130268335
-0.0483062230050564
-0.0204560365527868
0.0712147057056427
0.1156421154737473
0.0177449621260166
0.0659788399934769
0.1033408716320992
0.0963715612888336
-0.0937271639704704
-0.0824051126837730
-0.1019895151257515
-0.0831571593880653
0.0394797809422016
-0.1081698015332222
-0.0628369972109795
-0.0050303856842220
-0.0503085181117058
-0.0202741418033838
-0.0577663220465183
0.0173167083412409
0.0224553029984236
0.0548544153571129
-0.0508344955742359
0.0631629303097725
-0.0932132154703140
0.0168576706200838
0.1123845279216766
-0.0447334013879299
0.0192867796868086
0.0699972286820412
0.0396716669201851
-0.0012418428668752
0.0553646609187126
0.0121741741895676
-0.0640622675418854
0.0467176251113415
0.0741929858922958
0.0091999294236302
0.1114997938275337
0.0816532671451569
0.0107957916334271
0.0080415299162269
0.0061312816105783
-0.0387922488152981
-0.0585277490317822
0.0858878046274185
0.0968473926186562
0.0292028058320284
-0.1196924224495888
-0.0674594566226006
-0.0646187365055084
0.0045093004591763
0.0526145659387112
0.0518372505903244
0.0610070489346981
-0.0377385057508945
-0.0016354349208996
-0.0549558773636818
-0.0392576679587364
-0.0067844078876078
0.0033712782897055
0.0484077222645283
0.1225764378905296
-0.0087985806167126
0.0380880795419216
-0.0578608289361000
0.0184371024370193
-0.0330192036926746
-0.0685486868023872
-0.0291080940514803
0.0079567171633244
-0.0641032382845879
0.1152087673544884
0.0445940643548965
-0.1283566802740097
0.1144265308976173
0.0366086661815643
-0.0918878540396690
0.0710573047399521
0.0405562296509743
0.0080304751172662
0.0425871163606644
-0.0534164495766163
-0.0172973629087210
0.0354251600801945
-0.0426463931798935
-0.0828383713960648
-0.0040137404575944
0.0046327919699252
-0.0466250851750374
-0.0502085350453854
-0.0700863376259804
0.0191274322569370
0.0950933098793030
0.0721546113491058
-0.0310478582978249
-0.0342621989548206
-0.0569936968386173
-0.0994768962264061
0.0363713279366493
-0.0624982416629791
0.0187032129615545
0.0341307111084461
0.0528299100697041
0.1218602880835533
0.0565060675144196
0.1074336171150208
0.0053247599862516
-0.0676422193646431
0.0551041923463345
0.0348041839897633
-0.0431923307478428
-0.1152715533971786
0.1077399998903275
-0.1100443676114082
0.0606035590171814
0.0519326888024807
-0.0205389298498631
-0.0231266152113676
-0.0122100776061416
0.0655069872736931
-0.0343935266137123
0.0944936722517014
0.0748773738741875
-0.0077720349654555
0.1043853759765625
0.0525434836745262
0.0099434703588486
0.0904557779431343
-0.1078002825379372
0.0383768901228905
-0.0315782576799393
0.0262061022222042
0.1073133572936058
0.0760574340820312
0.0177473220974207
0.0364281423389912
0.0509650073945522
-0.0059270020574331
-0.0042430069297552
-0.0162324346601963
0.1297247111797333
0.0046629915013909
0.0467169955372810
0.0260173045098782
0.0337202064692974
-0.0008547752513550
0.0184527803212404
0.1285022795200348
0.1064799278974533
0.0030042733997107
-0.0475226119160652
-0.0822242647409439
-0.0399919860064983
0.0538448728621006
0.0377592071890831
0.0074107581749558
0.0097716581076384
-0.0176795870065689
-0.1021687164902687
0.0425438135862350
0.1308017969131470
0.0898261889815331
0.0522772222757339
-0.1050783768296242
-0.0788959413766861
0.0410640574991703
0.0639250278472900
-0.0096016125753522
0.0085676023736596
-0.1007763147354126
0.0784397572278976
0.0320741310715675
-0.0536883398890495
-0.0188093166798353
0.0546489730477333
-0.0071307159960270
0.1541267633438110
0.0737560614943504
-0.0216479171067476
-0.0168852936476469
-0.0371915996074677
-0.0116351814940572
0.1320003569126129
-0.0427593737840652
-0.1067287400364876
-0.0317886918783188
-0.0584680326282978
-0.0569712743163109
-0.1447955667972565
0.0204180963337421
0.1164957061409950
-0.0525855533778667
-0.0349050983786583
-0.0323044694960117
0.0965065732598305
0.0035313174594194
-0.0626779124140739
0.0254928395152092
-0.0048926854506135
0.0561983808875084
-0.0394325256347656
-0.0162167642265558
0.0366884097456932
0.0826454013586044
0.0527500212192535
-0.0255314577370882
-0.0179715715348721
-0.0204171631485224
0.0048764590173960
0.0265572611242533
-0.0280803050845861
-0.0001764254557202
0.0820945873856544
-0.0529640726745129
-0.0442400574684143
0.0809620171785355
-0.0783451721072197
-0.0538987778127193
-0.0289743579924107
-0.0642669424414635
0.0274237431585789
0.0086409514769912
-0.1200543344020844
-0.0123431868851185
0.1389952152967453
-0.0006132927373983
0.0324110686779022
-0.0857950225472450
0.0310685448348522
0.0708726793527603
-0.0662790536880493
-0.0514467172324657
-0.0671363174915314
0.0715934857726097
0.0172007568180561
-0.0138005176559091
0.0854944661259651
0.0395034551620483
0.0249847341328859
-0.0201588831841946
-0.0307840444147587
-0.0027060525026172
0.0677765533328056
-0.0089907571673393
-0.0112870689481497
-0.0192071869969368
-0.0507777594029903
-0.0820438265800476
-0.0187404546886683
-0.1141175329685211
-0.0568272396922112
-0.1399225294589996
-0.1008921191096306
-0.0465889200568199
-0.1541491150856018
0.0800295099616051
0.1584776192903519
-0.0642446056008339
-0.0160117037594318
-0.1358890980482101
0.0615453943610191
0.0792010650038719
0.1442801952362061
-0.0989586487412453
0.0598848275840282
-0.3532023131847382
-0.0107128070667386
0.1353931874036789
-0.2124533355236053
0.0636442005634308
-0.0195409581065178
-0.0423163585364819
-0.1381179690361023
-0.0652401149272919
0.0618289671838284
-0.1289141327142715
-0.1890573799610138
0.0554821416735649
-0.1230068951845169
-0.1025547832250595
-0.0638584271073341
-0.0411065183579922
-0.1415150016546249
-0.2383496761322021
-0.0188603699207306
0.0807429850101471
-0.0634943693876266
-0.1073056980967522
-0.0731537193059921
0.0358234830200672
-0.0478778183460236
0.0553093701601028
0.0045853327028453
-0.0394794344902039
-0.0304533373564482
0.1425626128911972
-0.2489151209592819
-0.1655551344156265
-0.0388703644275665
-0.0234466232359409
0.0435482449829578
0.0934960842132568
-0.1280805319547653
0.0928424745798111
-0.2787533998489380
0.1210151165723801
0.0297739468514919
-0.1991786807775497
0.1566057205200195
0.0902078449726105
0.3055217862129211
-0.0153137668967247
-0.0234485119581223
-0.0833450481295586
0.0019776176195592
0.0662587732076645
-0.0547546707093716
0.0030784751288593
0.0729955285787582
-0.0997301042079926
-0.0596765391528606
-0.0088922549039125
0.0204849056899548
-0.0161928497254848
0.0427557229995728
0.0056856172159314
-0.0557562448084354
-0.0593452863395214
-0.0970985740423203
0.0113949449732900
0.0215210188180208
-0.0642223656177521
0.1232376992702484
-0.0956485345959663
0.0584363602101803
0.0453290045261383
0.0001543628895888
-0.0598488114774227
-0.0525177530944347
0.0367714948952198
0.0521060936152935
0.0048001813702285
0.0487308092415333
0.0217029005289078
-0.0153476716950536
0.0207593012601137
-0.0468668267130852
-0.0612517222762108
0.0178208816796541
0.0605118423700333
0.0554412640631199
-0.0390011630952358
0.0244447290897369
0.0044934945181012
-0.0551636368036270
-0.0934173166751862
-0.0489702783524990
-0.0340001881122589
-0.0277788471430540
0.0223394650965929
-0.0194558147341013
-0.0163923557847738
-0.0163412112742662
-0.0119820870459080
-0.0078901275992393
0.0220826398581266
0.0205033458769321
0.0146421138197184
-0.0531608872115612
-0.0296967662870884
-0.0774405375123024
0.0952928215265274
-0.0296841133385897
0.0197436306625605
-0.0110227130353451
-0.0083120185881853
-0.0702449604868889
0.0504693798720837
0.0600471459329128
-0.0256995204836130
0.0324755497276783
0.0628307834267616
0.0539964139461517
-0.0613678060472012
0.0333531089127064
-0.0566547662019730
-0.0199415720999241
-0.0245017055422068
-0.0622762702405453
0.0301322508603334
-0.0525504834949970
0.0370492450892925
0.0748802646994591
-0.0015401480486616
0.0352945476770401
0.0301150847226381
0.0913531184196472
0.0897354781627655
-0.0077409124933183
-0.0226597841829062
-0.0297276023775339
0.0193927716463804
0.0272769406437874
-0.0740720629692078
-0.0158882457762957
0.0127941835671663
-0.0720629915595055
0.0063903303816915
0.0212148576974869
0.0306368991732597
-0.0628677159547806
-0.0054318634793162
0.0308498591184616
-0.0410685725510120
0.0286603290587664
0.0262761656194925
0.0700253695249557
0.0067643411457539
-0.0034446262288839
-0.0661584883928299
-0.1036005690693855
0.0620754472911358
-0.0241375770419836
-0.0250080004334450
0.0303434412926435
-0.0616991408169270
-0.0007854776922613
-0.0211868099868298
-0.0556718707084656
-0.0256168916821480
0.0059543577954173
0.0266365446150303
-0.0612330362200737
-0.0291521959006786
-0.0431251898407936
-0.0406073182821274
-0.0299992561340332
-0.0480706803500652
0.0387009903788567
0.0098072085529566
-0.0267280694097281
0.0311707612127066
-0.0333668775856495
-0.0029818858020008
-0.0799394547939301
0.0497108809649944
0.0100627206265926
-0.0164317134767771
0.0801670849323273
0.0386022850871086
0.0496022142469883
0.0283766109496355
-0.0397745892405510
-0.0153370713815093
-0.0125732934102416
-0.0018647655379027
-0.0187423601746559
-0.0305334888398647
-0.0293120592832565
-0.0009073533583432
0.0479095540940762
-0.0432593002915382
0.0578058660030365
0.0165671221911907
0.0545812435448170
0.0447848141193390
0.0243823640048504
0.0348536483943462
-0.0368013530969620
-0.0590677596628666
-0.0038329288363457
0.0262926928699017
-0.0630776286125183
0.0175912510603666
0.0354177355766296
0.0222732294350863
0.0217724423855543
-0.0175865683704615
-0.0159531105309725
-0.0449989698827267
0.0175777077674866
0.0492364466190338
-0.0004816632717848
-0.0938273444771767
-0.0171512551605701
0.0277230609208345
0.0452234782278538
-0.0478856377303600
0.0167185217142105
0.0528744198381901
-0.0099998908117414
-0.0790922492742538
-0.0353162698447704
0.0006066665519029
-0.0350459180772305
-0.0011003724066541
-0.0237778238952160
0.0086146611720324
-0.0246791467070580
0.0592362172901630
-0.0554792284965515
-0.0129446862265468
-0.0874196067452431
-0.0160322114825249
0.0439806133508682
0.0812499895691872
-0.0313113108277321
-0.0343274846673012
-0.0286177005618811
-0.0344818755984306
-0.0316842161118984
0.0069979876279831
-0.0608866214752197
0.0766232833266258
-0.0155259296298027
0.0433894135057926
0.0241278037428856
0.0603682249784470
0.0642243549227715
-0.0135011225938797
0.0344576276838779
-0.0337116420269012
0.0567518435418606
-0.0285195913165808
0.0545553006231785
0.0845927521586418
0.0470009334385395
-0.0244339164346457
-0.0301688741892576
0.0749961063265800
0.0379648581147194
0.0340136699378490
0.0399771928787231
0.0516055561602116
-0.0298421941697598
0.0862339586019516
-0.0385066941380501
-0.0598718598484993
-0.0382510013878345
0.0295330919325352
-0.0032361466437578
0.0359153486788273
0.0589440762996674
-0.0311095975339413
-0.0448307655751705
0.0042320913635194
0.0637472420930862
-0.0537348389625549
0.0219476874917746
0.0477483198046684
0.0523225180804729
-0.0254996344447136
0.0160379726439714
-0.0199396144598722
-0.0256918966770172
-0.0150908958166838
0.0277636740356684
0.0408172830939293
0.0321405865252018
-0.0131898699328303
0.0834652632474899
-0.0249692630022764
-0.0149912107735872
-0.0099000809714198
0.0068961684592068
-0.0169777050614357
-0.0183013603091240
-0.0521171167492867
0.0169090535491705
-0.0108477016910911
-0.0420308038592339
0.0227402690798044
0.0583677999675274
-0.0496063977479935
0.0410578213632107
0.0694520696997643
-0.0414870865643024
-0.0676661208271980
0.0194438006728888
0.0487142764031887
0.0620175339281559
-0.0073481881991029
-0.0533878430724144
-0.0403928868472576
-0.0732003748416901
0.0412283763289452
0.0890859663486481
-0.0460450500249863
0.0525642223656178
0.0265379380434752
-0.0573328621685505
0.0438490808010101
0.0550916977226734
-0.0431924089789391
-0.0251441616564989
0.0163931027054787
-0.0273203551769257
-0.0216539483517408
0.0326996967196465
0.0189125631004572
-0.0593146309256554
0.0235576350241899
0.0166270043700933
0.0454923734068871
-0.0858521386981010
0.0514054782688618
-0.0978159233927727
0.0318777747452259
0.0192406624555588
-0.0433945097029209
0.0228366050869226
0.0488099008798599
0.0273860953748226
0.0003764496650547
0.0564617142081261
0.0695827305316925
-0.0262507386505604
-0.0080632893368602
0.0609723441302776
0.0435135401785374
0.0350897982716560
-0.0147981997579336
-0.0552429109811783
-0.0501963458955288
0.0597365237772465
0.0261922683566809
-0.0296449717134237
-0.0128423394635320
0.0527303628623486
0.0539093278348446
0.0290101785212755
-0.0377611815929413
-0.0342249274253845
-0.0607951395213604
-0.0413109585642815
-0.0394102670252323
-0.0257888715714216
0.0374677628278732
-0.0217563267797232
0.0903788059949875
-0.1071797609329224
0.0206909961998463
-0.0314554572105408
0.0047164270654321
-0.0417321175336838
-0.0080576967447996
0.0223580058664083
-0.0248893536627293
-0.0379188284277916
0.0317221172153950
-0.0199662819504738
0.0180342569947243
-0.0123061630874872
0.0500117614865303
0.0437913425266743
-0.0402603484690189
-0.0179151874035597
0.0198242701590061
0.0494520477950573
0.0342342555522919
0.0499414615333080
-0.0421494841575623
-0.0155442766845226
-0.0444723106920719
-0.0740640088915825
-0.0485914312303066
0.0003079529851675
0.0664530768990517
0.0178661160171032
-0.0298208352178335
-0.0323985256254673
0.0182364955544472
0.0240255855023861
0.0725813806056976
-0.0463649779558182
0.0077253980562091
-0.0487600080668926
-0.0621065534651279
-0.0345896035432816
0.0577722527086735
0.0113828182220459
0.0227692984044552
-0.0607687607407570
0.0392198823392391
-0.0456938929855824
-0.0552733279764652
-0.0201933421194553
-0.0300456210970879
-0.0244594309478998
-0.0403746254742146
-0.0194267462939024
0.0291958693414927
0.0605408549308777
-0.0078113833442330
-0.0119187403470278
0.0748875513672829
-0.0107215475291014
0.0279870796948671
-0.0180935412645340
0.0391364023089409
0.0256997831165791
0.0839901715517044
-0.0280824657529593
-0.0080862529575825
-0.0242780596017838
-0.0299835428595543
-0.0121705653145909
0.0315485931932926
-0.0313999727368355
-0.0486401766538620
0.0422630831599236
0.0533329658210278
-0.0259360745549202
0.0544196777045727
0.0356365367770195
-0.0354896709322929
0.0049798917025328
0.0090185618028045
-0.0592561364173889
0.0197441093623638
-0.0695842206478119
-0.0703423917293549
-0.0289182960987091
0.0386720709502697
-0.0719210430979729
-0.0880269035696983
-0.0399855338037014
0.0068356208503246
0.0291751064360142
-0.0319234244525433
-0.0661888495087624
0.0045235501602292
0.0402953140437603
-0.0534841939806938
-0.0119307208806276
0.0045187030918896
-0.0267110634595156
-0.0982518866658211
-0.0667005628347397
-0.0321424566209316
0.0053992005996406
-0.0152903804555535
0.0016836114227772
0.0278162527829409
-0.0189231913536787
-0.0632463768124580
0.0556878447532654
0.0152057800441980
0.0386325679719448
0.0038474951870739
-0.0503851734101772
-0.0504199601709843
0.0123523473739624
0.0636848881840706
0.0695299208164215
-0.0483323372900486
0.0516467280685902
-0.0243530087172985
-0.0358624197542667
-0.0193230323493481
-0.0865870416164398
-0.0169812347739935
-0.0069763381034136
0.0305507332086563
0.0625717639923096
0.0220247171819210
-0.0398767106235027
-0.0090897986665368
0.0283340811729431
0.0480119958519936
0.0097386203706264
0.0451560243964195
-0.0550758056342602
-0.0214822255074978
0.0444485023617744
-0.0534200258553028
-0.0900770053267479
-0.0047664945013821
0.0533334091305733
0.0911250188946724
-0.0440345294773579
0.0047183828428388
-0.0153379756957293
0.0468730889260769
-0.0116343600675464
-0.0761249661445618
-0.0207326076924801
-0.0597880408167839
-0.0266954042017460
-0.0535099022090435
-0.0800072625279427
0.0465148948132992
-0.0369159616529942
-0.0076063866727054
-0.0444469377398491
0.0500827319920063
0.0391160547733307
0.0668454021215439
0.0290229618549347
0.0379567667841911
-0.0097642214968801
0.0188502874225378
-0.0818009003996849
0.0397539399564266
0.0202040690928698
-0.0616589151322842
0.0414614751935005
-0.0543632842600346
0.0423085689544678
0.0783310532569885
0.0644319877028465
-0.0152492504566908
0.0255214851349592
-0.0046956446021795
-0.0042858277447522
0.0086968196555972
-0.0428458042442799
-0.0313693024218082
0.0263733901083469
0.0139531502500176
-0.0490530170500278
0.0225471481680870
-0.0229555796831846
-0.0021362495608628
0.0073105315677822
