0.1136436387896538
0.0538264960050583
0.0133974673226476
0.0333578251302242
-0.0567079111933708
-0.0121066439896822
-0.0302545838057995
-0.0286884550005198
0.0648726820945740
0.1117631718516350
0.0183633100241423
0.0622504092752934
0.0983102247118950
0.0927800089120865
-0.0945417508482933
-0.0936169847846031
-0.1108643040060997
-0.0791725665330887
0.0592192374169827
-0.1106503456830978
-0.0588749982416630
0.0002665879146662
-0.0550919771194458
-0.0175243858247995
-0.0565834231674671
0.0239363797008991
0.0225571263581514
0.0504647828638554
-0.0506691969931126
0.0451858304440975
-0.0912945866584778
0.0346676744520664
0.1112957298755646
-0.0469137728214264
0.0209560599178076
0.0747940316796303
0.0311978515237570
-0.0066231116652489
0.0558715835213661
0.0215800683945417
-0.0565082505345345
0.0657874271273613
0.0844248682260513
0.0170719102025032
0.1065369695425034
0.0881921127438545
0.0013334241230041
0.0138401631265879
0.0154699226841331
-0.0555977001786232
-0.0626060515642166
0.0902398824691772
0.1045199409127235
0.0171336196362972
-0.1000791862607002
-0.0614739879965782
-0.0708860084414482
-0.0130078075453639
0.0565411970019341
0.0543275661766529
0.0672836154699326
-0.0383999459445477
0.0070820683613420
-0.0513586178421974
-0.0508964769542217
-0.0184013936668634
-0.0034038883168250
0.0593756698071957
0.1230135634541512
-0.0067537091672421
0.0315999947488308
-0.0680193081498146
0.0116845723241568
-0.0330508574843407
-0.0550125502049923
-0.0259327292442322
0.0219451673328876
-0.0646413415670395
0.1030902639031410
0.0347801372408867
-0.1260455250740051
0.1079507768154144
0.0415360666811466
-0.0993899181485176
0.0764532610774040
0.0338370874524117
0.0023699146695435
0.0572654530405998
-0.0695482268929482
-0.0224481932818890
0.0247206836938858
-0.0412524268031120
-0.0814455151557922
-0.0168674122542143
0.0087803583592176
-0.0528747029602528
-0.0468185693025589
-0.0736073553562164
0.0211205426603556
0.0993794500827789
0.0816387087106705
-0.0215114429593086
-0.0420675650238991
-0.0500783510506153
-0.0810823515057564
0.0279948282986879
-0.0665950849652290
0.0115301264449954
0.0334938839077950
0.0527331270277500
0.1137446239590645
0.0496979318559170
0.1018686220049858
-0.0028230620082468
-0.0618863776326180
0.0539138503372669
0.0402914993464947
-0.0488454475998878
-0.1217357292771339
0.0972736477851868
-0.1099882647395134
0.0654245615005493
0.0345355719327927
-0.0315401889383793
-0.0207088775932789
-0.0042016645893455
0.0756297856569290
-0.0348532721400261
0.1000285968184471
0.0761629268527031
-0.0003907979989890
0.1055771261453629
0.0508472062647343
0.0115825096145272
0.0870285853743553
-0.1109263524413109
0.0272583272308111
-0.0406597927212715
0.0318601503968239
0.1051613539457321
0.0579570271074772
0.0213899184018373
0.0453001894056797
0.0577049553394318
-0.0063145086169243
-0.0058270385488868
-0.0134274642914534
0.1277634650468826
0.0074698473326862
0.0568848997354507
0.0069219782017171
0.0443711020052433
0.0089253680780530
0.0072114267386496
0.1274383664131165
0.1098337993025780
0.0013602805556729
-0.0290512070059776
-0.0901111885905266
-0.0356517918407917
0.0362911522388458
0.0452541485428810
0.0092582246288657
0.0022812765091658
-0.0084812408313155
-0.1039820834994316
0.0344305746257305
0.1252187043428421
0.0788801684975624
0.0400293245911598
-0.1090328097343445
-0.0682389736175537
0.0272397100925446
0.0695965290069580
0.0007480332278647
0.0021872336510569
-0.0977851301431656
0.0747142955660820
0.0430167764425278
-0.0518887639045715
-0.0233060419559479
0.0615646019577980
-0.0036666695959866
0.1582125872373581
0.0694362372159958
-0.0305934492498636
-0.0063072610646486
-0.0329331532120705
-0.0094005260616541
0.1210860386490822
-0.0512392632663250
-0.1057776808738708
-0.0330724790692329
-0.0669899806380272
-0.0431250780820847
-0.1476203650236130
0.0198881775140762
0.1151767373085022
-0.0409255251288414
-0.0357598774135113
-0.0267380028963089
0.0876259133219719
0.0023898510262370
-0.0653970614075661
0.0085034826770425
-0.0047502792440355
0.0530895218253136
-0.0547593161463737
-0.0295750331133604
0.0546953231096268
0.0964970141649246
0.0509195104241371
-0.0356859415769577
-0.0302464626729488
-0.0216885954141617
-0.0039785243570805
0.0285297799855471
-0.0240645054727793
0.0102361906319857
0.0769718661904335
-0.0405936948955059
-0.0504758134484291
0.0855775773525238
-0.0919264927506447
-0.0468492023646832
-0.0217286963015795
-0.0545747764408588
0.0373851545155048
0.0053565399721265
-0.1181549429893494
-0.0117887249216437
0.1361168920993805
0.0101846791803837
0.0427763871848583
-0.0783310905098915
0.0249124746769667
0.0548581294715405
-0.0732113048434258
-0.0559791028499603
-0.0672606304287910
0.0754822120070457
0.0321925096213818
-0.0229913480579853
0.0817118883132935
0.0438862219452858
0.0296345278620720
-0.0202261600643396
-0.0293671824038029
-0.0094806179404259
0.0806607604026794
-0.0022557170595974
-0.0156948454678059
-0.0181438233703375
-0.0536293946206570
-0.0917903110384941
-0.0275635235011578
-0.1285179853439331
-0.0648167282342911
-0.1445872932672501
-0.1068586036562920
-0.0355934947729111
-0.1347255557775497
0.0639708042144775
0.1454686969518661
-0.0317816138267517
-0.0023427053820342
-0.1371787935495377
0.0562430545687675
0.0679491162300110
0.1680807024240494
-0.0808988437056541
0.0637521147727966
-0.3530077040195465
-0.0021819698158652
0.0974156334996223
-0.2204734534025192
0.0555622503161430
-0.0177457723766565
-0.0175419803708792
-0.1241288259625435
-0.0523151457309723
0.0378968007862568
-0.1488142162561417
-0.1793369203805923
0.0769993588328362
-0.1236050501465797
-0.1285150945186615
-0.0550848320126534
-0.0348547957837582
-0.1423328667879105
-0.2314215451478958
-0.0345592945814133
0.0820898860692978
-0.0519451312720776
-0.0949958339333534
-0.1027949750423431
0.0129754692316055
-0.0671090185642242
0.0650880560278893
-0.0065733445808291
-0.0394327379763126
-0.0172748453915119
0.1710547059774399
-0.2495928704738617
-0.1396726816892624
-0.0337431542575359
-0.0414149202406406
0.0295506492257118
0.1099709495902061
-0.1363700926303864
0.0868802890181541
-0.2834929227828979
0.1160103455185890
0.0262264516204596
-0.2191676497459412
0.1523455977439880
0.0652782320976257
0.3058512508869171
-0.0413957573473454
-0.0193352475762367
-0.0738195255398750
-0.0327131636440754
0.0424301624298096
-0.0511077418923378
0.0234483778476715
0.0901591703295708
-0.1005921214818954
-0.0621266663074493
0.0206887442618608
0.0217192210257053
-0.0037592328153551
0.0193388462066650
-0.0201516300439835
-0.0415672548115253
-0.0557982958853245
-0.0921732857823372
0.0152889881283045
-0.0015292344614863
-0.0168905984610319
0.1190110966563225
-0.0967479273676872
0.0123686883598566
0.0375145561993122
0.0032986549194902
-0.0595251135528088
-0.0780172273516655
0.0287864729762077
0.0501698292791843
0.0243444256484509
0.0498510226607323
0.0298601202666759
-0.0231610853224993
0.0135802933946252
-0.0195490624755621
-0.0968601256608963
0.0078807957470417
0.0674032792448997
0.0580261535942554
-0.0409816615283489
0.0113561749458313
0.0058005647733808
-0.0513989776372910
-0.0890062078833580
-0.0308618694543839
-0.0184594988822937
-0.0437477529048920
0.0208696871995926
-0.0233151726424694
-0.0184135679155588
-0.0108134998008609
-0.0100848991423845
-0.0293569993227720
-0.0126532753929496
0.0247815456241369
0.0350968278944492
-0.0482434816658497
-0.0150701748207211
-0.0516324602067471
0.0748264789581299
-0.0468384325504303
-0.0259205009788275
0.0004313651588745
-0.0052754073403776
-0.0680899545550346
0.0670020878314972
0.0448629148304462
-0.0187967251986265
0.0659700259566307
0.0446790754795074
0.0446384102106094
-0.0330647714436054
0.0097706485539675
-0.0298571418970823
-0.0125282322987914
-0.0582888275384903
-0.0304503962397575
0.0293034855276346
-0.0942361801862717
0.0433529764413834
0.0638547912240028
0.0398471131920815
0.0610410124063492
0.0315477922558784
0.0721792057156563
0.0549891144037247
-0.0111427800729871
0.0077921673655510
0.0019281746353954
0.0014677128056064
0.0425917021930218
-0.0504463352262974
-0.0190407913178205
0.0024510761722922
-0.0402018874883652
0.0078325122594833
0.0011493319179863
0.0215766876935959
-0.0786379128694534
0.0046124407090247
0.0418632514774799
-0.0372747331857681
0.0311940237879753
0.0481194667518139
0.0633042380213737
0.0132748605683446
-0.0057567842304707
-0.0266127064824104
-0.1058709993958473
0.0659217461943626
-0.0245298705995083
-0.0305957794189453
0.0588239729404449
-0.0543288029730320
-0.0030847410671413
-0.0368893928825855
-0.0868351310491562
-0.0248574875295162
-0.0052919993177056
0.0384558737277985
-0.0774334445595741
-0.0424161702394485
-0.0425125062465668
-0.0389507301151752
-0.0197464227676392
-0.0158731043338776
0.0164650063961744
0.0225636996328831
-0.0452125184237957
-0.0052245683036745
-0.0266883280128241
-0.0080029992386699
-0.0778919011354446
0.0402082018554211
0.0431006103754044
-0.0292929150164127
0.0435880683362484
0.0269882865250111
0.0430293977260590
0.0285143796354532
-0.0465078540146351
-0.0244974792003632
0.0022271811030805
-0.0368876270949841
-0.0309274047613144
-0.0264834519475698
-0.0129248239099979
0.0009073670953512
0.0618618018925190
-0.0384236648678780
0.0491290837526321
0.0227620452642441
0.0406653620302677
0.0494490899145603
0.0170800723135471
0.0302780028432608
-0.0054108235053718
-0.0431596413254738
-0.0097208833321929
0.0232946481555700
-0.0687624663114548
0.0145277809351683
0.0413825139403343
0.0355481617152691
0.0119335576891899
-0.0260715316981077
-0.0429141707718372
-0.0741452574729919
0.0058487723581493
0.0746609196066856
0.0152260782197118
-0.0701519101858139
-0.0346228629350662
0.0276786666363478
0.0321621634066105
-0.0535736046731472
0.0369611829519272
0.0523548685014248
-0.0385626889765263
-0.0807610750198364
-0.0172554515302181
-0.0173316430300474
-0.0288481842726469
-0.0105297500267625
0.0010407227091491
0.0032955778297037
0.0018845349550247
0.0644392743706703
0.0006300940876827
-0.0305404514074326
-0.1268274039030075
0.0152693139389157
0.0562979467213154
0.0989983007311821
-0.0421356707811356
-0.0132684204727411
-0.0323005765676498
-0.0195191483944654
-0.0220812223851681
0.0176315587013960
-0.0583299100399017
0.0586837381124496
-0.0170772355049849
0.0242608338594437
0.0297002624720335
0.0750147625803947
0.0568008162081242
-0.0385537371039391
0.0113599365577102
-0.0461877398192883
0.0273580625653267
-0.0503305196762085
0.0340544134378433
0.0870085805654526
0.0253313630819321
-0.0318525098264217
-0.0612780004739761
0.0514825731515884
-0.0066300486214459
0.0061987214721739
0.0336293838918209
0.0432580895721912
0.0012350188335404
0.0665494054555893
-0.0256240814924240
-0.0470139496028423
-0.0178032275289297
0.0171248875558376
0.0024980641901493
0.0434451624751091
0.0602343231439590
-0.0254123024642467
-0.0553569197654724
0.0086555620655417
0.0578443780541420
-0.0275884959846735
0.0267562810331583
0.0382598489522934
0.0445880033075809
-0.0030559180304408
0.0455083772540092
-0.0302518121898174
-0.0121424859389663
-0.0188949480652809
0.0393140688538551
0.0311006903648376
0.0332532487809658
-0.0204523671418428
0.0626889690756798
-0.0359234698116779
-0.0087196156382561
-0.0144165009260178
0.0134119475260377
-0.0458166822791100
-0.0119479857385159
-0.0786572024226189
0.0310243628919125
-0.0236607547849417
-0.0388088598847389
0.0405378006398678
0.0504016093909740
-0.0386026799678802
0.0421975925564766
0.0886198282241821
-0.0599560141563416
-0.0477850325405598
0.0277658421546221
0.0135525101795793
0.0392234921455383
-0.0038847101386636
-0.0202120635658503
-0.0468525066971779
-0.0489809960126877
0.0582111328840256
0.0717335566878319
-0.0464500039815903
0.0444870330393314
0.0379973165690899
-0.0415579937398434
0.0062604784034193
0.0583404824137688
-0.0668822079896927
-0.0273663364350796
0.0423278398811817
-0.0597822256386280
-0.0264589004218578
0.0235393550246954
0.0064817368984222
-0.0705551952123642
0.0092327063903213
0.0085285296663642
0.0540139973163605
-0.0835677236318588
0.0676426216959953
-0.0873277038335800
0.0241161268204451
-0.0081010768190026
0.0095065254718065
0.0096096163615584
0.0372028015553951
0.0289536975324154
-0.0187403243035078
0.0438780821859837
0.0821916088461876
0.0147867817431688
-0.0172869451344013
0.0541272386908531
0.0403801761567593
0.0386468470096588
-0.0414122752845287
-0.0598798990249634
-0.0963184311985970
0.0591701045632362
0.0446737743914127
-0.0319657996296883
0.0018540828023106
0.0222211796790361
0.0355286411941051
0.0359170846641064
-0.0294110551476479
-0.0121964607387781
-0.0626675635576248
-0.0319448858499527
-0.0682894140481949
-0.0189539175480604
0.0145601006224751
-0.0612699054181576
0.0925741195678711
-0.1244377344846725
0.0209793914109468
-0.0142095470800996
0.0048815789632499
-0.0701773166656494
-0.0178603697568178
0.0298230238258839
-0.0064492579549551
-0.0148722846060991
0.0245969500392675
-0.0416241139173508
0.0126891937106848
-0.0193268582224846
0.0556275844573975
0.0053148795850575
-0.0304738134145737
-0.0338484980165958
0.0613971091806889
0.0447311885654926
0.0023892968893051
0.0562411025166512
0.0036349429283291
-0.0132769830524921
-0.0701565891504288
-0.0593828558921814
-0.0325714349746704
0.0154378181323409
0.0449402555823326
0.0250196717679501
-0.0337276905775070
-0.0123407375067472
0.0300406981259584
0.0209571812301874
0.0761589929461479
-0.0472334846854210
-0.0018380571855232
-0.0120149515569210
-0.0956606045365334
-0.0216304752975702
0.0760418102145195
0.0245249681174755
-0.0263780765235424
-0.0444651022553444
0.0597362592816353
-0.0200534742325544
-0.0652367249131203
0.0119132092222571
-0.0309616737067699
-0.0387735702097416
-0.0352085679769516
-0.0158880203962326
-0.0066415830515325
0.0594839639961720
-0.0326279848814011
0.0179849360138178
0.0888428762555122
-0.0039940178394318
0.0256654471158981
-0.0044203246943653
0.0725508257746696
0.0329245589673519
0.0799223035573959
-0.0329015292227268
-0.0070429001934826
-0.0374827831983566
-0.0030882339924574
0.0053911143913865
0.0468224212527275
-0.0354238003492355
-0.0523486062884331
0.0296743270009756
0.0474944412708282
-0.0436779409646988
0.0440433397889137
0.0363168418407440
-0.0181431211531162
0.0106831118464470
0.0118107125163078
-0.0475714541971684
0.0382742583751678
-0.0854228064417839
-0.0374903194606304
-0.0433302633464336
0.0499432273209095
-0.0360141582787037
-0.0678317993879318
-0.0051162587478757
0.0279530361294746
0.0028367359191179
-0.0335851199924946
-0.0543795377016068
-0.0314725674688816
0.0086223669350147
-0.0299566984176636
-0.0027120287995785
0.0284787304699421
-0.0374392978847027
-0.0810865163803101
-0.0848597288131714
-0.0301198270171881
-0.0002920602564700
-0.0134982625022531
0.0059895850718021
0.0239349938929081
-0.0040466752834618
-0.0195839758962393
0.0749168768525124
0.0150522645562887
0.0655080527067184
-0.0109565742313862
-0.0546069443225861
-0.0490519329905510
0.0315036177635193
0.0384843200445175
0.0382995866239071
-0.0362839326262474
0.0682904571294785
-0.0578803457319736
-0.0354959033429623
-0.0123527850955725
-0.0990989580750465
-0.0198235101997852
0.0059519615024328
0.0298615135252476
0.0587372295558453
0.0240621920675039
-0.0323981456458569
-0.0179897416383028
0.0414542071521282
0.0850417464971542
0.0047365538775921
0.0454762279987335
-0.0266827456653118
-0.0032549172174186
0.0701893344521523
-0.0387689247727394
-0.0900310650467873
0.0114809395745397
0.0504270270466805
0.0829876661300659
-0.0656946450471878
-0.0175977256149054
-0.0206970814615488
0.0400557778775692
-0.0306282062083483
-0.0777904689311981
-0.0126739507541060
-0.0859731361269951
-0.0270476005971432
-0.0589903630316257
-0.0986850783228874
0.0357469096779823
-0.0592129901051521
-0.0018686020048335
-0.0417329818010330
0.0298712588846684
0.0095529900863767
0.0713261514902115
0.0124797374010086
0.0357378497719765
0.0083959409967065
0.0213189329952002
-0.0787017419934273
0.0113681964576244
0.0318038463592529
-0.0509554333984852
0.0279887057840824
-0.0580910481512547
0.0300668831914663
0.0872756764292717
0.0560922585427761
-0.0397886820137501
-0.0005344622186385
0.0005446929717436
0.0135550452396274
-0.0000591421412537
-0.0420674234628677
-0.0353603586554527
0.0514276959002018
0.0174918137490749
-0.0434931591153145
0.0293231029063463
-0.0241520404815674
-0.0018958025611937
-0.0047259530983865
