0.1324162334203720
0.0421867929399014
-0.0206559225916862
0.0297546200454235
-0.0395371690392494
-0.0165918692946434
-0.0726883634924889
-0.0114068938419223
0.0587831474840641
0.1115996986627579
0.0257010664790869
0.0481594651937485
0.0962878316640854
0.1366511881351471
-0.0881865769624710
-0.0374486148357391
-0.0664035752415657
-0.1172263920307159
-0.0042849187739193
-0.1247715055942535
-0.0863979980349541
0.0154392104595900
-0.0420080833137035
0.0037137863691896
-0.0316726900637150
0.0652300864458084
0.0092616099864244
0.0709542706608772
0.0030381041578948
0.0433945879340172
-0.1070803776383400
0.0211163610219955
0.0652551352977753
-0.0632840394973755
0.0257900804281235
0.0626313164830208
0.0242104269564152
-0.0183207076042891
0.0472323819994926
0.0158513262867928
-0.0815766230225563
0.0903516709804535
0.0842690318822861
0.0279192700982094
0.0710634067654610
0.0421144254505634
0.0075396173633635
-0.0156596750020981
-0.0440078824758530
-0.0263395402580500
-0.0409604646265507
0.0737358257174492
0.1103833913803101
0.0106957061216235
-0.0795095637440681
-0.0345945283770561
-0.0583613812923431
-0.0137959988787770
0.0675396025180817
0.0256099607795477
0.0932810977101326
-0.0278288908302784
-0.0151992095634341
-0.0153480228036642
-0.0221654810011387
-0.0128455189988017
0.0011006040731445
0.0332428105175495
0.1149322539567947
-0.0567594803869724
0.0463585108518600
-0.0247259680181742
-0.0430780015885830
0.0001996547944145
-0.0822515115141869
-0.0228996369987726
0.0444800294935703
-0.1196335181593895
0.1413096338510513
0.0029197239782661
-0.1145803630352020
0.0779762789607048
0.0138219697400928
-0.0945578217506409
0.0344185456633568
0.0644715949892998
-0.0280096661299467
0.0036881975829601
-0.0765549540519714
-0.0488607473671436
0.0251400135457516
-0.0617905296385288
-0.0540483072400093
-0.0401690155267715
-0.0456760115921497
-0.0833641290664673
-0.0915158316493034
-0.0291196964681149
0.0354740805923939
0.0985328704118729
0.0751603618264198
-0.0203925762325525
-0.0394026190042496
-0.0224500428885221
-0.0854211002588272
0.0776117742061615
-0.0396017506718636
0.0211567748337984
0.0417618826031685
0.0733763873577118
0.1381229609251022
0.0274855569005013
0.1423888057470322
0.0386296920478344
-0.0278330985456705
0.0663255304098129
0.0246358476579189
-0.0195836201310158
-0.1247920095920563
0.0731605291366577
-0.1370875984430313
-0.0018508575158194
0.0170195139944553
-0.0042050634510815
-0.0291529539972544
0.0505016818642616
0.0079803420230746
-0.0211824085563421
0.0988122820854187
0.0423610880970955
-0.0269963853061199
0.0494538098573685
0.0935795232653618
-0.0378498919308186
0.0626094713807106
-0.1280259042978287
0.0503596812486649
-0.0219663735479116
0.0227094888687134
0.0997606664896011
0.0382224991917610
-0.0185809582471848
0.0293934568762779
0.0285778250545263
0.0115333041176200
0.0281292907893658
-0.0758867338299751
0.1232209131121635
-0.0139717524871230
0.0036859817337245
0.0414603278040886
0.0524572022259235
0.0379964523017406
0.0022019497118890
0.1151616498827934
0.0830668434500694
0.0205037202686071
-0.0960202217102051
-0.0480534918606281
-0.0576299056410789
0.0451017767190933
0.0311119910329580
0.0416994579136372
0.0371525511145592
-0.0115240728482604
-0.1004513651132584
0.0204972811043262
0.1092481836676598
0.0945203006267548
0.0513874143362045
-0.1039500832557678
-0.0824821293354034
0.0475896745920181
0.0298799686133862
-0.0181559901684523
0.0212152395397425
-0.1277101188898087
0.0308060627430677
0.0408700145781040
-0.0272087454795837
-0.0245154816657305
0.0667838379740715
-0.0074586886912584
0.0897964164614677
0.0426428131759167
-0.0098392814397812
-0.0027091570664197
-0.0111831985414028
-0.0319462716579437
0.1290035694837570
-0.0276272557675838
-0.0906529650092125
-0.0071792849339545
-0.0706110745668411
-0.0878899395465851
-0.1054739654064178
-0.0132201304659247
0.1121195331215858
-0.0406786538660526
-0.0397321693599224
-0.0490799359977245
0.1082690507173538
0.0092813791707158
-0.0453415773808956
0.0017241440946236
-0.0538451410830021
0.0189849771559238
-0.0324858911335468
-0.0144077306613326
0.0219673644751310
0.0777484998106956
0.0878740102052689
-0.0128241674974561
-0.0020679712761194
-0.0268669780343771
0.0369450375437737
0.0501832924783230
-0.0498671196401119
0.0209156963974237
0.1128601282835007
-0.0619020275771618
0.0196217913180590
0.1082418635487556
-0.0933870747685432
-0.0672524273395538
-0.0452155917882919
-0.0289223436266184
0.0028170419391245
0.0104674641042948
-0.1333338022232056
-0.0372048839926720
0.1373074054718018
-0.0361516997218132
0.0172970835119486
-0.0995615199208260
0.0700525343418121
0.0709274411201477
-0.0578022226691246
0.0279669314622879
-0.0651457756757736
0.0880830734968185
0.0224765185266733
-0.0144148683175445
0.0670674666762352
0.0147723881527781
0.0399531461298466
-0.0064557264558971
-0.0172731857746840
0.0444259978830814
0.0643969327211380
0.0272912271320820
-0.0175396855920553
-0.0487578287720680
-0.0492067486047745
-0.1069420874118805
-0.0426151640713215
-0.0993144959211349
-0.0416383258998394
-0.1573670208454132
-0.1449358165264130
0.0026461705565453
-0.1208571046590805
0.0383027680218220
0.1077037379145622
0.0151154436171055
0.0799177810549736
-0.1496526300907135
0.0596128739416599
0.0814094990491867
0.1883080452680588
-0.0722751617431641
-0.0114167574793100
-0.3582056760787964
-0.0076917666010559
0.0506437569856644
-0.2144594788551331
0.0005197451100685
-0.0159256551414728
0.0298580955713987
-0.0520856305956841
0.0274369176477194
-0.0136611871421337
-0.1735120117664337
-0.1188950091600418
0.0480523034930229
-0.1132625490427017
-0.1491906940937042
-0.0671514198184013
-0.0752609744668007
-0.1896672695875168
-0.2419350594282150
-0.0381695218384266
0.0934242159128189
-0.0254833083599806
-0.0654702410101891
-0.0920690372586250
-0.0075719365850091
-0.1128823980689049
0.0910532549023628
-0.0280516892671585
-0.0595053806900978
0.0049849236384034
0.2028003931045532
-0.2546924352645874
-0.1115073487162590
-0.0241072997450829
-0.0416309908032417
0.0106154615059495
0.1123392805457115
-0.1007900908589363
0.0818053334951401
-0.2597338259220123
0.1484896987676620
0.0419061705470085
-0.2131942659616470
0.1207880526781082
-0.0195311773568392
0.3239176869392395
-0.1044979095458984
-0.0008132478105836
-0.0761463418602943
0.0185015834867954
0.0634941458702087
-0.0756201595067978
0.0052553783170879
0.0701373070478439
-0.0950947403907776
-0.0241260137408972
-0.0196495037525892
-0.0003674504987430
-0.0079171527177095
0.0333703309297562
-0.0160136707127094
-0.0648567080497742
-0.0807246565818787
-0.0747807398438454
0.0087498733773828
0.0427138246595860
-0.0496525838971138
0.1163467168807983
-0.0764484107494354
0.0506542846560478
0.0439705066382885
-0.0216367263346910
-0.0641359835863113
-0.0554743446409702
0.0295285731554031
0.0440254099667072
0.0407465659081936
0.0191500578075647
0.0244883764535189
-0.0332290492951870
0.0162220895290375
-0.0115055274218321
-0.0666597411036491
0.0103405313566327
0.0319891124963760
0.0728952959179878
-0.0139785120263696
0.0239419154822826
-0.0053158923983574
-0.0454179383814335
-0.0641472116112709
-0.0481615215539932
-0.0173160880804062
-0.0421385802328587
0.0406363047659397
-0.0152886230498552
0.0189888514578342
-0.0132576106116176
-0.0222133845090866
-0.0199597422033548
0.0023063502740115
0.0245026666671038
0.0155440382659435
-0.0478209517896175
-0.0396161004900932
-0.0548717156052589
0.0945736691355705
-0.0295074917376041
0.0157258976250887
-0.0202805176377296
0.0355581864714622
-0.0477319844067097
0.0511210449039936
0.0551607944071293
-0.0025027983356267
0.0458235517144203
0.0344749055802822
0.0614889711141586
-0.0553652718663216
0.0242475438863039
-0.0493711344897747
0.0003399884735700
-0.0423015169799328
-0.0423770695924759
0.0320474766194820
-0.0330980829894543
0.0373062416911125
0.0661842674016953
0.0258336812257767
0.0334962159395218
0.0144132561981678
0.0923751890659332
0.0755984336137772
-0.0242285989224911
0.0095859542489052
0.0099506936967373
0.0282229818403721
0.0492853634059429
-0.0763057693839073
-0.0331467464566231
0.0166245102882385
-0.0688800290226936
0.0168724600225687
0.0108359074220061
0.0365637540817261
-0.0394889265298843
-0.0031836009584367
0.0321151576936245
-0.0731422826647758
0.0307915825396776
0.0502133518457413
0.0768042579293251
-0.0117275090888143
0.0026252646930516
-0.0517300479114056
-0.0989098474383354
0.0719835758209229
-0.0390223860740662
-0.0301125422120094
0.0619531758129597
-0.0409444458782673
0.0139457071200013
-0.0483102165162563
-0.0348519645631313
-0.0249951109290123
0.0088058924302459
0.0409107580780983
-0.0351091735064983
-0.0310969483107328
-0.0355803519487381
-0.0382698066532612
-0.0306224562227726
-0.0516042113304138
0.0261268075555563
0.0060087754391134
-0.0078965192660689
0.0227012746036053
-0.0557191409170628
0.0070374775677919
-0.0557250902056694
0.0551202334463596
0.0019536293111742
-0.0397825427353382
0.0757361799478531
0.0293498504906893
0.0441986173391342
0.0241758786141872
-0.0509614050388336
-0.0087210768833756
-0.0349222831428051
-0.0184112600982189
-0.0480310730636120
-0.0362586639821529
-0.0228851772844791
0.0061741573736072
0.0306229367852211
-0.0666306912899017
0.0406981706619263
0.0280478447675705
0.0775558650493622
0.0120617970824242
0.0152636365965009
0.0056846844963729
-0.0260879974812269
-0.0673072040081024
-0.0032860359642655
0.0497094914317131
-0.0653476566076279
0.0021137464791536
0.0308144632726908
0.0377864614129066
0.0137824257835746
-0.0015480853617191
-0.0045599886216223
-0.0425007045269012
-0.0053940666839480
0.0522481165826321
0.0080303270369768
-0.0754626169800758
-0.0340604223310947
0.0087760575115681
0.0321673564612865
-0.0273473933339119
0.0226892437785864
0.0440463200211525
-0.0252386499196291
-0.0917272120714188
-0.0337682068347931
-0.0268307346850634
0.0027961914893240
0.0107196895405650
-0.0180260501801968
0.0175364892929792
0.0052593536674976
0.0629956945776939
-0.0704106613993645
-0.0277175325900316
-0.0471854582428932
0.0013392489636317
0.0480305068194866
0.0635347068309784
-0.0582251362502575
-0.0093618351966143
-0.0327214561402798
-0.0694640129804611
-0.0383200049400330
0.0255633052438498
-0.0779544264078140
0.0642282739281654
0.0013898906763643
0.0477074943482876
-0.0172103755176067
0.0551734305918217
0.0638586208224297
-0.0192981529980898
0.0168158244341612
-0.0385338030755520
0.0581968165934086
-0.0271456073969603
0.0415652208030224
0.0605176202952862
0.0340050570666790
-0.0467131659388542
-0.0500646010041237
0.0568929612636566
0.0267612859606743
0.0058461348526180
0.0414549373090267
0.0815674066543579
-0.0215100459754467
0.0705030485987663
-0.0330683439970016
-0.0537443198263645
-0.0195296425372362
0.0347146317362785
0.0224670358002186
0.0698938220739365
0.0401974804699421
0.0059644677676260
-0.0321380309760571
-0.0062535307370126
0.0368980728089809
-0.0563103295862675
0.0167518090456724
0.0610450357198715
0.0494848713278770
-0.0028059557080269
0.0370784327387810
-0.0310352146625519
-0.0066666197963059
-0.0192411206662655
0.0489442162215710
0.0245880819857121
0.0695549696683884
-0.0233002677559853
0.0873696506023407
-0.0343935415148735
-0.0017492217011750
0.0046501401811838
0.0212034154683352
-0.0234018787741661
-0.0210367590188980
-0.0663076117634773
0.0183482542634010
-0.0091447271406651
-0.0751900821924210
0.0493528246879578
0.0361128486692905
-0.0617922022938728
0.0571132227778435
0.0969718694686890
-0.0894524529576302
-0.0649299174547195
0.0385370999574661
0.0257326923310757
0.0572751387953758
-0.0274158976972103
-0.0312469992786646
-0.0476209074258804
-0.0222933664917946
0.0512791313230991
0.0925323739647865
-0.0399655103683472
0.0763484314084053
0.0080021927133203
-0.0765001997351646
0.0161165688186884
0.0603805147111416
-0.0658189356327057
-0.0259817540645599
0.0011360869975761
-0.0476883910596371
0.0042006769217551
0.0144398296251893
0.0170202553272247
-0.0529702492058277
0.0439583025872707
-0.0239047482609749
0.0351480767130852
-0.0798321068286896
0.0402945913374424
-0.0844974443316460
0.0372882708907127
-0.0080893393605947
-0.0328259430825710
0.0046073980629444
0.0446834117174149
0.0425539612770081
0.0211864765733480
0.0410812050104141
0.0840080827474594
0.0050434614531696
0.0219012890011072
0.0809137299656868
0.0624476037919521
0.0422826744616032
-0.0176823195070028
-0.0417633019387722
-0.0745618939399719
0.0789740160107613
0.0200723558664322
-0.0377696119248867
-0.0112646939232945
0.0338893532752991
0.0456084497272968
0.0535688772797585
-0.0644495412707329
-0.0595002882182598
-0.0801983699202538
-0.0457196831703186
-0.0355542153120041
-0.0278322994709015
0.0037980743218213
-0.0306840967386961
0.0672040879726410
-0.0706994310021400
0.0159995388239622
-0.0019150661537424
0.0196260474622250
-0.0434685237705708
-0.0084013445302844
0.0351565927267075
0.0028494538273662
-0.0105462810024619
0.0415237396955490
-0.0222178008407354
0.0126956114545465
0.0098350774496794
0.0516212955117226
0.0197235681116581
-0.0377236418426037
-0.0209244284778833
0.0387580655515194
0.0523332133889198
0.0195440165698528
0.0550107210874557
-0.0343650132417679
-0.0166270378977060
-0.0382860153913498
-0.0579970590770245
-0.0618491470813751
-0.0153623614460230
0.0410823225975037
0.0177610367536545
-0.0321159586310387
-0.0318474136292934
0.0378257334232330
0.0139930583536625
0.0858518108725548
-0.0423950739204884
0.0134587045758963
-0.0298240128904581
-0.0687578096985817
-0.0390578024089336
0.0730439946055412
0.0015995666617528
0.0143594490364194
-0.0557410046458244
0.0272028353065252
-0.0435763113200665
-0.0591777749359608
-0.0401413626968861
-0.0304218884557486
-0.0264665074646473
-0.0480332113802433
-0.0198738370090723
0.0139115089550614
0.0627749860286713
-0.0187355130910873
0.0039632739499211
0.0407147333025932
-0.0310083162039518
0.0358703434467316
-0.0063241110183299
0.0521781593561172
0.0289978198707104
0.0898829624056816
-0.0387955531477928
-0.0098588597029448
-0.0364711023867130
-0.0080336593091488
-0.0206849239766598
0.0060274028219283
-0.0251081902533770
-0.0622191242873669
0.0052375164814293
0.0452821515500546
-0.0041284859180450
0.0749768912792206
0.0520153120160103
0.0208803992718458
0.0271526742726564
-0.0110384067520499
-0.0630950182676315
0.0127346189692616
-0.0717872753739357
-0.0542527921497822
-0.0178118236362934
0.0552873797714710
-0.0492837317287922
-0.0660226941108704
-0.0327428467571735
0.0131259290501475
0.0178873278200626
-0.0164362322539091
-0.0687457397580147
-0.0052578342147171
0.0450218357145786
-0.0192517321556807
-0.0129137923941016
-0.0074957124888897
-0.0268183313310146
-0.1084387004375458
-0.0703682750463486
-0.0111008090898395
-0.0186638031154871
-0.0260534398257732
-0.0051495810039341
0.0391612946987152
-0.0402706824243069
-0.0473436601459980
0.0725622475147247
0.0476233586668968
0.0407931059598923
0.0313110165297985
-0.0402378849685192
-0.0587794296443462
0.0393096990883350
0.0670047998428345
0.0336040183901787
-0.0269929021596909
0.0583779849112034
-0.0315859019756317
-0.0281108263880014
-0.0054861996322870
-0.0779260024428368
-0.0403999239206314
0.0195867847651243
0.0289322603493929
0.0586188659071922
0.0078251361846924
-0.0351634584367275
-0.0222694110125303
0.0387331843376160
0.0465483032166958
-0.0261974185705185
0.0363095551729202
-0.0544618926942348
0.0018842584686354
0.0698724761605263
-0.0524530671536922
-0.0695354267954826
0.0151257989928126
0.0357153639197350
0.0974823758006096
-0.0675326883792877
0.0153646944090724
-0.0408820025622845
0.0581702776253223
0.0066109606996179
-0.0744940489530563
-0.0262727048248053
-0.0635228008031845
-0.0149319134652615
-0.0520412176847458
-0.0719499140977859
0.0152771016582847
-0.0159953851252794
-0.0045945686288178
-0.0524148568511009
0.0567038692533970
0.0390325635671616
0.0592337101697922
-0.0102026844397187
0.0431788526475430
-0.0078732967376709
0.0088402023538947
-0.1038581877946854
0.0406671352684498
0.0396794863045216
-0.0443220585584641
0.0397643893957138
-0.0273211188614368
0.0420463308691978
0.0838944092392921
0.0728519111871719
-0.0593991577625275
0.0180630292743444
-0.0076674488373101
0.0004325308545958
0.0045986990444362
-0.0598020888864994
-0.0694974660873413
0.0326037369668484
0.0246535874903202
-0.0388530492782593
0.0163157992064953
-0.0121954204514623
0.0066898469813168
0.0032308618538082
