-0.00338173
-0.02860880
-0.01144380
-0.01326594
-0.00655546
-0.01202616
-0.00316378
0.00377071
-0.01780125
0.01701975
0.00726554
0.00034692
0.03209658
-0.05308133
-0.02143509
-0.00384732
0.00797985
-0.00592713
-0.00904056
0.02959966
0.00022889
0.04236409
-0.03374264
0.00409022
-0.00616961
0.00827573
0.02206809
0.02015650
0.00531962
0.01879846
-0.07541964
0.01899734
0.00876275
-0.00857273
-0.02368558
0.03254286
0.01045997
0.01113036
0.00844871
-0.03139739
0.00383333
0.00387252
0.04415296
-0.01001067
-0.00681319
0.03199506
-0.03742053
0.01985237
0.01523952
0.00686520
0.02709441
-0.04507679
0.00539601
0.02469739
-0.02947148
0.00752153
0.00266943
0.01145497
0.46444443
-0.00402016
-0.03024933
0.03299586
0.00894406
-0.04080597
0.00718207
0.05071377
0.00290307
-0.00817505
-0.03770076
0.03812400
0.02094103
0.00174542
-0.00806804
0.01230585
-0.00605512
-0.00570535
-0.03091016
-0.00170803
0.01081573
-0.06893738
0.00010441
-0.01194903
0.00122167
-0.00000992
0.05651895
-0.00502259
-0.00782937
-0.00897804
0.01399294
0.00114214
0.02335357
0.02067634
-0.02411896
0.02006754
-0.00314061
-0.00559951
0.02002795
-0.04988139
0.00330404
0.00880968
-0.03198301
0.00285448
-0.00485549
0.01380034
0.00706715
0.01886921
0.02149251
0.00932408
0.00742561
-0.01719925
0.01190596
0.02158317
0.01500551
-0.00229591
-0.00853050
-0.00007704
0.02937414
-0.02913713
0.00962962
-0.00780042
0.00858861
-0.00159474
-0.00389154
0.01752295
0.03485596
0.02048763
-0.00819426
0.00489538
-0.00666106
0.07295445
0.04336018
-0.01032512
-0.02477434
-0.00828227
0.00647745
0.00927094
0.00592979
0.01623730
-0.04906355
0.00438104
-0.04210617
-0.01989207
0.00421623
0.00542518
-0.00745610
-0.04336188
-0.01583846
-0.01071809
-0.03015784
-0.00260204
0.03075619
0.01202559
-0.01367589
0.01834926
0.00508675
-0.01795864
-0.00392223
-0.01363218
-0.02346522
0.02112696
-0.02418589
-0.01461997
-0.02719241
-0.01659298
-0.00122744
0.05558324
-0.00475307
-0.00406403
0.00879725
0.03490341
0.02967099
-0.01192621
0.02426537
-0.00326757
0.02701074
0.02519336
0.02166309
0.00304875
-0.06365084
0.01858334
0.00140306
-0.03583368
0.01803076
0.01564976
0.03309195
-0.08478728
0.00936005
-0.00360350
-0.00521886
0.05376714
0.03886087
0.00611144
-0.00901255
-0.01213644
-0.01005872
0.01605935
0.08669879
0.01579755
-0.02823318
-0.03754893
-0.01712580
0.01161106
0.07980280
0.00587488
0.02015640
0.00008472
0.00927436
0.00297779
-0.01571279
-0.03271928
-0.02588702
0.00001553
-0.00131861
-0.00187326
0.00650844
0.00417294
0.00957350
0.03073190
-0.00648001
0.01550580
-0.02695155
-0.79620343
-0.00456938
-0.01548302
0.01803035
0.00270424
0.03382546
-0.03037156
0.02311026
0.00547396
-0.01505615
-0.04344705
0.05012366
0.01349721
-0.00236369
-0.00177530
0.00306381
-0.01870333
0.01407767
-0.00350720
0.02608326
0.00303526
0.06796513
-0.00566360
-0.00298320
-0.00799419
0.02140615
0.02808292
0.03568673
-0.00058330
-0.01082380
0.00496332
0.00834799
0.02206377
-0.00988937
-0.01357373
0.14283001
0.04870760
0.03022198
-0.02762987
0.01609989
-0.04002353
0.00221127
0.05275344
-0.04299796
0.12503046
0.14995849
0.06481064
-0.04596769
0.03563108
-0.08604451
0.17905881
-0.04706405
0.06197933
-0.02013641
-0.00589169
-0.14438218
-0.03794826
-0.01986975
0.04052449
0.02605582
0.03590858
0.02789799
-0.07468032
0.02842144
0.05508816
0.12565497
0.16524461
-0.02775332
-0.01078028
0.09740801
0.05376025
0.02011664
0.04219206
0.06697901
-0.00914438
-0.09111002
0.01684672
-0.10588709
-0.03434030
0.08483130
0.01512746
0.78973925
-0.06657117
-0.03818518
-0.03202339
0.04831104
0.00722015
-0.20926757
0.04191047
0.02370144
-0.17619428
-0.06565350
0.07675386
-0.10157586
-0.05958828
0.01272373
-0.01852720
0.11989321
0.01694152
-0.00820878
-0.00849889
-0.01133061
0.02176440
0.07601871
-0.06934714
-0.03139529
0.02177254
0.00001171
-0.00593822
0.04053877
0.03730781
-0.00804739
0.04225060
0.04283263
-0.02492391
0.00993674
0.01789863
0.02210248
-0.00631781
-0.01614860
-0.01285842
0.04006203
0.00915303
-0.06406139
-0.02795009
-0.01580802
-0.04179794
-0.02993949
0.06499015
-0.04523322
-0.02790706
-0.00909201
-0.02728089
-0.01068100
-0.03568788
0.01101187
0.01080154
0.06394158
0.01768889
0.00425748
-0.05704115
-0.03669981
0.00422192
-0.02222289
0.00942624
-0.03057120
-0.00213822
0.01832392
-0.03022811
0.00510631
-0.04017653
-0.00734003
-0.00215855
-0.03634755
0.01395658
0.04601047
-0.01941512
-0.01570361
-0.00790539
0.03998901
-0.00942078
-0.07453541
-0.07715232
-0.02274265
-0.01263356
0.04431619
0.04918598
0.01190295
-0.00369044
-0.02532849
-0.00941679
0.05808263
-0.00482585
0.02785984
-0.05646277
0.12180209
0.01642562
-0.03581263
-0.02392984
-0.02059223
-0.01495079
0.16549134
0.00253930
0.03549359
-0.04979222
-0.00670249
0.02136096
0.04933451
0.02210785
-0.00497292
0.01733574
-0.00697420
-0.02022657
0.01898118
-0.00797006
0.00802955
-0.02872135
-0.13164780
0.03104346
-0.02361955
0.04699425
-0.10091693
0.07878130
0.02744156
-0.02714879
0.01866201
-0.04591267
-0.09757399
0.06232640
0.01699531
-0.02737506
0.03051849
-0.03723726
-0.02043461
-0.04110709
-0.00872904
0.03029768
-0.02045664
-0.06609241
-0.01715486
-0.02528875
-0.02166619
0.04642744
0.04698555
0.04171193
0.05983531
-0.14304517
0.03191976
-0.02916733
0.07768673
0.06057392
-0.01629633
0.00462917
-0.02839467
0.01834668
0.05694502
-0.00413544
0.08802560
-0.07231744
-0.00741031
-0.07023523
0.02400624
-0.03372378
0.05310185
0.06944507
-0.01444688
0.04718917
0.02141972
-0.02200077
0.02394086
0.02270467
0.02676963
-0.02102693
-0.02681239
-0.00865860
0.03349920
-0.03384664
0.03282387
0.01542526
-0.03641025
-0.02096074
-0.00228035
-0.02635613
0.03694690
0.04271370
0.00633757
-0.03482455
0.00299834
0.04491621
0.03031372
-0.04585857
0.02376873
0.04194520
-0.04818716
-0.01394306
-0.00561584
0.04233562
0.02755138
-0.01588495
0.04083635
-0.00338970
-0.04073296
0.00529711
0.01981200
-0.01738435
0.05561531
0.00890949
-0.03551872
0.02990212
0.01177903
0.00126403
-0.01538592
0.02705043
-0.01808004
-0.02611968
0.00095782
-0.00393656
0.04245470
0.00735885
0.05068461
-0.03561995
0.00411823
-0.09598450
0.00224804
-0.06486280
0.08763962
-0.05154236
-0.14089921
-0.07413533
-0.04232530
-0.09923945
-0.06136548
-0.01627071
0.02367037
0.05178447
-0.01317071
0.04256832
0.00851638
0.04044418
0.02127665
0.05078216
0.02121813
-0.05812052
-0.01398836
-0.08692136
0.07165887
0.01801605
-0.02695826
0.03349720
-0.01611038
-0.01363071
-0.02464746
-0.01467160
0.02904657
-0.00473298
0.00664371
0.04450627
-0.00792900
-0.00321904
0.00608434
0.02795818
-0.05207598
0.00589563
0.01222732
-0.09457516
-0.01512272
0.03861956
0.08016915
0.00196258
-0.05308656
0.05296819
-0.01992443
0.00619167
-0.02344973
-0.04071160
-0.02740356
-0.03023661
-0.02185016
-0.03462300
-0.03870993
0.00893938
0.03276461
0.01886044
-0.03747936
0.04460522
0.02226261
0.02743634
-0.06177269
0.01804552
-0.03266449
-0.03158569
-0.05118643
-0.00885143
0.03845243
-0.01583388
0.07354885
-0.08296877
-0.01269831
-0.01340583
-0.02188727
-0.02047694
-0.02897148
-0.05323395
-0.00590708
0.05207313
0.03917366
0.01917224
0.05656275
0.00198194
0.05261276
-0.04658322
0.00318053
0.02751764
-0.00927574
0.05388952
0.02479556
-0.03425840
-0.03403135
0.01187021
0.01424031
0.04797832
-0.01035497
0.01330025
0.03669270
0.09436978
0.02881749
-0.00346818
-0.07344311
-0.05225208
0.02899636
0.02912784
0.01961472
-0.01275997
0.00143293
-0.01635948
-0.10815796
-0.05399260
-0.08054204
-0.03823096
-0.03224795
-0.02143678
0.03608874
0.03573596
-0.03045193
0.01420872
-0.02682180
0.02662386
0.03970562
0.01978505
0.07358758
-0.00491186
-0.00926529
-0.05345314
0.00606084
0.02346199
-0.01616490
-0.02812912
-0.00612577
0.07806361
0.03679837
-0.01262963
0.01383176
-0.03044737
0.00278585
-0.06813154
0.03278726
-0.04906416
-0.02989898
0.02898153
0.04681290
-0.00975289
0.02578434
-0.00520514
0.05687732
-0.06252557
-0.03117851
0.00842246
-0.06467526
0.01206342
0.00749146
0.09629289
0.03621742
0.07741969
-0.01085737
-0.01365602
0.04093811
-0.08758669
-0.03329593
0.05619830
0.02818398
-0.01795435
-0.00398346
0.01925333
0.02515930
0.02233921
-0.00920738
0.02040742
-0.06688146
-0.04023439
0.01267464
-0.04014422
-0.03852556
-0.07556649
0.04879952
-0.03366751
0.02599773
0.09718838
0.02826172
0.03529275
0.09386174
-0.00318809
0.01609120
-0.00295661
0.02980536
-0.03095391
0.01188521
-0.17720248
0.00132503
-0.03578353
0.06563519
-0.00925997
-0.02330487
0.03540207
-0.01766506
-0.07077552
0.00282752
0.00578117
0.03266606
0.02449540
0.02262357
-0.04017681
0.05101210
0.02009344
-0.03127124
-0.05768689
0.02727403
-0.02515606
-0.15647404
-0.02732339
-0.04710553
0.04210176
0.01222445
0.00146249
-0.06735015
-0.01551903
0.00288002
-0.01624965
-0.04544734
0.00683940
-0.01936077
-0.07808267
0.00425843
-0.01918479
0.01088096
0.06440892
0.02358562
-0.03391218
0.02414833
0.08728135
0.01505247
0.10603143
0.02892726
0.06628001
-0.04499920
0.00307171
0.01670636
-0.04054586
0.02011319
-0.23152350
-0.01613490
0.00713876
-0.04112184
0.03643941
0.06132109
-0.02681730
-0.04421576
0.04556213
-0.03253980
-0.02120689
-0.02702596
-0.01000097
0.15476151
0.00469959
-0.00300418
-0.00902732
-0.01804680
0.03142077
-0.05045653
-0.01501705
-0.08848176
-0.01513802
-0.04909917
-0.02914795
0.05639663
-0.05155067
0.00091025
-0.01336066
-0.03558388
0.00475378
0.04375753
-0.02901652
-0.01200673
0.03382739
-0.00487316
0.04728765
0.03087325
-0.02000860
-0.03190461
0.08078425
-0.02191889
0.01294249
-0.08094021
-0.01326228
0.04038205
0.03477366
0.01005868
-0.02224434
0.03169917
0.05606242
-0.04731143
-0.02691991
0.04237148
0.11995566
-0.00699888
0.02661685
-0.03939283
0.00090736
-0.00415356
-0.07967454
0.01563224
-0.06307289
