-0.04822679
-0.01851896
-0.02045801
-0.02704387
-0.00074595
0.03156431
-0.00055864
0.01252638
0.04808633
0.00128523
-0.00591087
-0.00333069
0.00346642
-0.03392499
-0.03669158
-0.00288698
-0.01909586
0.01030098
0.01001821
-0.01263201
0.00398295
0.00024223
0.01768412
0.03552064
-0.00320982
-0.00807381
-0.02415717
-0.00401977
0.00086624
0.01195984
-0.04382683
0.01107206
0.01980211
-0.02443317
-0.00368314
0.04354021
0.01487934
0.01821252
0.02644437
-0.02257368
-0.00148576
-0.00256282
0.03309831
-0.00182002
0.01501543
0.03004844
-0.01145929
-0.02605506
0.03600129
0.00519913
0.03197925
-0.00301673
0.00737897
0.01753311
0.01769247
0.01364059
0.02496440
0.00813186
0.47993061
0.05428679
0.00472084
0.01885670
-0.00511658
-0.01466996
0.00495261
0.01926709
-0.00069214
0.00472676
-0.01469084
0.01383025
0.00320763
-0.03427635
-0.03950613
-0.00315561
-0.03597305
-0.00453303
-0.01377685
-0.00850217
0.00437220
-0.10825150
-0.00664825
0.03279220
0.01133215
-0.00764662
0.03251447
0.02059967
-0.01616108
-0.01266919
0.01004079
-0.01390409
0.01761716
0.00545715
-0.00174193
-0.00397604
-0.01246273
0.00613427
0.01339364
-0.00994782
0.02265783
0.03384241
-0.01504391
0.01358774
-0.03839943
0.00545238
-0.01364694
0.03289230
0.03117173
0.02174016
-0.00432677
0.00419874
-0.00038910
-0.00125330
0.00000941
-0.03942545
0.00781954
-0.00897602
0.05807489
-0.01515588
-0.02422597
-0.01009579
0.01116161
0.00368878
0.00742285
0.00075454
-0.03819964
0.00406183
-0.01410087
0.02114123
0.01275736
0.03617939
-0.01935213
0.00865338
0.01413278
0.02704350
0.01747133
-0.01813595
-0.01285300
-0.00858646
-0.06666602
0.01798676
-0.04224481
0.01680864
0.00383872
0.02922435
0.03381665
-0.04201473
0.03422726
-0.01259929
-0.01907334
-0.00892537
0.04319180
-0.00124652
-0.01635284
-0.00054721
0.01084856
0.02257466
-0.03174523
-0.03146500
-0.00035991
0.01921074
-0.02675089
0.00823421
-0.00324452
-0.01394112
0.00578013
0.03278559
0.03311675
-0.01689072
0.02189257
-0.00021855
-0.00122976
-0.02920743
0.00215837
0.00884776
0.01191581
-0.00076761
0.00726851
0.01534014
-0.02070656
0.00922390
-0.01975150
-0.00715406
0.01324869
0.01922238
0.06209115
-0.10657171
0.10284110
0.02860414
-0.00009162
0.01691347
-0.01823987
-0.00760920
-0.00478996
0.03340138
-0.04232646
-0.00531796
0.01801367
0.01336936
-0.03885541
-0.00846941
0.01544758
-0.02216583
0.12917082
0.02567365
-0.01206098
-0.01283476
-0.00531256
-0.01085430
-0.01335599
0.04364002
-0.04436604
-0.01934069
-0.00856952
0.02944323
-0.00356082
-0.03187953
0.00218647
0.02908013
0.01469088
0.03079526
-0.01050176
-0.77471453
0.00271121
0.00716122
0.01642776
0.02143113
0.02283071
-0.01264981
0.02532341
0.01208064
-0.02986650
0.02797698
0.02994286
-0.00373575
-0.03336892
-0.00357354
0.00004375
-0.00122801
0.01654221
-0.01234276
0.02251183
-0.00127132
0.03456026
-0.03625750
0.00719280
-0.01465500
0.01316099
0.00408453
0.04830741
0.02081621
-0.00253747
0.03976689
0.02292615
0.02943303
0.00606070
0.01785656
0.04043417
0.04808653
0.04312017
-0.04293737
0.05574109
-0.05484726
0.08994009
-0.04813411
0.01172376
0.05017433
-0.01466676
-0.00288207
-0.07593839
0.00911373
0.06917728
0.07249402
0.03298915
0.01393325
0.07362044
-0.08246391
-0.04178433
-0.00160119
0.04006340
0.02523818
0.00369400
0.05588658
0.09567067
-0.04667117
0.04948916
0.09618592
0.02891849
0.05368227
0.07995332
-0.12692663
0.05087196
-0.14391276
0.01345042
-0.02703545
0.07123834
0.04573048
-0.14001516
-0.06355014
0.02760490
0.03563138
0.03075680
-0.02264907
0.88132632
-0.01954810
-0.10215908
-0.07627235
-0.04803359
0.12519346
0.00398298
0.08970291
-0.00097968
0.01726512
0.05866170
-0.01639405
-0.00735494
0.00816104
0.02520780
-0.04677095
0.02962200
0.03769279
0.03804230
-0.02914931
0.00075545
0.01065118
0.08089565
-0.02689301
0.02697654
0.01783623
-0.01783483
-0.00622721
0.02799657
0.04527599
-0.02579469
0.02402585
0.05995362
-0.00350402
-0.02660560
0.01845576
0.02420441
-0.05196341
-0.07978433
-0.01623210
-0.04156128
0.02758839
-0.01761994
0.08687494
-0.02788075
-0.03297631
-0.04775677
-0.01430098
-0.05997101
0.05176908
-0.01668782
-0.02496221
0.01609754
0.03341715
-0.04341730
-0.03592374
0.06847198
0.04955222
-0.02922008
-0.06563672
-0.06016057
-0.01748540
-0.03272385
-0.00045955
-0.00152709
-0.05957612
-0.06215027
-0.01960235
-0.04542454
-0.01819299
-0.02612184
0.00611324
0.01560856
-0.00225686
0.03649228
-0.00894069
-0.02460940
-0.04998109
0.03903126
0.01626956
-0.13606237
-0.05403501
0.03133571
-0.05795693
0.01750822
0.01028635
-0.00331145
0.03786778
-0.01261598
-0.00033326
0.08383500
-0.00070879
-0.00298194
-0.04622157
0.01578984
-0.06808574
-0.00629055
-0.00255543
-0.02320907
-0.02266761
0.16120385
-0.00504818
-0.00986228
0.03084790
0.02394146
-0.01393677
0.07149591
0.01721649
-0.01548332
-0.02077443
0.01794812
-0.04003408
0.04765923
-0.00272946
-0.01170108
0.01859524
-0.06083715
0.02609079
-0.00383324
0.03658105
-0.15800540
0.04641051
0.00159828
-0.00663294
0.02954192
-0.03797108
-0.01073348
-0.03351169
0.00341906
-0.03028903
-0.02602533
-0.04010864
-0.01717001
-0.04116686
-0.01484145
-0.02940017
-0.04486931
-0.04193961
-0.03890939
0.01607676
-0.00809354
0.00750215
0.04480134
0.02071727
0.05426337
-0.16470772
0.01272861
-0.04212202
0.02500634
0.02343441
0.02306743
-0.01827506
0.00361345
0.00989502
0.00276044
0.00745084
0.00530389
-0.00764396
-0.02708028
-0.03744256
0.01372634
0.01613393
0.05555917
0.05389829
-0.03943754
0.07323644
-0.01653762
0.01043894
-0.01487082
-0.05157028
0.09019840
-0.02655664
0.01010749
-0.06981194
0.01933387
-0.05035364
0.03461127
-0.08198327
-0.04433669
-0.08437822
-0.06346375
0.00575232
0.02161586
0.08314622
0.03549926
-0.07711703
0.07385569
-0.03693440
0.05168817
-0.01104219
-0.05054648
0.04245070
-0.03973892
-0.04422602
-0.01084708
0.02727927
-0.08194990
-0.02734877
-0.03670473
0.03911833
-0.04118169
0.03694711
-0.00191190
0.02792145
0.00726928
0.00140875
0.00215716
0.05625264
-0.02348330
0.00931905
-0.01887169
0.03889458
0.01210761
-0.07440662
0.00317675
0.02278166
0.00349592
-0.02191260
0.05385403
0.08392947
-0.02807220
-0.03501379
0.04866567
-0.10679240
0.09516622
-0.08085230
-0.01873798
-0.04000152
0.01353477
-0.06699163
-0.06948381
0.00080954
0.01255696
-0.03146733
0.00562263
0.01793166
0.02860156
0.00960109
0.03841040
0.03874034
0.03546727
-0.06291996
-0.00138613
-0.02235800
0.07199612
-0.00925712
0.00250957
0.06629343
-0.00698939
-0.00698550
-0.00024186
-0.03497325
-0.01224935
-0.01195685
0.00732393
0.03141033
-0.03086095
-0.01337505
-0.01901090
-0.01326138
0.03271119
0.00457038
0.01323242
0.03187465
-0.04977909
0.04601830
0.05059043
0.01065814
-0.04057582
-0.00438506
-0.00300024
0.00048392
0.01187452
-0.02386930
-0.03938911
-0.01225777
0.00994275
-0.01977040
-0.04353980
0.02358647
0.02283944
-0.04068071
-0.01032833
-0.04803517
-0.00240700
-0.01470746
-0.05953297
0.01711242
-0.03247961
-0.01805856
-0.04061085
-0.02331722
0.03858848
0.02319860
0.06844363
-0.07487837
0.01353961
-0.00767108
0.04691945
-0.06529887
-0.01535299
0.01290410
0.00021760
0.04936638
0.01697648
-0.00192515
-0.03239400
0.00814825
0.06233108
-0.06842244
-0.05097672
0.02240642
-0.06751109
0.06542959
0.01018764
-0.01971298
-0.01631255
0.02373470
-0.01058182
0.06867506
0.00183882
-0.00597768
-0.06716245
0.04000056
0.02817045
-0.02171557
-0.03846248
-0.07626635
-0.03753101
0.12608448
0.01238280
-0.02692250
0.03672729
0.03049856
-0.00774426
-0.02835185
-0.04908778
-0.00613917
-0.05742139
0.00115235
-0.03115702
0.00148022
-0.08226056
0.03210985
-0.03996680
0.04071348
0.05546205
-0.00029054
0.04199517
-0.01361566
0.03412961
-0.04202668
0.00334396
0.00156895
-0.02179576
0.03793354
-0.01805934
0.05752465
0.00589548
0.00992505
0.03502376
-0.06958444
-0.01546441
0.00157048
0.06452698
-0.05735189
0.05125896
0.02012706
-0.00585944
0.01464102
0.01038863
-0.00478356
0.12072140
-0.02883056
-0.03491899
-0.06155874
-0.06806146
-0.04380355
0.01041029
0.03486697
0.05167202
-0.01599779
-0.03601388
-0.02016072
0.04004980
-0.00395971
-0.05531578
0.02908492
0.02537819
0.03425993
0.04579462
-0.00918947
0.03217844
0.03853638
0.01259795
0.01535640
-0.00716811
-0.00206465
0.04357686
0.03576175
-0.03707642
-0.07890397
0.04907824
0.01434002
0.01029584
0.06587272
0.04542250
0.04982460
0.13662329
-0.05837048
0.04872024
0.03168806
0.04536811
-0.03104181
-0.00608961
-0.13752621
0.00837343
-0.03389147
0.04924738
-0.00208265
-0.00644888
0.00229241
-0.00884606
-0.06527390
-0.06953783
0.07866758
-0.02755197
-0.02287048
-0.01449242
-0.04740248
0.05515185
0.06448588
-0.06142836
-0.08429529
0.03553977
0.04642383
-0.06787129
0.02202611
-0.04442588
-0.00533685
-0.01009576
0.06003130
-0.00893573
-0.08300114
0.04875700
-0.03609926
-0.02773570
-0.00258343
-0.03850400
0.02165488
-0.02041739
0.03732649
0.00597962
0.06974219
-0.01505384
-0.03451802
0.01251459
0.13370939
-0.01936600
0.09615114
0.02186412
0.07048154
-0.07723886
-0.06379463
-0.01038575
0.02292204
0.05450779
-0.19607843
-0.01674019
0.03740330
-0.05234461
0.03246807
0.04206444
-0.05825831
-0.06975640
-0.01732737
-0.00500029
0.00273586
-0.03360563
-0.01854108
0.04875167
0.06091534
0.02188423
0.00346113
0.00005682
0.01624871
-0.08262615
-0.07599647
0.00916202
-0.04006700
-0.01906711
0.02644807
0.06661707
0.00118413
-0.01578581
0.00791567
-0.03416889
-0.06517179
0.01484342
-0.00057552
-0.01694419
0.06765504
-0.00213600
0.01182798
-0.03833835
0.00030718
-0.01935901
0.03420349
0.01950878
-0.07698002
-0.04967064
-0.04586668
0.00226470
0.01601770
0.03603030
-0.01132529
0.07615402
0.02491886
-0.07416150
-0.01802479
-0.00346628
0.12555271
-0.00845683
0.00808828
-0.02078200
-0.02070893
-0.01295058
-0.08029946
0.04177659
0.01199329
