0.0432502441108227
0.1054235100746155
-0.0747518986463547
0.0547638051211834
0.0008002251852304
0.0860413238406181
0.0854958221316338
-0.1274876743555069
-0.0671552196145058
-0.0443362519145012
-0.0375371985137463
-0.0285825934261084
-0.0338238701224327
-0.0706327185034752
0.0007590622408316
0.0377151854336262
0.0539187751710415
0.1425925791263580
0.0747480317950249
0.0646427422761917
0.0696884766221046
-0.0787639841437340
0.0471366047859192
-0.0320294462144375
-0.0566946342587471
-0.0056950473226607
0.0546437948942184
-0.1244952082633972
-0.0626989081501961
0.0454317517578602
-0.0055969632230699
-0.0635958686470985
-0.0329324379563332
-0.0528628230094910
-0.0575047284364700
-0.0380430556833744
-0.0834560766816139
0.0308401919901371
0.0391151681542397
-0.0770556405186653
0.0228506363928318
0.0616809688508511
-0.0571394190192223
0.0000103187758214
0.0130337923765182
-0.0414637811481953
-0.0798981338739395
0.1018567308783531
0.0608756802976131
-0.1224879994988441
0.0696354061365128
0.1376359909772873
0.0743660777807236
-0.0620360001921654
0.0577051937580109
0.1067537069320679
-0.0555559322237968
0.0392118543386459
0.0338052175939083
-0.0017984557198361
-0.0923531949520111
-0.0547427721321583
-0.0708744823932648
0.0418004319071770
0.1343283951282501
-0.0866823121905327
-0.0045008175075054
0.0422711111605167
-0.0958710387349129
-0.0159866549074650
0.0308578070253134
-0.0822439715266228
-0.0576245188713074
-0.0038873294834048
0.0521293357014656
-0.0389716997742653
0.0071220071986318
-0.0119011625647545
0.0229253880679607
0.0260119866579771
-0.0065635275095701
-0.0394382104277611
-0.0093350103124976
0.0511116608977318
-0.0811173468828201
0.0210109874606133
-0.0936174318194389
-0.0053159315139055
0.0876627638936043
-0.1257222145795822
0.0699102953076363
-0.0957165136933327
0.0713608339428902
-0.0437336079776287
0.0284609030932188
-0.0449517816305161
0.0032185905147344
0.0230303443968296
-0.0692477971315384
0.0319851115345955
0.0921384096145630
0.0485340356826782
-0.0510641150176525
-0.0860814079642296
-0.1286520510911942
-0.0189946629106998
-0.0667537003755569
-0.0781055241823196
-0.0270267017185688
-0.0009294227929786
-0.0778755843639374
0.0638986155390739
-0.0798597037792206
0.0837546288967133
-0.0894066095352173
-0.0624393038451672
-0.0409160889685154
-0.0175687354058027
0.0718433633446693
0.0397981368005276
0.1542875021696091
0.0195429585874081
-0.0020795655436814
0.0404658801853657
-0.1137407198548317
0.0379047766327858
0.0527590289711952
0.0089549412950873
-0.0582499317824841
-0.0533644072711468
0.0056732497178018
0.0071594878099859
-0.0366769395768642
-0.0185128953307867
0.0757498815655708
0.0768336355686188
-0.0500736273825169
0.0042067333124578
0.0255372803658247
-0.0198539029806852
-0.0070269168354571
0.0108353700488806
-0.0865158960223198
-0.0242953132838011
-0.0230990778654814
-0.0351259186863899
0.0435381419956684
0.0777899101376534
-0.0188731178641319
0.0080550834536552
-0.0054542203433812
-0.0177202075719833
-0.0136059988290071
-0.0009582840721123
0.0042172255925834
-0.1052642017602921
-0.0507996901869774
0.0688640475273132
-0.0180746875703335
-0.0075983484275639
-0.0373997278511524
0.0537393018603325
-0.0338524430990219
-0.0263078380376101
-0.0127671379595995
-0.0819045230746269
0.0944099053740501
-0.0442347601056099
0.0706447288393974
-0.0710737705230713
-0.0277930181473494
0.0456456206738949
0.0963466465473175
0.0809093788266182
0.0168662425130606
-0.0450816601514816
-0.0482229664921761
0.0892158448696136
0.0207851976156235
0.0115092089399695
-0.0932532623410225
0.0316394567489624
-0.0193565916270018
-0.0451295822858810
0.1036180630326271
0.0852548032999039
-0.0787320733070374
-0.1134272962808609
-0.0163487792015076
-0.0037411858793348
0.0735300481319427
0.0472271144390106
0.1402439475059509
0.0141109349206090
-0.0048113162629306
0.0269688740372658
0.0694804638624191
-0.0739542990922928
-0.0675416812300682
0.0728081241250038
0.0354928523302078
0.0060405381955206
0.1139217168092728
0.0077150673605502
0.0592731498181820
-0.0795721933245659
-0.0868719890713692
-0.0447582006454468
-0.0688049793243408
0.0253435038030148
0.0162493605166674
-0.0441998727619648
-0.0279142502695322
0.0110627096146345
0.0534763410687447
0.0735324248671532
-0.0792948529124260
-0.0320424474775791
0.0869947746396065
-0.0476374067366123
0.0356893092393875
0.0636404603719711
-0.0143767241388559
0.0677753761410713
0.0635431706905365
-0.0142635814845562
-0.0472412668168545
-0.0574787706136703
0.0159374866634607
0.1209761872887611
0.1089983507990837
0.0273120347410440
0.0267206635326147
0.0363541580736637
-0.0275259297341108
-0.0609475187957287
0.0887596979737282
0.0167002864181995
-0.0451066270470619
0.0244684331119061
-0.0586314722895622
0.0244262646883726
-0.0353688634932041
-0.0694289356470108
-0.0465997420251369
0.1380818635225296
0.0412149727344513
0.1212947592139244
0.0259756296873093
0.0672713443636894
0.0975159779191017
0.1100136488676071
0.0017896796343848
0.0036489567719400
0.1261180639266968
0.0104470439255238
-0.0803636237978935
0.0149716688320041
-0.1317946016788483
-0.1326631009578705
0.0548887029290199
-0.1167547553777695
0.0372775383293629
0.1537352353334427
0.0462923496961594
0.0393841117620468
-0.1268474310636520
-0.0030672252178192
0.1006616204977036
0.2062801867723465
-0.0950129404664040
-0.0286110080778599
-0.3270730674266815
0.0396738201379776
0.0710387676954269
-0.2075430005788803
-0.0517581291496754
0.0175666175782681
0.0219186022877693
-0.0694332122802734
-0.0074483132921159
-0.0686976686120033
-0.2174109667539597
-0.1207843422889709
0.0414543785154819
-0.0705981701612473
-0.1454944908618927
-0.0317253917455673
-0.1000084355473518
-0.1721835136413574
-0.2497049421072006
-0.0285348184406757
0.0942478850483894
-0.0115462746471167
-0.0568046085536480
-0.1450441181659698
-0.0220807548612356
-0.0801101922988892
0.0680580362677574
-0.0453809686005116
-0.0714565664529800
0.0053356522694230
0.2053353935480118
-0.2864797711372375
-0.1044149622321129
0.0136320879682899
-0.0803768932819366
0.0251883026212454
0.0540989637374878
-0.0774952545762062
0.0483854115009308
-0.2401914596557617
0.1473281681537628
0.0238024592399597
-0.2081383019685745
0.0550182834267616
-0.0181004572659731
0.3591372370719910
-0.0965731814503670
-0.0205673780292273
0.0429241694509983
0.0053460691124201
0.0565372593700886
0.0310046132653952
0.0239376407116652
0.0660823062062263
-0.0109767401590943
-0.1253233850002289
0.1009642556309700
0.0977913960814476
-0.0913808792829514
0.0114532774314284
0.0061785252764821
0.0094634983688593
0.0091893076896667
0.0135408714413643
0.0289086587727070
-0.0137773286551237
-0.0430971533060074
-0.0836656391620636
-0.0462902672588825
0.0178488120436668
0.0875027254223824
0.0265402235090733
-0.0368640199303627
-0.0023605839814991
0.0110774431377649
0.0324241220951080
0.0280834045261145
0.0398143418133259
-0.0142114153131843
0.0821894481778145
-0.0331994667649269
0.0586242862045765
-0.0439748428761959
0.0538913235068321
0.0187912266701460
-0.0159069187939167
-0.0105557302013040
0.0354554466903210
-0.0300773661583662
-0.0568155944347382
-0.0339683480560780
0.0008791374857537
-0.0267542190849781
-0.0294081140309572
-0.0427515245974064
0.0606713593006134
-0.0917624607682228
0.0422180481255054
0.0268992930650711
-0.0239684619009495
0.0406787097454071
-0.0199490543454885
-0.0566308125853539
0.0092483647167683
-0.0047194636426866
0.0364097319543362
-0.0248128920793533
0.0148390438407660
0.0002401519159321
0.0237642154097557
-0.0218099821358919
0.0073248916305602
-0.0026943089906126
-0.0389005504548550
-0.0390234515070915
-0.0787462070584297
-0.0084474207833409
0.0139933712780476
-0.0053280433639884
0.0059205852448940
-0.0514719374477863
0.0006682961247861
-0.0361306630074978
-0.0308848954737186
0.0894153043627739
-0.1100032553076744
-0.0546298027038574
0.0803353041410446
-0.0219264905899763
-0.0524171218276024
0.0439333133399487
0.0026339299511164
0.0568687841296196
-0.0007116665947251
0.0538065247237682
-0.0580276250839233
0.0555402263998985
-0.0276494286954403
-0.0522222705185413
0.0677725374698639
-0.0356593318283558
0.0724903792142868
0.0020391643047333
-0.0898928940296173
-0.0261528547853231
-0.0120763415470719
0.0687381252646446
-0.0961778759956360
0.0318988002836704
0.0080640520900488
-0.0444989725947380
-0.0342561639845371
0.0265158098191023
0.0570048354566097
0.0422194525599480
0.0405432134866714
-0.0594693049788475
0.0130443610250950
-0.0529749020934105
-0.0423638075590134
-0.0451832003891468
-0.0418750084936619
0.0236435551196337
-0.0460842214524746
0.0758078247308731
0.0088532278314233
-0.0881538465619087
-0.0126917613670230
0.0286841895431280
0.0508985519409180
0.0543639212846756
0.0531565397977829
-0.0357949398458004
0.0066293375566602
-0.0517442785203457
-0.0278384741395712
-0.0350138917565346
-0.0161782018840313
-0.0843122079968452
0.0102149061858654
0.0053588259033859
-0.0397871248424053
-0.0654603019356728
-0.0299947597086430
-0.0170249678194523
0.0193244013935328
-0.0610672496259212
-0.0773395150899887
0.0333049967885017
-0.0414503999054432
0.0615188516676426
-0.0011996300891042
0.0099627431482077
0.0255071129649878
-0.0361362062394619
-0.0526790879666805
0.0005065477453172
0.0263722743839025
0.0337156876921654
0.0412405431270599
0.0509121045470238
-0.0037425921764225
-0.0453445203602314
-0.0332477055490017
0.0208856724202633
0.1036994159221649
-0.0403334833681583
0.0198147725313902
0.0738180801272392
0.0612199902534485
0.0359716005623341
-0.0219410490244627
-0.0139583926647902
-0.0759088099002838
-0.0321307629346848
0.0296799708157778
-0.0242370516061783
0.0462889261543751
0.0582742206752300
-0.0313361808657646
0.0362391695380211
0.0127057610079646
0.0946319177746773
0.0371062792837620
0.0256987493485212
-0.0434985682368279
-0.0101809725165367
-0.0482880361378193
0.0130122667178512
0.0050268922932446
-0.0447728969156742
0.0090191261842847
-0.0012208415428177
0.0261011421680450
0.0789101347327232
0.0230447296053171
0.0306590795516968
-0.0817029252648354
0.0033790690358728
-0.0890506133437157
0.0570255368947983
0.0226551610976458
0.0455895252525806
0.0311916414648294
0.0169812422245741
-0.0814558789134026
0.0125337373465300
0.0219861865043640
0.0170987844467163
-0.0389786176383495
0.0028935323935002
0.0204134564846754
0.0232533514499664
0.0341253466904163
-0.0092658419162035
-0.0354714281857014
0.0327280648052692
-0.0210969448089600
0.0497423298656940
0.0694755762815475
0.0839861929416656
0.0484181158244610
0.0030613429844379
0.0547292828559875
0.0879109650850296
0.0226296503096819
-0.0419159457087517
-0.0126515142619610
0.0633091703057289
-0.1130442470312119
0.0456657223403454
0.0310400985181332
0.0053498777560890
0.0252934228628874
-0.0217565149068832
-0.0810466110706329
-0.0504055805504322
0.0578422807157040
-0.0126862386241555
0.0422035232186317
-0.0031112637370825
-0.0768955498933792
0.0040581296198070
0.0076485634781420
-0.0053096613846719
-0.0565177537500858
0.0225845351815224
0.0156050566583872
-0.0579602196812630
-0.0073613142594695
-0.0804218873381615
0.0534515976905823
-0.0082680005580187
-0.0917489752173424
0.0648102462291718
0.0309632606804371
0.0521570965647697
0.0316908732056618
-0.0755558013916016
-0.0570054091513157
0.0668808594346046
0.0024409641046077
0.0164027009159327
-0.0410393625497818
-0.0169337354600430
0.0031600063666701
0.0250851679593325
-0.0228395033627748
0.0640614628791809
-0.0430123992264271
0.0235114563256502
0.0482240840792656
0.0334756374359131
0.0498544536530972
-0.0330669693648815
0.0354386828839779
0.0098128831014037
0.0317375846207142
0.0423143543303013
0.0475004315376282
0.0303507093340158
-0.0119118755683303
-0.0729619860649109
0.0046797073446214
0.0967754200100899
-0.0099334539845586
0.0500638373196125
-0.0305881183594465
0.0013304081512615
0.0207499079406261
-0.0048867273144424
-0.0143919484689832
-0.0168839208781719
0.0107077974826097
0.0270229857414961
-0.0216385126113892
0.0262730792164803
0.0046548545360565
-0.0300309173762798
-0.0545227937400341
0.0328754559159279
-0.0784861743450165
-0.0763346031308174
-0.0269594006240368
-0.0078659476712346
0.0525296740233898
-0.0114740449935198
-0.0571621246635914
0.0001657620596234
0.0184945017099380
-0.0219824910163879
-0.0537784397602081
0.0356033071875572
0.0243741646409035
0.0189178343862295
-0.0124834189191461
-0.0282521247863770
-0.0051440158858895
0.0849409848451614
0.0024650744162500
0.0184238627552986
-0.0371331535279751
0.0217540785670280
0.0305513553321362
0.0235214661806822
0.0380560867488384
0.0629003271460533
-0.0299312509596348
-0.0106065981090069
0.0883066132664680
-0.0061304173432291
0.0128942588344216
-0.0158721506595612
0.0014271645341069
-0.0020135424565524
-0.0252153221517801
0.0252882651984692
0.0114702777937055
-0.0262835621833801
0.0636763423681259
0.0461215600371361
0.0051401746459305
0.0510880127549171
0.0036259365733713
0.0030030272901058
0.0644033327698708
-0.0046699615195394
0.0572226420044899
0.0423648580908775
0.0340089723467827
0.0677900984883308
0.0466127321124077
0.0492137186229229
-0.0470968149602413
0.0200372748076916
-0.0417510047554970
-0.0249503627419472
-0.0050888997502625
-0.0727739483118057
-0.0667977780103683
-0.0523779615759850
0.0193109475076199
0.0810674801468849
0.0125845856964588
0.0802237614989281
-0.0096242642030120
0.0480767153203487
0.0092502376064658
0.0040682591497898
0.0303803663700819
0.0541286207735538
-0.0583931542932987
-0.0833318829536438
-0.0219762865453959
-0.0486604645848274
-0.0007672606152482
0.0085602533072233
0.0115587832406163
0.0493380017578602
-0.0082803862169385
0.0241130646318197
0.0319679453969002
0.0206334330141544
-0.0058350297622383
-0.0329650379717350
-0.0496811978518963
0.0205386094748974
-0.0246638413518667
0.0010342421010137
-0.0352202802896500
0.0214513484388590
-0.0497807487845421
0.0498267561197281
0.0540391094982624
0.0202880501747131
-0.0748335793614388
-0.0229058563709259
-0.0238798204809427
-0.0157723613083363
0.0315104909241199
-0.0052169687114656
0.0537043437361717
0.0799898505210876
0.0610015802085400
-0.0276618897914886
0.0660499259829521
0.0689157024025917
-0.0609768629074097
0.0310547593981028
0.0041724271140993
-0.0742750391364098
0.0161855053156614
-0.0129041075706482
-0.0268270708620548
0.0018813929054886
-0.0419018417596817
-0.0475333966314793
-0.0484274402260780
0.0511449165642262
0.0017918166704476
0.0096845151856542
0.0381871610879898
-0.0240802709013224
0.0581217855215073
-0.0245384778827429
0.0180230941623449
0.0519514195621014
-0.0546192154288292
0.0219035111367702
0.0361248180270195
0.0501315444707870
0.0498508960008621
0.0210107080638409
0.0228684078902006
-0.0438435971736908
-0.0564419366419315
0.0882797241210938
0.0264919940382242
-0.0366468317806721
-0.0259952489286661
-0.0628567934036255
-0.0414646491408348
-0.0490170456469059
-0.0272208247333765
-0.0296927522867918
-0.0673293620347977
0.0136284893378615
-0.0163928531110287
0.0023829785641283
0.0612854175269604
0.0516396984457970
-0.0531022623181343
0.0398596301674843
0.0276947226375341
0.0210294462740421
0.0158130098134279
0.0000509549063281
0.0053854370489717
-0.0652588978409767
-0.0651037767529488
0.0181108769029379
-0.0359496027231216
0.0097033316269517
-0.0558805875480175
0.0012017169501632
0.0116066699847579
0.0534314736723900
-0.0410711951553822
0.0183812454342842
0.0483330450952053
-0.0395398400723934
-0.0586463734507561
0.0493607930839062
0.0006393173243850
-0.0198378432542086
0.0643530339002609
0.0626249462366104
0.0363928787410259
-0.0385969839990139
0.0066533382050693
-0.0462371222674847
0.0916496887803078
-0.0285418517887592
-0.0258377585560083
-0.0076743583194911
0.0446818135678768
-0.0174364112317562
0.0182014666497707
0.0334665477275848
-0.0001022049837047
0.0346746742725372
0.0148189021274447
-0.0649066418409348
0.0261911433190107
-0.0184669625014067
-0.0053407722152770
0.0631977096199989
0.0180096700787544
-0.0170296747237444
0.0492471642792225
-0.0866259932518005
-0.0454490967094898
0.0187216699123383
-0.0017603065352887
0.1169339120388031
0.0362811088562012
0.0125077348202467
0.0343742705881596
-0.0914396122097969
0.0289841163903475
-0.0517268031835556
0.0599030740559101
0.0118808373808861
0.0132074030116200
0.0430283211171627
0.0428835153579712
0.0717538595199585
-0.0605629310011864
-0.0618042871356010
-0.0584673322737217
