-0.0401435233652592
0.1035300046205521
-0.0118625452741981
0.0044591394253075
-0.0523865260183811
0.0028916338924319
0.0974088385701180
0.0507781878113747
0.0035194088704884
0.0107780396938324
-0.0244890712201595
-0.1222282052040100
0.1401587128639221
-0.0368020571768284
0.0265164226293564
-0.0049290414899588
-0.0880063846707344
-0.0884395837783813
0.0732644349336624
0.1152434200048447
-0.0843760371208191
-0.0827832370996475
0.0210985820740461
-0.0564275272190571
0.0320147834718227
-0.0080668730661273
-0.0222446918487549
0.0001191546107293
-0.0196690764278173
-0.0665558874607086
0.0154086686670780
-0.0545289553701878
-0.0445945896208286
-0.0212147999554873
0.1187665536999702
-0.0243639405816793
-0.0004143197438680
0.0309981107711792
0.0161945577710867
-0.0230353698134422
0.0254938006401062
0.0021538918372244
-0.0287824887782335
0.0147668523713946
0.0073620872572064
-0.0375638827681541
-0.0680418387055397
0.0233447160571814
0.0774186402559280
-0.0517665334045887
0.0480672493577003
-0.0521855317056179
0.0478350967168808
-0.0799119248986244
0.0664070248603821
-0.0141851259395480
-0.0014733080752194
-0.0383662693202496
-0.0797346085309982
-0.0476158782839775
-0.0707610100507736
0.0613560266792774
0.0623804144561291
0.0763704180717468
-0.1089380905032158
-0.0580292344093323
0.1135397553443909
-0.0080835148692131
-0.0377764999866486
0.1461444646120071
-0.1283871680498123
-0.0504101514816284
-0.0346030965447426
0.0853967294096947
0.0071346107870340
-0.0139137087389827
0.0499513149261475
-0.0778991207480431
-0.0788993537425995
0.0620941035449505
0.0762712210416794
0.0032223276793957
0.0098799411207438
0.0067680622451007
-0.0240794569253922
-0.0236071292310953
-0.0398198924958706
0.0532433018088341
0.1336721032857895
-0.0466996207833290
-0.0809196308255196
-0.0453733764588833
-0.0226240698248148
0.0512988157570362
0.1591046452522278
0.0529776811599731
-0.0322753861546516
-0.0609097443521023
-0.1019072458148003
0.0604239143431187
-0.0815644711256027
0.0137869976460934
0.0767213776707649
0.0276378709822893
0.0545107498764992
-0.0241620801389217
-0.0769140273332596
-0.0380010455846786
-0.1065830960869789
-0.0732509717345238
-0.0243959687650204
-0.0352490246295929
-0.0422052592039108
-0.0749909207224846
0.0665339380502701
-0.0918459221720695
-0.0104356762021780
-0.0539837591350079
0.0355122089385986
-0.0655918642878532
-0.0813948437571526
-0.0212256480008364
-0.0144478343427181
-0.0777156427502632
0.0453080721199512
0.0847476124763489
-0.0270105600357056
0.0675996467471123
0.0296348854899406
-0.0402742065489292
0.0105839334428310
-0.0234132651239634
-0.0810139179229736
0.0410097092390060
-0.0498775355517864
-0.1371470540761948
0.0629269182682037
0.0904584601521492
0.0308065582066774
0.0583705678582191
-0.0359561145305634
-0.0275726076215506
-0.0176902841776609
-0.0137360431253910
-0.1220421865582466
-0.1206834912300110
0.0931779816746712
0.0172359775751829
-0.0702271014451981
0.0334944017231464
-0.0148168532177806
0.0552489608526230
0.0134974606335163
-0.0742399245500565
-0.0284358784556389
0.0105780707672238
-0.0602876879274845
0.0549747161567211
-0.1081202328205109
-0.1489343792200089
-0.0669520497322083
-0.0345403514802456
-0.0288261752575636
0.0226663332432508
-0.0555743165314198
-0.0326320789754391
-0.0059618959203362
-0.0140043329447508
-0.0843235105276108
-0.0873603820800781
0.0587599538266659
0.0479743927717209
0.0317620486021042
-0.0207755174487829
0.0984569489955902
-0.0852891802787781
-0.0243246164172888
0.0018599298782647
-0.1154789477586746
-0.0420791134238243
0.0281409472227097
-0.0733164325356483
-0.0770047605037689
0.0202451553195715
-0.0341157428920269
-0.0652829930186272
0.0560512468218803
0.0578783378005028
0.0018441311549395
-0.0385169051587582
-0.0988317355513573
0.0587707757949829
-0.0495361946523190
0.0489253960549831
0.0014012578176335
0.0535924434661865
0.0627937465906143
-0.0407488010823727
0.0226659514009953
-0.0777316913008690
0.0043918727897108
-0.0082569066435099
-0.0522185973823071
0.1081030666828156
-0.0024278957862407
0.0563646741211414
-0.0167243313044310
0.0268570259213448
-0.0747130960226059
0.0442533902823925
0.0652237609028816
-0.1084085255861282
-0.1171013116836548
-0.1182803437113762
0.0679106563329697
-0.0468078590929508
-0.0884876027703285
0.0093098916113377
0.0209455415606499
-0.0700582787394524
-0.0332040637731552
0.0109158074483275
-0.0356811285018921
-0.1070349216461182
-0.0475718341767788
-0.0531210936605930
0.0346264690160751
0.1058271452784538
-0.0091754542663693
-0.0161667913198471
0.0679087713360786
-0.0281096380203962
0.1138236895203590
0.0968345180153847
0.0733065754175186
-0.0591110326349735
-0.0294465515762568
0.0379485264420509
0.0013967111008242
0.0834095403552055
0.0568676143884659
-0.0144503340125084
0.0356067754328251
-0.0635093078017235
-0.0279025845229626
-0.0409469902515411
0.0344695746898651
-0.1105729639530182
0.0389181114733219
0.0565836094319820
0.0434918403625488
-0.0211332123726606
-0.0985952615737915
0.0560128502547741
-0.0320303998887539
0.1373187452554703
0.0869934484362602
0.0032695715781301
-0.0015832439530641
-0.0748706534504890
0.1916233897209167
-0.1809075325727463
0.0778044387698174
0.1060751304030418
0.0297943148761988
0.0007998080109246
-0.1660575866699219
0.0085568279027939
0.1108037084341049
0.0363081172108650
-0.0345736928284168
-0.0684957951307297
-0.1564665883779526
-0.0571484975516796
0.0987969413399696
-0.1828178018331528
-0.2611785531044006
-0.0449156425893307
0.0323829948902130
-0.0120606683194637
0.0616585984826088
-0.2157344371080399
-0.1872376948595047
-0.0768103003501892
-0.1285079866647720
0.0556753315031528
0.0705170780420303
0.0239087361842394
-0.1306844651699066
-0.1302168220281601
-0.2061937898397446
0.0046551362611353
0.1706150770187378
0.1024019867181778
-0.0604667663574219
-0.1707805544137955
-0.1072667688131332
0.0377409607172012
-0.0853900909423828
-0.1943705976009369
-0.1203743591904640
0.0747755318880081
0.2077468931674957
-0.2177408784627914
-0.0233038496226072
0.2300310283899307
-0.1301791071891785
0.0981756001710892
-0.0112746153026819
-0.0755196586251259
-0.1073063164949417
-0.0937043875455856
0.1245468929409981
0.0091884788125753
-0.0628504008054733
-0.0571030750870705
0.0490901656448841
0.3647823929786682
0.0389660708606243
-0.0980427041649818
-0.0177590269595385
-0.0491073504090309
-0.0314602442085743
0.0681328922510147
0.0040596886537969
0.0094607900828123
0.0043209847062826
0.0518790818750858
0.0101853162050247
-0.0178718902170658
0.0177743900567293
-0.0096293641254306
-0.0268875472247601
0.0102763595059514
-0.0173349473625422
-0.0336537994444370
0.0220244769006968
0.0075741894543171
-0.0136341629549861
0.0102740610018373
0.0268420893698931
0.0125854751095176
0.0374908186495304
0.0214359741657972
-0.0293084569275379
-0.0294348523020744
-0.0036418875679374
-0.0164370741695166
0.0497186630964279
0.0566911883652210
-0.0136114777997136
0.0094352066516876
0.0174235887825489
0.0657598748803139
-0.0068455119617283
0.0475806966423988
-0.0138147333636880
0.0414682812988758
0.0098505839705467
-0.0784018635749817
0.0083183841779828
-0.0190345682203770
0.0279623623937368
-0.0090156113728881
0.0097883353009820
-0.0557602941989899
-0.0830022171139717
0.0479099117219448
-0.0428500473499298
-0.0200190581381321
0.0503673069179058
0.0562871880829334
-0.0116015477105975
-0.0032924166880548
0.0376879759132862
-0.0132365375757217
-0.0344741791486740
0.0509437471628189
-0.1051696836948395
0.0352869853377342
0.0099122533574700
0.0530065372586250
-0.0315546765923500
0.0016502453945577
0.0373384915292263
0.0254639349877834
-0.0244017560034990
0.0334889367222786
0.0322124026715755
0.0447659231722355
-0.0113581167533994
0.0087501974776387
-0.0899192988872528
-0.0562933646142483
-0.0293947402387857
0.1065160036087036
0.0437478683888912
-0.0951377525925636
-0.0034565099049360
-0.0234299227595329
0.0319995358586311
-0.0181800425052643
0.0170990973711014
-0.0309940464794636
0.0312254037708044
-0.0167295970022678
0.0143692707642913
-0.0056837643496692
0.0813327208161354
0.0249613076448441
0.0190478060394526
0.0318116880953312
0.0487489178776741
0.0323305055499077
0.0255812890827656
0.0223760139197111
-0.0327170267701149
-0.0822355374693871
0.0984727442264557
-0.0652556493878365
0.0210821721702814
-0.0374504327774048
0.0359069891273975
0.0482474900782108
0.0093837045133114
0.0013064880622551
-0.0123123899102211
-0.0324636325240135
0.0096781961619854
-0.0158844254910946
-0.0360707566142082
0.0205264128744602
-0.0763324201107025
0.0106993932276964
0.0573832988739014
-0.0030357355717570
-0.0046980702318251
-0.0640300288796425
0.0265238042920828
-0.0067234574817121
0.0100380480289459
0.0223859678953886
0.0219498667865992
0.0465349368751049
0.0638460442423820
-0.0085779782384634
-0.0517701916396618
-0.0329283438622952
-0.0026954512577504
-0.0153647465631366
-0.0350953489542007
0.0035718500148505
-0.0054826419800520
0.0618562288582325
-0.0454351343214512
-0.0166683979332447
-0.0600298941135406
0.0056440960615873
-0.0173028651624918
-0.0727877169847488
-0.0060043083503842
0.0136447781696916
-0.0611220449209213
-0.0418401658535004
-0.0245305821299553
0.0521735176444054
0.0340058393776417
-0.0205512382090092
0.0163483805954456
-0.0188798755407333
0.0209752619266510
-0.0079380171373487
0.0546105504035950
0.0590909458696842
0.0057922694832087
0.0416970327496529
-0.0286470465362072
0.0942363515496254
-0.0018194630974904
0.0296960659325123
0.0109692271798849
0.0559540614485741
0.0585037097334862
-0.0180547144263983
0.0419806651771069
-0.0953104868531227
-0.0616883225739002
-0.0625043585896492
0.0018008482875302
0.0478103309869766
0.0520647428929806
-0.0614786706864834
0.0226677004247904
0.0216739811003208
0.0427653640508652
0.0697284936904907
-0.0318805165588856
-0.0702232941985130
0.0269513670355082
-0.0237138941884041
-0.0369959585368633
0.0422572977840900
0.0179493930190802
0.0856641381978989
0.0113352918997407
0.0428092591464520
0.0185074396431446
0.0452237688004971
-0.0352431721985340
-0.0690501332283020
0.0970567017793655
-0.0234599132090807
0.0475308746099472
-0.0543415136635303
0.0063757477328181
0.0092690195888281
0.0055237435735762
-0.0520363077521324
-0.0148206939920783
0.0121860606595874
0.0266161747276783
0.0039673061110079
0.0423286594450474
0.0005719059845433
-0.0104758106172085
-0.0163166932761669
-0.0643853470683098
-0.0028294215444475
-0.0167095493525267
-0.0346443653106689
-0.0854037478566170
0.0383624210953712
0.0807258635759354
-0.0489641204476357
-0.0064973770640790
-0.0935247391462326
-0.0036242359783500
0.0265442989766598
-0.0292732045054436
0.0032200387213379
0.0226885024458170
0.0508264452219009
0.0369651988148689
0.0712643712759018
0.0012086000060663
0.0391080491244793
-0.0177456308156252
-0.0699226036667824
-0.0434133633971214
0.0741849839687347
0.0385397300124168
0.0416231602430344
-0.0711595192551613
-0.0880620330572128
0.0885703861713409
-0.0727488547563553
-0.0367481932044029
0.0012512139510363
0.0433695502579212
0.0374179594218731
-0.0802877768874168
0.0035117396619171
-0.0520019121468067
0.0284041129052639
0.0321389436721802
-0.0276071131229401
0.0062237237580121
0.0033626840449870
-0.0425151437520981
0.0018074722029269
-0.0902047529816628
0.0284949876368046
0.0599831305444241
0.0168711654841900
-0.0231995061039925
-0.0913995653390884
-0.0636129528284073
-0.0335705019533634
0.0691366195678711
-0.0061924788169563
-0.0138796409592032
0.0532274916768074
-0.0082074478268623
-0.0117727750912309
0.0539431422948837
0.0723349377512932
-0.0353627428412437
0.0035214491654187
-0.0415300577878952
-0.0218038242310286
0.0842077136039734
-0.0489408746361732
0.0219124834984541
0.0303241331130266
0.0436679050326347
0.0139539381489158
0.0612929910421371
-0.0179622042924166
-0.0104279154911637
0.0372003167867661
-0.0086668590083718
-0.0752464085817337
-0.0018332878826186
-0.0234888512641191
-0.0317897759377956
-0.0183426775038242
0.0144677981734276
0.0452130809426308
0.0390910543501377
0.0211242921650410
0.0228152479976416
-0.0213381089270115
0.0980328768491745
-0.0140324672684073
0.0046572838909924
0.0454977527260780
0.0755057260394096
0.0391159541904926
0.0412212982773781
-0.0275607723742723
-0.0468886829912663
-0.0064166472293437
-0.0673909336328506
-0.0021794536150992
0.0812967643141747
-0.0126985069364309
-0.0147746559232473
0.0195656064897776
-0.0617274492979050
0.0646195411682129
-0.0016923241782933
-0.0304966196417809
0.0531465783715248
-0.0326084829866886
0.0701445192098618
0.0106364553794265
-0.0189784485846758
0.0847532823681831
-0.0435458458960056
0.0617834329605103
-0.0562634281814098
0.0351637378334999
-0.0117161162197590
-0.0272953864187002
-0.0587281435728073
-0.0341528281569481
-0.0228872690349817
0.0044061182998121
-0.0161472950130701
0.0385968349874020
-0.0584195442497730
0.0496171154081821
-0.0903461202979088
-0.0572793781757355
-0.0335218347609043
0.0685869678854942
0.0167721603065729
-0.0625365823507309
-0.0880505815148354
-0.0319850780069828
0.0917929485440254
0.0155662521719933
0.0296359844505787
0.0257295425981283
0.0845364257693291
0.0125891119241714
-0.0299363471567631
-0.0436333864927292
-0.0486631579697132
0.0069523472338915
-0.0139609752222896
-0.0621752478182316
-0.0035047335550189
0.0465571284294128
-0.0398679263889790
0.0639302730560303
-0.0244751609861851
0.0001216076561832
0.0109344841912389
-0.0232100058346987
0.0085596116259694
-0.0899040549993515
-0.0548634678125381
0.0958401709794998
-0.0419646166265011
-0.0477973632514477
0.0411717556416988
0.0762611925601959
-0.0500069968402386
0.0411283336579800
0.0235066190361977
-0.0228796694427729
0.0106677152216434
0.0463566407561302
0.0431646965444088
-0.0491766333580017
-0.0001378056913381
-0.0191295165568590
-0.0738853067159653
-0.0061141704209149
-0.0319866128265858
0.0215266700834036
0.0825756117701530
-0.0611244440078735
-0.0402498058974743
0.0321063511073589
0.0178657043725252
0.0414677672088146
-0.0393680632114410
0.0467558056116104
-0.0547500811517239
-0.0450286306440830
-0.0075924559496343
0.0842191502451897
0.0051600961014628
-0.0171806719154119
-0.0304508935660124
0.0357901193201542
-0.0459296852350235
-0.0936360806226730
0.0448335595428944
0.0111901955679059
0.0016958210617304
-0.0034193289466202
-0.0591902732849121
0.0617630518972874
0.0905555635690689
-0.0279527623206377
-0.0143200922757387
-0.0924596935510635
0.0619089454412460
0.0301962178200483
-0.0314213931560516
0.0914126858115196
0.0024633472785354
0.0249314568936825
-0.0082483440637589
0.0184436440467834
-0.0416640490293503
-0.1031227260828018
0.0417857207357883
0.0339508205652237
0.0336711741983891
-0.0676100477576256
0.0344494171440601
-0.0401098206639290
-0.0103174848482013
-0.0317027606070042
0.0507426895201206
0.0573918782174587
-0.0094488430768251
0.0218771249055862
0.0513474047183990
-0.0359440483152866
0.0392093174159527
0.0183282066136599
-0.0129049392417073
-0.0688588842749596
-0.0620036534965038
0.0407852567732334
-0.0645393952727318
0.0336057618260384
-0.0316663049161434
0.0527049377560616
-0.0843442156910896
-0.0451611652970314
0.0827815011143684
-0.0126390000805259
-0.0192207768559456
-0.0546433925628662
-0.0098215481266379
-0.0285706873983145
-0.0126585280522704
-0.0480501726269722
-0.0039279069751501
0.0007902518846095
0.0672682300209999
-0.0808222815394402
0.0070435027591884
0.0301178097724915
0.0644897744059563
0.0451095290482044
-0.0143928891047835
-0.0809972807765007
-0.0036176315043122
0.0498745329678059
-0.0088883535936475
0.0267737489193678
-0.0209055747836828
0.0285806972533464
0.0500860400497913
-0.0001854569709394
0.0315794609487057
0.0168754346668720
-0.0694978833198547
-0.0223408471792936
-0.0134624913334846
-0.0312594100832939
0.0328399837017059
-0.0314415916800499
0.0175234843045473
0.0063483635894954
-0.0328780449926853
-0.0456026345491409
-0.0228590928018093
0.0268867760896683
-0.0158931892365217
0.0587075203657150
0.0013120480580255
0.0361225493252277
-0.0641847550868988
0.0735603719949722
0.0148149356245995
0.0013456953456625
-0.1095353588461876
-0.0597285665571690
0.0081670442596078
0.0370435155928135
0.0230689421296120
0.0117800813168287
-0.0375108979642391
0.0491822324693203
-0.0601001046597958
-0.0038105302955955
-0.0611666366457939
0.0901608690619469
-0.0196123346686363
-0.0631048679351807
-0.0199268683791161
-0.0443351231515408
0.0034763587173074
-0.0701465904712677
