0.01844254
-0.02240142
-0.05923242
-0.01169712
0.00487318
0.03082727
-0.00091693
-0.05295945
-0.03767406
0.02649649
-0.02315250
0.01966694
0.01308344
-0.02529039
-0.02588490
-0.01746657
-0.01133883
-0.00373220
0.14694878
0.01780625
-0.00245739
0.01069533
-0.01629867
-0.00317638
-0.00340933
0.00637527
-0.01175706
0.00756385
-0.01878693
0.01037956
0.07093187
-0.01412949
-0.00456966
-0.01240152
-0.01052620
0.02563309
0.00673583
0.01855624
0.01048805
-0.00422900
-0.02912038
-0.00619745
-0.09763202
-0.05142512
-0.03150607
-0.01344688
-0.06635942
-0.00449576
0.02326336
0.00495824
-0.00011471
-0.06282646
0.02402434
0.01618201
-0.03843722
-0.00791647
0.00674770
-0.00354972
0.42158332
0.08236457
-0.02344947
0.00700145
0.01671802
-0.00814164
0.00855285
0.02728473
0.02129106
-0.01848833
0.02949707
0.02050900
0.01679453
-0.00489293
-0.02958028
0.00891230
-0.01486086
-0.01272978
-0.04538939
-0.03993885
0.02066837
0.06497855
-0.00603528
0.01155790
0.00729874
0.06701016
0.04657252
0.01529502
-0.00972435
-0.01523492
0.03268679
0.02600722
0.00864928
-0.01543164
0.02480720
0.00447729
-0.02508394
-0.00880476
0.03725279
-0.03111343
0.04419505
0.01087663
-0.01980077
-0.00634259
-0.01776532
0.00472361
0.01300345
-0.03876384
0.04322469
0.00099836
0.02102350
-0.05405010
-0.01671372
0.00692039
0.00765494
0.00025931
-0.00884994
-0.01739715
0.03754119
-0.01826135
-0.01330958
0.00697474
0.00416848
-0.00509550
0.00061494
0.00975210
-0.01771334
-0.00797168
0.02160776
0.00963686
0.01260545
0.02038546
-0.00745298
-0.03233749
-0.02298886
-0.00169238
-0.05224892
0.01248698
0.00457242
0.01103895
-0.09749688
0.03582605
-0.04144672
-0.01181951
-0.02494197
0.00192647
-0.03757964
0.14558168
-0.03648709
-0.00740430
-0.01101066
-0.01836423
0.05228836
0.01579779
-0.00346128
0.02755188
-0.00221014
-0.02393673
0.00798471
-0.00479186
-0.06029030
-0.00693648
0.01235004
-0.03663132
0.01897627
0.01586676
-0.01062840
0.04723150
0.00679571
0.00241136
-0.02447019
0.00550454
0.01535629
-0.01365056
0.00424700
0.01848723
0.02644947
0.01763389
0.02946222
0.00216070
-0.04467156
-0.00762631
-0.00485737
-0.02164253
0.00338127
0.02804859
0.04426242
0.04007580
0.02577360
0.00350277
0.00514741
0.04082898
0.01408103
0.05586749
0.00774403
-0.03106717
0.00214893
0.00952775
0.00489713
0.02298567
0.04906708
-0.02026422
0.04089607
0.02476305
0.06465427
-0.02074374
0.00369921
-0.01694210
0.01676433
0.00265436
-0.00725703
-0.08154836
-0.00073015
0.00290439
0.01825183
0.00999627
-0.03436162
-0.04620343
0.00481925
0.02026172
-0.00776942
0.00661774
-0.01519628
-0.77046150
-0.01501921
-0.05806809
-0.01146123
-0.02507076
0.03289535
-0.01165230
0.00236317
-0.00640643
-0.00967536
-0.01734711
-0.00053280
0.00898793
-0.03972988
0.02378861
-0.01336790
0.01319916
-0.00367032
-0.00632528
-0.00202583
0.02324292
-0.05163394
-0.03222137
-0.00306359
0.03203505
0.04659332
0.00694530
0.00046191
0.02315841
-0.00624215
0.01161919
0.02956592
0.00900238
-0.01599298
-0.00537127
0.14936401
0.05239952
0.07123344
-0.05010854
0.03014677
-0.03582167
0.06404943
0.01787543
-0.03164535
0.09655503
0.10873202
-0.05321090
-0.17591320
0.02972751
-0.08114262
0.17708309
0.07983805
0.13252097
0.01967436
0.00725512
-0.11557031
-0.10099495
0.05751954
0.05270142
-0.05494376
0.04401716
0.05738138
-0.01173903
0.05000640
0.04973529
0.09945683
0.14773101
-0.06143616
-0.04339305
0.14358346
-0.07263228
0.03744568
-0.04291491
0.12019251
-0.00895839
-0.14416142
-0.04791675
0.03210289
-0.02190387
0.10993704
0.02619090
0.77780861
0.04621108
-0.08058218
-0.04269316
-0.03500032
0.03469070
-0.13895822
0.03642543
-0.01116814
-0.06392548
0.05977775
0.01654852
-0.10380402
-0.05556869
0.03601273
-0.06512942
0.10212930
-0.06186120
-0.04810586
-0.02336861
-0.01462715
0.01323262
0.02975113
0.00297428
-0.04930362
0.02468466
-0.02038802
-0.01560657
-0.01769429
-0.01187708
0.00049376
-0.01348706
-0.00298504
0.03172469
0.01418520
-0.01921204
0.01198507
-0.01149018
-0.00283197
-0.00518395
0.01732579
-0.02866333
0.04903352
0.05353387
-0.03780339
-0.07394989
0.01165039
-0.03895022
-0.00783612
0.03893218
-0.03673764
0.01380847
-0.00633447
0.08082316
-0.01803651
0.01061111
0.04800409
0.00331714
-0.03571758
-0.04086868
0.00817343
-0.01940162
-0.03377232
-0.00233960
-0.00655716
0.09070088
0.08216389
-0.00046215
-0.03725569
0.00052606
0.02316674
-0.05741559
0.00172938
-0.02103248
0.06280004
-0.00403121
0.00164339
-0.01055592
-0.00429711
0.02169917
0.00197658
0.06004854
-0.00887200
0.03070241
0.00419703
0.01056371
-0.01579202
-0.04288630
-0.02428634
0.03230228
0.03945363
0.01032655
0.02245798
0.01330733
0.05903282
0.03669930
0.01017880
-0.03940691
0.00860859
-0.03966317
0.06625202
-0.04753904
0.03768975
-0.02754939
0.08034771
0.03022146
0.08330487
0.00773226
-0.07291915
-0.01509116
0.01496633
-0.00624840
-0.03083488
-0.00140420
0.01722276
-0.07503930
0.03475573
0.00388416
-0.00568600
-0.04083615
0.00395418
0.02086736
-0.01172696
-0.01155748
0.02406574
0.08918148
-0.03137680
0.00597974
-0.09859896
0.03602647
-0.02305475
0.02407179
0.02301485
0.00878658
-0.04335338
0.00676620
0.00402788
0.04958652
-0.01103988
-0.01014567
0.05451935
-0.03321864
-0.10184318
-0.06301727
0.01965531
-0.08786793
0.00889239
-0.01423207
0.01890725
-0.01801176
-0.02267470
-0.01701672
0.05478760
0.08175743
0.02972681
0.00356664
-0.05413346
0.03178703
-0.01076760
0.07856216
-0.02224310
0.02954783
0.10024865
0.00503574
0.04399348
0.01776932
-0.04365304
-0.00405373
-0.03602264
-0.02949419
0.01914201
0.01500787
-0.00292363
-0.03832290
0.04662417
-0.01569061
0.00047384
0.00760919
0.01092433
0.05601300
-0.01583978
-0.07808865
0.01600623
0.01654921
0.00732868
0.02479756
-0.03931691
-0.00027826
0.08935264
-0.03701606
0.02680534
0.04983244
0.02128401
-0.03504319
0.03906722
0.00621629
0.18148504
0.03445919
-0.00108534
-0.01261605
0.05336756
0.04663703
-0.04543766
-0.04860725
0.03706899
0.07284108
0.02155409
-0.09420058
0.03648626
-0.01971459
-0.01032200
0.05062558
0.02056104
0.03538845
-0.03576066
0.03876308
-0.03268022
0.00743312
0.04032835
-0.01715233
-0.10387846
-0.02821170
0.01996731
0.09113203
0.00392993
0.01528148
0.07523413
0.02084996
-0.00183089
0.04663072
0.01031780
0.01808164
0.07008041
-0.00874009
-0.03392148
0.01075018
-0.02257779
-0.03557529
-0.02375936
0.01662527
-0.03730844
-0.05106760
-0.01347092
0.02921463
-0.02020518
-0.01562028
0.02530279
-0.01684978
0.01946486
-0.00291959
0.07921610
-0.02275956
-0.01688340
-0.10886133
-0.01156282
-0.01422725
-0.03622919
0.02346381
-0.07975923
0.01558388
0.01564331
-0.02239832
-0.00619432
-0.04260666
0.12929881
0.07446203
0.00369397
0.01194531
0.06043828
0.01586174
0.01119536
-0.00562819
0.06828369
-0.00814362
0.04128271
0.00914459
-0.02069446
0.02627177
0.02661081
-0.01930057
-0.01772629
0.07426067
0.05305019
-0.02969778
0.02456829
0.02012086
0.01159308
-0.01006580
0.01686980
0.03318756
-0.02256381
0.08972354
-0.13081226
-0.00654316
0.03377571
0.06025262
-0.02394013
0.03021326
-0.01181259
0.11773115
-0.01432615
0.01522965
0.01227877
-0.03736599
-0.01346945
0.03487289
0.02989510
-0.01579369
0.01096479
-0.06781486
0.04779514
0.01422355
-0.10900614
-0.01838684
0.05592654
0.00466050
0.00008609
0.00617800
0.00750661
0.04586741
0.06042963
-0.00529691
-0.03085922
-0.03986318
0.00395439
0.01983364
-0.00450836
-0.00600823
0.04046430
-0.09766097
-0.00815825
-0.05760044
-0.04961975
-0.05103493
-0.16233276
0.01925771
0.02097674
0.02421682
0.01946740
-0.00385373
-0.03486060
0.00648442
0.02895754
0.02407440
0.02102627
0.02331967
-0.03331443
-0.02854088
-0.01113323
0.01124901
0.01524365
-0.06867212
0.04420298
-0.06297719
0.11450168
-0.02186894
0.02261350
0.04010298
-0.00949486
0.05544462
0.01350337
-0.00224383
-0.02255930
0.08212222
-0.08093715
-0.00227916
-0.03787547
-0.02870566
0.01116080
-0.02669152
-0.07933461
0.01893134
-0.04378032
-0.07065377
-0.00685806
-0.02037012
0.02129730
-0.01414419
-0.08179599
-0.00210911
-0.01926111
-0.00648137
0.01389196
0.02607086
-0.07476640
-0.07021638
-0.00762539
-0.04144928
0.01157087
0.00789813
0.00301701
0.00863866
0.00177214
-0.01204410
-0.06289659
0.00070641
0.05960980
-0.00031458
-0.04215864
0.05038600
-0.00892667
-0.00963510
0.01436862
-0.00032288
-0.00052253
-0.10679910
-0.05960515
-0.02534206
0.03191168
0.00196311
0.00358274
0.00674438
-0.00308695
0.06431957
0.00867978
-0.09071621
0.15908410
-0.01062748
-0.07696933
-0.02427566
-0.01370778
0.00190352
0.01702963
-0.10566610
-0.00103074
-0.04681739
0.00161750
0.01033428
0.03006642
0.01171848
0.01520373
0.02331811
0.04172754
-0.06042327
-0.01476485
0.00013477
-0.20063569
-0.08816656
-0.02699894
-0.04025351
-0.01920913
0.02668398
-0.03256662
0.00850144
-0.00484332
0.03105862
-0.00039598
0.05703610
0.02363124
0.07498717
0.01310634
-0.04547061
0.03644933
0.11630654
0.03862691
0.00408939
-0.03506953
-0.01109751
0.01285327
0.04389741
-0.03486418
0.00864370
-0.03589992
0.03362684
-0.04223929
-0.06878068
0.00960855
-0.11014467
0.00897119
-0.04290881
0.03886881
-0.00002363
0.06485629
-0.02838177
-0.00138966
0.00789176
0.09555884
-0.02812679
0.01224782
-0.06583015
0.20456985
0.03737300
0.01099526
0.01305403
0.00499195
-0.00722526
0.02336470
0.03826403
-0.02810497
-0.01427021
0.00280061
-0.08961621
0.02607543
-0.00204069
0.05767050
-0.02810319
-0.03539005
-0.01900866
0.05333502
-0.07102994
0.00606742
-0.03001335
0.00147551
0.00701238
-0.01769020
-0.00612833
-0.01299190
-0.04081750
0.02876387
0.00248311
0.00158234
-0.00170349
-0.01450411
0.01587208
0.01668704
-0.03494178
-0.00136458
0.04820784
-0.02838941
0.02882016
-0.04291774
0.09964249
-0.01601094
0.11598942
0.00629973
0.04844154
0.05139424
-0.00684244
0.02240473
-0.01444781
