-0.01374575
-0.00971965
-0.02046626
-0.01541446
0.00592204
0.01573347
-0.00243429
-0.01568138
0.00120922
0.01200322
-0.00089968
0.01226999
0.01366675
-0.03153691
-0.04330315
0.00273180
-0.01858879
0.02494373
0.12739219
0.00122114
-0.01589425
-0.00199226
0.03571348
0.06314739
-0.00479221
-0.04535214
-0.03734764
-0.01161658
-0.01590334
0.00274548
0.09883662
-0.00314049
0.00219243
-0.03520263
-0.00125272
-0.00954494
0.01270908
0.03232815
0.03851620
0.05433191
-0.00276325
0.00415635
0.00295607
0.00482085
0.00673315
0.02759698
-0.03443596
-0.02648521
0.03653387
0.00433931
0.01153063
-0.01458619
0.08852284
0.03992561
-0.00453875
0.03011073
0.00644791
0.02017448
0.47766316
0.08303260
-0.01395087
0.03725487
-0.00118418
-0.00438593
0.00430958
0.03548684
0.01188705
-0.02578260
-0.02456168
0.01434358
0.01770828
-0.03513810
-0.03240874
-0.01451929
-0.04663321
0.02724018
0.00357942
-0.06045507
0.01769668
-0.04286763
-0.01086917
0.02683222
0.01246650
0.04462421
0.02827982
0.02786709
-0.01078052
0.00725448
0.03522531
-0.00958235
0.03151931
0.02702385
-0.01866592
-0.01672824
0.00736616
-0.00595835
0.02887342
-0.01432927
0.06695093
0.02140484
-0.01768263
0.00054242
-0.02312723
0.00877570
0.00736963
0.03359052
0.06796367
0.00071559
0.00327488
-0.00761859
-0.00768965
0.02046858
0.02090826
-0.04342797
-0.00651019
0.00021231
0.04097766
-0.01084930
0.00460682
-0.00609983
0.01428263
-0.00777066
0.01819831
0.00100687
-0.02513106
0.00530186
-0.02551847
0.01904406
0.00715103
0.00142478
0.00724876
-0.00888568
-0.00515908
0.01660257
-0.04076171
0.00222064
0.06422773
-0.01468157
-0.03846229
0.02180777
-0.03056351
-0.00298504
0.00031554
0.01449014
0.02076981
0.07864062
0.03275220
0.00913930
-0.01051685
-0.02807870
0.05728735
0.00820703
0.00337002
0.05378491
0.00672669
0.00707836
-0.02675419
-0.01726050
0.00881341
0.00886927
-0.01935054
-0.01501548
-0.03964633
0.00005298
0.00041213
0.06637035
0.00937507
-0.02984351
0.01801137
-0.02862152
0.01266014
-0.02238391
0.00711301
0.02398679
0.04197961
0.01263324
0.01011612
-0.00331715
-0.02272060
-0.01227113
-0.03436301
-0.01821115
-0.00911506
0.00830111
0.05718312
-0.00497988
0.14678074
0.01628678
-0.00221579
-0.02524739
-0.07620102
0.00140546
0.00923148
0.02158417
-0.05131085
0.01458378
0.04719250
0.03012690
0.07734828
0.01255167
-0.03981016
0.00483032
0.11636885
0.02982448
-0.01731587
0.00460698
0.01235392
-0.00029081
-0.01146470
-0.00141920
-0.01084755
-0.01682732
-0.03952724
0.02558430
-0.01225837
-0.05613162
0.02093921
0.02472596
0.02466794
0.03649550
0.03281281
-0.72957587
0.00607848
0.00806325
0.01134580
0.01895779
0.05394121
0.00535833
0.02522867
-0.00192679
0.00600914
0.02862145
0.03017740
-0.00735527
-0.03492544
-0.00035768
0.02289163
0.00554698
0.01181707
-0.02237953
0.01473239
-0.03183540
-0.00840893
0.00551285
-0.01024780
-0.00983135
-0.00008396
-0.03629386
0.01004159
0.02345656
-0.01013098
0.02893141
0.02970001
0.01056076
-0.00769734
0.00581481
0.06940427
-0.00048558
0.00671157
0.00740024
-0.03345678
-0.05218469
-0.00093299
-0.02827043
0.05545273
0.07500181
0.06913543
-0.06593522
-0.02139208
0.09243435
0.00440364
0.11636323
-0.02332318
0.12861359
-0.04702623
-0.03052231
-0.10054036
0.01461276
0.03048026
0.11537042
0.06286997
0.00733681
0.00469496
0.00775529
-0.05726889
0.06040965
0.06281070
0.13018584
-0.08289303
-0.05905468
0.11442143
-0.01534082
-0.00773171
-0.01089043
0.08871770
0.04440266
-0.09726134
0.02052870
0.07484622
-0.08643547
0.12626697
0.09991594
0.85235554
0.01028275
-0.03093521
-0.01977658
0.01239461
0.05303779
-0.11362569
0.09686019
0.00071221
-0.14337993
-0.01208232
0.06817547
-0.00337760
-0.01244342
-0.04556019
-0.02189859
0.09095825
0.03452905
-0.05369329
0.02887306
-0.01705175
0.05014770
0.01476253
0.03497746
-0.04014062
-0.01120171
-0.01802762
0.00712400
0.03509569
-0.02060117
0.02346209
-0.02471600
-0.05601285
-0.02573743
0.07030405
-0.03224562
-0.05806843
-0.00725409
-0.02362243
-0.03072088
-0.00788520
0.01803565
-0.01600382
-0.05079546
0.00431526
-0.04607937
-0.04125102
0.00933240
0.09391855
-0.02775961
-0.02444399
0.07075582
-0.02468348
0.02880581
0.02260129
0.01795176
-0.03097235
-0.09739551
0.05207679
-0.08419342
0.00206984
0.00614128
-0.04972173
0.03653986
0.01304289
0.04399114
0.07920541
0.02389849
-0.03669546
0.06303209
0.02066088
-0.00452990
-0.00972275
-0.03781007
-0.07777248
-0.03085439
-0.06419163
0.04217747
-0.03526543
-0.01204908
0.04756461
0.04365519
-0.00511687
0.07280103
-0.01160352
0.01123415
0.02594152
-0.05499330
-0.00668248
0.03744111
0.02635750
-0.04030932
0.02079490
0.05462594
0.05994438
0.04347657
-0.04399547
0.00017079
0.00587377
0.02691519
-0.04999812
-0.02096169
0.10328600
0.01967556
0.05000929
0.04482162
0.03105416
0.02953901
-0.06026572
0.02420410
-0.03077808
0.04863492
-0.08768018
0.02025095
0.00513628
-0.05985588
0.12232685
0.02396738
-0.04514808
0.01845874
0.07045015
0.01179300
0.02669452
-0.00188716
-0.00910720
0.08762378
0.02918885
0.06482767
-0.04873300
0.06947353
0.04591275
-0.01056511
0.03440253
-0.00000790
-0.00949315
0.01928299
0.01992882
0.04386132
-0.02476936
0.01207171
0.00818141
-0.03581810
-0.09917379
-0.10019087
-0.05522810
-0.08110903
-0.01950612
0.07454129
0.01039472
-0.00053021
-0.05701366
0.02376039
0.06212988
0.06307118
0.05861303
-0.00376465
-0.04475083
0.03103377
0.00818196
0.03806265
0.01484463
-0.00595419
0.06357425
-0.03699102
0.03547281
0.04929946
-0.01868558
-0.08803970
-0.01458428
0.03415892
-0.00165772
-0.01721413
-0.08967232
-0.03149751
0.03155219
0.00044748
0.00624640
0.10275069
-0.06604813
0.07107051
0.03471565
-0.05476058
0.04908773
0.04618380
-0.03257364
0.05685902
-0.00846908
0.04096829
0.07050337
0.00164265
0.00517998
0.02450247
0.00713942
0.01860015
0.05467493
-0.03282310
0.14848036
0.05877410
0.00201429
-0.06540670
0.02810015
-0.00617309
-0.01310976
-0.04047406
0.02427908
-0.00705116
-0.02533768
-0.09430592
0.06940281
-0.07485355
-0.02821965
-0.01369073
0.00716303
0.03619328
0.00002534
-0.01105615
0.01210132
0.04048109
-0.01702565
0.00116292
-0.02333383
0.05484189
-0.03478899
0.04278842
-0.02743735
0.01370531
0.01152996
-0.01896205
-0.01938605
0.00831808
0.06684052
0.05186516
0.07590602
-0.01967831
-0.01189574
-0.02037363
0.00802559
-0.00298832
-0.07973559
-0.00341778
0.03927105
-0.02520285
0.06729621
0.02057419
0.00219021
-0.06347941
0.02003041
-0.06185537
0.01076103
-0.03158984
0.01963364
-0.04425881
0.02829668
-0.05865962
0.05845129
-0.06541327
0.04279400
0.04290835
-0.02930973
-0.07086118
0.00374462
0.03283670
0.02985656
0.03928683
0.06321316
0.01400702
0.02375935
0.02922677
0.02484090
-0.01727536
-0.01063913
0.07981411
0.07741592
-0.02029185
-0.01460288
-0.01364586
0.03333672
0.00209003
0.03889083
-0.00747517
0.03006957
0.05929775
-0.00223256
0.04804700
-0.01763578
0.04716535
0.00553242
0.00995289
0.00431954
0.00117074
-0.00256186
0.05987932
-0.08328780
0.00443930
-0.01423413
0.02902227
-0.05810432
-0.00302139
-0.02118029
0.11706270
-0.02673907
-0.01632680
0.00744637
-0.09355095
-0.00402527
0.01456272
0.01308969
0.00072663
0.00443674
0.01336283
0.00567567
0.03004438
-0.15943640
-0.01883345
-0.09932225
-0.02912761
0.02425084
0.04484979
0.06391776
0.00076624
0.02925710
-0.01193086
-0.05377094
0.04442545
-0.01513475
-0.03029653
-0.00577113
-0.03419046
0.01074476
-0.11272312
-0.00814378
-0.04801658
0.00450607
-0.02150017
-0.03662686
-0.02578297
-0.00405245
0.01392721
0.03532089
-0.00829173
0.00037085
0.04807365
0.02956619
0.00889447
0.04518243
-0.04120769
0.02707415
-0.03872954
0.01530209
0.03742834
-0.05196712
-0.00388265
0.03163901
-0.03574088
0.10910975
0.01138506
0.00651012
-0.03676334
0.04959173
-0.02354937
-0.05114669
0.04093109
0.02644653
0.02973273
-0.04530348
-0.00281958
-0.02836113
0.02149648
-0.01973908
0.00312356
0.00141834
0.05147589
0.00761918
-0.10958567
-0.03282916
0.03250510
0.04257100
-0.00826003
-0.01959857
-0.03919008
-0.01663859
-0.01309252
-0.05562269
0.00768793
-0.04723457
-0.11578484
0.00453067
-0.01159856
0.03121700
0.05102488
-0.01565002
-0.00065431
-0.07330123
-0.06264948
-0.03222882
0.02051179
0.02783211
0.00030196
-0.04937666
0.00623269
0.04704915
0.02154087
-0.05554422
-0.05295763
0.03522071
-0.17115039
0.04205175
-0.07039657
0.00320879
0.05145298
-0.04696097
0.03367870
0.04445096
0.00688256
0.01102992
0.08451396
-0.07824329
-0.03435521
-0.04225532
0.09394766
-0.04521914
0.05328329
0.05906817
-0.11816096
-0.03439656
0.00617583
0.05420334
0.04429755
0.02037882
-0.04484980
0.04527047
0.06157383
0.07080344
-0.00551539
-0.01802436
-0.04794692
-0.02930183
-0.04909997
-0.01170833
0.01671390
-0.01132740
0.03733822
0.00161164
-0.05518791
-0.03894109
0.03086451
0.05684889
0.04460771
0.00525598
0.06881531
0.04270507
-0.05435390
0.05746476
-0.00161450
0.00077979
-0.00729593
-0.01894187
-0.05970615
0.00127592
0.00723441
-0.01690551
-0.03344414
-0.00185274
0.06922660
-0.06141158
-0.05393327
-0.00631096
0.11514319
0.02409761
-0.04490948
-0.02429567
0.04460846
-0.05665375
-0.04952023
-0.00511483
0.02291818
0.00449205
-0.05604257
0.04578176
-0.02942299
0.00825311
-0.00811276
-0.06194532
0.03491763
-0.04532873
-0.00921935
0.04368865
-0.02363783
-0.02489827
0.00707506
0.00154696
-0.08428646
-0.01296565
0.06432278
0.05744739
0.01148126
0.01662490
-0.04084735
0.02480757
0.02952310
0.00690464
0.04329399
-0.00779932
0.00388544
0.00367525
0.00267400
-0.05660584
0.01116485
-0.01899769
0.01769847
0.04259391
0.04469261
0.02987941
-0.00084072
-0.04833196
-0.03097756
-0.06624612
0.03824420
-0.03485258
0.01502641
0.04365880
0.09514325
-0.00144878
-0.03085795
-0.02439191
0.03451325
0.01168267
0.03657247
-0.02550799
-0.06915401
