0.0282876994460821
0.0272570215165615
0.0114263826981187
0.0676316842436790
-0.0788013860583305
-0.0093565974384546
0.0310439746826887
-0.0097295781597495
0.0881375744938850
0.0504192709922791
-0.0501617528498173
0.0673615932464600
0.0241587813943624
-0.0074698086827993
-0.0672700107097626
-0.0680228024721146
-0.0533505640923977
0.0439083985984325
0.0457378961145878
-0.0744979158043861
0.0957547575235367
0.0348189398646355
0.0634256526827812
0.0519611537456512
-0.1026669517159462
-0.0179288834333420
0.0463017933070660
0.0344767794013023
-0.0653073415160179
0.0713154822587967
0.0338846221566200
0.0190571360290051
0.0853941291570663
0.0921467840671539
0.0526128672063351
0.0428072735667229
0.1490755975246429
-0.0285988245159388
-0.0094312662258744
-0.0042228600941598
-0.0282661244273186
0.0133610293269157
0.1029316484928131
-0.0222845710813999
0.0757456868886948
-0.0037385332398117
-0.0724395662546158
0.0419035814702511
0.0692603886127472
0.0313440747559071
-0.0818532407283783
0.0503902398049831
0.0824697092175484
-0.0925924256443977
0.0563353225588799
-0.0358267873525620
-0.0545326061546803
0.0190517921000719
0.0931123867630959
0.0174170229583979
0.0799847990274429
-0.0051475274376571
-0.0316390879452229
-0.0796093568205833
0.0299051180481911
-0.0593586936593056
0.0183727722615004
0.0321834310889244
0.1159678250551224
-0.0219327546656132
0.0279637910425663
-0.0035481420345604
0.0340134352445602
0.0507413074374199
0.0592270679771900
-0.0080395648255944
-0.0885542482137680
0.0546109341084957
-0.0146111426874995
-0.0640973821282387
-0.0941051244735718
0.0103448629379272
0.0147667592391372
-0.0181281659752131
0.1215400323271751
-0.0887242332100868
0.0579795651137829
0.0750837624073029
-0.0343948155641556
0.0492173098027706
0.0128854969516397
-0.0339116863906384
-0.0756778419017792
-0.0360093452036381
0.0654956772923470
-0.0144490851089358
0.1188319325447083
0.0069794356822968
-0.1034372299909592
0.0306771900504827
-0.0871339365839958
-0.0252716206014156
0.0560442358255386
0.0366446077823639
-0.0675792470574379
-0.0622380599379539
-0.0393402390182018
-0.0964444056153297
0.0590464137494564
0.0751909986138344
-0.0061508850194514
0.0770814940333366
0.0300364326685667
0.0448983348906040
-0.0311866160482168
0.0541499108076096
0.0192452929913998
-0.0546692796051502
-0.0675074532628059
0.0563880242407322
0.0339987017214298
0.0720068812370300
0.0481687262654305
-0.0240449979901314
-0.0901208072900772
-0.0777411162853241
0.0369547978043556
-0.1010118573904037
-0.0241554286330938
0.1606800109148026
0.1084056273102760
0.0870863273739815
0.0694095194339752
0.0105159794911742
0.0344263315200806
-0.0929801017045975
-0.0803806558251381
0.0392790399491787
-0.0849034413695335
0.0949173197150230
-0.0030501210130751
0.0170897319912910
-0.0727916806936264
0.0504815727472305
-0.0079762609675527
-0.1323158293962479
0.0493432953953743
-0.0308153182268143
0.0358406528830528
0.0592579692602158
0.0729017704725266
-0.1022514998912811
-0.0377913676202297
0.0292396880686283
0.0596541315317154
0.1108312532305717
-0.0507227368652821
0.1014954596757889
-0.0859823673963547
-0.0161902736872435
0.0350138507783413
-0.0255190953612328
0.0630201548337936
-0.1051619127392769
0.0551328621804714
0.0236006267368793
0.0458441004157066
0.0620340704917908
-0.0881301313638687
0.0523761138319969
-0.0530751682817936
-0.1226754635572433
-0.0134113989770412
0.0345268957316875
-0.0763213410973549
-0.0078695872798562
-0.0125881060957909
0.0210505817085505
-0.0391323566436768
-0.1049982830882072
-0.0700193345546722
0.0699102431535721
0.0882319733500481
0.0782144442200661
-0.0187181327491999
0.0904995501041412
-0.0205952711403370
-0.0203914307057858
0.0982316806912422
-0.0355201959609985
0.0403438769280910
-0.0669702365994453
0.0387404076755047
-0.0750807523727417
-0.0222910642623901
-0.0377274081110954
0.1196170821785927
0.0615207143127918
-0.0250282622873783
0.0092068463563919
0.0474857687950134
0.0256355032324791
-0.0005136991385370
-0.0876098349690437
0.0259327143430710
-0.0722602009773254
0.0777580365538597
-0.0250673722475767
-0.0947630628943443
0.0357900895178318
0.0506915599107742
0.0748968198895454
-0.0405962131917477
0.0166321098804474
-0.0039106346666813
-0.0099071962758899
0.0041205701418221
0.0994496047496796
-0.0293682478368282
0.0945091769099236
-0.0699205249547958
-0.0756458118557930
0.0056215240620077
0.0113035272806883
0.1014124453067780
0.0458463989198208
0.0368966460227966
-0.0225247871130705
-0.0538293570280075
0.0663942918181419
0.0504845343530178
0.0376770496368408
0.0382915996015072
0.0099958470091224
-0.0993819087743759
0.0244386214762926
0.0103622945025563
-0.0965114384889603
-0.0594313107430935
-0.0908997729420662
-0.0556211918592453
-0.0067347194999456
0.1120624840259552
0.0820811018347740
0.0431104898452759
0.0732536092400551
-0.0881460756063461
-0.1161144152283669
-0.0837623178958893
0.0270427428185940
-0.1049810498952866
0.0417849533259869
-0.0191785283386707
-0.0980406180024147
0.0446316152811050
-0.0803562328219414
-0.0703664571046829
-0.0139536969363689
-0.1315370351076126
-0.1405792981386185
0.0257731433957815
-0.1455036103725433
0.0200709346681833
0.1178005412220955
0.0270801801234484
0.1346527189016342
-0.0829014033079147
0.1050036773085594
0.0759855955839157
0.1379937380552292
-0.0120246615260839
-0.0841188654303551
-0.3200507760047913
-0.0338788703083992
0.0639367178082466
-0.2382298856973648
-0.0886937528848648
-0.0535341575741768
0.0275180265307426
-0.0138183534145355
0.0619038492441177
-0.0615192092955112
-0.2278110235929489
-0.1236535757780075
0.0360905975103378
-0.0909847766160965
-0.1160717681050301
-0.0900311842560768
-0.0730993226170540
-0.2051390558481216
-0.2224165648221970
-0.0672193542122841
0.1103605628013611
0.0012256031623110
-0.0228606648743153
-0.1292568594217300
-0.0668534189462662
-0.0943078026175499
0.0918206796050072
-0.0841107517480850
-0.1337375938892365
0.0593471005558968
0.2306026965379715
-0.2396371215581894
-0.0931930840015411
0.0359717719256878
-0.0121591985225677
0.0501754246652126
0.0137719679623842
-0.1100940406322479
0.0512140095233917
-0.2600028514862061
0.1711346507072449
0.0854483619332314
-0.1475672423839569
0.1229760125279427
-0.0242457780987024
0.3130294084548950
-0.0776284188032150
-0.0763896927237511
-0.0375547893345356
0.0018895057728514
-0.0256863981485367
0.0857125073671341
-0.0181465465575457
0.0287140067666769
0.0026367586106062
0.0167820379137993
0.0761376991868019
-0.0774842128157616
0.0149192949756980
-0.0400394946336746
-0.0053599593229592
0.0682224929332733
0.0179003570228815
0.0199949257075787
-0.0387992449104786
-0.0482750348746777
-0.0249209236353636
-0.0160478986799717
0.0433831661939621
0.0018495792755857
0.0032791623380035
-0.0023387221153826
-0.0254530478268862
0.0075237061828375
0.0340287946164608
-0.0348530374467373
0.0395036712288857
-0.0297211278229952
0.0592105649411678
-0.0152495084330440
-0.0634545534849167
0.0753457769751549
-0.0430648326873779
-0.0000905898923520
-0.0414306782186031
-0.0482953265309334
-0.0690748021006584
0.0051708011887968
0.0768199786543846
-0.0497586466372013
-0.0174203012138605
0.0257191229611635
0.0257034990936518
0.0882306471467018
-0.0960282087326050
0.0575399510562420
-0.1000408008694649
0.0332858301699162
0.0193308014422655
0.0302683711051941
0.0828805416822433
-0.0392239950597286
0.0622601211071014
0.0023918305523694
0.0043792044743896
-0.0260059125721455
-0.0353978835046291
0.0230669062584639
-0.0293653644621372
0.0514144860208035
-0.1024571582674980
-0.0099084423854947
0.0000004899580972
-0.0020665891934186
0.0800043344497681
-0.0812198966741562
0.0672284066677094
0.0158533770591021
0.0397799201309681
-0.0754990801215172
-0.0109797250479460
-0.0497671701014042
0.0263979174196720
-0.0128369778394699
0.0380362123250961
-0.0037350223865360
-0.0272130332887173
-0.0457982867956161
-0.0275695733726025
-0.0320869870483875
0.0495810993015766
-0.0290457475930452
-0.0565742552280426
0.0011048878077418
-0.0768554508686066
0.0259965993463993
0.0418474860489368
-0.0106235193088651
0.0342572107911110
0.0919411256909370
0.0574043430387974
-0.0629990324378014
0.0290890596807003
-0.0356016419827938
-0.0188475009053946
-0.0560632124543190
-0.0274199061095715
-0.0823236480355263
0.0804190561175346
-0.0749387666583061
-0.0115121509879827
-0.0048606907948852
0.0256301183253527
0.0504670217633247
-0.0496259778738022
0.0272936131805182
0.0129523091018200
-0.0097619490697980
-0.0478354617953300
-0.0166486371308565
-0.0528468005359173
-0.0017415528418496
0.0264285281300545
-0.0089243575930595
0.0544237792491913
0.0297016762197018
-0.0511956028640270
0.0101081542670727
-0.0794402807950974
0.0659485012292862
0.0372459515929222
0.0738242194056511
0.0128511823713779
0.0721691399812698
-0.0555638410151005
-0.0364424064755440
-0.0821846872568130
0.0549972392618656
-0.0092855449765921
0.0712737888097763
0.0288456715643406
0.0234152283519506
-0.0541583411395550
-0.0425191558897495
0.0062712333165109
-0.0263490825891495
-0.0498204752802849
-0.0606024302542210
-0.0327210836112499
0.0009003118611872
0.0184545274823904
0.0309229213744402
0.0570649243891239
-0.0551995150744915
-0.0236980207264423
0.0171602368354797
0.0961035266518593
-0.0274076424539089
-0.0421786867082119
-0.0308758895844221
0.0047238999977708
-0.0190129410475492
0.0000659084034851
0.0412539020180702
-0.0687887445092201
0.0630279332399368
-0.0245130825787783
-0.0103763490915298
-0.0468854382634163
-0.0307528972625732
-0.0733484551310539
0.0439095459878445
-0.0031247953884304
-0.0194997433573008
0.0352132245898247
-0.0195639207959175
0.0113183287903666
0.1062110289931297
0.0536402501165867
0.0217336751520634
-0.0114156249910593
0.0352451577782631
0.0253297723829746
-0.0108061879873276
-0.0391329713165760
0.0012400686973706
0.0332863479852676
-0.0331085361540318
0.0738296508789062
-0.0442630685865879
-0.0524271577596664
0.0071469158865511
-0.0197318401187658
-0.0330872386693954
0.0086435498669744
0.0474831163883209
-0.0144232064485550
0.0331605933606625
-0.0479566343128681
-0.0020015889313072
-0.0024522615130991
-0.0242498219013214
0.0729711428284645
0.0763915404677391
0.0281221158802509
-0.0203050952404737
-0.0368967130780220
0.0298774167895317
-0.0393585078418255
0.0381822772324085
0.0719482302665710
-0.0549353882670403
-0.0186537094414234
-0.0097353551536798
-0.0961534455418587
-0.0341555625200272
-0.0370673276484013
-0.0512342527508736
-0.0337331779301167
0.0075973249040544
0.0393867343664169
-0.0384516604244709
0.0086907260119915
-0.0317879132926464
0.0556756891310215
-0.0020769294351339
0.0039195329882205
0.0538865774869919
0.0065624113194644
-0.0060294549912214
-0.0558965466916561
0.0269182287156582
-0.0118640977889299
0.0074046235531569
0.0059076840989292
-0.0181607920676470
-0.0207686629146338
0.0254382397979498
0.0015162336640060
0.0612076558172703
-0.0147113045677543
0.0008030576864257
0.0579767301678658
-0.0574583150446415
-0.0708453133702278
-0.0868553221225739
-0.0491402335464954
-0.0565157793462276
-0.0304446574300528
-0.0248849317431450
0.0107577079907060
-0.0211275257170200
0.0670103356242180
-0.0359254889190197
-0.0396458543837070
-0.0170585680752993
-0.0261731650680304
-0.0303474795073271
-0.0033507402986288
0.0033822816330940
0.0585810281336308
0.0700138956308365
0.0253803078085184
0.0137906474992633
-0.0117866154760122
-0.0268110465258360
-0.0524647869169712
-0.0037294558715075
-0.0055242800153792
-0.0435188822448254
-0.0343403369188309
-0.0044503491371870
-0.0304992832243443
0.0601501762866974
-0.0186619255691767
-0.0001860921911430
0.0059262737631798
0.0749533176422119
-0.0048960619606078
-0.0252784974873066
-0.0144561566412449
-0.0636431127786636
0.0412200242280960
0.0282378867268562
-0.0598872825503349
-0.0383237935602665
0.0316731072962284
0.0226347912102938
0.0257927272468805
0.0341197028756142
-0.0614627711474895
-0.0283140391111374
0.0009149202378467
-0.0041176695376635
0.0617613829672337
0.0156079232692719
-0.0248346868902445
0.0264560040086508
0.0592755936086178
0.0470691025257111
-0.0109463529661298
-0.0139277512207627
-0.0041384994983673
-0.0089108739048243
0.0541094541549683
-0.0532657951116562
0.0245055090636015
-0.0490589514374733
-0.0478473976254463
-0.0747878998517990
-0.0213308278471231
-0.0707893297076225
0.0676639825105667
0.0081990621984005
-0.0184492319822311
-0.0123041560873389
-0.0589614361524582
-0.0080167772248387
0.0234605334699154
-0.0248684864491224
0.0571063347160816
-0.0608583167195320
0.0777227878570557
-0.0252169799059629
-0.0766247883439064
-0.0296764560043812
-0.0057933120988309
0.0530714727938175
-0.0553830079734325
0.0303977057337761
0.0254348069429398
-0.0126752834767103
0.0071123708039522
-0.0617380738258362
-0.0684142261743546
-0.0371861048042774
0.0291322879493237
-0.0327784679830074
0.0150806214660406
-0.0401022732257843
-0.0848862826824188
-0.0462636724114418
-0.0234949234873056
-0.0238668322563171
-0.0581185296177864
-0.0391102731227875
0.0225517898797989
0.0301465298980474
-0.0038349274545908
0.0367609970271587
-0.0078848889097571
0.0022553049493581
0.1344781070947647
0.0652513056993484
-0.0123178362846375
-0.0601258128881454
0.0144738610833883
-0.0295856911689043
0.0609079226851463
0.0185333490371704
-0.0172951072454453
0.0597014650702477
-0.0418878011405468
0.0255203638225794
0.0219301767647266
-0.0166443064808846
0.0041315630078316
0.0462808497250080
0.0537909902632236
0.0137591650709510
-0.0377865545451641
0.0757876411080360
-0.0089443242177367
-0.0953614190220833
-0.0393373407423496
0.0508853979408741
-0.0388941615819931
-0.0143682863563299
0.0125167760998011
-0.0276330187916756
-0.0442655943334103
0.0279198084026575
-0.0169159937649965
-0.0110639799386263
0.0870151370763779
-0.0135963624343276
-0.0178462974727154
0.0018895681714639
0.0278388038277626
-0.0451819412410259
-0.0330269709229469
0.0185427702963352
-0.0781079307198524
0.0473411530256271
0.0269432030618191
0.0506034046411514
0.0220363717526197
0.0369891636073589
-0.0363373532891273
-0.0385537222027779
-0.0467725731432438
0.0195791069418192
-0.0242494624108076
0.0074622370302677
0.0613064393401146
0.0039868270978332
-0.0208829250186682
-0.0421551354229450
0.0371023640036583
0.0611026734113693
-0.0268404092639685
-0.0281494986265898
0.0691060498356819
0.1302473843097687
0.0951186493039131
-0.0481788627803326
0.0937472358345985
-0.0278120767325163
-0.0575251206755638
0.0205548480153084
0.0231521110981703
0.0084654763340950
-0.0496100932359695
-0.0295133758336306
-0.0032430735882372
0.0967800691723824
0.0692597925662994
-0.0385199151933193
0.0192860160022974
0.0421885102987289
0.0315962396562099
0.0236180927604437
-0.0752315819263458
-0.0100152948871255
-0.0083005670458078
-0.0035390488337725
-0.0333168059587479
0.0408814735710621
0.0176916383206844
-0.0048249852843583
0.0346565544605255
-0.0389260426163673
0.0044752736575902
0.0720690712332726
0.0059407860971987
-0.0394817553460598
0.0585603788495064
-0.0496783554553986
-0.0562391281127930
0.0506434105336666
0.0961736291646957
-0.0415177829563618
-0.0558978877961636
-0.0029683599714190
0.0241476111114025
0.0694060847163200
-0.0581282824277878
0.0165847595781088
0.0081017352640629
-0.0293764509260654
0.0229277852922678
0.0101983007043600
-0.0074383676983416
0.0130115989595652
0.0661897510290146
-0.0169248189777136
0.0824686661362648
-0.0243343897163868
-0.0419038161635399
0.0162035264074802
0.0306071676313877
-0.0429199449717999
0.0665612593293190
-0.0911881029605865
-0.0459123924374580
-0.0084979925304651
-0.0268128458410501
0.0420470461249352
0.0429823994636536
0.0540923327207565
0.0132905133068562
0.0454447343945503
-0.0504978820681572
-0.0508332848548889
0.0410894826054573
0.0572812519967556
0.0103436792269349
-0.0592369474470615
0.0072442987002432
0.0221494603902102
-0.0484287105500698
-0.0880734547972679
0.0605218484997749
0.0363406911492348
0.0055586760863662
0.0716939792037010
0.0643115341663361
-0.0191727131605148
0.0328814722597599
-0.0452666170895100
-0.0451005250215530
-0.0532288774847984
-0.0444880835711956
-0.0051889894530177
0.0991591587662697
-0.0507246926426888
0.0255084056407213
0.0563267208635807
-0.0417818613350391
0.0313615277409554
-0.0583448521792889
-0.0268003214150667
0.0243655499070883
0.0025585815310478
0.0490127429366112
-0.0189052689820528
-0.0105934673920274
-0.0144648645073175
-0.0483276173472404
-0.0651573240756989
