0.0544299073517323
0.0393872223794460
0.0185793451964855
0.0628849938511848
-0.0873608216643333
-0.0206001363694668
0.0133472494781017
-0.0017286415677518
0.0914310142397881
0.0678462684154510
-0.0337623544037342
0.0758103877305984
0.0455798953771591
0.0156949851661921
-0.0679400116205215
-0.0833104252815247
-0.0875428244471550
0.0173354651778936
0.0524235069751740
-0.0840487554669380
0.0616502463817596
0.0323383733630180
0.0382775925099850
0.0277104452252388
-0.0971615314483643
-0.0160618312656879
0.0487605296075344
0.0410420708358288
-0.0805394649505615
0.0751415044069290
0.0123275015503168
0.0194502137601376
0.1046349629759789
0.0739121437072754
0.0618382692337036
0.0573251470923424
0.1468622535467148
-0.0128147844225168
0.0082020638510585
-0.0120216822251678
-0.0282325986772776
0.0136129008606076
0.1043996885418892
-0.0224410686641932
0.0910821855068207
0.0212490782141685
-0.0590305440127850
0.0426328144967556
0.0735890865325928
0.0088776350021362
-0.0932391807436943
0.0595140345394611
0.0960850417613983
-0.0685663968324661
0.0157132316380739
-0.0523598156869411
-0.0653902739286423
0.0248703658580780
0.0884353369474411
0.0245463419705629
0.0786304101347923
-0.0196689143776894
-0.0220534782856703
-0.0848214402794838
0.0025643734261394
-0.0587254129350185
0.0203913506120443
0.0411590747535229
0.1274643987417221
-0.0032550450414419
0.0299905091524124
-0.0213409624993801
0.0502580367028713
0.0355674214661121
0.0318509042263031
-0.0219354927539825
-0.0840888097882271
0.0505783967673779
0.0031941754277796
-0.0404379926621914
-0.1103373467922211
0.0486135892570019
0.0368653386831284
-0.0516187623143196
0.1319779008626938
-0.0717504471540451
0.0534032694995403
0.0782748833298683
-0.0362586192786694
0.0539299175143242
0.0184154529124498
-0.0441683046519756
-0.0906795710325241
-0.0233910940587521
0.0676915720105171
-0.0035211232025176
0.1006114482879639
-0.0163173377513885
-0.0838583409786224
0.0461179278790951
-0.0606225430965424
-0.0300260502845049
0.0472829230129719
0.0128104072064161
-0.0744334980845451
-0.0523030161857605
-0.0585144050419331
-0.0706520527601242
0.0609717220067978
0.0706164687871933
0.0244724750518799
0.0873453691601753
0.0548325292766094
0.0388777852058411
-0.0507826544344425
0.0446828640997410
0.0304827038198709
-0.0548346340656281
-0.0815250799059868
0.0743826925754547
0.0018131907563657
0.0885020941495895
0.0606391876935959
-0.0314812324941158
-0.0779523402452469
-0.0809452459216118
0.0587205030024052
-0.1008058637380600
0.0087617533281446
0.1566652208566666
0.0913363248109818
0.1151336133480072
0.0580968633294106
0.0283512789756060
0.0538505613803864
-0.1008000820875168
-0.0582881271839142
0.0178067404776812
-0.0673245415091515
0.1083317622542381
0.0212917365133762
0.0288082137703896
-0.0507112629711628
0.0581122115254402
-0.0117139387875795
-0.1173372939229012
0.0519327037036419
-0.0076874322257936
0.0305211171507835
0.0727147907018661
0.0722409337759018
-0.0836650952696800
-0.0464438796043396
0.0387540310621262
0.0875911340117455
0.1161192581057549
-0.0541485585272312
0.0774579867720604
-0.0989265441894531
-0.0163177624344826
0.0404962562024593
-0.0223013274371624
0.0501114502549171
-0.0857728198170662
0.0411937087774277
0.0138356443494558
0.0464185588061810
0.0851781368255615
-0.0621706023812294
0.0577369928359985
-0.0683263391256332
-0.1343102157115936
-0.0060805180110037
0.0519796870648861
-0.0773990526795387
-0.0142150288447738
-0.0298285670578480
0.0432497337460518
-0.0304959528148174
-0.1070577502250671
-0.0648237913846970
0.0808932110667229
0.0834292620420456
0.1096832454204559
0.0031060287728906
0.0648120641708374
-0.0170144960284233
-0.0321597866714001
0.0891150385141373
-0.0065771974623203
0.0128209553658962
-0.0771924629807472
0.0129391178488731
-0.0669959187507629
-0.0268734171986580
-0.0674497485160828
0.1060085147619247
0.0780172422528267
-0.0244617071002722
-0.0084887174889445
0.0328496620059013
0.0457675606012344
-0.0025899705942720
-0.0913672894239426
0.0326053723692894
-0.0529803931713104
0.0851781070232391
-0.0288947280496359
-0.0911329314112663
0.0273690931499004
0.0611671693623066
0.0678249448537827
-0.0531691685318947
0.0117005892097950
-0.0081829000264406
-0.0119825014844537
-0.0014196991687641
0.0848727673292160
-0.0277724005281925
0.0963125675916672
-0.0719232857227325
-0.0894988477230072
0.0194262918084860
-0.0088601382449269
0.0697884634137154
0.0212448723614216
0.0097034806385636
-0.0155602181330323
-0.0489192493259907
0.0322223231196404
0.0421102941036224
0.0551548786461353
0.0462714768946171
0.0180451944470406
-0.0996014624834061
0.0158411599695683
0.0238668881356716
-0.0984294638037682
-0.0698954164981842
-0.0894828215241432
-0.0312339086085558
-0.0034587774425745
0.0946950837969780
0.0862832069396973
0.0566399097442627
0.0654698908329010
-0.0879991054534912
-0.1235122308135033
-0.0755427777767181
0.0378013104200363
-0.1030156165361404
0.0328252166509628
-0.0207958742976189
-0.0913624241948128
0.0238095577806234
-0.0715573355555534
-0.0967809036374092
-0.0377702638506889
-0.0651854053139687
-0.0824777632951736
0.0305491816252470
-0.1287136375904083
0.0214286241680384
0.0268747266381979
0.0412661507725716
0.0859661549329758
-0.1045976057648659
0.1305282413959503
-0.0033767553977668
0.0782602280378342
0.0715905427932739
0.0292934812605381
-0.2446914166212082
-0.0570135153830051
0.0269041098654270
-0.2603148519992828
-0.1150739192962646
-0.0391113311052322
0.0948263108730316
-0.0363802276551723
0.0788201838731766
-0.1437150090932846
-0.2201633751392365
-0.1502225548028946
0.0912123546004295
-0.0835315659642220
-0.0615422539412975
-0.0878721997141838
0.0050577078945935
-0.1077251657843590
-0.1488988250494003
-0.0855876579880714
0.1695173233747482
0.0201143156737089
-0.0406667292118073
-0.2070151120424271
-0.1734078973531723
-0.0635712593793869
0.0042036897502840
-0.1497122794389725
-0.1358247846364975
0.1549917906522751
0.3067280054092407
-0.1958949863910675
0.0244058873504400
0.1585166752338409
-0.0664801299571991
0.1077366694808006
0.0699188485741615
-0.1989749670028687
0.0158050227910280
-0.2537135779857635
0.0886266604065895
0.0629588589072227
-0.1381404399871826
0.0722933560609818
0.0380461663007736
0.2831752598285675
-0.0178195368498564
-0.1170203834772110
-0.0351962931454182
-0.0019742264412344
-0.0294711142778397
0.0821761637926102
-0.0221915692090988
0.0303532108664513
-0.0036234473809600
0.0140444040298462
0.0624544657766819
-0.0817485675215721
0.0010271762730554
-0.0434545204043388
-0.0307224448770285
0.0561114586889744
0.0221497491002083
0.0007192142657004
-0.0266442988067865
-0.0671127513051033
-0.0006409632042050
-0.0058435793034732
0.0308089498430490
-0.0023973025381565
0.0016532592708245
0.0023612636141479
-0.0183793790638447
0.0042087314650416
0.0361124649643898
-0.0342657715082169
0.0263296570628881
-0.0320121198892593
0.0491940043866634
-0.0221480987966061
-0.0496686138212681
0.0727763101458549
-0.0490529462695122
-0.0230725966393948
-0.0307020321488380
-0.0398878678679466
-0.0683571696281433
-0.0003135683655273
0.0637611970305443
-0.0388025864958763
-0.0334160067141056
0.0204097814857960
0.0259179472923279
0.0831193774938583
-0.1043742522597313
0.0523344315588474
-0.0961423590779305
0.0276355594396591
0.0324284881353378
0.0560581311583519
0.0738301426172256
-0.0472040213644505
0.0613739788532257
-0.0061741750687361
0.0214205384254456
-0.0176537055522203
-0.0514931045472622
0.0367402732372284
-0.0194309353828430
0.0461221225559711
-0.0964016020298004
-0.0006802916177548
-0.0130272889509797
-0.0144487265497446
0.0718317627906799
-0.0776749029755592
0.0639090910553932
0.0213100332766771
0.0522122345864773
-0.0750791504979134
-0.0000230313798966
-0.0658124014735222
0.0253048669546843
0.0028851905371994
0.0244018714874983
0.0028516878373921
-0.0307473000138998
-0.0497502349317074
-0.0174075420945883
-0.0307944845408201
0.0208469927310944
-0.0122170308604836
-0.0800818502902985
0.0006359483813867
-0.0671626403927803
0.0289108436554670
0.0243770536035299
-0.0076111550442874
0.0463496893644333
0.0832709074020386
0.0619999393820763
-0.0433962419629097
0.0249321796000004
-0.0273251887410879
-0.0114106973633170
-0.0750819221138954
-0.0306558478623629
-0.0697484910488129
0.0774424672126770
-0.0858597755432129
-0.0062193446792662
0.0095316115766764
0.0267981756478548
0.0612808354198933
-0.0443003959953785
0.0109220165759325
0.0002236137079308
0.0080748237669468
-0.0615072958171368
-0.0117724202573299
-0.0541522875428200
-0.0117560708895326
0.0378274619579315
-0.0044777533039451
0.0606032051146030
0.0296942647546530
-0.0369544327259064
0.0138439489528537
-0.0724306553602219
0.0547668710350990
0.0337393023073673
0.0687943324446678
0.0147582795470953
0.0648908093571663
-0.0540981739759445
-0.0160294696688652
-0.0807076916098595
0.0618757568299770
0.0150943398475647
0.0554426312446594
0.0319133065640926
0.0326585099101067
-0.0682978183031082
-0.0435002148151398
0.0090530058369040
-0.0481738448143005
-0.0660618618130684
-0.0601111538708210
-0.0291816964745522
0.0218404568731785
0.0232852548360825
0.0379418805241585
0.0601437799632549
-0.0512416064739227
-0.0232379734516144
0.0216790325939655
0.1009010076522827
-0.0267349034547806
-0.0518530458211899
-0.0369889587163925
0.0009999333415180
-0.0153067754581571
-0.0009058859432116
0.0390965975821018
-0.0733162760734558
0.0739122703671455
-0.0108918342739344
-0.0141841322183609
-0.0417418293654919
-0.0369833260774612
-0.0573896169662476
0.0479778237640858
0.0016100803622976
-0.0159496236592531
0.0424732640385628
-0.0164959039539099
0.0092950165271759
0.1045890599489212
0.0544577687978745
0.0266875941306353
-0.0207608100026846
0.0437966771423817
0.0164011977612972
-0.0086991442367435
-0.0321438871324062
0.0059668719768524
0.0380198396742344
-0.0251795370131731
0.0713800117373466
-0.0524048842489719
-0.0462344810366631
0.0265691168606281
-0.0210107173770666
-0.0227465145289898
-0.0123598258942366
0.0390547215938568
-0.0106721781194210
0.0252632051706314
-0.0358613915741444
-0.0028798009734601
0.0028228014707565
-0.0439423918724060
0.0630684643983841
0.0639270544052124
0.0230885948985815
-0.0288533922284842
-0.0297972448170185
0.0480804592370987
-0.0345893055200577
0.0190476477146149
0.0756633952260017
-0.0652542263269424
-0.0177835673093796
0.0063588670454919
-0.1013800725340843
-0.0217607934027910
-0.0362827852368355
-0.0497656650841236
-0.0311036612838507
-0.0128032527863979
0.0365579612553120
-0.0363408103585243
0.0433961227536201
-0.0378109551966190
0.0495954267680645
-0.0165848936885595
0.0022617538925260
0.0589033439755440
-0.0009641555952840
0.0003676027990878
-0.0679869875311852
0.0443574190139771
-0.0097837354987860
0.0215580165386200
-0.0101059898734093
-0.0225665867328644
-0.0259112771600485
0.0081376200541854
0.0067985774949193
0.0692007318139076
-0.0090056974440813
-0.0088174641132355
0.0514399074018002
-0.0590819194912910
-0.0515863299369812
-0.0840306952595711
-0.0484371855854988
-0.0410070307552814
-0.0389865189790726
-0.0077615058980882
0.0239623431116343
-0.0257860235869884
0.0619651228189468
-0.0219833236187696
-0.0230213161557913
-0.0149920489639044
-0.0416334755718708
-0.0298466347157955
-0.0074374987743795
-0.0143566811457276
0.0407317690551281
0.0759114846587181
0.0278377886861563
-0.0024301561061293
-0.0181182045489550
-0.0230129268020391
-0.0472144819796085
-0.0000717440270819
0.0154315931722522
-0.0366280600428581
-0.0427262708544731
-0.0029157430399209
-0.0208501424640417
0.0512642636895180
-0.0245684273540974
-0.0139309586957097
0.0027085437905043
0.0615277290344238
0.0085357120260596
-0.0290738139301538
-0.0292960889637470
-0.0758686363697052
0.0481652431190014
0.0477956421673298
-0.0562820769846439
-0.0285618342459202
0.0213230047374964
0.0155208222568035
0.0146327121183276
0.0226900260895491
-0.0324932001531124
-0.0355374887585640
0.0065520945936441
-0.0032783162314445
0.0436051376163960
0.0093183424323797
-0.0323766693472862
0.0299279037863016
0.0399167351424694
0.0537769049406052
-0.0253634434193373
0.0008288454846479
-0.0020657575223595
0.0039870273321867
0.0568034052848816
-0.0361205488443375
0.0330206379294395
-0.0500381886959076
-0.0413462370634079
-0.0763682499527931
-0.0333708189427853
-0.0761646404862404
0.0585995502769947
0.0179753564298153
-0.0021477006375790
-0.0228165052831173
-0.0529090911149979
0.0038704825565219
-0.0010326384799555
-0.0399491526186466
0.0569175742566586
-0.0528656542301178
0.0762457549571991
-0.0245814360678196
-0.0865289345383644
-0.0442529320716858
-0.0014305770164356
0.0622554160654545
-0.0587618052959442
0.0452922247350216
0.0291223358362913
-0.0167852677404881
0.0187148898839951
-0.0618693567812443
-0.0553552545607090
-0.0225072465837002
0.0225871521979570
-0.0197321847081184
-0.0147923929616809
-0.0326932519674301
-0.0755923688411713
-0.0616478547453880
-0.0105907088145614
-0.0247500333935022
-0.0653300881385803
-0.0424876138567924
-0.0017692919354886
0.0332258604466915
0.0087781148031354
0.0246682148426771
-0.0087550571188331
0.0077538932673633
0.1251010149717331
0.0717731863260269
-0.0274955276399851
-0.0627775490283966
0.0146644962951541
-0.0299679581075907
0.0593657158315182
0.0072525809518993
-0.0238786544650793
0.0750140249729156
-0.0499558262526989
0.0369071103632450
0.0328557416796684
-0.0143850361928344
0.0198951866477728
0.0425219051539898
0.0642463713884354
0.0119962412863970
-0.0485114678740501
0.0845767930150032
0.0047723222523928
-0.1132076084613800
-0.0449015088379383
0.0573275648057461
-0.0587101057171822
-0.0067096510902047
-0.0016543081728742
-0.0095202177762985
-0.0236231964081526
0.0291831269860268
-0.0168233625590801
-0.0221669226884842
0.0927196592092514
-0.0285555310547352
-0.0110201947391033
-0.0036698556505144
0.0304717291146517
-0.0254356488585472
-0.0250847376883030
0.0175254754722118
-0.0690197199583054
0.0576913990080357
0.0292663332074881
0.0452608056366444
0.0211318824440241
0.0256062652915716
-0.0198135115206242
-0.0553679838776588
-0.0463822446763515
0.0138958310708404
-0.0298113897442818
0.0049399877898395
0.0579227246344090
0.0091535737738013
-0.0292549040168524
-0.0495227836072445
0.0218706894665956
0.0642362534999847
-0.0218690410256386
-0.0111636603251100
0.0624367594718933
0.1210684254765511
0.1011870577931404
-0.0334756895899773
0.0889015570282936
-0.0141804274171591
-0.0599702410399914
0.0256133396178484
0.0150451036170125
0.0225099567323923
-0.0531591884791851
-0.0298540741205215
0.0039317277260125
0.0833513960242271
0.0697916001081467
-0.0456992685794830
0.0192662701010704
0.0451472848653793
0.0087775392457843
0.0288104675710201
-0.0648811161518097
-0.0122632589191198
0.0018983798800036
-0.0119831366464496
-0.0347983986139297
0.0378381907939911
0.0169812124222517
-0.0095679555088282
0.0382389351725578
-0.0295501891523600
-0.0019581418018788
0.0583104901015759
-0.0061020739376545
-0.0468067899346352
0.0709233060479164
-0.0663956403732300
-0.0634998008608818
0.0465354509651661
0.0999390780925751
-0.0368647910654545
-0.0793592929840088
0.0011333471629769
0.0200818162411451
0.0486285649240017
-0.0616844668984413
0.0185315571725368
0.0187446661293507
-0.0344264730811119
0.0312741845846176
0.0173377394676208
-0.0125875324010849
0.0282745826989412
0.0787786319851875
-0.0365489274263382
0.0527613349258900
-0.0016031092964113
-0.0544612966477871
0.0106210829690099
0.0181157886981964
-0.0417643561959267
0.0791742056608200
-0.0975827351212502
-0.0497482679784298
-0.0001272884110222
-0.0126865915954113
0.0503254123032093
0.0455870404839516
0.0459176227450371
0.0306920744478703
0.0444136634469032
-0.0596450045704842
-0.0532443635165691
0.0343383923172951
0.0276934057474136
0.0067021073773503
-0.0557281598448753
0.0152436597272754
0.0094817392528057
-0.0599949359893799
-0.0931794121861458
0.0510335266590118
0.0375235602259636
0.0080016208812594
0.0702554136514664
0.0474106259644032
-0.0178387872874737
0.0401644594967365
-0.0300835669040680
-0.0387977659702301
-0.0544687770307064
-0.0653041750192642
0.0056227268651128
0.0994400307536125
-0.0439817123115063
0.0295698642730713
0.0456295609474182
-0.0415684953331947
0.0490530058741570
-0.0872005298733711
-0.0366760157048702
0.0378777757287025
0.0053447391837835
0.0441442541778088
-0.0266732051968575
-0.0186198633164167
-0.0203787833452225
-0.0631166473031044
-0.0612178444862366
