0.0909386649727821
0.0341920666396618
0.0052478145807981
0.0743998587131500
-0.0405588112771511
-0.0173620656132698
-0.0169515814632177
-0.0523109100759029
0.0883295908570290
0.1165383160114288
-0.0282061584293842
0.0595776364207268
0.0194618161767721
0.0437242425978184
-0.0933557748794556
-0.1117053553462029
-0.0947133079171181
-0.0154444845393300
0.0337469093501568
-0.1018122732639313
0.0439996197819710
0.0245827361941338
-0.0012108962982893
-0.0013326703337952
-0.1068417727947235
-0.0099651655182242
0.0277412459254265
0.0353089161217213
-0.0745147764682770
0.0997593030333519
-0.0046321363188326
-0.0306983459740877
0.0993434935808182
0.0701318532228470
0.0208636838942766
0.0487812943756580
0.1162456646561623
0.0297363866120577
-0.0005260272300802
-0.0387020334601402
-0.0163818951696157
0.0483715161681175
0.0711348950862885
0.0338516794145107
0.0997540131211281
0.0081161251291633
-0.0645094513893127
0.0090791294351220
0.0852079465985298
0.0270888525992632
-0.0993434637784958
0.0634136050939560
0.0918283611536026
-0.0654890611767769
-0.0239366888999939
-0.0377372540533543
-0.0659989267587662
0.0452350899577141
0.0868015587329865
0.0445453301072121
0.0984530374407768
0.0352366119623184
0.0032897326163948
-0.0588452778756618
-0.0016579364892095
-0.0151239577680826
0.0249103885143995
0.0616050884127617
0.1551672816276550
-0.0298020523041487
0.0284239612519741
0.0186470597982407
0.0195009633898735
0.0147797185927629
0.0415393039584160
-0.0406221225857735
-0.0486628897488117
-0.0025428724475205
0.0528673157095909
-0.0297793317586184
-0.1315203160047531
0.0525504499673843
-0.0256503876298666
-0.0338252484798431
0.1005867421627045
-0.0593919791281223
-0.0243941377848387
0.0576287880539894
-0.0612697824835777
0.0488359816372395
0.0222265422344208
-0.0483152009546757
-0.0764902085065842
-0.0120152663439512
0.0352463498711586
-0.0045105796307325
0.0250973198562860
-0.0149652212858200
-0.0965549275279045
0.0720123350620270
-0.0644841939210892
-0.0632743984460831
0.0653550773859024
0.0316202603280544
-0.0936229825019836
-0.0158195160329342
-0.0399860180914402
-0.0749817714095116
0.0532898418605328
0.0629182830452919
0.0478487722575665
0.1012018248438835
0.0837600156664848
0.0360126718878746
-0.0574185401201248
0.0687843486666679
0.0160049498081207
-0.0368295386433601
-0.1076802685856819
0.1157638654112816
-0.0105739105492830
0.0411833375692368
0.0447431504726410
-0.0146113028749824
-0.0827700942754745
-0.0615606680512428
0.0327795296907425
-0.1013967096805573
0.0344388745725155
0.1677103638648987
0.0333023369312286
0.1005639731884003
0.0941697284579277
0.0073310048319399
0.0543163977563381
-0.1251916587352753
-0.0303855240345001
0.0399060323834419
-0.0403043888509274
0.1070737242698669
0.0625826343894005
-0.0601481720805168
-0.0323256552219391
0.0614916644990444
-0.0179130584001541
-0.0683930292725563
0.0376957580447197
0.0244102440774441
0.0382609404623508
0.0707348585128784
0.0992419794201851
-0.0794076398015022
-0.0050509837456048
0.0713079571723938
0.1086259707808495
0.1467687338590622
-0.0535000599920750
0.0060243201442063
-0.0691997334361076
-0.0779163688421249
0.0527337752282619
-0.0181626863777637
0.0654900744557381
-0.0571514926850796
-0.0042282515205443
-0.0005363355739973
0.0592346824705601
0.0751225650310516
-0.0240683220326900
0.0560791194438934
-0.0641963481903076
-0.1626839786767960
0.0137650957331061
0.0686353668570518
-0.0560091584920883
0.0347245000302792
-0.0673411637544632
0.0552020706236362
-0.0709931924939156
-0.0863122269511223
-0.0517509765923023
0.0429555550217628
0.0601527355611324
0.1173118576407433
0.0090400530025363
0.0567487701773643
-0.0075393430888653
-0.0110452780500054
0.0670315623283386
0.0100217275321484
0.0185638070106506
-0.0859763771295547
0.0155632328242064
-0.0659606382250786
-0.0487501844763756
-0.0851241573691368
0.0684435740113258
0.0798978060483932
-0.0437645390629768
0.0288938302546740
0.0109804561361670
0.0437777973711491
-0.0226495824754238
-0.1005175188183784
0.0264856629073620
-0.0715967938303947
0.0582566037774086
-0.0001815030555008
-0.0893428400158882
0.0144132608547807
0.0594518259167671
0.0662906467914581
-0.0128544792532921
-0.0029236355330795
0.0228421725332737
0.0234994962811470
0.0286251474171877
0.0701297894120216
-0.0730761215090752
0.0993173420429230
-0.1096842885017395
-0.0405436940491199
0.0586744993925095
-0.0381495207548141
0.0363863445818424
-0.0011139411944896
0.0113101582974195
-0.0510509088635445
-0.0491610467433929
-0.0224873349070549
0.0246155690401793
0.1095733493566513
-0.0294112563133240
0.0433972887694836
-0.1149801313877106
0.0341252870857716
0.0479891113936901
-0.0666505023837090
-0.0674443691968918
-0.0513269975781441
-0.0317743159830570
0.0054159793071449
0.0678745284676552
0.0778392553329468
0.0413210801780224
0.0780367702245712
-0.0942136868834496
-0.1328312009572983
-0.0328717492520809
0.0458275042474270
-0.0642534494400024
0.0306246709078550
-0.0357554703950882
-0.0968597903847694
0.0024380893446505
-0.0531594082713127
-0.1150004938244820
-0.1104804873466492
-0.0624410323798656
-0.0718815773725510
-0.0399627760052681
-0.1087398603558540
0.0135986711829901
0.0429396517574787
-0.0080586569383740
0.0932549014687538
-0.0830205678939819
0.1459729820489883
-0.0123363398015499
0.0919545665383339
0.0634456500411034
0.0336054787039757
-0.2745960950851440
-0.0740763768553734
0.0372912362217903
-0.2748194932937622
-0.0423045568168163
-0.0656526461243629
0.0541544146835804
-0.0364662632346153
0.0422313772141933
-0.0695209130644798
-0.1975210309028625
-0.1869492083787918
0.1133598610758781
-0.0957661122083664
-0.1050025969743729
-0.1118006780743599
0.0436698608100414
-0.1147598102688789
-0.1593738198280334
-0.1387855559587479
0.1152609214186668
0.0209833364933729
-0.0460302904248238
-0.1937286555767059
-0.1478533297777176
-0.0881907865405083
0.0303239524364471
-0.1271678507328033
-0.1451265662908554
0.1320407986640930
0.2672821581363678
-0.1917204409837723
-0.0073283328674734
0.1046966686844826
-0.0130120133981109
0.0935420319437981
0.0879172831773758
-0.2361148297786713
0.0543264038860798
-0.2532218992710114
0.0919267535209656
0.0919641703367233
-0.1539804190397263
0.1508564800024033
0.0386672876775265
0.2607924342155457
-0.0074594262987375
-0.1227599382400513
-0.0307534690946341
0.0111400680616498
-0.0361230485141277
0.0783125311136246
-0.0144353751093149
0.0246974006295204
-0.0032270897645503
0.0163745135068893
0.0594961494207382
-0.0922782346606255
0.0185890309512615
-0.0240041427314281
-0.0076767457649112
0.0638172402977943
0.0266355499625206
0.0230215955525637
-0.0339903458952904
-0.0485320277512074
-0.0072954026982188
-0.0195775926113129
0.0541159696877003
0.0009708504658192
0.0168025810271502
-0.0016114865429699
-0.0168906599283218
0.0198677871376276
0.0334494002163410
-0.0203234907239676
0.0288833398371935
-0.0438756160438061
0.0430420897901058
-0.0316778086125851
-0.0738022327423096
0.0647771731019020
-0.0451713241636753
-0.0148913767188787
-0.0331483818590641
-0.0473134256899357
-0.0543261431157589
0.0192638114094734
0.0617960616946220
-0.0420109368860722
-0.0165884681046009
0.0219591651111841
0.0371079854667187
0.0993170142173767
-0.1089183464646339
0.0560379065573215
-0.1060012057423592
0.0412030555307865
0.0399868376553059
0.0539653524756432
0.0936934351921082
-0.0594048388302326
0.0458966642618179
0.0141517808660865
0.0215663425624371
-0.0234509930014610
-0.0528274811804295
0.0367181524634361
-0.0287600625306368
0.0349285379052162
-0.0738564506173134
-0.0043796822428703
-0.0066156410612166
-0.0202937815338373
0.0793426483869553
-0.0771793648600578
0.0526104494929314
0.0089330691844225
0.0574190057814121
-0.0669137537479401
-0.0033746336121112
-0.0578673705458641
0.0358023345470428
-0.0189988557249308
0.0261685289442539
0.0174708850681782
-0.0344772227108479
-0.0545322746038437
-0.0327702984213829
-0.0293953567743301
0.0321052558720112
-0.0287806335836649
-0.0663001239299774
0.0155136669054627
-0.0630789101123810
0.0276778098195791
0.0348934531211853
-0.0002062872663373
0.0455986522138119
0.0856036171317101
0.0619523189961910
-0.0378101691603661
0.0097933160141110
-0.0372050590813160
-0.0245356131345034
-0.0603634677827358
-0.0344254113733768
-0.0893639326095581
0.0650692284107208
-0.0791089087724686
-0.0126432729884982
-0.0103294784203172
0.0357896797358990
0.0380446426570415
-0.0190373323857784
0.0298107545822859
0.0042317593470216
0.0011651630047709
-0.0312830172479153
-0.0038289085496217
-0.0507804900407791
-0.0072156717069447
0.0275303386151791
-0.0100341243669391
0.0619827769696712
0.0271250400692225
-0.0303854588419199
0.0154417911544442
-0.0837647244334221
0.0514216236770153
0.0227071680128574
0.0844582021236420
-0.0010020658373833
0.0737011581659317
-0.0456365980207920
-0.0225966628640890
-0.1029212996363640
0.0617601573467255
-0.0048567308112979
0.0750233158469200
0.0313640013337135
0.0275206733494997
-0.0528449155390263
-0.0488863363862038
0.0199869256466627
-0.0484270341694355
-0.0598097890615463
-0.0491552725434303
-0.0394253805279732
-0.0072394022718072
0.0162796229124069
0.0356022566556931
0.0419635400176048
-0.0501513369381428
-0.0222106613218784
0.0296918880194426
0.0777126103639603
-0.0190310142934322
-0.0436759330332279
-0.0388904623687267
0.0105182705447078
-0.0269079282879829
-0.0053709563799202
0.0429999046027660
-0.0675170794129372
0.0470905154943466
-0.0108323758468032
-0.0005238031735644
-0.0485329590737820
-0.0501221194863319
-0.0694846063852310
0.0460776612162590
0.0185849089175463
-0.0101522346958518
0.0426155962049961
-0.0188767295330763
0.0080346902832389
0.0971280410885811
0.0543811768293381
0.0321678295731544
-0.0289088636636734
0.0418471060693264
0.0237872470170259
-0.0082901483401656
-0.0456620492041111
0.0060704504139721
0.0242653377354145
-0.0331602096557617
0.0651942789554596
-0.0440468639135361
-0.0402626134455204
0.0047330115921795
-0.0143469609320164
-0.0279216915369034
-0.0010337593266740
0.0541487261652946
0.0023774213623255
0.0462795384228230
-0.0303288307040930
0.0027178206946701
-0.0023834176827222
-0.0403784178197384
0.0733337253332138
0.0520204491913319
0.0210199970752001
-0.0084416670724750
-0.0220877211540937
0.0334840863943100
-0.0359648913145065
0.0190210845321417
0.0722316503524780
-0.0684932097792625
-0.0171202551573515
0.0059510944411159
-0.0975921675562859
-0.0438430123031139
-0.0277019869536161
-0.0465051792562008
-0.0337988734245300
-0.0168115347623825
0.0302556157112122
-0.0389318093657494
0.0349739007651806
-0.0246124006807804
0.0561958178877831
-0.0155191170051694
0.0019626712892205
0.0554658845067024
-0.0100470827892423
-0.0085444804280996
-0.0713844820857048
0.0187309626489878
-0.0216465052217245
0.0243850834667683
-0.0007610880420543
-0.0225116182118654
-0.0152813717722893
0.0173573419451714
0.0217060744762421
0.0567379929125309
-0.0271312501281500
-0.0050859791226685
0.0357129983603954
-0.0542148239910603
-0.0598296038806438
-0.0886647328734398
-0.0465996973216534
-0.0415878035128117
-0.0212457235902548
-0.0075276051647961
0.0292979069054127
-0.0256316084414721
0.0550052523612976
-0.0180319733917713
-0.0270627252757549
-0.0120840258896351
-0.0303051564842463
-0.0304676350206137
0.0001566388964420
0.0066941692493856
0.0496940501034260
0.0786991789937019
0.0359856411814690
0.0101559823378921
-0.0090916631743312
-0.0231349300593138
-0.0445341169834137
-0.0129903648048639
0.0058154547587037
-0.0271449387073517
-0.0369508825242519
0.0117524117231369
-0.0205034278333187
0.0453550294041634
-0.0331075228750706
-0.0050905384123325
0.0194712523370981
0.0654750913381577
0.0018899103160948
-0.0161747895181179
-0.0391400307416916
-0.0703425034880638
0.0479615107178688
0.0397498719394207
-0.0688336715102196
-0.0451292805373669
0.0143323866650462
-0.0063773682340980
0.0148641187697649
0.0254202913492918
-0.0555163547396660
-0.0308094434440136
0.0141410054638982
0.0006113896379247
0.0675522014498711
0.0149005008861423
-0.0447875224053860
0.0245040953159332
0.0215379241853952
0.0614561662077904
-0.0232558045536280
0.0026134569197893
0.0073336861096323
-0.0065883761271834
0.0574580207467079
-0.0505525879561901
0.0180410463362932
-0.0327984094619751
-0.0323816277086735
-0.0796287655830383
-0.0213075168430805
-0.0774904415011406
0.0593681409955025
0.0029338465537876
0.0012902661692351
-0.0075432658195496
-0.0422253906726837
-0.0064615067094564
0.0257825925946236
-0.0299943406134844
0.0535774528980255
-0.0566261149942875
0.0727880373597145
-0.0376428775489330
-0.0799819678068161
-0.0511068776249886
-0.0155873512849212
0.0472489558160305
-0.0606352351605892
0.0454538762569427
0.0310081485658884
-0.0029717471916229
0.0033182587940246
-0.0506367906928062
-0.0690933912992477
-0.0152403982356191
0.0275390557944775
-0.0348491743206978
0.0041092331521213
-0.0395269170403481
-0.0832701548933983
-0.0707556754350662
-0.0066126766614616
-0.0197954736649990
-0.0621807314455509
-0.0452125892043114
0.0133324088528752
0.0379959121346474
-0.0038016817998141
0.0206910315901041
-0.0110832564532757
-0.0011516051599756
0.1292834430932999
0.0630097538232803
-0.0211258847266436
-0.0652236789464951
0.0170344058424234
-0.0357197299599648
0.0647856220602989
0.0146080721169710
-0.0159650631248951
0.0559682473540306
-0.0474205277860165
0.0339412279427052
0.0287065077573061
0.0054818009957671
0.0092799458652735
0.0391559340059757
0.0579641945660114
0.0156276468187571
-0.0303874760866165
0.0876539126038551
0.0080531835556030
-0.0960089266300201
-0.0493457913398743
0.0642107427120209
-0.0444040037691593
-0.0148400934413075
0.0068553271703422
-0.0162865426391363
-0.0306356083601713
0.0184644069522619
-0.0189925041049719
-0.0158378668129444
0.0853244811296463
-0.0310294330120087
0.0001500121725257
-0.0184036344289780
0.0236880499869585
-0.0462171174585819
-0.0400920994579792
0.0256552789360285
-0.0833676606416702
0.0473673939704895
0.0308129638433456
0.0442034304141998
0.0188116859644651
0.0172638408839703
-0.0169065706431866
-0.0487863011658192
-0.0609676875174046
0.0026858625933528
-0.0339662060141563
0.0295402444899082
0.0531041845679283
0.0084086712449789
-0.0380002819001675
-0.0348643176257610
0.0261025540530682
0.0619836263358593
-0.0273495092988014
-0.0143894189968705
0.0829101428389549
0.1223528906702995
0.0895877629518509
-0.0369553491473198
0.0947404280304909
-0.0103036444634199
-0.0538451708853245
0.0105804177001119
0.0296697989106178
0.0175360199064016
-0.0617493167519569
-0.0528854392468929
0.0001810313260648
0.0973546057939529
0.0821085944771767
-0.0424494668841362
0.0188706144690514
0.0592907629907131
0.0197638627141714
0.0131799709051847
-0.0539949312806129
0.0053752087987959
-0.0132118863984942
0.0198213011026382
-0.0350061766803265
0.0385628975927830
0.0193934254348278
-0.0134205492213368
0.0339791327714920
-0.0407210849225521
-0.0202343501150608
0.0473844259977341
-0.0131649533286691
-0.0295925587415695
0.0767692998051643
-0.0686521753668785
-0.0647095143795013
0.0343695878982544
0.1074076965451241
-0.0389188788831234
-0.0576958581805229
0.0113720390945673
0.0277863144874573
0.0772197470068932
-0.0570487156510353
0.0037872146349400
0.0002972826478072
-0.0277937427163124
0.0212861094623804
0.0126002151519060
-0.0105607071891427
0.0330759063363075
0.0490245856344700
-0.0193808749318123
0.0679464787244797
-0.0267961081117392
-0.0697610750794411
0.0124804927036166
0.0220968369394541
-0.0354028530418873
0.0819448828697205
-0.0981137827038765
-0.0502689518034458
0.0055109988898039
-0.0163311567157507
0.0648043602705002
0.0397365130484104
0.0631773993372917
0.0325658880174160
0.0389115437865257
-0.0466482527554035
-0.0596407242119312
0.0384268723428249
0.0498602986335754
-0.0030778264626861
-0.0563684329390526
0.0084157306700945
0.0144720990210772
-0.0534596890211105
-0.0859870091080666
0.0575569719076157
0.0357605330646038
-0.0109832128509879
0.0612791962921619
0.0489378347992897
-0.0151202753186226
0.0460911132395267
-0.0342038162052631
-0.0307316035032272
-0.0589946322143078
-0.0479052960872650
0.0006131945992820
0.0978233143687248
-0.0432107895612717
0.0135321849957108
0.0641073808073997
-0.0455941297113895
0.0292041450738907
-0.0713588297367096
-0.0444556064903736
0.0384931229054928
0.0020473233889788
0.0506922863423824
-0.0198520738631487
-0.0079460935667157
-0.0242879800498486
-0.0604238435626030
-0.0654715746641159
