0.0291996411979198
0.0342196486890316
0.0134673519060016
0.0654648691415787
-0.0843939706683159
-0.0120571004226804
0.0313893519341946
0.0012944802874699
0.0887224152684212
0.0455365106463432
-0.0471983179450035
0.0687038823962212
0.0364637859165668
-0.0014325295342132
-0.0627395212650299
-0.0610751174390316
-0.0696081370115280
0.0294633172452450
0.0477361381053925
-0.0724531933665276
0.0815729349851608
0.0328152477741241
0.0633642375469208
0.0486322119832039
-0.0959191098809242
-0.0135605623945594
0.0505662001669407
0.0365854576230049
-0.0680045038461685
0.0671824291348457
0.0337139293551445
0.0175246093422174
0.0916341915726662
0.0878739058971405
0.0661366805434227
0.0433197170495987
0.1565852016210556
-0.0255854316055775
-0.0089315678924322
-0.0012856555404142
-0.0309292767196894
0.0098020751029253
0.1057355180382729
-0.0311975944787264
0.0763533413410187
0.0018227761611342
-0.0705319717526436
0.0428997017443180
0.0665499046444893
0.0254852138459682
-0.0819146782159805
0.0528493374586105
0.0907540321350098
-0.0855147689580917
0.0509519651532173
-0.0369079895317554
-0.0558746531605721
0.0151567151769996
0.0931771174073219
0.0188659336417913
0.0780721232295036
-0.0100282477214932
-0.0311966370791197
-0.0779152363538742
0.0165452752262354
-0.0637201294302940
0.0266779474914074
0.0335051976144314
0.1183524057269096
-0.0092923855409026
0.0270434450358152
-0.0081754298880696
0.0452260896563530
0.0554430074989796
0.0462209135293961
-0.0059372950345278
-0.0906632170081139
0.0559203363955021
-0.0160367973148823
-0.0578850582242012
-0.1008282601833344
0.0215809494256973
0.0271557010710239
-0.0295316409319639
0.1329524964094162
-0.0905248373746872
0.0600949563086033
0.0755470618605614
-0.0334279872477055
0.0498962998390198
0.0075726308859885
-0.0342151150107384
-0.0794839635491371
-0.0304837860167027
0.0735106319189072
-0.0099209537729621
0.1183623373508453
0.0007008180837147
-0.0999739319086075
0.0379270613193512
-0.0776982605457306
-0.0251835137605667
0.0621078759431839
0.0330093428492546
-0.0682605057954788
-0.0604566782712936
-0.0420915745198727
-0.0883404016494751
0.0546502135694027
0.0707633495330811
0.0002944737207144
0.0731041058897972
0.0378146842122078
0.0429978296160698
-0.0323729179799557
0.0449905693531036
0.0236875526607037
-0.0487981401383877
-0.0695359110832214
0.0519034750759602
0.0110401324927807
0.0807211473584175
0.0493343137204647
-0.0239823777228594
-0.0829814523458481
-0.0754303634166718
0.0386915430426598
-0.0996174290776253
-0.0095816757529974
0.1582996845245361
0.1081909015774727
0.0978193134069443
0.0680798739194870
0.0216721370816231
0.0324607603251934
-0.0963513329625130
-0.0725598856806755
0.0365863181650639
-0.0845218077301979
0.1065596491098404
-0.0014155831886455
0.0308170225471258
-0.0687821954488754
0.0488748289644718
-0.0109212594106793
-0.1367617547512054
0.0507446862757206
-0.0315135754644871
0.0310378894209862
0.0590695366263390
0.0761562362313271
-0.0937917008996010
-0.0424114950001240
0.0271410234272480
0.0672999545931816
0.1094669550657272
-0.0526449158787727
0.0944451615214348
-0.0927312225103378
-0.0180488619953394
0.0327062755823135
-0.0241317804902792
0.0539785437285900
-0.0959842205047607
0.0524755790829659
0.0243506580591202
0.0405705124139786
0.0654009357094765
-0.0889974534511566
0.0525002107024193
-0.0554143227636814
-0.1299598067998886
-0.0134196989238262
0.0337854921817780
-0.0791754797101021
-0.0142129790037870
-0.0180516354739666
0.0222271662205458
-0.0460367165505886
-0.1079527065157890
-0.0665050745010376
0.0755959227681160
0.0859940424561501
0.0872635021805763
-0.0220385529100895
0.0782091990113258
-0.0139255570247769
-0.0243333075195551
0.0965842381119728
-0.0314374305307865
0.0235351789742708
-0.0698487982153893
0.0261677801609039
-0.0677019581198692
-0.0221441928297281
-0.0392017774283886
0.1185869053006172
0.0734379813075066
-0.0190204679965973
0.0005730456323363
0.0395465828478336
0.0331236012279987
0.0012408785987645
-0.0869531556963921
0.0260704811662436
-0.0627470239996910
0.0812231972813606
-0.0251670908182859
-0.0975988656282425
0.0342146530747414
0.0562495701014996
0.0712380632758141
-0.0473790206015110
0.0161363258957863
-0.0037872949615121
-0.0153064941987395
-0.0011051584733650
0.0989230647683144
-0.0237583369016647
0.0961034744977951
-0.0742235556244850
-0.0848314166069031
0.0088339066132903
0.0043430076912045
0.0898001268506050
0.0317614451050758
0.0333811827003956
-0.0138314263895154
-0.0514189302921295
0.0622562021017075
0.0424546860158443
0.0352306887507439
0.0488730296492577
0.0004306305781938
-0.0990040525794029
0.0237387493252754
0.0098313270136714
-0.1002928838133812
-0.0554260276257992
-0.0956316962838173
-0.0492140203714371
-0.0093797640874982
0.1089619174599648
0.0832674875855446
0.0481747984886169
0.0701788514852524
-0.0923698097467422
-0.1238540038466454
-0.0824963524937630
0.0268781352788210
-0.1072208657860756
0.0388659164309502
-0.0217702593654394
-0.0954139605164528
0.0350582376122475
-0.0725671648979187
-0.1077476665377617
-0.0538339838385582
-0.0540814958512783
-0.0119022326543927
-0.0319544672966003
-0.0668118521571159
-0.0366794951260090
-0.0026540816761553
0.0306574031710625
0.1226414144039154
-0.0510103777050972
0.1497621834278107
-0.0460557714104652
0.0762265101075172
0.0823999643325806
0.0130647057667375
-0.2580522894859314
-0.0594456605613232
0.0176872275769711
-0.2809929549694061
-0.1056680381298065
-0.0509878583252430
0.1303475052118301
0.0402135960757732
0.0665941089391708
-0.1338790655136108
-0.2022659182548523
-0.1889133602380753
0.0977913290262222
-0.0845739319920540
-0.1094257310032845
-0.0950076207518578
0.0301210470497608
-0.0541804991662502
-0.1317822635173798
-0.1366977989673615
0.1252368241548538
0.0502421893179417
-0.0470946654677391
-0.2162141501903534
-0.1695285290479660
-0.0505426973104477
-0.0108170202001929
-0.1325626373291016
-0.1279618591070175
0.1890520453453064
0.2725576162338257
-0.1931627094745636
0.0564348362386227
0.1650574952363968
-0.0440251901745796
0.0800256952643394
0.0389069616794586
-0.2357022315263748
-0.0084877572953701
-0.1990884989500046
0.0816219672560692
0.1071775034070015
-0.1242527142167091
0.1261203885078430
0.0093757314607501
0.2545091211795807
0.0139685673639178
-0.1771222651004791
-0.0359233915805817
-0.0218132045120001
-0.0310543905943632
0.0831745713949203
-0.0079151773825288
0.0318260528147221
-0.0141132408753037
0.0027684278320521
0.0586191751062870
-0.0708929970860481
0.0076859099790454
-0.0352100506424904
-0.0327219553291798
0.0450911521911621
0.0305261202156544
0.0005389841971919
-0.0284280758351088
-0.0665171891450882
0.0064473110251129
-0.0047925957478583
0.0263140834867954
-0.0065579358488321
-0.0021846662275493
-0.0005519332480617
-0.0140634309500456
0.0080625824630260
0.0270072706043720
-0.0415276736021042
0.0181720890104771
-0.0341623872518539
0.0436567105352879
-0.0221478417515755
-0.0527174025774002
0.0666655302047729
-0.0579113811254501
-0.0385154485702515
-0.0296105723828077
-0.0394569262862206
-0.0628599971532822
0.0036759302020073
0.0543351098895073
-0.0362413600087166
-0.0290615800768137
0.0230709351599216
0.0263305790722370
0.0881375148892403
-0.1009190455079079
0.0496666580438614
-0.0945862010121346
0.0456784591078758
0.0388392433524132
0.0556660629808903
0.0699131488800049
-0.0622505024075508
0.0480204559862614
-0.0085156029090285
0.0185331217944622
-0.0125273745507002
-0.0486868545413017
0.0312213897705078
-0.0174008663743734
0.0552534535527229
-0.0921768248081207
0.0130638414993882
-0.0215483419597149
-0.0236798524856567
0.0778620690107346
-0.0726126953959465
0.0671915113925934
0.0182168874889612
0.0673314481973648
-0.0694412961602211
0.0049256482161582
-0.0586617738008499
0.0118928691372275
0.0054900823161006
0.0194038525223732
-0.0104897571727633
-0.0345498286187649
-0.0328223444521427
-0.0171772744506598
-0.0282970611006021
0.0124642318114638
-0.0189941320568323
-0.0745376273989677
0.0085561946034431
-0.0607155673205853
0.0432582423090935
0.0066069881431758
-0.0087459618225694
0.0597704425454140
0.0776871964335442
0.0714207068085670
-0.0423666723072529
0.0226754229515791
-0.0454953424632549
-0.0189810525625944
-0.0692494511604309
-0.0399660840630531
-0.0795245170593262
0.0848502963781357
-0.0934659913182259
-0.0145579967647791
0.0043502179905772
0.0425865687429905
0.0612155832350254
-0.0303102377802134
0.0056646354496479
0.0014454207848758
0.0104465996846557
-0.0565646290779114
-0.0131760975345969
-0.0444523431360722
-0.0132717015221715
0.0389989800751209
-0.0078747533261776
0.0618779696524143
0.0262369681149721
-0.0473039858043194
0.0112213632091880
-0.0814728438854218
0.0501739308238029
0.0287583433091640
0.0781658962368965
0.0135878445580602
0.0362689644098282
-0.0546064190566540
-0.0083393426612020
-0.0859292969107628
0.0593654736876488
0.0059912363067269
0.0509494952857494
0.0253021195530891
0.0428618155419827
-0.0619665011763573
-0.0488279610872269
0.0123439878225327
-0.0497466772794724
-0.0740657448768616
-0.0575887635350227
-0.0386901535093784
0.0187130626291037
0.0185152627527714
0.0401334129273891
0.0612827278673649
-0.0374856218695641
-0.0309522710740566
0.0169630870223045
0.0878704786300659
-0.0219698604196310
-0.0461791418492794
-0.0346603840589523
0.0019621099345386
-0.0128902830183506
0.0004597680235747
0.0286972988396883
-0.0670489966869354
0.0535786710679531
-0.0185471605509520
-0.0007502221851610
-0.0373613573610783
-0.0319529734551907
-0.0603814125061035
0.0425624661147594
-0.0018337380606681
-0.0141626670956612
0.0380665510892868
-0.0123114204034209
0.0110166426748037
0.1074899807572365
0.0459674336016178
0.0195202138274908
-0.0161902774125338
0.0485851876437664
0.0199246145784855
0.0036794680636376
-0.0389256738126278
0.0103819184005260
0.0304343309253454
-0.0185642428696156
0.0652967691421509
-0.0576592907309532
-0.0483347736299038
0.0282389950007200
-0.0197793543338776
-0.0225558374077082
0.0045076557435095
0.0433872565627098
-0.0062427152879536
0.0244100987911224
-0.0289939083158970
-0.0092619331553578
0.0059441924095154
-0.0345275774598122
0.0529055334627628
0.0517216362059116
0.0178109332919121
-0.0297543965280056
-0.0366421304643154
0.0458113066852093
-0.0356504581868649
0.0212790071964264
0.0714349374175072
-0.0624750331044197
-0.0076859928667545
0.0201847646385431
-0.1059671565890312
-0.0168999377638102
-0.0328638330101967
-0.0512281209230423
-0.0268803983926773
-0.0191658753901720
0.0386359132826328
-0.0337943620979786
0.0331954881548882
-0.0381623432040215
0.0503212176263332
-0.0224014278501272
0.0022068559192121
0.0541880391538143
0.0015419782139361
0.0058872811496258
-0.0618081018328667
0.0435964390635490
-0.0013634278438985
0.0370336659252644
-0.0025462484918535
-0.0199072845280170
-0.0240708068013191
0.0004005755472463
0.0125692067667842
0.0759692490100861
0.0028342895675451
-0.0113632017746568
0.0530227459967136
-0.0595309808850288
-0.0518480427563190
-0.0946798846125603
-0.0403281114995480
-0.0460403114557266
-0.0281566604971886
-0.0027209119871259
0.0333730466663837
-0.0100460834801197
0.0543207079172134
-0.0087776193395257
-0.0297385863959789
-0.0119155189022422
-0.0399222783744335
-0.0267107635736465
-0.0006927180220373
-0.0356600768864155
0.0304739028215408
0.0705107450485229
0.0228498578071594
-0.0070694740861654
-0.0307954177260399
-0.0254694074392319
-0.0512385889887810
-0.0031438695732504
0.0376544259488583
-0.0437775850296021
-0.0370734147727489
0.0045094080269337
-0.0164340268820524
0.0526397079229355
-0.0404408834874630
-0.0109304441139102
0.0016931451391429
0.0761301741003990
0.0067498334683478
-0.0251668244600296
-0.0296564735472202
-0.0751102268695831
0.0428971536457539
0.0484352186322212
-0.0521814450621605
-0.0102449944242835
0.0097611742094159
0.0038103717379272
0.0174897126853466
0.0078066368587315
-0.0310837160795927
-0.0413945019245148
0.0082242246717215
-0.0085578272119164
0.0315243899822235
0.0174054298549891
-0.0425813533365726
0.0186854749917984
0.0339216031134129
0.0563543513417244
-0.0386927425861359
0.0006005959585309
-0.0063049122691154
0.0016744500026107
0.0703035667538643
-0.0281463228166103
0.0189596805721521
-0.0520702786743641
-0.0378365851938725
-0.0814059600234032
-0.0287452675402164
-0.0768371969461441
0.0585407353937626
0.0303195491433144
0.0088379960507154
-0.0261423625051975
-0.0496456772089005
0.0001540335506434
-0.0056553706526756
-0.0516111403703690
0.0573000684380531
-0.0426849089562893
0.0683820322155952
-0.0387189984321594
-0.0989389866590500
-0.0371949337422848
-0.0008845464326441
0.0584880150854588
-0.0592608787119389
0.0430076085031033
0.0329019166529179
-0.0103710284456611
0.0193377360701561
-0.0680624842643738
-0.0608733296394348
-0.0250953603535891
0.0227597728371620
-0.0233641564846039
-0.0254337936639786
-0.0393714718520641
-0.0592861101031303
-0.0743376985192299
0.0045336140319705
-0.0223790183663368
-0.0736610293388367
-0.0374494753777981
0.0001753209508024
0.0373714491724968
0.0056739347055554
0.0199805237352848
-0.0032459255307913
0.0226914361119270
0.1215329691767693
0.0745138525962830
-0.0318948999047279
-0.0601847954094410
0.0102454060688615
-0.0348322652280331
0.0704484432935715
-0.0049927132204175
-0.0178378969430923
0.0671426132321358
-0.0617652200162411
0.0383315905928612
0.0361725166440010
-0.0007234140066430
0.0277844462543726
0.0372046306729317
0.0540400706231594
0.0128762833774090
-0.0441737286746502
0.0890627950429916
-0.0043252115137875
-0.0988938361406326
-0.0479270815849304
0.0550418794155121
-0.0797666907310486
-0.0102542936801910
0.0072242813184857
-0.0021207504905760
-0.0259891804307699
0.0304806679487228
0.0019389553926885
-0.0277299135923386
0.0912901237607002
-0.0327009186148643
-0.0107886940240860
-0.0125839896500111
0.0301217474043369
-0.0174157731235027
-0.0229596123099327
0.0211763046681881
-0.0679512321949005
0.0710956007242203
0.0262626316398382
0.0453912355005741
0.0301262289285660
0.0220492053776979
-0.0162932649254799
-0.0512420050799847
-0.0446535982191563
0.0075601977296174
-0.0249992981553078
0.0212655551731586
0.0385890454053879
0.0141857052221894
-0.0383892767131329
-0.0454413704574108
0.0090307733044028
0.0673842355608940
-0.0227757319808006
-0.0228306297212839
0.0525080412626266
0.1224420070648193
0.0986572802066803
-0.0288053825497627
0.0930572375655174
-0.0213995929807425
-0.0644681900739670
0.0279955733567476
0.0168018583208323
0.0241029467433691
-0.0547130964696407
-0.0424754619598389
0.0229969024658203
0.0878395587205887
0.0825523063540459
-0.0526763685047626
0.0162856392562389
0.0529681667685509
0.0074601434171200
0.0173284541815519
-0.0633081048727036
-0.0083885462954640
-0.0072460393421352
-0.0089883096516132
-0.0202264171093702
0.0519923307001591
0.0138351349160075
-0.0111900409683585
0.0378170832991600
-0.0300276912748814
-0.0048871026374400
0.0587522424757481
-0.0151132419705391
-0.0415382049977779
0.0649586915969849
-0.0624617673456669
-0.0527150966227055
0.0391603894531727
0.0982229113578796
-0.0411486104130745
-0.0777093991637230
0.0015084706246853
0.0189017914235592
0.0404366105794907
-0.0487658903002739
0.0217912346124649
0.0136758983135223
-0.0427498221397400
0.0305666103959084
0.0176688972860575
-0.0164694190025330
0.0298221707344055
0.0885182917118073
-0.0349670499563217
0.0562734492123127
0.0084161600098014
-0.0567906945943832
0.0181690230965614
0.0104526598006487
-0.0496355146169662
0.0848315283656120
-0.0866436585783958
-0.0589261390268803
0.0035529108718038
-0.0125895813107491
0.0583184696733952
0.0602195747196674
0.0499822162091732
0.0338744856417179
0.0465940758585930
-0.0544825866818428
-0.0439951196312904
0.0385267361998558
0.0179439522325993
-0.0027255006134510
-0.0568591989576817
0.0134033672511578
0.0179031938314438
-0.0600990094244480
-0.1010853648185730
0.0522211641073227
0.0273104514926672
0.0063852067105472
0.0717057436704636
0.0423914939165115
-0.0110190678387880
0.0479118935763836
-0.0350181981921196
-0.0299797076731920
-0.0636899396777153
-0.0690435022115707
0.0046452628448606
0.0952707082033157
-0.0254024714231491
0.0238017700612545
0.0380915440618992
-0.0492468811571598
0.0602900311350822
-0.0803585797548294
-0.0367656759917736
0.0385093577206135
-0.0051013417541981
0.0331448279321194
-0.0264074411243200
-0.0218198243528605
-0.0076537174172699
-0.0684855952858925
-0.0642726048827171
