0.0569807328283787
0.0402019470930099
-0.0012872037477791
0.0619726702570915
-0.0532579049468040
0.0059028402902186
0.0179967898875475
-0.0463982671499252
0.0639062672853470
0.0748865902423859
-0.0389054827392101
0.0527923740446568
0.0021120687015355
0.0052470387890935
-0.0505696684122086
-0.0857739523053169
-0.0904688984155655
0.0298873689025640
0.0341900736093521
-0.0800720378756523
0.0603391863405704
0.0233513209968805
0.0169041566550732
0.0087813241407275
-0.0976015180349350
0.0108565520495176
0.0352232605218887
0.0330739021301270
-0.0840653181076050
0.0878130495548248
0.0319310612976551
-0.0227545350790024
0.0873171612620354
0.0829288065433502
0.0467933975160122
0.0510639175772667
0.1318580955266953
0.0264167431741953
-0.0330307446420193
-0.0448560677468777
0.0016173475887626
0.0461263209581375
0.0746855437755585
0.0241078231483698
0.0667798668146133
-0.0282234717160463
-0.0813149958848953
0.0412554182112217
0.0964518710970879
0.0127144828438759
-0.0914531126618385
0.0542706847190857
0.1002614572644234
-0.0867765247821808
0.0376814417541027
-0.0135760158300400
-0.0376447476446629
0.0320458300411701
0.0896016582846642
0.0478380545973778
0.1024030521512032
0.0368460156023502
-0.0254287943243980
-0.0732427537441254
-0.0032142025884241
-0.0289295017719269
0.0426697880029678
0.0501287281513214
0.1351997554302216
-0.0336987450718880
0.0020504142157733
0.0233930181711912
0.0270721744745970
0.0469897538423538
0.0925192236900330
-0.0226766951382160
-0.0865870192646980
0.0288569480180740
-0.0035644422750920
-0.0510482564568520
-0.1184287220239639
0.0260259639471769
-0.0134926466271281
-0.0241190008819103
0.1054216548800468
-0.1064182817935944
0.0010328632779419
0.0913513749837875
-0.0448374152183533
0.0824523195624352
0.0018459697021171
-0.0435401126742363
-0.0765556767582893
-0.0053866561502218
0.0454190075397491
0.0156402736902237
0.0843580812215805
0.0078788548707962
-0.1133688241243362
0.0510396175086498
-0.1011115461587906
-0.0386840701103210
0.0977543368935585
0.0652821138501167
-0.0752814784646034
-0.0340569689869881
-0.0330463536083698
-0.0941517353057861
0.0613305382430553
0.0586962923407555
0.0139999091625214
0.0999590903520584
0.0550925955176353
0.0298675969243050
-0.0506768450140953
0.0459198430180550
0.0069333403371274
-0.0285678431391716
-0.0936303734779358
0.0910616219043732
0.0163835324347019
0.0615806318819523
0.0345257483422756
-0.0351353920996189
-0.0814866870641708
-0.0938806533813477
0.0079705435782671
-0.1044085696339607
0.0217128042131662
0.1646344363689423
0.0719805434346199
0.1029813289642334
0.0801571086049080
-0.0114639634266496
0.0271246507763863
-0.1280256509780884
-0.0742467641830444
0.0627935528755188
-0.0582514032721519
0.0985128954052925
0.0158695727586746
-0.0409231930971146
-0.0508601143956184
0.0442759692668915
-0.0044627515599132
-0.1018987298011780
0.0613819137215614
-0.0372881777584553
0.0485762543976307
0.0685602799057961
0.0969059765338898
-0.0812014713883400
-0.0058840881101787
0.0700458884239197
0.0941140204668045
0.1179668381810188
-0.0674819722771645
0.0478243865072727
-0.0868510454893112
-0.0641484707593918
0.0275031570345163
-0.0336565338075161
0.0444147177040577
-0.0557051151990891
0.0106277884915471
0.0410065986216068
0.0427167303860188
0.0465115457773209
-0.0769952163100243
0.0467702113091946
-0.0455174483358860
-0.1618579626083374
-0.0097854230552912
0.0634675547480583
-0.0736336782574654
0.0216673295944929
-0.0507538095116615
0.0186264850199223
-0.0922365933656693
-0.0878855213522911
-0.0461630076169968
0.0604747831821442
0.0887366831302643
0.0926410555839539
-0.0323381423950195
0.0652237460017204
0.0124733177945018
-0.0087958090007305
0.0855927020311356
-0.0468320399522781
0.0181416366249323
-0.0756065919995308
0.0254383813589811
-0.0477278307080269
-0.0185371469706297
-0.0433340668678284
0.0809452161192894
0.0609464384615421
-0.0161777939647436
0.0401581637561321
0.0315590314567089
0.0264267921447754
-0.0395443513989449
-0.0744253024458885
0.0139604061841965
-0.0872290432453156
0.0542023107409477
-0.0101163303479552
-0.1114313676953316
-0.0092121185734868
0.0495701655745506
0.0646800771355629
-0.0311189163476229
-0.0055563924834132
0.0476178564131260
0.0109967254102230
0.0183739252388477
0.1188134178519249
-0.0715572834014893
0.0842876583337784
-0.0878673866391182
-0.0578269064426422
0.0490541011095047
-0.0242680720984936
0.0617070570588112
0.0075462688691914
0.0129263708367944
-0.0478236563503742
-0.0498853139579296
0.0373398140072823
0.0376486703753471
0.0543354488909245
0.0065063638612628
0.0243813432753086
-0.1034371629357338
0.0264120511710644
0.0093862973153591
-0.0737134590744972
-0.0594820231199265
-0.0599768161773682
-0.0489918291568756
0.0016007004305720
0.0845440551638603
0.0696647614240646
0.0404789745807648
0.0806575268507004
-0.1050170809030533
-0.1440056115388870
-0.0688519328832626
0.0447899475693703
-0.0870399773120880
0.0307407025247812
-0.0256288703531027
-0.0917903557419777
0.0336268991231918
-0.0523504950106144
-0.1033758148550987
-0.0708308741450310
-0.0698355659842491
-0.0200563538819551
-0.0313218906521797
-0.0813583806157112
-0.0231390129774809
0.0175990927964449
0.0343616753816605
0.1126507967710495
-0.0543684437870979
0.1594541966915131
-0.0499213747680187
0.0681283771991730
0.0681151896715164
0.0350940153002739
-0.2611047625541687
-0.0500250905752182
0.0268675405532122
-0.2791201174259186
-0.0749905034899712
-0.0666610747575760
0.1150432229042053
-0.0081649711355567
0.0633141249418259
-0.1044854670763016
-0.2075639963150024
-0.1923609375953674
0.1067415699362755
-0.0964580848813057
-0.1026989594101906
-0.0870778188109398
0.0596002116799355
-0.0692472457885742
-0.1294928640127182
-0.1337037086486816
0.1134765520691872
0.0208827126771212
-0.0262541007250547
-0.2172153890132904
-0.1641321331262589
-0.0513180196285248
0.0043057971633971
-0.1316528171300888
-0.1203652843832970
0.1668854504823685
0.2792637646198273
-0.2060752660036087
0.0350994542241096
0.1400629431009293
-0.0186857786029577
0.0969357416033745
0.0443754419684410
-0.2317144870758057
0.0081755304709077
-0.2375967502593994
0.0728328451514244
0.1125309094786644
-0.1420125812292099
0.1475545763969421
0.0223592892289162
0.2514051496982574
0.0102041093632579
-0.1685585975646973
-0.0255057141184807
-0.0013984983088449
-0.0264085326343775
0.0701846033334732
-0.0121486661955714
0.0243653971701860
-0.0278371367603540
0.0189611092209816
0.0767420083284378
-0.0762796849012375
0.0084528438746929
-0.0410646758973598
0.0031553460285068
0.0705782845616341
0.0267185717821121
-0.0003065360069741
-0.0353341214358807
-0.0552726574242115
-0.0196955166757107
0.0052917553111911
0.0407875292003155
0.0236410740762949
-0.0151288229972124
0.0212931968271732
-0.0335721187293530
0.0266794376075268
0.0275884568691254
-0.0137649215757847
0.0306498575955629
-0.0402677766978741
0.0481117926537991
-0.0230540297925472
-0.0511005930602551
0.0680592134594917
-0.0580658316612244
-0.0136396074667573
-0.0447003841400146
-0.0374097116291523
-0.0462852716445923
0.0033318253699690
0.0844673514366150
-0.0550098717212677
-0.0177010558545589
0.0270875524729490
0.0100899497047067
0.0765644907951355
-0.0815309211611748
0.0555729568004608
-0.1056724414229393
0.0612316392362118
0.0133075509220362
0.0404856242239475
0.0796927064657211
-0.0489621460437775
0.0531347841024399
0.0094596846029162
0.0012391291093081
-0.0421502627432346
-0.0354000143706799
0.0365519560873508
-0.0073173264972866
0.0609985478222370
-0.0899786055088043
-0.0114589361473918
0.0001639159454498
-0.0014169269707054
0.0875302180647850
-0.0609619989991188
0.0481477901339531
0.0270623061805964
0.0471193492412567
-0.0955162942409515
-0.0214020591229200
-0.0381942428648472
0.0174929276108742
-0.0200268495827913
0.0229778848588467
0.0041357707232237
-0.0282753817737103
-0.0561271086335182
-0.0220851600170135
-0.0231981240212917
0.0427133962512016
-0.0390764512121677
-0.0530294440686703
0.0034833045210689
-0.0757324099540710
0.0587121434509754
0.0458442829549313
-0.0142234228551388
0.0309548527002335
0.0730498805642128
0.0499621666967869
-0.0666005313396454
0.0221364814788103
-0.0342298969626427
-0.0194454807788134
-0.0516592971980572
-0.0323706194758415
-0.0944725871086121
0.0763872936367989
-0.0788696259260178
-0.0132490992546082
-0.0063854288309813
0.0384112261235714
0.0513158179819584
-0.0391074419021606
0.0140326600521803
0.0187051389366388
-0.0150423394516110
-0.0315917991101742
-0.0073023876175284
-0.0445208065211773
0.0043094432912767
0.0282972548156977
-0.0063601597212255
0.0503328889608383
0.0311172902584076
-0.0668460726737976
-0.0123878922313452
-0.0945927575230598
0.0588791184127331
0.0251261331140995
0.0699017420411110
0.0091462172567844
0.0461504794657230
-0.0516176484525204
-0.0255822464823723
-0.0839994102716446
0.0416665337979794
0.0001248838379979
0.0667153671383858
0.0245083812624216
0.0244966018944979
-0.0566943921148777
-0.0256454534828663
0.0016618560766801
-0.0274783950299025
-0.0651748776435852
-0.0518765673041344
-0.0461812466382980
0.0106787448748946
0.0127320168539882
0.0329100005328655
0.0599007904529572
-0.0557331889867783
-0.0241379793733358
0.0085616186261177
0.0698874071240425
-0.0186051297932863
-0.0286059379577637
-0.0032569216564298
-0.0074063776992261
-0.0261654760688543
-0.0163526535034180
0.0231990348547697
-0.0590071268379688
0.0517677441239357
-0.0297431219369173
-0.0030939406715333
-0.0529391765594482
-0.0485250838100910
-0.0775347799062729
0.0550344586372375
0.0050903963856399
0.0023424141108990
0.0309996642172337
-0.0249571129679680
0.0157642550766468
0.1004323884844780
0.0449096038937569
0.0091719254851341
-0.0015163318021223
0.0414619445800781
0.0181076098233461
-0.0035789983812720
-0.0565265677869320
0.0149215338751674
0.0357705950737000
-0.0481455139815807
0.0836009532213211
-0.0396410375833511
-0.0651804953813553
0.0180214568972588
-0.0156540740281343
-0.0314722396433353
0.0019676482770592
0.0414160043001175
0.0076457327231765
0.0435889288783073
-0.0461620092391968
-0.0189982987940311
-0.0112153217196465
-0.0398623012006283
0.0573906786739826
0.0590303987264633
-0.0030285888351500
-0.0284937024116516
-0.0497924685478210
0.0422551557421684
-0.0374637506902218
0.0610621012747288
0.0756624415516853
-0.0499728806316853
-0.0280497297644615
0.0048589087091386
-0.0942642018198967
-0.0114392852410674
-0.0322980955243111
-0.0580019615590572
-0.0276422295719385
0.0064749107696116
0.0264259483665228
-0.0383311696350574
0.0084585733711720
-0.0237092319875956
0.0611424669623375
-0.0055656945332885
0.0092249978333712
0.0433825962245464
0.0395854152739048
0.0087413340806961
-0.0410626977682114
0.0204657763242722
-0.0239997431635857
0.0177972447127104
0.0014912334736437
-0.0040052533149719
-0.0134446118026972
0.0123178567737341
0.0145505499094725
0.0637985467910767
-0.0054111629724503
0.0185238681733608
0.0556363128125668
-0.0582468770444393
-0.0657651722431183
-0.0814305767416954
-0.0486110746860504
-0.0377770811319351
-0.0358455665409565
-0.0477811358869076
0.0266999881714582
-0.0264641139656305
0.0673224180936813
-0.0246451180428267
-0.0521499775350094
-0.0115160355344415
-0.0332235582172871
-0.0218380689620972
0.0059317708946764
0.0079073226079345
0.0519733391702175
0.0741720721125603
0.0442023910582066
0.0103419274091721
0.0044890395365655
-0.0372567176818848
-0.0605609007179737
-0.0049542286433280
0.0162108093500137
-0.0342965647578239
-0.0244172755628824
-0.0120349153876305
-0.0385303422808647
0.0653320923447609
-0.0248317234218121
0.0011080828262493
0.0140478583052754
0.0806417614221573
-0.0095241628587246
-0.0354136601090431
-0.0241111665964127
-0.0608109086751938
0.0510455667972565
0.0378414914011955
-0.0747739002108574
-0.0151411416009068
0.0022679336834699
0.0002044633729383
0.0264688469469547
0.0246296841651201
-0.0510519742965698
-0.0289562568068504
-0.0015881817089394
0.0050615500658751
0.0644384697079659
0.0091623179614544
-0.0153238009661436
0.0072592422366142
0.0778776034712791
0.0499191991984844
-0.0320616625249386
-0.0451220311224461
-0.0168681256473064
-0.0019999616779387
0.0601216740906239
-0.0427899807691574
0.0472538433969021
-0.0543895959854126
-0.0382066518068314
-0.0935000106692314
-0.0143964979797602
-0.0573024973273277
0.0676739886403084
0.0138401575386524
0.0028885942883790
-0.0101449536159635
-0.0453123152256012
0.0009381993440911
0.0166568625718355
-0.0256676040589809
0.0509936884045601
-0.0483070723712444
0.0745865777134895
-0.0448847599327564
-0.0528962723910809
-0.0216743219643831
-0.0149663155898452
0.0423647202551365
-0.0517133586108685
0.0156222218647599
0.0124719003215432
-0.0228932742029428
0.0040780347771943
-0.0546890124678612
-0.0600573942065239
-0.0435484349727631
0.0180974639952183
-0.0423303693532944
-0.0049875983968377
-0.0522658005356789
-0.0712773501873016
-0.0613423250615597
-0.0145312538370490
-0.0163779705762863
-0.0624867975711823
-0.0472590178251266
0.0254949275404215
0.0455153360962868
0.0002029496099567
0.0429448075592518
-0.0260615553706884
0.0117708658799529
0.1277087777853012
0.0656329691410065
-0.0209570527076721
-0.0867770090699196
0.0128383403643966
-0.0385591313242912
0.0789385885000229
0.0070474948734045
-0.0040253428742290
0.0498865433037281
-0.0343660973012447
0.0216042399406433
0.0169559810310602
0.0180107317864895
0.0058662258088589
0.0311330948024988
0.0555945523083210
0.0025099201593548
-0.0262227188795805
0.0649109706282616
-0.0161284469068050
-0.0933611392974854
-0.0384911485016346
0.0668352544307709
-0.0449428707361221
-0.0309517998248339
-0.0023318673484027
-0.0453109592199326
-0.0414068587124348
0.0119970412924886
-0.0222219992429018
-0.0200157277286053
0.1060898378491402
0.0049526039510965
0.0031143650412560
0.0093157328665257
0.0284830350428820
-0.0310225151479244
-0.0174894612282515
0.0113586299121380
-0.0801180899143219
0.0731719136238098
0.0244397558271885
0.0649212226271629
0.0291494969278574
0.0350386686623096
-0.0405703149735928
-0.0364705994725227
-0.0569048412144184
0.0122012486681342
-0.0423257090151310
0.0185796972364187
0.0313143432140350
0.0110759530216455
-0.0320868529379368
-0.0197403077036142
0.0347464568912983
0.0856450498104095
-0.0250635277479887
-0.0305188409984112
0.0502182953059673
0.1077635958790779
0.0968900173902512
-0.0364383533596992
0.0956755280494690
-0.0347512848675251
-0.0740627199411392
0.0170342624187469
0.0196576137095690
0.0159452259540558
-0.0529396906495094
-0.0457742996513844
0.0122459596022964
0.0926333516836166
0.0690491572022438
-0.0159628186374903
0.0254843272268772
0.0519808158278465
0.0202048569917679
0.0128544131293893
-0.0849015787243843
-0.0231919363141060
-0.0041306586936116
-0.0136984186246991
-0.0375634208321571
0.0468951873481274
0.0319663770496845
-0.0022671325132251
0.0235520433634520
-0.0446124002337456
-0.0092690084129572
0.0677925869822502
-0.0000491582795803
-0.0207958538085222
0.0546663813292980
-0.0600934885442257
-0.0535353273153305
0.0431114062666893
0.0938306525349617
-0.0364256314933300
-0.0546738244593143
-0.0194909647107124
0.0359882973134518
0.0603068359196186
-0.0706113427877426
0.0302184280008078
0.0100234299898148
-0.0421333760023117
0.0174125973135233
0.0265147686004639
-0.0310070980340242
0.0154947554692626
0.0706064701080322
-0.0302465185523033
0.0856738537549973
-0.0128468265756965
-0.0369323790073395
-0.0008638550643809
0.0060240239836276
-0.0381290540099144
0.0639293640851974
-0.0852071940898895
-0.0485086105763912
-0.0161799807101488
-0.0370214283466339
0.0460386984050274
0.0551048032939434
0.0474091731011868
0.0325471311807632
0.0415626354515553
-0.0671039372682571
-0.0419366210699081
0.0288500972092152
0.0460372827947140
0.0097954170778394
-0.0408925935626030
0.0055108726955950
0.0124018620699644
-0.0406959652900696
-0.0974512174725533
0.0625803992152214
0.0477967299520969
0.0057703363709152
0.0844108685851097
0.0594749934971333
-0.0184778347611427
0.0342597961425781
-0.0452562272548676
-0.0351799428462982
-0.0432380437850952
-0.0485364496707916
-0.0214379187673330
0.1070442274212837
-0.0398208051919937
0.0213405303657055
0.0554448366165161
-0.0473788715898991
0.0263356491923332
-0.0513614974915981
-0.0149011043831706
0.0171558596193790
0.0129039390012622
0.0449727512896061
-0.0410406216979027
-0.0276389755308628
-0.0024472272489220
-0.0516568496823311
-0.0599003396928310
