0.00845295
-0.00363465
-0.03252627
0.05051241
-0.01860021
0.03537952
0.00492378
0.00856156
-0.00825759
0.01518705
-0.01711050
-0.00588993
0.00152536
0.00681352
-0.02745469
0.01849256
-0.03411612
0.03896197
-0.07381485
0.00022529
0.00380998
-0.03513228
0.08180664
0.03037428
0.00552312
-0.04594643
-0.02454791
-0.02940957
-0.01468009
0.02646069
-0.05878482
0.01996806
0.02526907
-0.00388429
0.00203162
-0.00802860
0.04503613
0.02074818
0.00662172
0.03705007
-0.02183389
0.01766024
0.06436711
0.01267220
0.00945656
-0.02747357
0.00063815
-0.02235669
0.01431892
-0.00248657
0.05060741
0.07282602
-0.01032174
-0.02411369
0.03655778
0.00271210
-0.00501159
0.00210488
0.43371993
0.02983406
0.02065955
-0.02512923
-0.02279383
0.00527717
0.00777533
0.01543646
-0.01754769
0.00188427
-0.07646983
-0.03344110
0.02366231
0.00476324
-0.03683081
0.00438135
-0.07167745
0.01842272
0.03648828
-0.03604582
-0.01201103
-0.17887172
-0.00983743
0.01294585
-0.00509265
-0.04453023
-0.02031856
0.00332832
-0.00937851
-0.04124592
0.00327597
-0.04251216
-0.01659466
-0.05366191
0.05790790
-0.01546241
-0.02730531
0.00637024
-0.01105845
0.00316735
0.00816879
0.01972052
-0.00388258
0.02750900
-0.04618468
-0.00208643
0.00130674
0.01434181
0.02051564
0.00405000
-0.00823095
0.01434102
-0.00276507
0.01874568
0.04398184
0.00502153
0.00396999
0.01931642
0.03145019
-0.00736488
-0.04121827
-0.00628518
0.00652998
0.00830793
0.00797125
0.01069794
-0.00315220
-0.00324092
-0.03458902
-0.00528962
0.02432466
0.01560310
0.02398557
0.02287366
0.00627724
0.00790502
-0.00983129
-0.02388318
0.03540036
-0.05697618
-0.04279641
0.01144444
0.06707073
0.03356110
0.00549802
-0.01931350
0.02824106
-0.16100419
0.02380998
-0.02028239
-0.00345262
0.00728195
0.03855835
-0.00617932
0.03402070
0.01699153
0.01581252
-0.01780602
-0.04059958
-0.01520041
0.04177047
0.02397057
-0.04113660
0.13909127
-0.04328427
-0.01846297
-0.00544846
-0.03137929
0.03909222
-0.03534071
-0.00266268
-0.00368517
-0.01543349
-0.01517577
-0.00276527
0.03890478
0.02947452
0.02225188
0.00969238
0.03066311
-0.00795745
0.00383892
0.06371124
0.00019799
0.00826598
-0.00787172
0.05047224
-0.20442156
0.19171599
0.02979529
-0.00364732
0.01982401
-0.08154564
-0.01642060
-0.01750365
0.03097619
-0.02415235
-0.02661926
0.01363167
-0.00814042
-0.00697307
-0.00411294
-0.02044744
-0.02540854
0.08127063
0.02357871
-0.01029230
-0.01583285
0.00735862
0.01986426
-0.02748129
0.10827462
0.00352204
-0.01772418
0.00616761
0.00668115
-0.00700409
-0.02668766
-0.01819354
0.04979825
0.01265191
0.00422217
-0.01831361
-0.66159934
-0.00173053
0.03873189
0.02250566
-0.00385057
0.02330761
0.01973688
0.02819522
0.02315561
-0.02211286
0.05547340
0.02739674
-0.00553455
-0.06559458
0.01164279
0.03810058
-0.00810156
0.00347154
-0.01178962
0.04541998
-0.03224938
0.08381172
-0.03858201
-0.03444017
-0.02578192
0.01120971
-0.04628644
0.04100416
0.05729450
-0.00686139
0.00921929
0.03116944
0.03489488
0.01861411
0.01444947
-0.01798803
-0.01654862
-0.15986778
0.11615652
-0.03850733
-0.03374537
-0.04222427
0.00206611
-0.03858358
0.00788451
0.05918065
0.14465165
0.12547244
-0.01005170
0.01725372
-0.00977992
-0.03636394
-0.04203305
-0.06059919
-0.01473054
0.01936151
0.07533609
-0.16156121
-0.05298437
0.06668966
-0.02016734
-0.08032206
-0.11482710
-0.09571923
-0.07767666
0.11335012
-0.03112673
0.02603514
-0.00469734
0.03163962
0.09067924
-0.01747133
0.05223399
-0.10605919
0.04560111
0.04146908
0.18370065
-0.09155906
-0.03196128
-0.00221992
-0.06398740
0.82521468
-0.16894715
0.06484045
-0.06912895
0.04101344
0.02255097
-0.02425942
0.07651555
0.03240586
-0.06674055
-0.00417061
0.02213677
-0.02841734
0.00767574
-0.01697682
0.01286382
-0.02593050
0.08881476
0.03118238
0.00064418
0.00266825
-0.05247206
0.05728343
0.05680089
-0.01075987
-0.06177499
0.04069542
0.00057698
-0.04016706
0.00716934
0.04668928
0.02662355
0.00498013
-0.01319561
0.05922464
0.01380750
-0.04838188
0.00221636
-0.00046818
0.05085641
-0.00967438
-0.02494216
0.00945133
-0.09698115
0.01824830
0.04011567
0.00628263
0.12132899
0.05239406
-0.08752762
-0.05136676
0.03093784
0.05847787
0.00466463
0.01203535
0.03206227
-0.01808902
0.00369459
0.00439654
-0.02555239
0.07077415
-0.04838012
0.01485653
-0.03753161
-0.01246493
-0.00809143
0.05138985
-0.06392002
0.01839468
0.05678403
-0.04316158
0.04615448
-0.00730340
-0.00339102
-0.00568400
-0.01174110
-0.01367782
0.01211469
-0.01740716
-0.01501244
-0.03776600
-0.02620717
-0.01824075
0.07803538
0.00527983
-0.04894650
-0.08782949
-0.02100573
0.03886308
-0.02476717
0.02858432
-0.00364900
0.01138125
0.04891606
0.16079530
0.08318239
-0.12693937
-0.13691553
0.02413558
0.01116592
-0.08366343
0.01789419
0.08371142
0.02211905
0.09960552
0.11580672
-0.02562856
0.01150825
0.04951369
0.01661775
0.00033879
0.05075861
-0.03086731
0.00471809
0.01377063
0.00325005
-0.03545116
-0.03476348
0.02026436
-0.00026203
0.13615069
0.00375586
-0.00751625
-0.02304813
-0.01177153
0.09131421
-0.00638475
0.06636899
-0.02823456
0.02001400
-0.04318633
-0.02793836
0.00127150
-0.08187770
-0.00506187
-0.01637166
0.01348761
-0.00360236
0.02093878
-0.02524828
-0.04556413
0.03147678
0.02580484
0.00582030
0.00631772
-0.02338221
-0.00010158
-0.00656037
0.04198001
-0.00284486
-0.03714648
0.01723716
-0.02892064
0.02844995
-0.01688701
0.01875849
0.03765192
0.05543129
0.14594458
-0.04088040
0.04417472
0.02173008
-0.02140578
0.03312071
0.03575925
-0.03595307
-0.01995314
-0.08908225
-0.02326940
0.01039213
-0.03339241
0.01502243
-0.04203942
0.00562771
0.03879401
-0.08639676
-0.02894353
0.01088784
0.01316396
0.10196756
-0.01119796
0.03772920
-0.01716748
0.02121360
-0.03261297
0.14941083
-0.02444391
-0.00984027
0.05637332
0.00535986
0.02042181
0.01542625
0.04790853
0.05483888
-0.01646762
0.01248249
-0.04460239
-0.04171995
0.10583988
-0.05286133
-0.05706587
0.04075811
0.04721696
0.00797358
0.00686896
-0.04940816
-0.00524099
0.04253681
0.01902211
0.05220878
-0.07169642
-0.02182135
-0.03106531
-0.03837701
0.04277590
-0.04642593
0.05871891
0.02431289
-0.05185192
0.00147551
0.01345770
0.03193429
-0.05382239
0.08567549
-0.07463633
0.06152708
-0.13445255
0.01334912
-0.02915499
-0.02252413
-0.00023486
-0.00384078
-0.14972593
0.02233337
-0.01005163
-0.01471051
-0.07151084
0.00144788
-0.00798730
-0.03944579
0.00205163
0.01689449
0.02569503
0.03643723
0.00573914
-0.02574768
0.01882957
-0.01383485
-0.05780048
-0.02213282
-0.00415033
-0.00598742
-0.00420476
0.04881558
0.06351496
-0.04338198
0.01037914
0.02516307
-0.02962572
-0.06833772
-0.05545191
0.09522044
0.00016528
-0.07727888
-0.03829760
-0.02622467
0.05134191
-0.00405905
-0.09883703
-0.02807802
-0.04064206
0.03856054
0.00925530
0.00294530
-0.02122924
0.02056658
0.01983663
0.01035219
-0.00450515
0.03430443
-0.01566529
0.05302459
-0.03470027
-0.00528043
-0.00172298
-0.00835404
0.08378647
-0.00221452
0.05933361
0.01203118
0.07245772
0.03775995
-0.01265294
0.03909597
-0.01032496
0.04016130
-0.03942738
0.03073805
-0.00840183
0.05844628
-0.03357588
0.02645393
-0.04034681
-0.00952486
0.01741713
-0.01088081
0.05038388
0.06725276
-0.01842415
-0.01147106
0.00293280
0.00219944
-0.09606152
-0.04142674
-0.03207896
-0.00630289
-0.04042877
0.04655445
-0.02795271
0.01030409
-0.04829868
0.03790625
0.04729095
0.09746434
0.03185860
0.01465570
-0.02907056
0.04219608
-0.02123389
-0.10935874
0.00570411
0.02849812
0.01481152
-0.01334827
0.05546488
0.02041982
0.16845992
0.02070256
0.03263057
-0.00242080
-0.01651336
-0.01598930
0.00370088
0.00374966
-0.01919082
-0.05042694
-0.09575680
-0.01531804
-0.01943313
-0.04723567
0.00484180
0.05970070
0.02013551
-0.04695015
-0.07896461
-0.00829264
-0.02997349
-0.03473075
-0.00108197
0.00958273
-0.02191772
-0.00427551
-0.01012464
-0.06066149
0.02988352
-0.00485934
-0.01572422
-0.02440098
-0.01546431
0.00217910
0.03681001
0.03749242
-0.03333692
0.04265180
0.03996151
0.00293900
0.07795305
-0.02383189
0.05017377
-0.02644222
-0.03366021
0.01814893
0.02278250
-0.01244089
-0.05885423
-0.13994096
-0.01587060
0.01337070
0.04579213
-0.02489350
-0.04688216
-0.03459626
-0.06565643
0.03298838
-0.01989706
0.04073091
-0.05535029
-0.00738192
-0.03030107
-0.00560704
0.01812937
-0.01346781
-0.05813303
0.01376510
-0.01386239
0.04495859
0.00970703
-0.01680806
-0.09257246
-0.00577281
0.04968040
-0.00534891
0.03394097
-0.04424747
0.00188400
0.09422447
-0.04715451
-0.00536735
0.05954229
0.04054551
-0.01457426
0.02040959
0.01722095
-0.02032408
0.02908481
-0.00615202
0.01865388
0.02429867
0.02031281
0.00990928
-0.04936403
0.00843647
0.01664701
0.04411030
-0.01029178
-0.04002288
0.10378665
-0.02682517
0.04400849
-0.05763322
0.03676672
-0.03503259
-0.02085507
0.00297449
-0.05444781
0.01150052
-0.00767858
0.04195362
0.03163498
0.03011118
0.01602783
0.04704231
0.03861390
0.00579844
0.01236462
-0.05342862
0.02625287
-0.14099734
0.00017164
0.00052801
-0.02199483
-0.02123174
0.03388443
0.01655170
-0.02708470
0.02267007
-0.02249255
0.00866002
0.02685643
-0.05303679
0.01178261
-0.02706896
-0.04091088
0.00495109
0.06293949
-0.04957239
-0.00374786
-0.02661551
0.02460708
0.00341540
-0.06951883
0.01727495
-0.01557274
-0.00566799
0.03846714
-0.02258063
0.03704105
0.03428796
0.03286435
-0.00641489
-0.07062490
0.04135988
-0.01245189
0.03208029
0.02799981
0.00030468
0.00206433
-0.00875377
0.00152733
0.02937660
0.04611649
0.04157089
0.04731672
0.03659081
-0.00283817
0.04471410
0.02129869
0.04074314
-0.08433419
0.07735978
0.05852406
0.03089659
0.02375996
-0.00438767
0.00819834
-0.04203966
-0.00992255
-0.00209153
0.03929028
0.03350516
0.08537725
0.03462798
0.00166078
-0.07481626
-0.05919602
0.02900575
-0.01010447
0.02831020
-0.01209585
0.04735721
