0.01852540
-0.01053630
-0.03535438
0.05971462
-0.02437189
0.01394197
0.01213280
0.01932359
-0.00394258
0.02375603
-0.02084377
-0.02287668
0.02660938
-0.01114670
-0.03136458
0.02671839
-0.03422187
0.04408175
-0.06473453
0.00935782
-0.00842642
-0.03220544
0.07881282
0.02644217
-0.00498764
-0.03981351
-0.01436293
-0.03579998
-0.02188523
0.01128290
-0.05330817
0.01894903
0.03474656
-0.00847472
0.00523009
0.00016611
0.04172436
0.04067771
-0.00306910
0.02829403
-0.03745518
0.01519914
0.05771418
0.00926047
0.00967136
-0.02034110
0.00233504
-0.01674815
0.02819523
-0.00582328
0.05800360
0.07806265
-0.01634836
-0.00838278
0.03582659
0.00445048
-0.01977430
0.01204457
0.41101298
0.02206751
0.02937220
-0.03125006
-0.01588334
0.01003612
0.00992846
0.00610912
-0.01933943
-0.00871619
-0.06825870
-0.03145529
0.03667745
-0.00506824
-0.01938688
-0.00262224
-0.07665458
0.02092128
0.04732923
-0.02499847
-0.00825142
-0.14789875
-0.02446783
0.01178469
-0.00203794
-0.04930179
-0.01559268
0.00869015
-0.01274081
-0.02812663
0.01272705
-0.06110790
-0.00281206
-0.05084867
0.05339219
-0.02065010
-0.02575309
-0.01081322
-0.01197407
0.01027012
0.01406077
0.01162489
-0.01208065
0.02318520
-0.06064292
0.00833941
0.00948741
0.00998053
0.01168242
0.00016356
-0.00719114
0.01071234
-0.02053993
0.02111707
0.03964939
-0.02687359
0.01907535
0.01894989
0.03259083
-0.02180316
-0.04880441
-0.00287563
0.01216627
-0.00350659
0.01135177
0.01007964
-0.00032762
0.00929163
-0.04090459
-0.01368018
0.03587740
0.00100395
0.01282985
0.02040768
0.00768679
0.01497843
-0.00401519
-0.01213005
0.01851559
-0.06288265
-0.02431511
0.01289928
0.05084660
0.03197663
0.01377558
-0.05163564
0.03724141
-0.13933080
0.02559542
-0.02714425
0.00337503
-0.00197496
0.03464229
-0.00853419
0.04198156
0.01040881
0.02039412
-0.01886334
-0.05347336
-0.00999289
0.03595631
0.00644161
-0.04964916
0.12027418
-0.03394078
-0.02569531
-0.00232537
-0.02977050
0.05433153
-0.04621952
0.00521077
0.00595907
-0.00729005
-0.01688136
0.00565081
0.05387870
0.05035594
0.02410920
0.01072635
0.03012134
0.01284768
-0.00647326
0.05659278
-0.00903664
0.00170949
-0.00750738
0.03152013
-0.15404108
0.12733468
0.03347542
-0.01178894
0.01217107
-0.07905669
-0.01662340
-0.01949559
0.03358339
-0.02268244
-0.02552825
-0.00213631
-0.00515511
-0.02949678
-0.01109752
-0.00620112
-0.03360587
0.03978849
-0.00256571
-0.01179063
-0.01389800
-0.00089957
0.03801842
-0.03271111
0.10389674
-0.01381917
-0.02556198
0.00813096
0.01115547
-0.01093649
-0.03458792
-0.00818019
0.07674739
0.01738085
0.02424180
-0.02953647
-0.71335131
0.00296937
0.04088493
0.02457542
-0.00449577
0.00804619
0.00333929
0.03474368
0.02541611
-0.02585354
0.06446829
0.01862482
0.00679021
-0.04295639
0.00669049
0.02359378
0.00149833
0.01003369
-0.01141016
0.05841427
-0.03343789
0.06133518
-0.05505798
-0.03800809
-0.02778777
0.00093167
-0.02487391
0.04249329
0.05193193
-0.01586603
0.01818305
0.01825871
0.03640978
0.02498408
0.01681506
0.01549044
0.03182014
-0.15959197
0.13580653
-0.02774155
0.02104799
-0.03875552
-0.00532914
-0.01155482
-0.03105075
0.11199648
0.19150551
0.10778874
-0.05583778
-0.04233792
-0.02414529
-0.00920783
-0.04541617
-0.03474503
-0.01680599
0.03650069
0.07102560
-0.15107019
0.08891459
0.07856919
-0.01728475
-0.05961369
-0.11476719
-0.14272273
-0.03269742
0.15266562
-0.05500307
-0.00006956
-0.00809173
0.05930622
0.03855641
0.00485590
0.06339844
-0.14349817
0.05847798
-0.03124871
0.22623409
-0.07384320
-0.06581117
-0.07180889
-0.05962159
0.76326960
-0.17764367
0.04549999
-0.07038672
-0.00100407
0.05615078
0.00153239
0.08091353
0.00816513
-0.10558958
0.04888406
0.02437119
-0.10471179
-0.00557603
-0.02514596
-0.02103436
-0.07408721
0.08095071
0.02568432
-0.00505181
-0.02943984
-0.04438673
0.07411204
0.03142005
0.01605870
-0.01230596
0.00450472
0.00734076
-0.01576864
-0.00870856
0.02847346
0.00473100
0.00799457
-0.00978621
0.02119750
0.01371436
-0.06526512
-0.00430280
0.00234260
0.05430418
-0.02324587
-0.02522161
0.02002960
-0.10286027
-0.02799301
0.00852251
-0.00118552
0.10524654
0.08471678
-0.13797659
-0.00699404
-0.00348172
0.04733437
0.02819147
-0.00477241
-0.00629328
-0.00621272
0.06314800
-0.00796447
0.00896963
0.03138856
-0.04270645
-0.01926890
-0.02684819
-0.02011698
-0.01886209
0.07812764
-0.06304023
0.02033646
0.06135596
-0.03103759
0.01464665
0.00948799
-0.01772898
0.01381161
-0.00793509
-0.01592479
-0.04566251
-0.01048269
-0.00327006
-0.01676601
-0.04462351
-0.01784615
0.07284220
0.04506047
-0.03885736
-0.08518837
-0.05273147
0.03625843
0.00004189
0.03161862
0.00733647
0.00596017
0.06561347
0.12453736
0.10253663
-0.09309211
-0.10793800
0.03431506
0.01068570
-0.10448448
0.02906286
0.08905272
-0.00804475
0.09184925
0.08767151
0.00812998
0.00909851
0.07779598
0.03423460
-0.03070495
0.08324790
-0.03070982
0.02458246
-0.00293759
-0.02575923
0.00794598
0.02624914
0.01342382
-0.00424318
0.09790533
-0.02674780
0.01911716
-0.01978262
0.00316197
0.08803395
0.01591092
0.05016103
-0.01850053
0.03327045
-0.04347849
-0.03714233
0.00039120
-0.00430694
-0.03696851
-0.03177848
-0.00570464
-0.00612320
0.03228767
-0.04068585
-0.04397582
0.07250497
0.01550958
0.00833087
0.01599537
-0.05986342
0.00257832
-0.07449880
0.06056646
-0.00334393
0.00282525
-0.01133691
-0.02734222
0.03399351
-0.02193517
-0.01551564
0.01214864
0.08582336
0.10051013
-0.03785707
0.05641065
-0.01968238
-0.00753859
0.03651508
0.03443693
-0.02911962
-0.02008898
-0.07028443
-0.02189301
-0.03264853
0.00372790
0.00154133
-0.00019453
0.01193287
0.05774257
-0.07601029
-0.01197370
-0.03476217
0.04018097
0.09559148
-0.05044571
-0.00887294
0.04091514
-0.01141787
-0.03216766
0.12390950
-0.04604822
0.01055741
0.08270885
0.01849720
0.00637566
-0.01612235
0.06938925
0.04926187
0.00486894
0.01046623
-0.00048979
-0.02428665
0.09993740
-0.07437189
-0.01762564
0.06080685
0.06698158
-0.01847011
-0.00271333
-0.06914140
0.01445271
0.00917559
0.03794722
0.04882212
-0.05406915
-0.02298119
-0.03844022
-0.01622563
0.07701715
-0.07257843
0.06696706
0.04532000
-0.02423454
0.00024587
-0.03334302
0.05856496
-0.04270312
0.06171189
-0.06371526
0.03861871
-0.11394699
0.00220228
0.00315725
-0.03489751
-0.01153812
-0.00886305
-0.09908005
-0.00360101
-0.00465626
-0.00415353
-0.05379953
-0.01533470
-0.00157003
-0.02231838
-0.00088692
0.02639838
0.03118068
0.03968743
0.00644181
0.01259687
0.00369739
-0.04063471
-0.05102155
-0.02130735
0.00379058
-0.00091132
-0.08080068
0.06383289
0.03155241
-0.00341753
0.02450743
0.00884520
-0.03297297
-0.07222162
-0.00931947
0.05222760
-0.00869859
-0.04448717
-0.02407126
-0.01979695
0.09296518
0.02119115
-0.05931907
-0.02744211
-0.01311765
-0.00429797
0.03529289
0.01036293
0.01699799
0.01599186
-0.02104309
0.01224359
-0.02467189
0.01314885
0.00800417
0.06917441
-0.00821837
-0.01880434
0.01188502
-0.00446862
0.04145236
0.03050491
0.06967542
0.01505007
0.04449778
-0.00414737
-0.01792602
0.02152916
-0.00285263
0.07031447
-0.02294912
0.02198200
-0.00400870
0.07767475
-0.01318285
0.03068090
-0.00249302
0.00688118
0.03689140
-0.03203139
0.04594545
0.08904311
0.03099716
-0.03140891
-0.00771119
-0.01013044
-0.13942693
-0.01169222
-0.03411109
0.01948270
-0.05630492
0.00979670
-0.01320956
0.06017702
0.00252920
0.01558838
0.02277442
0.13885380
0.04289674
-0.01290333
-0.01586659
0.03285730
-0.02191732
-0.12974526
0.01384798
0.00426844
-0.01912170
-0.00909337
0.04882185
-0.00085805
0.16380271
0.00047646
0.06583422
-0.04229029
-0.01722841
-0.03661379
0.01641933
0.02357569
0.00024487
-0.07658833
-0.09209095
-0.04201165
-0.02133936
-0.00487685
0.02151218
0.08157583
0.05445219
-0.03634733
-0.03046576
-0.02907942
-0.02295757
-0.03967601
0.03925186
0.01897285
0.00560611
-0.02248740
-0.00365971
-0.01217197
0.03402438
0.00636437
0.01328477
-0.00275700
-0.01882757
0.00375874
-0.02330588
0.03425950
-0.01639968
0.00181385
0.05713390
-0.04995287
0.03118896
-0.01331589
0.06675643
-0.01393613
-0.01622724
-0.01176955
-0.00141437
-0.03995384
-0.08750515
-0.09759267
-0.00323430
0.05633007
0.03097130
-0.01676675
-0.04537063
-0.00348938
-0.04252769
0.03611183
-0.07608922
0.09014530
-0.07077320
0.03613010
-0.01744632
0.02032821
0.02341868
-0.00236648
-0.07340429
0.01339658
-0.01771799
0.01807654
0.00324821
-0.01507445
-0.08953749
0.03173652
0.06999069
0.02630509
0.02789750
-0.06115683
0.02766225
0.13149558
-0.02060507
0.00796090
0.03397506
0.08807439
0.02950320
0.00331306
0.02711779
-0.00079010
0.03080682
0.03578534
-0.03158361
0.06535316
0.02720013
0.01675576
-0.03180123
0.00409007
0.00516811
0.03023103
0.00981765
0.00237539
0.10152008
-0.02612844
0.02913475
-0.06167305
0.04475622
-0.02176898
-0.03904104
0.01732461
-0.05412806
0.01317246
-0.00777921
0.06560078
0.03227213
0.04665517
0.02189362
0.03692399
0.03025487
0.02518508
-0.00321791
-0.02335783
0.02728544
-0.10782879
0.02104234
-0.03979740
-0.05244049
0.01238473
0.03862198
0.00597677
-0.00911857
-0.00634841
-0.03333439
0.00863977
0.02297420
-0.07458282
0.01983192
0.01216154
-0.04387851
-0.03453271
0.02339745
-0.05289058
0.00078412
-0.02111139
0.01255874
-0.05071135
-0.05872094
0.01828567
-0.05492017
0.00745819
0.01908704
-0.02922176
0.01091834
0.03468698
0.03439644
-0.01369069
-0.03746403
0.03109802
-0.04328853
0.02224601
0.04942130
-0.01247437
-0.00889740
-0.03112484
-0.02039867
0.05251507
0.04466747
0.07688916
0.07001279
0.04178688
0.01496601
0.04427791
0.02660389
0.01321481
-0.06467309
0.01333082
0.07754506
0.00781297
0.01987340
0.00408499
0.00792478
-0.05878676
0.04066895
-0.03328873
0.08673313
0.03465145
0.03572804
0.03066466
0.00889227
-0.05328302
-0.06786082
0.03802826
-0.02859509
0.05644108
0.01157826
0.05899034
