0.0261863451451063
-0.0605892911553383
0.0508457534015179
0.0231446214020252
0.0278969723731279
-0.0056590400636196
0.0582827925682068
-0.0124594122171402
0.0442579910159111
0.0860667526721954
0.1062852665781975
-0.0203202478587627
-0.1164667308330536
-0.0073889400810003
-0.0553078316152096
-0.1552474349737167
0.0119274500757456
0.0398885719478130
0.0862294435501099
0.0291590765118599
0.0723026394844055
-0.0134002994745970
-0.1345065683126450
0.0423250421881676
-0.0403150618076324
0.0827650949358940
-0.0634711831808090
-0.0191757362335920
0.0128814224153757
-0.0959679558873177
-0.0200650207698345
0.0976492464542389
-0.0659708231687546
0.0743451640009880
-0.0519089177250862
-0.0408069081604481
-0.0483899526298046
-0.0249838773161173
0.0597278773784637
0.0606000274419785
0.0791059806942940
0.0593775324523449
0.0209977086633444
0.0535197556018829
0.0820049345493317
0.1383132636547089
-0.0586758218705654
-0.0467465408146381
-0.0556096024811268
-0.0788795277476311
-0.0173190291970968
-0.0090552698820829
-0.0278612021356821
-0.0309392120689154
0.0331674180924892
0.0008209940860979
-0.0283225942403078
0.0883682668209076
-0.0554657243192196
0.0298123937100172
0.0605267137289047
-0.0042980089783669
0.0775701850652695
0.0214902888983488
-0.0557299107313156
0.0251870770007372
-0.0633760541677475
-0.0430076122283936
-0.0462275259196758
0.0729868933558464
-0.0518364422023296
0.0426977314054966
-0.0780076459050179
-0.0594607517123222
0.1095798835158348
-0.0074281664565206
0.0648421794176102
0.0817972123622894
-0.0738316997885704
0.0536464378237724
0.0570870935916901
0.0628271475434303
-0.0064400103874505
-0.0383544601500034
-0.0331199243664742
-0.0513726323843002
-0.0313320010900497
0.0668186172842979
-0.0825567319989204
-0.0189752206206322
0.0701677277684212
0.0205372869968414
0.0699312910437584
-0.1161083355545998
-0.0408951267600060
0.0896070823073387
0.0723117887973785
-0.0912440121173859
-0.0273038242012262
-0.0516126863658428
-0.0251222830265760
0.0319093242287636
-0.0658185631036758
0.0610456243157387
0.0789242237806320
-0.0859261676669121
-0.0168915074318647
0.0519242770969868
-0.0204837787896395
-0.0216705631464720
0.0706567987799644
-0.0551845654845238
0.0016191696049646
-0.0098679764196277
0.0353644676506519
-0.0284151602536440
-0.0322196818888187
0.0947007462382317
-0.0443366095423698
0.0374812632799149
0.0630313903093338
0.0664039328694344
-0.0692436322569847
0.0221230816096067
-0.0160461794584990
0.0247348900884390
-0.0299396701157093
0.0193359609693289
-0.0224631726741791
0.1172007024288177
-0.0541315749287605
-0.0516042970120907
-0.0336412601172924
0.0658747926354408
-0.0663173273205757
0.0373557358980179
-0.0414373651146889
-0.0223994608968496
-0.0861009955406189
-0.0431001000106335
-0.0577091537415981
0.0166976340115070
0.1293365955352783
0.1237455159425735
-0.0095954798161983
-0.0342050530016422
0.0329410471022129
-0.0550609268248081
0.0732850059866905
0.1346531212329865
-0.0762752220034599
-0.0707749575376511
-0.0349383577704430
-0.0790803655982018
-0.0695740655064583
0.0922487005591393
0.0242041740566492
0.0952177718281746
0.0819953829050064
0.0589149221777916
-0.1138974875211716
0.0745189785957336
0.1099340617656708
-0.0539295002818108
-0.0127117233350873
0.0766408368945122
0.0434958338737488
-0.0154618574306369
0.1168381050229073
-0.0755415484309196
-0.0017698031151667
0.0684320181608200
-0.0174842700362206
-0.0177369844168425
0.0488637425005436
-0.0628880560398102
0.0549514777958393
-0.0670113265514374
-0.0342399552464485
0.0942828729748726
-0.0560218803584576
0.0279471930116415
-0.0330317579209805
0.1008120626211166
-0.0618313476443291
-0.0647893920540810
0.0937762781977654
0.0484021715819836
0.0980511903762817
-0.0175922252237797
0.0065072881989181
0.0299970433115959
0.0062062642537057
0.0427093431353569
0.0498979911208153
-0.1208764910697937
0.0754265636205673
0.0753724724054337
-0.0121582262217999
0.0502837076783180
0.0785082876682281
-0.0333645679056644
-0.0510663427412510
0.0064858300611377
-0.0030891865026206
-0.1193307861685753
-0.0899897217750549
0.0194964483380318
0.0488949827849865
0.0829608738422394
-0.0346222519874573
-0.0412703230977058
0.0317557714879513
-0.0091280424967408
0.0138022992759943
0.1162368878722191
0.0623056180775166
0.0973370149731636
-0.0173196550458670
0.0102035449817777
0.1490629166364670
0.0303061027079821
-0.0289198197424412
-0.1379701793193817
0.0904961526393890
0.0676999017596245
-0.0878474637866020
-0.0677944794297218
0.0024305677507073
-0.0246311277151108
0.0193141140043736
0.0008044596761465
-0.0245105847716331
0.0684996321797371
0.0336538851261139
0.0608561038970947
-0.0135602401569486
0.0162259228527546
-0.0799444764852524
-0.0161145329475403
0.1478996872901917
-0.0615963973104954
0.0321609154343605
-0.0317127592861652
-0.0000272722772934
-0.0584651380777359
0.0049490025267005
-0.0704788193106651
-0.0817679539322853
-0.0238840281963348
-0.0688838139176369
-0.0119794914498925
0.0760506540536880
-0.0952469408512115
-0.0086373463273048
0.0055717122741044
-0.0541327111423016
-0.0938294157385826
-0.0714139416813850
-0.1181607246398926
0.0162607524544001
-0.1332941949367523
0.0456598773598671
0.0671578496694565
0.0040844478644431
0.0660184323787689
-0.1416187435388565
0.1113987714052200
0.0479104109108448
0.1108808368444443
0.0281764157116413
-0.0049134842120111
-0.2766831517219543
-0.0795901566743851
0.0494340695440769
-0.2701755166053772
-0.0703013017773628
-0.0896978974342346
0.0628095865249634
-0.0236005224287510
0.0842039659619331
-0.0938755273818970
-0.1858166307210922
-0.1360398828983307
0.0620300471782684
-0.0430426336824894
-0.0926945954561234
-0.0936439111828804
-0.0489934161305428
-0.1429081410169601
-0.2166885137557983
-0.1053228005766869
0.1411857753992081
0.0627357810735703
-0.0634297281503677
-0.1724298596382141
-0.1283242255449295
-0.0894161611795425
0.0216274354606867
-0.1559007167816162
-0.1305370926856995
0.1176264882087708
0.2766038775444031
-0.2132343351840973
-0.0477541051805019
0.1087178215384483
-0.0290428269654512
0.1100295707583427
0.1057786419987679
-0.1848015785217285
0.0451025776565075
-0.2135563939809799
0.1360185444355011
0.0732391923666000
-0.1591170281171799
0.1103849187493324
0.0328909866511822
0.3060089349746704
-0.0311144497245550
-0.0826868265867233
0.0290935859084129
0.0281072501093149
-0.0236900597810745
0.0382395908236504
0.0004522849631030
0.0091012092307210
-0.0268950983881950
0.0567917600274086
-0.0071269497275352
0.0042514703236520
-0.0056428415700793
-0.0669435262680054
-0.1028450354933739
-0.0542655996978283
-0.0131221869960427
-0.0028917558956891
0.0182918496429920
0.0462692677974701
0.0525824762880802
0.0551090389490128
0.0281815715134144
-0.0684686005115509
0.0603967159986496
0.0255464371293783
0.0020612091757357
-0.0306865088641644
0.0501056052744389
-0.0444310568273067
0.0065608182922006
0.0027576123829931
-0.0293862279504538
-0.0413517393171787
-0.0029379101470113
-0.0146864587441087
0.0092333639040589
-0.0777955576777458
-0.0390294939279556
0.0218047667294741
0.0271742027252913
0.0081992298364639
0.0098731350153685
0.0116624524816871
0.0238678194582462
-0.0133458795025945
0.0225153826177120
-0.0043239132501185
-0.0866476967930794
-0.0215064771473408
0.0467371493577957
-0.0483010597527027
-0.0117682898417115
0.0485928133130074
0.0248906649649143
-0.0609051957726479
-0.0171771217137575
-0.0560450144112110
-0.0456262789666653
-0.0017223528120667
-0.0707077458500862
-0.0361928492784500
0.0302932281047106
-0.0029738936573267
0.0493294112384319
-0.0043646236881614
0.0206026472151279
0.0228502918034792
0.0215409845113754
-0.0137770753353834
-0.0151448855176568
0.0146947493776679
0.0418844036757946
0.0480457618832588
0.0605300068855286
-0.0043512238189578
-0.0075515988282859
0.0165717061609030
-0.0024386553559452
0.0569440796971321
0.0410719476640224
-0.0626195296645164
0.0689227357506752
-0.0116465035825968
-0.0453456938266754
0.0021981922909617
0.0343862213194370
0.0079235723242164
0.0814033523201942
0.0909201353788376
0.0552646331489086
0.0439481697976589
-0.0140022672712803
0.0579669512808323
0.0702925398945808
0.0595630966126919
0.0423751920461655
0.0021469017956406
-0.0407789424061775
-0.0299946777522564
0.0402543731033802
-0.0517077147960663
-0.0035039817448705
-0.0513371005654335
0.0019604687113315
-0.0290440320968628
-0.0816783383488655
0.0515461675822735
0.0360254049301147
0.0200658868998289
-0.1001969277858734
0.0049509382806718
0.0032509814482182
0.0532041341066360
0.0691531524062157
-0.0703869014978409
-0.0064972653053701
-0.0519472993910313
0.0509543977677822
0.0249874591827393
-0.0569131299853325
-0.0089692119508982
0.0114447763189673
-0.0163176767528057
-0.0395444445312023
0.0362997949123383
0.0083772549405694
0.0464500524103642
-0.0510202459990978
-0.0332393385469913
-0.0402089022099972
-0.0063901571556926
-0.0408107861876488
-0.0157397165894508
0.0470708347856998
-0.0415672138333321
-0.0608222410082817
0.0014612012309954
0.0250293444842100
0.0425886176526546
-0.0240638907998800
-0.0037846551276743
0.0124537497758865
-0.0469836294651031
-0.0555149465799332
-0.0414372906088829
-0.0909250527620316
0.0556913726031780
0.0030940123833716
-0.0635048002004623
0.0440967604517937
-0.0294100958853960
0.0206695869565010
-0.0024951181840152
-0.0208142809569836
0.0369998216629028
-0.0494206435978413
-0.0718702822923660
0.0408463180065155
0.0701417699456215
0.0334982872009277
0.0855423957109451
0.0289301481097937
0.0367691479623318
0.0530006214976311
-0.0148806320503354
0.0091627994552255
0.0330481715500355
-0.0248935222625732
0.0395970009267330
-0.0810959711670876
-0.0142005076631904
0.0400636531412601
-0.0147633366286755
-0.0304925665259361
0.0182919874787331
0.0303074363619089
-0.0357192568480968
-0.0437005497515202
-0.0566223487257957
-0.0764357224106789
0.0842455551028252
-0.0450509712100029
-0.0052382722496986
-0.0424146503210068
0.0496149174869061
-0.0034634727053344
0.0198357775807381
0.0397770367562771
-0.0215712450444698
-0.0307612679898739
0.0007373601547442
0.0896106213331223
-0.0528519563376904
0.0025388293433934
-0.0543711669743061
0.0277531109750271
-0.0786371082067490
0.0109673161059618
0.0360184721648693
0.0358219780027866
-0.0505789220333099
0.0180548988282681
-0.0998475104570389
-0.0072117019444704
-0.0722904279828072
0.0299889892339706
0.0210191402584314
-0.0292281135916710
-0.0739624202251434
0.0661441236734390
0.0104585150256753
0.0023442767560482
-0.0017102491110563
0.0200632568448782
-0.0298030283302069
0.0604655593633652
-0.0736956819891930
-0.0677406266331673
-0.0391613133251667
-0.0046912236139178
0.0302855335175991
0.0011925783473998
-0.0288154073059559
-0.0214857775717974
0.0408234708011150
-0.0336294248700142
0.0898338556289673
-0.0841499045491219
-0.1041123047471046
-0.0160268396139145
-0.0644159540534019
0.0060556284151971
-0.0098471175879240
-0.0614267289638519
-0.1166308969259262
0.0534624420106411
-0.0210603419691324
0.0228530094027519
0.0080137280747294
0.0529868192970753
-0.0242837183177471
0.0373094305396080
0.0926602929830551
-0.0338365994393826
0.0148948794230819
-0.0556998401880264
0.0466508492827415
0.0106837991625071
-0.0152696277946234
-0.0271306857466698
0.0378533042967319
-0.0943632721900940
0.0094345286488533
0.0177519582211971
0.0073589673265815
-0.0466957129538059
-0.0338269695639610
-0.0587977804243565
-0.0836115330457687
0.0456431955099106
0.0079673249274492
-0.0378151498734951
-0.0202133730053902
0.0199021063745022
0.0116885825991631
0.0502413697540760
0.0480536110699177
-0.0519879758358002
-0.0137060210108757
0.0354957617819309
0.0064624981023371
0.1056546941399574
0.0110961804166436
0.0389751866459846
-0.0356319658458233
0.0126144355162978
0.0578239411115646
0.0342155508697033
0.0342838466167450
-0.0027455848176032
-0.0396616607904434
0.0131588056683540
-0.0715742036700249
0.0063681178726256
-0.0451755337417126
0.0125988600775599
-0.0572910197079182
0.0436584688723087
-0.0330132953822613
-0.0377225466072559
0.0511439405381680
-0.0088017210364342
-0.0325107276439667
-0.0270827747881413
-0.0346592217683792
-0.0064874868839979
0.0539434663951397
0.1114729419350624
-0.0125732459127903
0.0176207758486271
-0.0428083240985870
-0.0626191049814224
-0.0491615608334541
-0.0062868408858776
-0.0471616685390472
-0.0267587155103683
0.0489345714449883
-0.0437377430498600
0.0019271649653092
-0.0463791601359844
0.0732450261712074
0.0765737891197205
-0.0354434326291084
0.0511884540319443
-0.0494659990072250
0.0609537847340107
-0.0200379546731710
-0.0358077585697174
-0.0373884774744511
-0.0313628949224949
-0.0044063553214073
-0.0129671143367887
-0.0267590004950762
-0.0106353778392076
0.0101455301046371
-0.0713241919875145
0.0129953622817993
-0.0271862093359232
0.0318570807576180
-0.0428769662976265
0.0162543710321188
-0.0311634037643671
-0.0500610806047916
0.0337268896400928
0.0084899682551622
-0.0066940635442734
0.0102336015552282
-0.0036939643323421
-0.0310253221541643
-0.1004692092537880
0.0587070621550083
0.0305993687361479
-0.0838465839624405
0.0547031275928020
0.0229673814028502
-0.0343794301152229
-0.0513444580137730
0.0550870858132839
0.0542610436677933
-0.0517403967678547
0.0397383831441402
0.0112431924790144
-0.0258810464292765
-0.0324753336608410
-0.0212059598416090
-0.0755711868405342
0.0140828099101782
0.0542659200727940
-0.0336495526134968
0.0325065292418003
-0.0521308667957783
0.0739455744624138
0.0316683836281300
-0.0205450430512428
0.0625775232911110
0.0468728318810463
0.0001233098591911
-0.0801376178860664
-0.0133507465943694
-0.0866485983133316
0.0681000202894211
0.0331082381308079
0.0516375713050365
-0.0319109149277210
0.0521024800837040
0.0153337549418211
0.0794293135404587
-0.0433900319039822
-0.0635296925902367
0.0299871973693371
-0.0309681240469217
-0.0079789767041802
0.0089103151112795
0.0381840802729130
-0.0286273527890444
0.0223748348653316
-0.0345430038869381
-0.0884475931525230
-0.0630633607506752
-0.0220368169248104
-0.0512474589049816
0.0115695046260953
-0.0550937876105309
-0.0028435562271625
-0.0685647353529930
0.0575962625443935
0.0612439364194870
-0.0554100759327412
0.0532673448324203
-0.0617106966674328
0.0170873496681452
0.0250591803342104
-0.0247700251638889
0.0304044336080551
0.0372156575322151
-0.0450046919286251
-0.0115548279136419
0.0337212346494198
-0.0058580501936376
-0.0208821054548025
-0.0185187626630068
0.0608027949929237
-0.0509442314505577
0.0117113357409835
0.0815482437610626
0.0605907738208771
0.0461306609213352
-0.0151304062455893
-0.0552137382328510
-0.0825905129313469
-0.0954978317022324
0.0756114795804024
-0.0030684904195368
0.0301708541810513
0.0084347445517778
0.0916501879692078
0.0818252190947533
-0.0056442487984896
0.0522534549236298
0.0537758581340313
0.0290958788245916
-0.0578959584236145
-0.0492705218493938
0.0869957283139229
-0.0508743263781071
-0.0317730866372585
0.0030010463669896
-0.0645493939518929
0.0126714929938316
0.0556391440331936
-0.0549416318535805
-0.0549491606652737
-0.0642922222614288
0.0187691543251276
0.0360650457441807
-0.0470039695501328
0.0372379869222641
-0.0435648076236248
0.0083471816033125
-0.0440651290118694
-0.0073726070113480
-0.0207161940634251
-0.0130915362387896
-0.0012068053474650
-0.0347127728164196
-0.0181322637945414
0.0462963692843914
0.0013965847902000
-0.0161183793097734
-0.0374739505350590
-0.0221197120845318
0.0433137007057667
0.0214376933872700
-0.0638415068387985
-0.0241990610957146
0.0134012624621391
-0.0256449021399021
-0.0182188227772713
0.0241163577884436
0.0503192283213139
0.0057065016590059
0.0001094516774174
0.0782090425491333
-0.0310157872736454
0.0126347271725535
-0.0402494892477989
0.0430614277720451
-0.0493374317884445
0.0344699621200562
-0.0244672913104296
-0.0440938957035542
-0.0279978848993778
0.0127648198977113
-0.0127760116010904
-0.0115684038028121
0.0689792856574059
0.0137406252324581
-0.0089144073426723
0.0112091619521379
-0.0390620492398739
0.0678117349743843
-0.0704605355858803
0.0612502768635750
0.0714098811149597
0.0147114740684628
-0.0410599708557129
0.0091555863618851
-0.0215283036231995
0.0376951210200787
-0.0601760111749172
-0.0129417590796947
-0.0467538498342037
-0.0087723731994629
-0.0578777343034744
-0.0307556670159101
-0.0135923158377409
-0.0104545345529914
0.0300036352127790
-0.0204068180173635
-0.0362223088741302
-0.0858561098575592
0.0314579904079437
-0.0765885412693024
