0.0048150522634387
-0.0637866854667664
0.0547433793544769
0.0327588990330696
0.0338617488741875
-0.0010810402454808
0.0524015165865421
-0.0085207307711244
0.0527600422501564
0.1012263596057892
0.1149637028574944
-0.0142872920259833
-0.1146110072731972
-0.0310370754450560
-0.0671194866299629
-0.1660866439342499
0.0193047020584345
0.0492837913334370
0.0655336901545525
0.0245791319757700
0.0795371085405350
-0.0192875042557716
-0.1338419914245605
0.0351527631282806
-0.0450645685195923
0.0666955634951591
-0.0745748654007912
-0.0154000697657466
0.0230399779975414
-0.1020160466432571
0.0068042841739953
0.0860427543520927
-0.0588979460299015
0.0899478569626808
-0.0458543263375759
-0.0362968072295189
-0.0494965277612209
-0.0141058275476098
0.0539294220507145
0.0582135245203972
0.0702916756272316
0.0400794371962547
0.0178790539503098
0.0591525956988335
0.0918021723628044
0.1488323360681534
-0.0411374196410179
-0.0384809970855713
-0.0620751418173313
-0.0731110051274300
-0.0076779173687100
-0.0254019834101200
-0.0437836013734341
-0.0175406932830811
0.0301874857395887
-0.0106320213526487
-0.0242318678647280
0.0795628502964973
-0.0773422420024872
0.0298134610056877
0.0497849248349667
0.0194956101477146
0.0805067494511604
0.0307064466178417
-0.0531194582581520
0.0392356216907501
-0.0649829208850861
-0.0503103844821453
-0.0622144863009453
0.0709871128201485
-0.0566794686019421
0.0551999844610691
-0.0716644600033760
-0.0512579642236233
0.1070746928453445
-0.0100253261625767
0.0641558915376663
0.0820728316903114
-0.0815665423870087
0.0620219781994820
0.0688688158988953
0.0458843037486076
-0.0054157283157110
-0.0233372114598751
-0.0443106964230537
-0.0540351159870625
-0.0212435107678175
0.0517540015280247
-0.0783982351422310
-0.0050498428754508
0.0521843843162060
0.0332793481647968
0.0706247761845589
-0.0995378419756889
-0.0278446190059185
0.0748553201556206
0.0671669766306877
-0.0883816033601761
-0.0419514253735542
-0.0687058568000793
-0.0306932888925076
0.0218406356871128
-0.0529391095042229
0.0896735265851021
0.0713910907506943
-0.0798984542489052
0.0048779100179672
0.0437588393688202
-0.0148676298558712
-0.0206690300256014
0.0357960350811481
-0.0468496195971966
0.0034635774791241
-0.0196565464138985
0.0436338111758232
-0.0192819796502590
-0.0230696722865105
0.0882565826177597
-0.0400657169520855
0.0494679100811481
0.0750844702124596
0.0587277859449387
-0.0771564915776253
0.0309977587312460
-0.0053423549979925
0.0160654522478580
-0.0393889807164669
0.0135334935039282
-0.0345767922699451
0.1272767633199692
-0.0700599476695061
-0.0661203116178513
-0.0387802124023438
0.0735239759087563
-0.0755896046757698
0.0440560355782509
-0.0333850868046284
-0.0020414956379682
-0.0617138221859932
-0.0431445278227329
-0.0457360185682774
0.0102180875837803
0.1321140378713608
0.1211106851696968
-0.0110199991613626
-0.0376008339226246
0.0429863967001438
-0.0451993867754936
0.0777723789215088
0.1397296041250229
-0.0674443840980530
-0.0982844382524490
-0.0404402390122414
-0.0756908580660820
-0.0698634758591652
0.1019726544618607
0.0135454833507538
0.0828971564769745
0.0843193084001541
0.0587683580815792
-0.0997647792100906
0.0708369836211205
0.1034535691142082
-0.0707897394895554
-0.0192673448473215
0.0694225206971169
0.0475877523422241
-0.0337840616703033
0.1232191175222397
-0.0786057859659195
0.0107940509915352
0.0687113851308823
0.0053105205297470
-0.0259591769427061
0.0472078472375870
-0.0552182570099831
0.0713499188423157
-0.0560663230717182
-0.0411770753562450
0.0968427583575249
-0.0366552770137787
0.0076730595901608
-0.0318792723119259
0.0981429591774940
-0.0701681226491928
-0.0536818914115429
0.0936189517378807
0.0542687103152275
0.0743002444505692
-0.0143426842987537
0.0092839701101184
0.0342101119458675
0.0065385755151510
0.0311674904078245
0.0551251471042633
-0.1241348907351494
0.0700112581253052
0.0740418136119843
-0.0157165415585041
0.0622687190771103
0.0903353020548820
-0.0363660939037800
-0.0474085956811905
-0.0033932127989829
0.0109013654291630
-0.1081169247627258
-0.0772633701562881
0.0447356514632702
0.0479732751846313
0.0783276930451393
-0.0402943454682827
-0.0500740408897400
0.0450278818607330
0.0026327797677368
0.0165285244584084
0.1026878729462624
0.0762807205319405
0.0941273644566536
-0.0405196137726307
0.0128868687897921
0.1304513067007065
0.0310831349343061
-0.0442959889769554
-0.1466791033744812
0.0784962549805641
0.0677970796823502
-0.0828520208597183
-0.0404553525149822
0.0013505630195141
-0.0182076469063759
0.0200790204107761
0.0020645319018513
-0.0379330031573772
0.0765493884682655
0.0204347837716341
0.0691490620374680
-0.0147034134715796
0.0171503759920597
-0.0803945660591125
-0.0058493819087744
0.1328949034214020
-0.0731206759810448
0.0365180708467960
-0.0241708513349295
-0.0156877636909485
-0.0613506175577641
0.0251761041581631
-0.0797431692481041
-0.0877137035131454
-0.0396538265049458
-0.0716146230697632
-0.0233457628637552
0.0824411436915398
-0.0844887867569923
0.0003455534460954
0.0096833258867264
-0.1049813702702522
-0.0532644651830196
-0.1106887161731720
-0.1692194491624832
-0.0059215566143394
-0.0683381110429764
-0.0063990638591349
0.1299829632043839
0.0509345456957817
0.0649930536746979
-0.0955550149083138
0.0235638543963432
0.0561221912503242
0.2203811109066010
-0.0396727994084358
-0.0280704107135534
-0.3346018493175507
-0.0048883799463511
0.0389290228486061
-0.2162604182958603
0.0020593451336026
-0.0543180853128433
0.0132088782265782
-0.0401667691767216
0.0299477204680443
-0.0373560190200806
-0.2154391705989838
-0.1290785521268845
0.0932877734303474
-0.0651991590857506
-0.1892638206481934
-0.0331615358591080
-0.0537463873624802
-0.1786733865737915
-0.2331917285919189
-0.1103730350732803
0.0661499351263046
0.0216846670955420
0.0047097792848945
-0.1276748329401016
-0.0468224994838238
-0.1114152297377586
0.0935406908392906
-0.0747841373085976
-0.0914542526006699
0.0194550193846226
0.2379156798124313
-0.2467731535434723
-0.0914708003401756
-0.0214013848453760
-0.0363843291997910
0.0079498039558530
0.0747400373220444
-0.1178571060299873
0.0746155455708504
-0.2575462758541107
0.1147146299481392
0.0443089194595814
-0.2166389822959900
0.1364104300737381
-0.0755788162350655
0.3050791919231415
-0.1179271191358566
0.0101670539006591
0.0321020707488060
0.0341922901570797
-0.0282549727708101
0.0236931592226028
-0.0118310814723372
0.0186074171215296
-0.0291125699877739
0.0436436049640179
0.0224908180534840
-0.0052057118155062
-0.0026524581480771
-0.0642408505082130
-0.0924959182739258
-0.0700525864958763
-0.0287659429013729
0.0186508949846029
0.0271791554987431
0.0496758222579956
0.0636727362871170
0.0569823980331421
0.0224486812949181
-0.0787305682897568
0.0504829883575439
0.0280717220157385
-0.0014016001950949
-0.0440817400813103
0.0347399376332760
-0.0454879812896252
0.0171664319932461
-0.0192372035235167
-0.0147221358492970
-0.0503972545266151
0.0146875865757465
-0.0121524930000305
-0.0194594971835613
-0.0714457482099533
-0.0273574627935886
0.0335542075335979
0.0253022164106369
0.0184940770268440
0.0273119080811739
-0.0022805510088801
0.0363728217780590
-0.0190108828246593
0.0221464019268751
-0.0053653051145375
-0.0817359685897827
-0.0305321551859379
0.0410517267882824
-0.0521434098482132
-0.0069142933934927
0.0272420607507229
-0.0019398588920012
-0.0716043934226036
0.0020605898462236
-0.0675017759203911
-0.0477970503270626
-0.0198531951755285
-0.0521656870841980
-0.0554107315838337
0.0296395309269428
-0.0192876216024160
0.0455338656902313
-0.0064583458006382
0.0408514253795147
0.0255045313388109
0.0342060849070549
0.0108292354270816
-0.0169036239385605
-0.0168704204261303
0.0430199913680553
0.0359066054224968
0.0682162269949913
0.0033656391315162
-0.0145940156653523
0.0212585572153330
-0.0165573861449957
0.0299830511212349
0.0451909005641937
-0.0611171573400497
0.0886586457490921
0.0097118197008967
-0.0245653558522463
-0.0054322150535882
0.0339875817298889
0.0045988745987415
0.0731136947870255
0.1015971675515175
0.0619109310209751
0.0503368750214577
-0.0065298895351589
0.0583611428737640
0.0803888514637947
0.0456864684820175
0.0591700114309788
-0.0276918411254883
-0.0668516680598259
-0.0267578698694706
0.0399105884134769
-0.0490323901176453
-0.0127876335754991
-0.0546607561409473
0.0000771305858507
-0.0143310986459255
-0.0806201994419098
0.0436221137642860
0.0404387079179287
0.0264949221163988
-0.0862729996442795
0.0103306360542774
0.0023140171542764
0.0458043664693832
0.0697852671146393
-0.0418826751410961
-0.0113962730392814
-0.0592184029519558
0.0345970652997494
0.0251834783703089
-0.0621038079261780
-0.0296784210950136
0.0083736050873995
-0.0257494822144508
-0.0237906146794558
0.0558306723833084
0.0228691529482603
0.0441254153847694
-0.0455039367079735
-0.0643694177269936
-0.0582891590893269
-0.0242500547319651
-0.0335396081209183
-0.0200136471539736
0.0411954373121262
-0.0158472210168839
-0.0485332384705544
-0.0177940838038921
0.0183399170637131
0.0469709374010563
-0.0037066773511469
-0.0025466114748269
0.0241517443209887
-0.0486390925943851
-0.0794137343764305
-0.0535572282969952
-0.1002946123480797
0.0602146685123444
0.0159394424408674
-0.0452279709279537
0.0336799770593643
-0.0149952322244644
0.0496253743767738
-0.0119016971439123
-0.0406763665378094
0.0396357178688049
-0.0231115464121103
-0.0654000565409660
0.0588113665580750
0.0590853542089462
0.0382548011839390
0.0694599077105522
0.0314940549433231
0.0318097844719887
0.0428295470774174
-0.0047668889164925
0.0172963533550501
0.0170232839882374
-0.0547583848237991
0.0249939840286970
-0.0842318385839462
-0.0149192390963435
0.0286894198507071
-0.0317490473389626
-0.0228389129042625
0.0062554506585002
0.0269938893616199
-0.0253234654664993
-0.0376211702823639
-0.0526964552700520
-0.0823943167924881
0.0994290485978127
-0.0609028898179531
0.0244669541716576
-0.0429468266665936
0.0528508201241493
-0.0186527669429779
0.0016088626580313
0.0522828884422779
0.0026327522937208
-0.0378419533371925
-0.0144267044961452
0.0830323323607445
-0.0407061688601971
-0.0134613327682018
-0.0337490066885948
0.0278321839869022
-0.0650176107883453
0.0161997471004725
0.0638675615191460
0.0346591174602509
-0.0551553033292294
0.0147131336852908
-0.0882217884063721
-0.0062365680932999
-0.0464588738977909
0.0320303067564964
0.0256941411644220
-0.0242366343736649
-0.0747649669647217
0.0448563620448112
0.0147615345194936
-0.0116759259253740
0.0086213154718280
0.0342019237577915
-0.0306574665009975
0.0260721985250711
-0.0831439420580864
-0.0733519047498703
-0.0618103779852390
0.0043964385986328
0.0193980038166046
-0.0147299421951175
-0.0072121135890484
-0.0196232348680496
0.0161254815757275
-0.0206966623663902
0.0820961445569992
-0.0571437850594521
-0.0796900168061256
-0.0266160313040018
-0.0564922429621220
-0.0090976739302278
-0.0296070519834757
-0.0660871341824532
-0.0969186797738075
0.0478583239018917
-0.0174797754734755
-0.0019924675580114
0.0374541655182838
0.0475028641521931
-0.0079390686005354
0.0507038012146950
0.0747478082776070
-0.0345853865146637
0.0055792271159589
-0.0601997375488281
0.0331078357994556
-0.0067602070048451
-0.0036359436344355
-0.0112097170203924
0.0510603450238705
-0.0939374119043350
0.0218632463365793
0.0051808431744576
-0.0199322551488876
-0.0530709289014339
-0.0245355200022459
-0.0546907596290112
-0.0788364633917809
0.0580312237143517
0.0058662137016654
-0.0543902143836021
-0.0182883217930794
0.0500935390591621
0.0093831997364759
0.0595846660435200
0.0583222247660160
-0.0376859717071056
-0.0214679855853319
0.0225458070635796
0.0207668654620647
0.0980899631977081
0.0145573811605573
0.0511606596410275
-0.0330539196729660
0.0010122044477612
0.0468272380530834
0.0249716583639383
0.0368011891841888
-0.0211146418005228
-0.0334772579371929
0.0063570626080036
-0.0730940997600555
0.0314814038574696
-0.0421339087188244
-0.0051285447552800
-0.0564948245882988
0.0783407390117645
-0.0392969995737076
-0.0330864600837231
0.0227512307465076
-0.0271789506077766
-0.0074246940203011
-0.0210928916931152
-0.0348593518137932
0.0063144825398922
0.0509936660528183
0.0968647003173828
-0.0304159093648195
0.0003905643825419
-0.0311890002340078
-0.0706250295042992
-0.0369374752044678
0.0030141747556627
-0.0483467765152454
-0.0559008978307247
0.0381198897957802
-0.0526803620159626
0.0091425823047757
-0.0618208348751068
0.0763628557324409
0.0579385869204998
-0.0058304211124778
0.0591303296387196
-0.0426754914224148
0.0487688928842545
-0.0356662683188915
-0.0524545386433601
-0.0287969782948494
-0.0275652054697275
-0.0033984412439167
-0.0185118075460196
-0.0239062942564487
-0.0228569377213717
0.0070405136793852
-0.0913948193192482
0.0171707961708307
-0.0158096905797720
0.0036520187277347
-0.0346466563642025
0.0184139292687178
-0.0053112860769033
-0.0846656560897827
0.0168353784829378
0.0296601951122284
-0.0267109889537096
0.0232589244842529
0.0008542232098989
-0.0333671271800995
-0.0822818428277969
0.0498508363962173
0.0179318245500326
-0.0906169414520264
0.0407429635524750
0.0132340472191572
-0.0111797442659736
-0.0621831938624382
0.0580720044672489
0.0723559409379959
-0.0282177235931158
0.0676714032888412
-0.0047582904808223
-0.0014158150879666
-0.0247445683926344
-0.0357374362647533
-0.0754226669669151
0.0218181964010000
0.0564295686781406
-0.0217808391898870
0.0269343182444572
-0.0482326373457909
0.0642152130603790
0.0189988650381565
-0.0188994091004133
0.0813915804028511
0.0220225434750319
0.0062607536092401
-0.0654067620635033
-0.0097579890862107
-0.0932159796357155
0.0479423590004444
0.0805244892835617
0.0550220012664795
-0.0372106879949570
0.0628953427076340
0.0335163734853268
0.0758502036333084
-0.0328503325581551
-0.0609756708145142
0.0180939864367247
-0.0218928363174200
0.0031079626642168
0.0236127972602844
0.0462227985262871
-0.0122504793107510
0.0257592517882586
-0.0362838506698608
-0.0632688030600548
-0.0488884411752224
0.0052592619322240
-0.0593674741685390
0.0050723431631923
-0.0580342076718807
-0.0009874292882159
-0.0685494020581245
0.0581171698868275
0.0607103034853935
-0.0701357126235962
0.0498752593994141
-0.0555981025099754
0.0112540442496538
0.0233232043683529
-0.0273289568722248
0.0381479449570179
0.0367506630718708
-0.0536824502050877
-0.0115228118374944
0.0525688417255878
-0.0206179674714804
-0.0286626797169447
-0.0326464138925076
0.0636057928204536
-0.0303567796945572
0.0304396264255047
0.0823523774743080
0.0685066878795624
0.0154891302809119
0.0016961746150628
-0.0476611070334911
-0.0817099958658218
-0.1088205128908157
0.0679323747754097
-0.0176961608231068
0.0693928897380829
-0.0064686485566199
0.0633253976702690
0.0651777312159538
-0.0390875488519669
0.0602932162582874
0.0508171729743481
0.0241900682449341
-0.0489290021359921
-0.0465714931488037
0.0956253632903099
-0.0249450132250786
-0.0253207385540009
-0.0098632862791419
-0.0714078769087791
0.0086962711066008
0.0459725633263588
-0.0328045412898064
-0.0618581175804138
-0.0653578490018845
0.0190613903105259
0.0410408228635788
-0.0499770715832710
0.0526672378182411
-0.0519959181547165
0.0067417379468679
-0.0411269254982471
-0.0016648977762088
-0.0298856515437365
-0.0091681992635131
-0.0024666949175298
-0.0385026559233665
-0.0119875604286790
0.0477899797260761
0.0103257689625025
0.0103118587285280
-0.0184972714632750
-0.0261751767247915
0.0253848023712635
0.0187793876975775
-0.0509865991771221
-0.0169836673885584
0.0009689858998172
-0.0347133167088032
-0.0230492595583200
0.0225210785865784
0.0483172647655010
0.0039746183902025
-0.0108606303110719
0.0886641740798950
-0.0528136938810349
0.0023848318960518
-0.0462390445172787
0.0476870723068714
-0.0667905658483505
0.0308490935713053
-0.0306449905037880
-0.0396095253527164
-0.0440104417502880
0.0247536376118660
0.0103110475465655
-0.0252450015395880
0.0577834174036980
0.0057917009107769
-0.0067053721286356
0.0030087141785771
-0.0427983812987804
0.0545218065381050
-0.0677215084433556
0.0648565515875816
0.0705057308077812
0.0155347911641002
-0.0382014326751232
0.0201971381902695
-0.0239668600261211
0.0402166992425919
-0.0674653947353363
-0.0173234790563583
-0.0468209050595760
-0.0162514243274927
-0.0359526835381985
-0.0309659261256456
-0.0319897830486298
0.0098816314712167
0.0187327899038792
-0.0076311584562063
-0.0443405881524086
-0.0776920318603516
0.0336554199457169
-0.0856659039855003
