-0.0049200891517103
-0.0794291868805885
0.0589551888406277
0.0060257012955844
0.0325046777725220
-0.0073776002973318
0.0600275918841362
0.0064819292165339
0.0600995272397995
0.0854587480425835
0.0876436308026314
-0.0190341621637344
-0.1177534610033035
-0.0209648013114929
-0.0681015327572823
-0.1559672951698303
0.0108330892398953
0.0183751583099365
0.0786900818347931
0.0221168119460344
0.0679530277848244
-0.0068897744640708
-0.1276134550571442
0.0466776825487614
-0.0362457185983658
0.0825821161270142
-0.0689767673611641
-0.0084657929837704
0.0314567349851131
-0.0994575098156929
-0.0012462998274714
0.0801791623234749
-0.0648085549473763
0.0796094983816147
-0.0529204942286015
-0.0407742038369179
-0.0432688109576702
-0.0346316955983639
0.0370784550905228
0.0798731073737144
0.0644788295030594
0.0557155199348927
0.0287244468927383
0.0731290057301521
0.0877481549978256
0.1392106860876083
-0.0502110458910465
-0.0529882945120335
-0.0593291185796261
-0.0557705610990524
-0.0128935500979424
-0.0254024490714073
-0.0424847938120365
-0.0272974409162998
0.0302003361284733
-0.0055434862151742
-0.0119592361152172
0.0714472681283951
-0.0696522295475006
0.0444589480757713
0.0695525407791138
0.0306580066680908
0.0878841876983643
0.0290661882609129
-0.0781285539269447
0.0311938114464283
-0.0538570135831833
-0.0440818294882774
-0.0429667793214321
0.0642697960138321
-0.0531721226871014
0.0547086745500565
-0.0719470903277397
-0.0583621263504028
0.1064833700656891
0.0215333402156830
0.0675349682569504
0.0768757387995720
-0.0836422294378281
0.0471434220671654
0.0639235153794289
0.0367983058094978
-0.0247909743338823
-0.0089310193434358
-0.0351777933537960
-0.0661598369479179
-0.0187955852597952
0.0654032826423645
-0.1020013540983200
-0.0000309220013150
0.0442849285900593
0.0473873950541019
0.0660742893815041
-0.0942834168672562
-0.0370705910027027
0.0832003876566887
0.0682564377784729
-0.0901821255683899
-0.0376868918538094
-0.0500496216118336
-0.0455839112401009
0.0197015833109617
-0.0361061058938503
0.0971295163035393
0.0689349696040154
-0.0770757347345352
0.0045322044752538
0.0335680767893791
-0.0175889693200588
-0.0262387488037348
0.0539796277880669
-0.0714468136429787
0.0009896151022986
-0.0314072743058205
0.0541080199182034
-0.0138090401887894
-0.0413208715617657
0.0895405262708664
-0.0571316927671432
0.0443605594336987
0.0385366603732109
0.0680126696825027
-0.0855040624737740
0.0277961436659098
0.0122429598122835
0.0152714084833860
-0.0340954475104809
0.0335155054926872
-0.0199546199291945
0.1328735202550888
-0.0538206398487091
-0.0672727152705193
-0.0152085376903415
0.0485278293490410
-0.0946782156825066
0.0303856544196606
-0.0203147232532501
0.0011958203976974
-0.0803965330123901
-0.0314646773040295
-0.0523002818226814
-0.0008757278556004
0.1387509256601334
0.1086086779832840
0.0020689971279353
-0.0434557385742664
0.0267686955630779
-0.0477855354547501
0.0643996074795723
0.1235831677913666
-0.0629976689815521
-0.0819887220859528
-0.0222870502620935
-0.0876628756523132
-0.0588972568511963
0.1152511984109879
0.0273599363863468
0.0971527174115181
0.0850378721952438
0.0426111519336700
-0.1135064288973808
0.0865433439612389
0.0974736437201500
-0.0517591759562492
-0.0214393567293882
0.0635387897491455
0.0322955548763275
-0.0323563404381275
0.1049147769808769
-0.0700844377279282
0.0088879698887467
0.0676337331533432
-0.0252624936401844
-0.0248792786151171
0.0631730630993843
-0.0412118583917618
0.0607299581170082
-0.0705936700105667
-0.0510771833360195
0.0902359634637833
-0.0303123109042645
0.0008269140380435
-0.0505546554923058
0.1074683070182800
-0.0814555734395981
-0.0838546827435493
0.1038048043847084
0.0626068338751793
0.0902739539742470
-0.0115448730066419
-0.0095403343439102
0.0149093726649880
-0.0011101522250101
0.0277318079024553
0.0556069537997246
-0.1193071156740189
0.0665921866893768
0.0857216641306877
-0.0195744279772043
0.0573468171060085
0.0887520834803581
-0.0572311617434025
-0.0591190941631794
0.0004065260873176
-0.0170341618359089
-0.1010017246007919
-0.0767058208584785
0.0300592835992575
0.0465762577950954
0.0879942700266838
-0.0306865833699703
-0.0487921833992004
0.0437578335404396
-0.0100845824927092
0.0170686002820730
0.0991162508726120
0.0871077701449394
0.1053245365619659
-0.0436521172523499
0.0147647056728601
0.1295722573995590
0.0270906258374453
-0.0319786965847015
-0.1375972330570221
0.0869261175394058
0.0742075890302658
-0.0713289007544518
-0.0424390584230423
0.0106957452371716
-0.0393326319754124
0.0040962072089314
0.0059513961896300
-0.0401226133108139
0.0559810474514961
0.0285656638443470
0.0770732611417770
-0.0368181616067886
0.0152188576757908
-0.0760811045765877
-0.0063992133364081
0.1365137696266174
-0.0551660321652889
0.0400873981416225
-0.0232466310262680
-0.0239371471107006
-0.0683583542704582
-0.0031116229947656
-0.0833121240139008
-0.0848224833607674
-0.0262728687375784
-0.0714507550001144
-0.0334222838282585
0.0682247802615166
-0.0895137339830399
-0.0327012687921524
0.0123809874057770
-0.0422160923480988
-0.0982322469353676
-0.0420643649995327
-0.0725832954049110
0.0447809100151062
-0.1259755790233612
-0.0097584053874016
0.0815466865897179
0.0356211587786674
0.0699852779507637
-0.1051733195781708
0.0995212718844414
0.0435794964432716
0.0846800133585930
0.0267268903553486
-0.0263809189200401
-0.2437692433595657
-0.0578850917518139
0.0859775468707085
-0.2854295372962952
-0.1354984790086746
-0.0792808160185814
0.0496901385486126
-0.0061344373971224
0.0545636527240276
-0.1379982829093933
-0.2158333957195282
-0.1861533075571060
0.0334340780973434
0.0101034063845873
-0.0648401752114296
-0.0393574647605419
-0.0300751235336065
-0.1229077130556107
-0.2052828222513199
-0.1165610626339912
0.1271835118532181
0.0784749165177345
-0.0119637297466397
-0.1864441186189651
-0.1389932930469513
-0.0235432013869286
-0.0334368646144867
-0.1708286106586456
-0.1425006389617920
0.1174767762422562
0.2599476873874664
-0.2366532534360886
-0.0104615548625588
0.1652392297983170
-0.0433568134903908
0.1216590777039528
0.0287686269730330
-0.1841892004013062
-0.0188359618186951
-0.2024901509284973
0.1355805546045303
0.0872149318456650
-0.1234455704689026
0.0956807285547256
0.0351634025573730
0.3224236369132996
0.0316558629274368
-0.1290747225284576
0.0102742863819003
0.0279006287455559
0.0130303883925080
0.0213271919637918
-0.0236411318182945
0.0105791771784425
-0.0338239520788193
0.0216234344989061
0.0051986705511808
0.0012709385482594
-0.0155545687302947
-0.0764130875468254
-0.1255229711532593
-0.0692365914583206
-0.0120339225977659
0.0080993901938200
0.0110500101000071
0.0492396429181099
0.0485662966966629
0.0845536217093468
0.0088128130882978
-0.0491385981440544
0.0395284332334995
0.0375788807868958
-0.0113404858857393
-0.0415743701159954
0.0663808584213257
-0.0442931428551674
0.0190054085105658
-0.0033121809829026
-0.0382314398884773
-0.0503237769007683
0.0296600311994553
-0.0071236304938793
0.0027084161993116
-0.0825779587030411
-0.0484177991747856
0.0189715288579464
0.0193469375371933
0.0090350089594722
0.0478024967014790
0.0049319141544402
0.0184670202434063
-0.0259285010397434
0.0204990599304438
0.0132533693686128
-0.0779846906661987
-0.0107005666941404
0.0429523251950741
-0.0388373285531998
-0.0151942521333694
0.0555501878261566
0.0153511399403214
-0.0699534118175507
0.0113597316667438
-0.0538054332137108
-0.0425825640559196
-0.0365994684398174
-0.0432374775409698
-0.0405580475926399
0.0281347203999758
-0.0000703279438312
0.0303189065307379
-0.0107221016660333
0.0390711240470409
0.0405927486717701
0.0365280732512474
-0.0079227546229959
0.0141906440258026
-0.0071101700887084
0.0221626479178667
0.0235140286386013
0.0836152806878090
0.0047797048464417
-0.0241161063313484
0.0035620676353574
0.0037168522831053
0.0398834906518459
0.0545461252331734
-0.0380482859909534
0.0791309997439384
-0.0149538442492485
-0.0352049581706524
0.0192561913281679
0.0190372820943594
0.0170257650315762
0.0576326288282871
0.1172534972429276
0.0598153918981552
0.0538288205862045
-0.0017320750048384
0.0550738349556923
0.0640540644526482
0.0227992571890354
0.0532572157680988
-0.0236239228397608
-0.0236891563981771
-0.0232183728367090
0.0262051783502102
-0.0666865184903145
-0.0079140858724713
-0.0717698410153389
-0.0207198243588209
-0.0176671631634235
-0.0583631768822670
0.0548599734902382
0.0151858059689403
0.0065051484853029
-0.0764394775032997
0.0103720063343644
-0.0287799630314112
0.0293422248214483
0.0774699375033379
-0.0614696219563484
0.0066813570447266
-0.0603554025292397
0.0240958482027054
0.0594658702611923
-0.0886200889945030
-0.0012844100128859
-0.0049867788329720
-0.0253728460520506
-0.0305003449320793
0.0414603799581528
0.0192534737288952
0.0300641041249037
-0.0480923168361187
-0.0417593009769917
-0.0255037806928158
-0.0009493415709585
-0.0262510664761066
0.0018069455400109
0.0429879389703274
-0.0463141538202763
-0.0847794637084007
0.0099607249721885
0.0170858129858971
0.0492124818265438
-0.0146330185234547
-0.0143704516813159
0.0115166706964374
-0.0527358055114746
-0.0649968758225441
-0.0472299568355083
-0.0798983126878738
0.0294471923261881
0.0222297385334969
-0.0657541975378990
0.0546040534973145
-0.0143722165375948
0.0195323731750250
0.0034157999325544
-0.0342301428318024
0.0355199351906776
-0.0448446646332741
-0.0952584743499756
0.0478624626994133
0.0724123343825340
0.0361652337014675
0.0801394134759903
0.0051926234737039
0.0552613362669945
0.0486759357154369
0.0097912978380919
0.0040757930837572
0.0317046009004116
-0.0232009552419186
0.0459798835217953
-0.0745294243097305
-0.0067480765283108
0.0335181802511215
-0.0141682587563992
-0.0138890175148845
0.0286330170929432
0.0205704458057880
-0.0318450368940830
-0.0178259070962667
-0.0450002290308475
-0.0726800858974457
0.0917256623506546
-0.0241459943354130
0.0127643607556820
-0.0709917247295380
0.0636256486177444
-0.0009134233696386
0.0023672273382545
0.0463767424225807
-0.0319944247603416
-0.0482514351606369
0.0109623307362199
0.0655173733830452
-0.0475459136068821
0.0017958661774173
-0.0472868531942368
0.0114773456007242
-0.0923515632748604
0.0048750545829535
0.0293587353080511
0.0119017856195569
-0.0515587665140629
0.0140137430280447
-0.0775183960795403
0.0129766259342432
-0.0640442520380020
0.0288883671164513
0.0158925577998161
-0.0202952437102795
-0.0665019974112511
0.0599270276725292
0.0321881547570229
0.0220514871180058
0.0099797006696463
0.0336559154093266
-0.0196944307535887
0.0305545553565025
-0.0824511796236038
-0.0499834343791008
-0.0449178293347359
0.0152527261525393
0.0599838718771935
0.0319311060011387
-0.0313219688832760
-0.0050365319475532
0.0305802393704653
-0.0255664903670549
0.0773017108440399
-0.0723374411463737
-0.0905566960573196
-0.0305606164038181
-0.0648268535733223
-0.0075607197359204
-0.0175064336508512
-0.0443223230540752
-0.1039116159081459
0.0490403287112713
-0.0209187716245651
0.0119807822629809
0.0316564515233040
0.0237563159316778
-0.0404058136045933
0.0381518192589283
0.0814046636223793
-0.0386474058032036
-0.0066399099305272
-0.0393168330192566
0.0278751924633980
-0.0061494871042669
-0.0152408555150032
-0.0336211249232292
0.0485164783895016
-0.0874894708395004
0.0108307488262653
0.0228361617773771
-0.0015455706743523
-0.0366607196629047
-0.0396334081888199
-0.0533487275242805
-0.0755265429615974
0.0277144927531481
0.0154831139370799
-0.0446414276957512
-0.0392969623208046
0.0353077165782452
0.0039228876121342
0.0209572371095419
0.0677528679370880
-0.0257146209478378
-0.0269957780838013
0.0250302236527205
-0.0010503873927519
0.0984803512692451
0.0231910534203053
0.0445238538086414
-0.0317842215299606
0.0072686388157308
0.0851531550288200
0.0310582406818867
0.0584403946995735
0.0056962664239109
-0.0161482933908701
0.0207561757415533
-0.0695583671331406
0.0282444022595882
-0.0495647974312305
-0.0015187823446468
-0.0682362914085388
0.0862410962581635
-0.0441640019416809
-0.0233989059925079
0.0430328585207462
0.0064571606926620
-0.0235958378762007
-0.0458762645721436
-0.0616894587874413
-0.0154256122186780
0.0508061163127422
0.0912537127733231
-0.0231128428131342
0.0130925076082349
-0.0477888137102127
-0.0531900711357594
-0.0211065113544464
0.0132234487682581
-0.0626914575695992
-0.0398070514202118
0.0570961162447929
-0.0317332893610001
-0.0047361436299980
-0.0712880939245224
0.0765637457370758
0.0580432862043381
-0.0183913670480251
0.0492021478712559
-0.0307829156517982
0.0501213781535625
-0.0112559599801898
-0.0307849515229464
-0.0226079486310482
-0.0218215063214302
-0.0163907483220100
-0.0311656743288040
-0.0352352969348431
-0.0153492707759142
0.0132807362824678
-0.0723007842898369
-0.0135932080447674
-0.0316797010600567
0.0000881937667145
-0.0200973208993673
0.0179574638605118
-0.0296115074306726
-0.0685956478118896
0.0366244576871395
0.0168169029057026
-0.0105590419843793
0.0139446016401052
-0.0063044135458767
-0.0242738649249077
-0.1014824733138084
0.0718732103705406
0.0399476960301399
-0.0595134235918522
0.0336389429867268
0.0321590825915337
-0.0243167914450169
-0.0489637926220894
0.0651678144931793
0.0594271123409271
-0.0400557145476341
0.0376265496015549
0.0306476540863514
-0.0158640034496784
-0.0428080484271049
-0.0264747682958841
-0.0620663240551949
0.0217452365905046
0.0556833297014236
-0.0271722879260778
0.0419122092425823
-0.0499462038278580
0.0952235609292984
0.0305898133665323
-0.0273365154862404
0.0714206844568253
0.0377246849238873
-0.0145136676728725
-0.0878922194242477
-0.0112863332033157
-0.0957771316170692
0.0350361429154873
0.0517343804240227
0.0553670339286327
-0.0559745393693447
0.0358057022094727
0.0364699065685272
0.0877291262149811
-0.0122340433299541
-0.0556655153632164
0.0465684160590172
-0.0122420284897089
0.0127739273011684
0.0256623905152082
0.0742357298731804
-0.0290078856050968
0.0342728234827518
-0.0274525284767151
-0.0775247737765312
-0.0428759865462780
0.0315585173666477
-0.0568612292408943
-0.0098204985260963
-0.0439139977097511
-0.0085143651813269
-0.0806438773870468
0.0460275933146477
0.0677076950669289
-0.0529997125267982
0.0621628016233444
-0.0564761124551296
0.0220052041113377
0.0405127890408039
0.0007493962184526
0.0419260226190090
0.0304591283202171
-0.0597948320209980
-0.0221598967909813
0.0460611283779144
-0.0222996138036251
-0.0165723059326410
-0.0247970763593912
0.0458009615540504
-0.0705795437097549
0.0067547829821706
0.0666395798325539
0.0426069013774395
0.0567635446786880
0.0164968334138393
-0.0491645522415638
-0.0664079785346985
-0.0859983414411545
0.0644828379154205
-0.0101089309900999
0.0270533785223961
-0.0067263878881931
0.0368035659193993
0.0849624052643776
-0.0363879576325417
0.0428686328232288
0.0424618683755398
0.0353247337043285
-0.0626977831125259
-0.0778632014989853
0.0934104695916176
-0.0220400523394346
-0.0223735179752111
0.0279149264097214
-0.0473186559975147
0.0302547309547663
0.0382970944046974
-0.0516642928123474
-0.0444444529712200
-0.0452362596988678
0.0212202519178391
0.0429210215806961
-0.0730755478143692
0.0537797547876835
-0.0786099433898926
-0.0023610738571733
-0.0654729455709457
0.0108503997325897
0.0171130932867527
-0.0137707944959402
0.0148748373612761
-0.0169613882899284
-0.0240238010883331
0.0475287511944771
-0.0049264114350080
-0.0068639884702861
-0.0396624021232128
-0.0239753462374210
0.0464466214179993
0.0260657817125320
-0.0656946972012520
-0.0252337865531445
0.0166986212134361
-0.0439731515944004
-0.0055999197065830
0.0094537101686001
0.0630986839532852
-0.0237014628946781
0.0083192782476544
0.0733661130070686
-0.0267709214240313
0.0127518689259887
-0.0609917566180229
0.0087752407416701
-0.0588854514062405
0.0302210189402103
-0.0468622706830502
-0.0306279473006725
-0.0421822816133499
0.0321251228451729
0.0179116576910019
-0.0112270237877965
0.0822379216551781
0.0220498405396938
0.0238509178161621
0.0560353845357895
-0.0414208211004734
0.0565907731652260
-0.0495594516396523
0.0537461824715137
0.0566649660468102
0.0060330680571496
-0.0253988672047853
0.0104385484009981
-0.0069880760274827
0.0356774590909481
-0.0543092191219330
-0.0331732556223869
-0.0608964003622532
-0.0073891011998057
-0.0571920312941074
-0.0123761286959052
-0.0078925546258688
-0.0099314860999584
0.0244880914688110
-0.0442146174609661
-0.0565245263278484
-0.0524553433060646
0.0214396305382252
-0.0807727724313736
