0.0464076325297356
-0.0769013836979866
0.0375115945935249
0.0165626052767038
0.0569434538483620
0.0053416090086102
0.0474190711975098
-0.0281522907316685
0.0139629477635026
0.0834187418222427
0.1241625100374222
-0.0231222435832024
-0.1283639520406723
0.0096900966018438
-0.0357342995703220
-0.1480201482772827
0.0140813896432519
0.0122028039768338
0.0741433054208755
0.0159642137587070
0.0648854747414589
-0.0039648669771850
-0.1317919939756393
0.0410705208778381
-0.0426607616245747
0.1219694167375565
-0.0546527989208698
-0.0112712457776070
0.0243500303477049
-0.0981654599308968
-0.0435927696526051
0.0781098753213882
-0.0853643566370010
0.0838261321187019
-0.0825730860233307
-0.0496726743876934
-0.0586935281753540
-0.0180503595620394
0.0384136363863945
0.0603088438510895
0.0828531160950661
0.1037350669503212
0.0228750612586737
0.0918539538979530
0.0682242363691330
0.1039931178092957
-0.0632026717066765
-0.0638120397925377
-0.0582902692258358
-0.0552409365773201
-0.0268111918121576
-0.0117253446951509
-0.0175267737358809
-0.0317636094987392
0.0278078522533178
0.0359391197562218
-0.0041671115905046
0.0989052206277847
-0.0307718943804502
0.0304782129824162
0.0956446826457977
0.0115362033247948
0.0709313750267029
0.0285479836165905
-0.0603478886187077
0.0282948110252619
-0.0461984686553478
-0.0348143614828587
-0.0371278561651707
0.0567485690116882
-0.0546960905194283
0.0574507415294647
-0.0937854349613190
-0.0482829995453358
0.1088330596685410
-0.0024775511119515
0.0632184818387032
0.0584055148065090
-0.0475480593740940
0.0405029430985451
0.0468868203461170
0.0504002645611763
-0.0401738509535789
-0.0283261872828007
-0.0358738526701927
-0.0476207993924618
-0.0746585056185722
0.0603059791028500
-0.1009205058217049
-0.0135095175355673
0.0558945238590240
0.0285491477698088
0.0723556652665138
-0.1067816168069839
-0.0779079422354698
0.0988852307200432
0.0455959923565388
-0.0817772746086121
-0.0263700075447559
-0.0420411005616188
-0.0328515022993088
0.0211721956729889
-0.0478984005749226
0.0590947046875954
0.0774076953530312
-0.0728318467736244
0.0062468904070556
0.0569686479866505
-0.0120524782687426
-0.0162660200148821
0.0909564569592476
-0.0614348612725735
0.0162850562483072
-0.0017174812965095
0.0395174250006676
-0.0122710932046175
-0.0512945204973221
0.1001695990562439
-0.0514670871198177
0.0444241315126419
0.0486332289874554
0.0494931265711784
-0.0704990699887276
0.0342918448150158
-0.0168521385639906
0.0346074588596821
-0.0473491474986076
0.0149869443848729
-0.0018800626276061
0.1316647827625275
-0.0705079063773155
-0.0607377290725708
0.0003079004818574
0.0326697155833244
-0.0795593634247780
0.0289919469505548
-0.0472043976187706
-0.0148883145302534
-0.1084688976407051
-0.0410331599414349
-0.0471763126552105
-0.0316761955618858
0.1169794425368309
0.1040633544325829
0.0074445265345275
-0.0248491689562798
0.0039270538836718
-0.0764946714043617
0.0657505020499229
0.1208233013749123
-0.0705764815211296
-0.0458915717899799
-0.0135891763493419
-0.0677163153886795
-0.0609851665794849
0.0847442820668221
0.0266994759440422
0.0748301297426224
0.0918592661619186
0.0306744966655970
-0.0986787751317024
0.0702788084745407
0.1092417612671852
-0.0291364472359419
-0.0059117781929672
0.0998660922050476
0.0182828139513731
-0.0174940023571253
0.1167508736252785
-0.0694131329655647
0.0039272098802030
0.0489606559276581
-0.0476664043962955
-0.0261245463043451
0.0401819907128811
-0.0595003478229046
0.0314396582543850
-0.0781289115548134
-0.0465137995779514
0.0900462269783020
-0.0588766783475876
0.0366763621568680
-0.0306306611746550
0.0854641646146774
-0.0638802945613861
-0.0762443765997887
0.0963093414902687
0.0565401464700699
0.1078351959586143
-0.0160407442599535
0.0047109937295318
0.0205851066857576
-0.0015465731266886
0.0421056523919106
0.0447578355669975
-0.0975752025842667
0.0559198297560215
0.0902846008539200
-0.0070937974378467
0.0591880269348621
0.0718293040990829
-0.0216603092849255
-0.0642530620098114
0.0129674077033997
-0.0263095218688250
-0.1301315575838089
-0.1006452366709709
0.0309923421591520
0.0443878695368767
0.0629445612430573
-0.0513102747499943
-0.0278055947273970
0.0325978584587574
-0.0161937940865755
0.0097519848495722
0.1345503926277161
0.0717181637883186
0.1025038734078407
-0.0210521314293146
0.0329173170030117
0.1434752196073532
0.0639459043741226
-0.0075100581161678
-0.1308926790952682
0.0798948928713799
0.0567026212811470
-0.0808745548129082
-0.0993987023830414
0.0076323645189404
-0.0402266792953014
0.0113726230338216
0.0128743546083570
-0.0312840603291988
0.0628846436738968
0.0443786382675171
0.0655414462089539
-0.0221024751663208
0.0302111450582743
-0.0532357655465603
-0.0212589483708143
0.1489298492670059
-0.0616639107465744
0.0300068594515324
-0.0456406958401203
0.0030271613504738
-0.0436120219528675
-0.0090873474255204
-0.0788958072662354
-0.0585856810212135
-0.0197765231132507
-0.0655949413776398
-0.0173907186836004
0.0702148601412773
-0.1004282534122467
-0.0306714996695518
-0.0040695280767977
-0.0963911488652229
-0.0431339479982853
-0.1597148329019547
-0.1645741015672684
0.0057355938479304
-0.1407099962234497
0.0620561204850674
0.1351263672113419
0.0132752703502774
0.0432710126042366
-0.1614712178707123
0.0374632775783539
0.1010503098368645
0.1898666918277740
-0.0925890430808067
-0.0030314950272441
-0.3510526418685913
0.0051616844721138
0.0669845491647720
-0.2088811546564102
0.0144838690757751
-0.0337663181126118
-0.0125064412131906
-0.0765585079789162
0.0267031751573086
-0.0101967947557569
-0.1562080234289169
-0.1120697632431984
0.0510064437985420
-0.0968988165259361
-0.1436148881912231
-0.0373945347964764
-0.0876592472195625
-0.1957380771636963
-0.2440106123685837
-0.0436333976686001
0.0916005596518517
-0.0167111754417419
-0.0663926750421524
-0.0870649218559265
0.0052908193320036
-0.1055209040641785
0.0810835137963295
-0.0208893623203039
-0.0640491470694542
-0.0162121057510376
0.1927088201045990
-0.2512740194797516
-0.1397226154804230
-0.0442708991467953
-0.0427179969847202
0.0128513388335705
0.0979806333780289
-0.0806790962815285
0.0809389650821686
-0.2666979432106018
0.1442849040031433
0.0144498869776726
-0.2189606428146362
0.1133417114615440
-0.0091868406161666
0.3140470683574677
-0.0936513543128967
0.0439250394701958
0.0124040748924017
0.0329649522900581
0.0032938530202955
0.0149649977684021
0.0038911665324122
-0.0039714649319649
-0.0519886016845703
0.0483452454209328
-0.0117976441979408
-0.0003641378425527
-0.0097123086452484
-0.0638432949781418
-0.1090375408530235
-0.0576621368527412
-0.0259624850004911
0.0247110668569803
0.0171675737947226
0.0748129412531853
0.0466622933745384
0.0531557686626911
0.0260094590485096
-0.0487989224493504
0.0381071753799915
0.0370724312961102
0.0089587001129985
-0.0327331461012363
0.0567748807370663
-0.0633435472846031
0.0206847283989191
-0.0029361683409661
-0.0279746390879154
-0.0514343380928040
0.0178520064800978
-0.0144641771912575
0.0067343642003834
-0.0810900032520294
-0.0297028943896294
0.0285475179553032
0.0272174235433340
0.0081416117027402
0.0296673998236656
0.0159725435078144
0.0145894521847367
-0.0447336100041866
0.0308976434171200
-0.0080228149890900
-0.0773244425654411
-0.0063876383937895
0.0556195862591267
-0.0544683225452900
-0.0170408301055431
0.0366470851004124
-0.0015188589459285
-0.0773641020059586
-0.0136514212936163
-0.0420944802463055
-0.0502119213342667
-0.0256456378847361
-0.0417955666780472
-0.0361927933990955
0.0277331117540598
0.0003772258060053
0.0562964901328087
0.0049420567229390
0.0321778245270252
0.0403723642230034
0.0199087169021368
0.0000857926352182
-0.0098239174112678
-0.0025620379019529
0.0486233532428741
0.0239109750837088
0.0646770521998405
0.0074898917227983
-0.0181563664227724
-0.0010873058345169
-0.0036849656607956
0.0397258810698986
0.0503003261983395
-0.0438497625291348
0.0680282041430473
-0.0142269898205996
-0.0182983428239822
-0.0011984206503257
0.0510159321129322
0.0170363914221525
0.0628730356693268
0.1218926236033440
0.0804365947842598
0.0541814789175987
-0.0075142872519791
0.0552717559039593
0.0812844038009644
0.0314415991306305
0.0597067438066006
-0.0279097147285938
-0.0425756908953190
-0.0259880293160677
0.0453010685741901
-0.0530069507658482
-0.0347637385129929
-0.0460285022854805
-0.0077873300760984
-0.0199670270085335
-0.0589671246707439
0.0368690118193626
0.0259094852954149
0.0286089684814215
-0.0870975032448769
0.0069582583382726
-0.0098603563383222
0.0356927961111069
0.0820365622639656
-0.0626760423183441
0.0036893461365253
-0.0495908670127392
0.0294574350118637
0.0502809099853039
-0.0622247010469437
-0.0247833821922541
-0.0102943368256092
-0.0293820593506098
-0.0329198949038982
0.0519521161913872
0.0226019173860550
0.0326074585318565
-0.0499522611498833
-0.0288275107741356
-0.0388679951429367
-0.0228205844759941
-0.0276226606220007
0.0057968855835497
0.0525505542755127
-0.0465228334069252
-0.0745313838124275
0.0022962759248912
0.0331971310079098
0.0557229258120060
-0.0062133758328855
0.0073621133342385
0.0143207432702184
-0.0558568574488163
-0.0662886574864388
-0.0480498149991035
-0.0903113707900047
0.0472337268292904
0.0177294630557299
-0.0688137188553810
0.0381146818399429
0.0014982598368078
0.0204843711107969
-0.0086761498823762
-0.0330847762525082
0.0647121965885162
-0.0559737123548985
-0.0706392303109169
0.0404199883341789
0.0603908710181713
0.0502810999751091
0.0867972970008850
0.0032447427511215
0.0487813875079155
0.0489025712013245
-0.0045984452590346
0.0116335907950997
0.0238729640841484
-0.0424085184931755
0.0151129765436053
-0.0951373577117920
-0.0158675573766232
0.0279950033873320
-0.0225430391728878
-0.0058651445433497
0.0253273863345385
0.0296377744525671
-0.0357754863798618
-0.0353916920721531
-0.0295216590166092
-0.0905800834298134
0.0929428488016129
-0.0312172900885344
0.0210158862173557
-0.0613735169172287
0.0634696930646896
-0.0098391519859433
0.0067998780868948
0.0456608608365059
-0.0425473153591156
-0.0256438814103603
0.0089444909244776
0.0805848315358162
-0.0489408448338509
-0.0035346362274140
-0.0322548262774944
0.0120725724846125
-0.0925009250640869
-0.0028682900592685
0.0357117652893066
0.0181410722434521
-0.0610944665968418
0.0250866729766130
-0.0850288644433022
0.0063232439570129
-0.0662170872092247
0.0140975965186954
0.0394903905689716
-0.0116132274270058
-0.0727527141571045
0.0497443936765194
0.0306555982679129
0.0132905691862106
0.0239751264452934
0.0259995143860579
-0.0273293536156416
0.0329656228423119
-0.0836983025074005
-0.0431060269474983
-0.0422060415148735
0.0280690528452396
0.0364679582417011
0.0245698727667332
-0.0261296313256025
-0.0020039754454046
0.0188178643584251
-0.0243958663195372
0.0812337920069695
-0.0564353279769421
-0.0945194587111473
-0.0197750572115183
-0.0560510046780109
-0.0012457760749385
-0.0170426201075315
-0.0555132217705250
-0.1011378690600395
0.0541811585426331
-0.0241711791604757
0.0283214710652828
0.0158487744629383
0.0492408163845539
-0.0362981371581554
0.0275478977710009
0.0726584047079086
-0.0577587820589542
0.0068628336302936
-0.0556464456021786
0.0523927137255669
0.0071591059677303
-0.0126788057386875
-0.0100925676524639
0.0416027270257473
-0.0740406438708305
0.0104477349668741
0.0257912147790194
-0.0099799372255802
-0.0385743193328381
-0.0357007980346680
-0.0538646280765533
-0.0679678097367287
0.0418186150491238
0.0202128738164902
-0.0522231236100197
-0.0254744421690702
0.0408407524228096
0.0055329515598714
0.0405649840831757
0.0705712139606476
-0.0264379940927029
-0.0292396359145641
0.0272855125367641
0.0088342251256108
0.0921748802065849
0.0341847352683544
0.0615938790142536
-0.0354650281369686
0.0024864296428859
0.0721765831112862
0.0311033148318529
0.0409802235662937
-0.0057442174293101
-0.0341257527470589
0.0168753825128078
-0.0664318129420280
0.0135070979595184
-0.0540759786963463
0.0091891316697001
-0.0743841826915741
0.0787120535969734
-0.0366172678768635
-0.0367984585464001
0.0258140303194523
-0.0168271604925394
-0.0272012297064066
-0.0411502756178379
-0.0546551570296288
-0.0057405591942370
0.0524635091423988
0.0901463702321053
-0.0135923204943538
0.0076812105253339
-0.0529360882937908
-0.0430278889834881
-0.0260151531547308
0.0111351860687137
-0.0517414100468159
-0.0301189702004194
0.0475641414523125
-0.0211382117122412
0.0000769670878071
-0.0534578077495098
0.0779335126280785
0.0753563567996025
-0.0125560015439987
0.0505457520484924
-0.0133578330278397
0.0440830923616886
-0.0248976796865463
-0.0275225788354874
-0.0359308049082756
-0.0390792563557625
0.0019363742321730
-0.0362524390220642
-0.0296245608478785
-0.0100843077525496
0.0270801167935133
-0.0777535289525986
0.0033180231694132
-0.0297812782227993
0.0313530340790749
-0.0369550772011280
0.0151437288150191
-0.0267274025827646
-0.0688197463750839
0.0303350090980530
0.0222446136176586
-0.0074774809181690
0.0310699883848429
0.0093558523803949
-0.0082584340125322
-0.0731139779090881
0.0898970961570740
0.0414017997682095
-0.0742458999156952
0.0323212966322899
0.0206437893211842
-0.0397133454680443
-0.0658069476485252
0.0495511628687382
0.0446895994246006
-0.0476724281907082
0.0286706089973450
0.0220666788518429
-0.0221260972321033
-0.0301523841917515
-0.0291278790682554
-0.0768629312515259
0.0201763231307268
0.0618412196636200
-0.0397460237145424
0.0363590903580189
-0.0563534311950207
0.1023625805974007
0.0210192166268826
-0.0309279747307301
0.0680185407400131
0.0206352099776268
0.0056383078917861
-0.0822689458727837
-0.0171374473720789
-0.0916272178292274
0.0395114421844482
0.0397689789533615
0.0404355302453041
-0.0593161061406136
0.0462425798177719
0.0368514321744442
0.0829792991280556
-0.0349440053105354
-0.0647424235939980
0.0280377082526684
-0.0041636219248176
-0.0084354076534510
0.0277838166803122
0.0608832165598869
-0.0262217130511999
0.0434795580804348
-0.0374965667724609
-0.0740579515695572
-0.0422665216028690
0.0087186638265848
-0.0520760901272297
-0.0202533844858408
-0.0479282252490520
-0.0158912874758244
-0.0756804719567299
0.0492278710007668
0.0657862052321434
-0.0723581835627556
0.0454371236264706
-0.0427065752446651
0.0373829379677773
0.0373654998838902
-0.0132291531190276
0.0492956042289734
0.0232447627931833
-0.0530865974724293
-0.0251600258052349
0.0387742593884468
-0.0256465896964073
-0.0131094818934798
-0.0400620289146900
0.0551488250494003
-0.0640682503581047
0.0044529922306538
0.0724645107984543
0.0470431558787823
0.0575687438249588
0.0065621291287243
-0.0534299053251743
-0.0737144052982330
-0.0710675641894341
0.0866233408451080
-0.0244925506412983
0.0392160229384899
0.0048029711470008
0.0456406101584435
0.0767827853560448
-0.0426941402256489
0.0580228827893734
0.0721939429640770
0.0278587602078915
-0.0633308812975883
-0.0752828270196915
0.0815304741263390
-0.0342480465769768
-0.0155964847654104
0.0075336759909987
-0.0639247298240662
0.0072074932977557
0.0316600799560547
-0.0353967286646366
-0.0293238107115030
-0.0536317676305771
0.0379610359668732
0.0483538284897804
-0.0466146543622017
0.0389026179909706
-0.0660165324807167
-0.0009217276237905
-0.0503986589610577
-0.0051421122625470
0.0032678667921573
-0.0031124446541071
-0.0085732778534293
-0.0162667371332645
-0.0112841241061687
0.0570163950324059
-0.0141499973833561
0.0081683984026313
-0.0324849858880043
-0.0282471217215061
0.0435158945620060
0.0233555175364017
-0.0663773342967033
-0.0303564667701721
0.0140955662354827
-0.0180066842585802
-0.0114967161789536
0.0094889504835010
0.0531609319150448
-0.0027965812478215
0.0115338200703263
0.0753651559352875
-0.0277467016130686
0.0143716139718890
-0.0475484244525433
0.0397835783660412
-0.0677931606769562
0.0193242784589529
-0.0324616692960262
-0.0219373945146799
-0.0371007025241852
0.0141566488891840
0.0127498218789697
-0.0112598864361644
0.0821369215846062
0.0074114040471613
0.0037119640037417
0.0355637334287167
-0.0353756584227085
0.0421844981610775
-0.0599375255405903
0.0498968213796616
0.0717820748686790
0.0046024248003960
-0.0371114946901798
0.0176222193986177
-0.0087189441546798
0.0538198016583920
-0.0642055273056030
-0.0384658798575401
-0.0663845837116241
-0.0125345243141055
-0.0390434078872204
-0.0167351998388767
-0.0279997885227203
-0.0023526409640908
0.0363137014210224
-0.0469345562160015
-0.0493343248963356
-0.0645439997315407
0.0366385318338871
-0.0867749899625778
