-0.02946935
-0.01523419
0.00831770
-0.01978088
0.00062363
-0.11316869
-0.02306734
-0.04062673
-0.00612735
-0.01503356
0.02988442
-0.02542019
-0.02547379
-0.00002448
0.02800281
0.00728770
0.01075443
0.00175519
0.03710492
0.01619987
-0.02849824
0.02053387
-0.00276219
-0.02354476
-0.00999346
0.03714249
0.02533282
0.00769137
0.04015044
-0.03965960
0.05395830
0.00664827
0.01301391
-0.00005433
0.03521660
0.01871175
0.04047240
-0.00054201
0.00380594
-0.02094634
0.03517186
0.00069232
-0.01675406
0.02047060
0.01463793
0.03168418
-0.04157100
-0.00467665
0.01263838
0.00434198
0.00830755
0.11160158
0.02242072
-0.00686490
0.00660404
-0.00374688
0.01598592
0.00649547
0.02179200
-0.07031507
0.01868331
0.01068743
0.03094749
-0.02408621
0.00218110
-0.04494301
-0.00542264
0.01561388
0.07824198
0.05738430
-0.02818084
-0.00566547
0.13781288
-0.00841433
0.01772905
-0.02274889
-0.01388482
0.00768748
0.03632683
0.12139498
-0.00977668
-0.01472064
-0.00955757
0.02859747
-0.07100535
-0.02203135
0.00927910
-0.00116564
-0.02761176
-0.00077627
0.01655617
0.02443288
0.03679107
0.01714323
0.01324563
-0.01105756
-0.01516126
0.01132011
0.03864076
0.02490320
-0.02515541
-0.08704639
-0.02228404
-0.01343847
-0.00246855
0.00020484
-0.01880865
0.03365422
0.00040947
-0.02314042
0.01925438
-0.00716507
-0.01509559
-0.05368156
-0.01892631
0.01018742
-0.01520772
0.01820372
-0.01995344
-0.00581021
0.01963453
-0.00947581
0.03608556
-0.01750325
0.04073878
-0.00103194
-0.03357206
0.00396509
0.01279620
-0.10573897
-0.02576515
-0.00675465
0.03940168
0.02842758
-0.01316365
0.04456253
0.00007818
0.05378802
0.18358798
-0.01558940
-0.00406508
0.02472684
0.00147046
0.00063521
0.03456774
0.03309420
0.00320756
0.01266217
0.00470796
0.00230535
0.03826597
-0.00119937
0.00865326
-0.01637206
-0.01284699
-0.00079144
0.04788292
0.01017202
0.01090211
-0.04480119
-0.00266999
-0.09487215
0.06268447
-0.01987688
0.03161590
0.04612806
0.06064834
-0.01509751
0.03438970
0.06477474
-0.00658439
-0.00965079
0.00130507
0.01220486
-0.00172209
-0.00263949
-0.05550758
0.02190992
0.16189961
0.00867572
-0.01481129
0.00510486
0.02009249
-0.02031132
-0.04903711
0.24766760
-0.36309829
0.02914907
-0.01725787
-0.04311801
0.04045527
-0.03444290
0.00850402
0.01086990
-0.01522652
0.03134478
-0.05589249
0.01568238
0.03477798
0.00885620
0.02516445
-0.01302412
-0.33113506
0.01310465
0.04513232
-0.08159891
0.00174401
-0.00802566
-0.02102730
-0.03745070
-0.01417815
-0.03948431
0.00218339
0.01789322
0.00613456
0.00250546
0.00440688
-0.00799505
0.00232302
-0.00334647
0.01949303
-0.60146385
0.01099051
-0.00624167
0.04358293
0.04305957
0.03224265
-0.03545148
0.04612759
0.01204464
-0.00918540
0.02361045
-0.04392641
-0.02698335
0.07867436
-0.01925920
-0.01693107
0.01661673
0.00597041
0.00032463
-0.00255595
0.01242599
-0.14564867
-0.01300770
0.00472296
-0.00479905
-0.00430613
-0.00376352
0.01096577
-0.02258740
-0.00565226
-0.00448822
0.01025669
0.01793882
-0.02076338
0.03033672
0.10476466
-0.07088719
-0.00244608
0.03415557
0.08554599
0.08220107
-0.09732541
-0.12117982
0.07600924
-0.03399661
0.00856250
0.04201851
0.07852019
-0.06917718
-0.00218769
-0.11443215
0.05830722
0.08337400
0.00681065
0.00385293
0.17949399
0.03631082
-0.00619611
0.04066511
-0.02759928
-0.07489639
-0.02964796
0.08247385
-0.03897218
-0.06386025
-0.06218585
-0.07806666
-0.08554076
0.08549982
0.00104736
-0.02084226
0.05210874
0.10413435
-0.10316545
-0.12842067
-0.01625671
-0.00391265
-0.08784427
0.10638578
-0.06687789
0.01280932
0.81488496
0.08847883
0.07181545
-0.03777599
0.07057229
0.11922842
0.11288252
-0.11732810
0.05818477
-0.05292457
0.03868489
0.07660879
0.05965053
0.10241688
0.06469305
0.00405198
-0.02926248
-0.00101504
0.04882084
-0.03453019
0.04697128
0.04126117
0.00958257
-0.01141756
-0.00379628
0.06732687
-0.01122701
0.01046272
0.05109780
0.03915225
-0.01987666
-0.02152962
0.00826155
0.03291138
-0.03527930
-0.01062235
-0.00320043
0.03302449
0.00546004
0.03855222
-0.06354368
0.03476363
-0.00198063
-0.07319079
-0.01480869
-0.00825587
-0.00559036
0.04460843
0.01010796
-0.09778558
0.02054252
-0.12704974
-0.01898458
-0.00774824
-0.01178483
-0.02624393
-0.11632715
0.03063261
0.03240147
0.03481257
0.01734466
0.04861146
0.01956813
0.00208145
-0.00867416
-0.03834981
-0.00345394
-0.03844659
0.01184517
0.11788017
-0.07000571
0.04739383
0.03273589
0.05043797
-0.06801576
0.04903771
0.00642632
-0.01198802
-0.06276816
-0.00713535
-0.03269884
0.02047534
-0.06178008
0.04017672
-0.00479985
0.04204196
0.05852979
-0.00609629
0.06156716
-0.06771208
-0.06265827
0.03871327
0.03042899
-0.03098548
0.11627278
0.05664461
0.00925936
-0.06722010
0.03140982
0.04999521
-0.06789263
0.04806909
-0.00570682
-0.11291678
-0.02998921
-0.09359007
-0.01873926
0.01735701
0.06949493
-0.01377575
-0.00224377
0.02799418
0.04699931
0.00302110
-0.01912023
0.00820356
-0.07895394
-0.01291976
0.00584828
-0.01456279
0.05126825
0.00694499
0.07311881
-0.01606329
-0.00071822
-0.03850169
0.00252701
-0.00549867
0.03100627
-0.03970664
0.02734228
0.02044464
-0.05301472
0.00469727
0.01530100
-0.04093293
-0.03093710
-0.00567193
0.06099963
-0.00421787
0.05459558
0.11827171
0.10295273
-0.05906477
-0.05330424
0.05081827
-0.01065699
-0.14942525
0.04387436
-0.03839597
-0.03755566
-0.02155711
-0.02594938
0.02487132
-0.02422524
-0.09279314
0.07046434
0.00899264
0.00803834
0.00468517
-0.00211862
-0.02753184
0.02909343
-0.01037229
0.01953745
0.01444570
0.02984633
-0.00425489
-0.01904784
0.02622478
-0.03613644
0.07046348
0.06919535
0.00351723
-0.02439447
-0.11502472
0.08328852
-0.01929452
0.02631208
-0.02022395
-0.00880334
0.00760011
-0.00748070
-0.00675171
0.01896681
0.08206136
-0.00266981
0.08047863
-0.03099657
0.06018577
-0.01493870
-0.03198976
0.06017753
0.03501581
0.02319278
0.00569656
-0.09108023
0.06195262
-0.02846345
-0.00013957
0.06849181
-0.00459083
0.02166458
-0.02411342
0.01825226
0.01722146
0.03684242
0.01405627
0.02381575
-0.07593013
0.09275062
-0.05245507
0.00106079
0.00013442
0.04226105
-0.03614286
-0.03231730
-0.02982881
0.01923985
0.10172417
0.06462904
-0.03706247
-0.01074410
0.01510998
0.00145828
0.05040239
-0.05327418
0.00203033
-0.06067260
0.02085611
0.02194704
-0.00130250
-0.09380688
0.00808100
-0.03634218
0.07439733
-0.00223923
-0.04599437
-0.00022812
0.05951957
0.01184522
0.06712911
0.00161510
-0.00364788
-0.03250853
0.07492612
-0.01277493
-0.01576132
-0.00735524
-0.00368254
-0.01521513
-0.01157269
0.01163476
0.08318049
-0.08236817
0.06559847
0.04978256
-0.00534873
-0.06424076
0.01510082
-0.04861467
-0.05568846
-0.01775210
-0.02792878
-0.05184061
-0.07404260
0.13465248
0.06323441
0.03435387
0.00616989
0.06666926
-0.08100248
-0.03323654
-0.01422655
0.08822925
-0.02179343
0.02188542
0.00574747
0.00837933
0.03586827
-0.04240109
0.03101099
0.04465544
-0.03403299
-0.03503834
0.00240451
0.03107600
0.02330054
0.01010619
0.00629855
0.05193674
-0.00083598
0.10264824
0.00264323
-0.01950097
0.01630517
0.00317918
0.05929010
0.01410730
-0.01589172
0.01945609
0.03069883
0.01150725
0.04120338
0.04197777
0.01402642
0.05010087
0.03345635
-0.04435104
-0.03758467
0.01731798
0.01232096
-0.01018733
-0.01340865
-0.06427243
-0.04070124
0.00855713
0.00332722
0.00920135
-0.00243465
-0.00144636
-0.00555302
-0.01691058
0.10840765
0.01299737
0.04197575
-0.05768656
0.02005638
-0.05625410
0.00902416
0.00223155
0.05440938
0.00381921
0.01999031
0.05586597
-0.04804661
0.11841929
0.03917037
-0.02239882
0.02068419
0.00483079
-0.07753755
-0.01717946
0.01499861
0.05096016
0.00144346
-0.07951077
-0.05160956
-0.01592282
0.01523671
0.03350023
0.03144653
-0.01072101
-0.01834266
-0.08380906
0.02467982
0.02761134
0.04162231
-0.02020311
0.00509326
0.00702663
-0.07075066
-0.00658343
0.11251085
-0.04153935
0.00783522
-0.00667383
-0.04695136
-0.03303526
-0.02885592
0.02281720
0.02210936
-0.04580961
0.06699044
-0.04100894
-0.03507946
-0.03910896
0.00138724
0.02839068
0.02101256
-0.00997074
-0.06274565
0.00693879
0.03039821
0.04788424
-0.00055035
0.03589585
-0.01998128
0.01853997
0.00857015
-0.11296149
0.03921544
0.02604192
-0.04425581
0.01149978
0.02758720
0.03615231
0.04401664
0.00530375
0.01370734
0.03194169
0.07248103
-0.02248957
-0.01165903
-0.00504716
0.15464295
-0.02100316
-0.00454882
-0.04091985
0.03145966
0.03986268
0.05727818
0.00510705
-0.01689303
0.05168998
0.06965134
-0.04016333
-0.00395528
0.08519137
0.01418976
0.06147197
-0.02492882
0.02472839
0.05288965
0.03887147
0.01121619
-0.05021850
-0.00229661
-0.02053215
0.03763341
-0.01216253
-0.00564916
-0.01308249
0.05783878
0.04230275
0.01830230
0.07845373
-0.00037247
0.01878143
-0.01104636
-0.03318980
0.01977540
-0.05759462
-0.02483977
0.02453415
0.04519326
0.01158274
0.04732732
0.07770659
-0.01920115
-0.00373208
-0.01709083
-0.02728438
-0.04665848
-0.06453321
0.00925238
0.03330989
-0.00838280
-0.03062036
-0.01990404
0.03047543
0.03648245
0.05345494
0.01312776
0.06069211
0.03314338
0.05760581
-0.03638474
-0.02673858
0.01262641
0.00564742
-0.00673093
-0.03524148
0.00925243
0.05320621
0.03000587
0.08479157
0.05296163
0.01324746
-0.00488120
-0.04585986
-0.03967735
0.02994937
0.00882254
-0.05318297
-0.04251419
-0.03731896
0.00368971
0.04663096
-0.00261436
-0.02361252
0.08873355
-0.01074329
-0.03486148
-0.02672436
0.01585554
-0.05881890
0.00977281
-0.05548102
-0.01726765
-0.01765885
0.10525422
-0.01450517
-0.01191046
-0.09377106
0.02686295
-0.01439658
0.00724075
0.00957411
0.00530560
0.04846597
-0.08224606
-0.03791796
0.04244442
0.00234673
0.04921536
0.03999306
-0.03057656
0.06041422
0.05130820
0.07875356
-0.08054341
-0.02536393
0.01290720
-0.02736660
-0.04297978
0.03613574
0.00888003
-0.01681657
0.03352079
