0.01122270
0.02579719
0.03300192
-0.04892083
0.03523987
0.01593150
0.00606762
0.01149643
-0.04601973
-0.02174349
-0.01083463
0.00937202
-0.03060308
0.02027361
-0.02037880
-0.03729985
-0.01177399
-0.01637347
-0.20272401
0.00915600
0.02669914
0.03258351
-0.00010643
-0.01733577
0.02234837
0.00637579
0.04193372
-0.00301855
-0.03135419
0.02159078
-0.16654280
-0.02368767
-0.00489331
-0.00467456
-0.00687234
-0.01331528
0.00194352
-0.02455921
-0.01443636
0.00413574
0.00100438
-0.01058716
0.06935598
-0.00543993
-0.00291831
-0.01703985
0.03559235
-0.01079022
-0.00402688
0.00648903
0.01276315
0.01341413
-0.07026238
-0.01168250
0.01120100
-0.02985983
0.00959670
-0.00548832
0.45400786
-0.08119435
-0.00526460
-0.01044391
-0.00547368
-0.02565848
0.00038518
-0.00072220
-0.02561260
0.01303530
-0.07857818
-0.00766922
-0.02261471
-0.00739231
-0.03290138
0.02004403
0.00829357
-0.01535645
-0.02484484
-0.01143755
0.00824157
-0.10916536
-0.00486539
-0.02150161
0.02638037
-0.04699274
-0.06342596
-0.01420734
-0.01623507
-0.00856231
0.01840364
0.00743539
-0.02868650
-0.03170568
0.03059312
0.01234902
-0.00839960
0.01610978
0.00469877
-0.01980446
-0.06237721
-0.00525852
0.03347278
0.01746583
0.00909578
-0.01535654
-0.02308994
-0.00407278
-0.03390214
0.00506498
0.01044928
0.00854295
-0.00475914
-0.00109003
-0.00734079
0.02592436
-0.00871179
-0.00490431
-0.04813014
-0.01036776
0.00473126
0.01119629
-0.00789702
0.00434760
-0.02271420
-0.02113766
0.08333097
0.00173254
0.01948247
0.00311864
0.00208819
0.07043125
0.04354284
0.02892529
0.00820510
0.01112043
0.02433063
-0.02912174
-0.01213345
0.00841875
-0.07780791
0.00220132
0.12650511
0.02238917
-0.01891808
0.03769016
-0.03050968
-0.22420084
0.00359780
0.00106400
-0.02087742
-0.00396007
-0.02186634
0.03563704
-0.03782816
-0.02289902
0.00934120
0.00816868
0.00326199
0.00494807
0.04444813
0.07025781
-0.00009885
0.11923335
-0.05649953
0.02523179
-0.01329733
-0.03524958
-0.02681657
0.00997679
0.01130420
0.01289434
-0.03076253
0.00487032
-0.02452033
-0.03621588
0.00630845
-0.00183958
0.01057213
0.00960079
-0.06138068
0.01300093
-0.00058649
0.01229605
-0.00146026
0.00367235
0.00447679
-0.22613248
0.05405251
0.01304365
0.01840974
0.05023432
-0.00244190
0.00219957
-0.01238357
-0.00538357
0.00895147
-0.01758539
0.09463827
0.00721007
-0.01332660
-0.00976802
-0.01151588
0.01181957
-0.00426034
0.01527279
-0.03579202
-0.00183502
0.00624290
-0.02008508
0.04270125
0.04334996
0.02170762
0.00311524
0.01391768
0.00439490
0.00957321
0.05530631
-0.02451870
0.01478436
-0.00915643
-0.00338310
0.02144295
-0.62553269
0.01098584
0.02254919
-0.00788656
-0.01581018
-0.01560599
-0.01847595
0.00384943
0.00338447
0.00268062
-0.03517625
0.04319086
-0.00665886
-0.01732352
-0.01558632
0.01269421
0.00208661
-0.02098091
0.00830332
-0.02641956
0.01226408
0.16926625
-0.00520309
0.00042645
0.01573624
-0.00199261
-0.02315296
0.00374936
-0.02217188
0.00781690
0.01281037
0.01967424
-0.00168866
-0.00178413
-0.00289234
0.01909631
0.14739960
-0.03134198
0.01998726
0.07242212
-0.01747403
-0.03506038
0.00136418
-0.12206595
0.10274030
-0.01001107
0.04754902
-0.13820562
-0.05330320
0.01233282
0.09893545
-0.01721244
-0.04968696
-0.03008669
-0.01432994
-0.05329411
-0.07088152
-0.03881145
-0.07658465
-0.05320110
0.05987655
0.02861413
-0.16280000
0.00154163
0.08662212
0.02591920
0.06461933
0.03143862
-0.01111704
0.10934118
0.05206855
-0.04365033
-0.04004254
0.02248096
0.02296974
-0.15206307
0.07471874
0.06142567
0.00709148
-0.08603391
-0.11138205
0.83714503
0.01017741
-0.05331080
0.00850875
-0.13581954
0.10308250
-0.08691894
-0.03619613
0.00212921
-0.05955742
-0.06783532
0.06311984
-0.10350193
0.04286825
0.03898475
-0.02563145
-0.05781396
0.01452627
0.00892850
0.02207562
-0.04332766
-0.10769646
0.03945395
0.02205448
0.03004057
-0.03949467
0.00279395
-0.00423002
-0.00547455
0.11193098
0.02279456
0.00021514
0.05742400
-0.03203946
-0.01885924
-0.02714499
0.02757098
-0.00141917
-0.02733027
0.01759155
-0.07175925
-0.05109353
0.06595986
-0.00522648
0.04200752
0.03092142
-0.02002297
-0.00382375
0.07594090
-0.00922286
0.02601831
0.03293579
0.03199342
0.02720920
0.05195052
-0.02940434
0.04512756
-0.07708570
0.01480582
0.00579239
-0.00475036
0.01477386
0.04697634
0.00720969
0.00703986
-0.05728487
-0.05796620
-0.02850376
0.01112156
0.07174910
0.02977412
-0.01131556
0.04518803
-0.01223446
-0.06988835
-0.02415501
-0.03639912
0.07002074
-0.01115987
0.02823172
-0.07876472
0.02212975
0.01935595
0.06471949
0.00923403
0.02107131
0.00372311
-0.02372720
-0.00148191
-0.03752177
0.04199862
0.04818523
-0.00041125
-0.05171564
-0.02998675
-0.06769704
0.05818316
0.03955058
-0.01691515
-0.03227090
-0.04412717
0.00996942
-0.00479820
0.07669976
0.01379966
0.03604387
-0.06029078
0.00506748
-0.06360620
0.00378732
-0.05521734
-0.04728057
-0.01375229
-0.02574459
-0.04355478
0.00053259
0.08627019
-0.01879057
0.00745760
0.02537055
-0.10124549
-0.07016475
0.01000028
-0.05502966
-0.04144660
0.02304313
0.01919118
0.01325137
0.05029545
0.00027465
0.02656826
-0.03764525
-0.02291582
0.01066843
0.04525320
-0.06050359
-0.00231990
0.02837153
-0.03363327
-0.03018014
-0.02288882
-0.04586979
-0.09950139
-0.00087460
0.02415335
-0.07907704
0.05786282
0.07360469
-0.04174419
0.02547685
0.06558356
-0.00505274
-0.01810738
-0.07246253
-0.01466235
-0.03613627
-0.06009964
0.01146089
0.09384190
-0.03883129
0.01650647
-0.01600116
-0.00864900
-0.04569831
-0.00119332
0.04466006
0.01923146
-0.03465135
-0.02939371
-0.02111008
0.00593606
-0.05212912
-0.05691642
0.01744633
-0.03100713
-0.07318627
0.00247897
0.05741668
-0.02924080
-0.01568153
-0.00494781
0.03553318
0.01021341
-0.01329357
-0.00816924
-0.05028669
-0.07199062
0.00513222
0.04595806
-0.04194650
-0.03145218
0.00830065
-0.00594394
0.02248460
-0.04887423
-0.00189388
0.06723985
0.01219148
-0.04686398
0.00343799
-0.00268662
0.02647863
0.06133062
0.05829117
-0.02397213
-0.09761945
-0.05082864
0.02457118
0.06303722
0.02849429
-0.03503950
0.00117517
-0.04084252
-0.03931029
0.01897237
-0.05548884
-0.02631775
0.01546656
0.03537585
-0.03358940
-0.10769914
0.01309932
-0.03019524
-0.12084965
0.04297511
0.05931382
-0.07420068
-0.01916873
0.03810877
0.02270431
-0.07586571
0.08080890
0.14095557
-0.04394317
0.01634999
-0.08977883
-0.03797955
-0.00681932
-0.03193818
-0.03148697
-0.01477170
0.02367676
-0.05361799
0.05483733
-0.02764670
-0.05077502
0.02613179
-0.04644366
0.01839392
0.04190302
-0.07741030
-0.01111780
0.00319928
0.02350651
0.07880644
-0.04820812
0.03273470
-0.03731907
-0.09258927
-0.09490005
0.06744454
0.01383772
0.03579102
0.06045670
-0.01029204
-0.01939431
0.04601789
0.07633478
-0.01132357
0.03832630
0.02300987
0.07924291
-0.02542901
0.02864862
-0.10427470
-0.00580894
-0.00336115
0.00150290
-0.05741387
0.07042313
0.04899104
-0.03027050
0.02151319
-0.00648861
-0.00019340
0.01621877
-0.05268493
-0.03430791
0.02860566
-0.02743396
-0.03152766
-0.00237476
-0.16155003
-0.05296468
0.02632158
-0.03748550
-0.02208359
0.02940964
-0.01932683
0.10183463
-0.00477860
0.08699895
-0.04628398
-0.01917253
-0.03977191
-0.01980985
-0.04794349
-0.02493658
0.00417697
0.02383686
-0.05994895
0.05631867
-0.05777617
0.01372470
0.08037412
0.02466470
0.02859728
-0.06483986
-0.00552760
-0.00177098
-0.00979290
0.03452548
-0.06705260
0.07296924
-0.01951835
-0.02239150
-0.01949380
0.06607047
-0.08199954
-0.09838673
-0.06517939
0.01249699
-0.07262024
0.06537769
0.04488457
-0.07816304
-0.01405185
0.04464434
-0.04245214
-0.02865342
0.04101983
-0.07751919
-0.04727120
-0.03046706
-0.01412356
-0.02956836
0.10611996
0.00846695
0.00578054
-0.03144890
-0.00439343
0.02722129
0.01443436
-0.00170350
-0.01572403
-0.04013730
-0.03890240
-0.08163726
-0.03264302
-0.01954445
-0.03113554
-0.01445385
0.00974266
-0.06054500
0.09549074
0.04261402
-0.00045768
-0.03460209
0.01895376
-0.00596239
-0.05321783
0.05071786
0.07789682
-0.03883563
-0.03326458
0.03341572
-0.00150439
-0.04437742
0.11490159
-0.04229000
0.01662504
0.01811040
0.01291946
-0.02290378
0.04496587
0.02462483
-0.03293432
0.04151559
0.05243824
0.02526498
-0.02369282
-0.02363199
-0.01402819
0.02901848
-0.04282928
0.04479165
-0.00119254
0.02232679
0.10003440
-0.00399558
0.01739185
-0.02573967
-0.07978373
-0.01282723
0.02433188
-0.00488339
-0.06648068
0.02642579
-0.09000970
0.05475036
0.01602921
0.01073180
0.01361360
-0.04296282
0.04223997
-0.11331570
0.08138397
0.02687613
-0.03096427
-0.03326875
-0.02270227
0.00714925
-0.00115902
-0.01339763
0.03172668
0.03878484
-0.01934902
0.02180918
-0.01053749
-0.05043451
-0.05297584
0.01812648
0.05482730
0.04297313
-0.00706152
-0.00689139
0.01226837
0.02214651
0.01593101
0.04636015
0.05554726
-0.02177218
0.03708343
0.01579146
0.02779738
-0.05701920
-0.09799435
-0.03954363
-0.00002921
-0.01267756
-0.04086914
0.00170676
0.03853403
0.06744780
-0.00970863
-0.01863026
-0.00846188
0.03856375
-0.01691397
-0.01211399
-0.00604923
-0.01097741
-0.01687639
-0.03998140
-0.03636820
0.03651471
-0.00322321
-0.01019471
-0.01295684
0.01239199
0.08457420
0.00162307
-0.05048039
-0.00103331
0.00558905
-0.03141016
-0.08765251
0.04130032
0.05198444
-0.03947543
-0.10920995
0.00606051
0.00315376
0.02078377
0.02848087
-0.03873132
0.03561991
-0.04800954
-0.01229211
0.03246749
0.00615772
0.03292100
-0.01015107
-0.00597648
0.02829634
0.03370573
0.00114928
-0.00563204
-0.04099994
-0.09860683
0.03827960
0.02785790
-0.04046703
0.01785108
-0.04443188
0.02482049
0.05615057
0.01312642
-0.01955331
-0.01775365
-0.10696813
-0.00301768
0.02631869
0.03695516
0.00030745
-0.03291443
-0.01995669
-0.02480448
0.04139804
0.00158656
-0.01418168
-0.01075732
0.00089189
-0.03217569
-0.05137787
0.03109851
-0.03347250
0.05957186
0.01700960
-0.03565380
