0.01603536
-0.01548093
-0.05007076
0.06243820
-0.02001026
0.05233774
0.02787143
0.00077768
0.02401236
0.03244379
-0.03823189
-0.00769289
0.02513220
0.02001063
-0.02319099
0.00705615
-0.01906843
0.05219043
-0.08663776
0.01546913
0.00647537
-0.04114696
0.12203889
-0.01519126
-0.01359468
-0.01511220
-0.04428716
-0.02844879
-0.01880777
0.00399460
-0.06515157
-0.02963718
0.01175186
-0.02575898
0.00079979
-0.01058601
0.01350148
0.01931089
-0.00553115
0.01621163
-0.02185335
-0.01214478
0.01322642
-0.01576623
0.00638011
-0.03280029
-0.00030194
-0.03535655
0.01251224
0.01399311
0.03087015
0.15391295
-0.08903325
-0.00858316
-0.00403771
-0.00961599
-0.02658162
-0.01058309
0.33846650
0.06490763
0.01833000
-0.02738860
-0.04578459
0.03588714
0.03216902
-0.06013581
0.01143189
-0.02553106
-0.01026456
-0.06309130
0.03109565
0.00402319
-0.02188536
0.00139442
-0.03795686
0.01437314
0.04067852
-0.02933086
-0.00143930
-0.15521276
-0.01125025
-0.00482276
0.00427628
-0.04263907
-0.11123235
0.00005043
-0.01399743
-0.00689485
0.03079130
-0.01693293
-0.01215476
-0.12800232
0.17206328
-0.00594338
-0.02854015
-0.00801992
-0.00841091
-0.00492149
0.00851848
-0.00288922
-0.01452768
0.00299292
-0.02137797
0.01100874
0.00253066
-0.01656393
-0.01351776
-0.01635473
0.02437314
0.00428949
-0.02398136
0.00561691
0.00962187
-0.00574879
0.01348567
-0.01170323
0.04516465
-0.01318764
-0.02483591
-0.00024665
0.01692348
-0.00335064
-0.02163947
0.01912778
-0.01562854
0.01684298
0.00351368
-0.01466261
0.01387377
-0.03196596
-0.02086536
-0.00133292
-0.00944455
-0.01030576
-0.02592916
-0.02200613
-0.00716029
-0.07441959
-0.07155789
-0.00554099
0.14716253
0.01827213
0.00473623
-0.03549444
-0.00002651
-0.19815765
0.00694399
-0.00679401
-0.00523496
-0.01468968
0.05200363
-0.00892394
0.03454480
-0.01054336
0.01208412
-0.02437457
-0.02586270
0.00139817
0.05093572
0.01438053
-0.00816700
0.19917330
-0.00357636
-0.00751154
-0.00103757
-0.07201142
0.09956319
-0.05573436
0.00451494
0.00898038
0.01400678
-0.03906477
0.01593667
0.02951122
0.05467789
0.04066647
0.00721632
0.00665351
0.06749346
-0.00674929
0.08208769
-0.00614397
-0.00667498
0.00080116
0.02843516
-0.19624773
0.16735086
0.01034715
-0.00500201
-0.00713831
-0.06417599
0.00746254
-0.02063419
-0.01074617
0.00140811
-0.04972646
-0.07860954
0.01629240
-0.00842703
0.00213933
0.03639501
0.00990992
-0.02787458
-0.01767073
-0.00898537
-0.04266079
0.00923734
0.03296492
0.01207662
0.12590431
-0.00380767
0.00211716
0.00340622
-0.00812169
-0.01987413
-0.02818969
-0.00717755
0.04283676
-0.01883425
0.00258360
-0.00231319
-0.61032289
-0.01335664
-0.00564640
0.00712815
-0.01423337
-0.03605136
0.01631777
0.02497059
0.00231769
0.01180528
0.07303657
-0.00543306
0.02015516
-0.08033110
0.00322933
-0.00524914
0.02000788
-0.01190517
0.03014128
0.01442755
-0.00865842
0.04335633
-0.08999334
-0.03523057
0.00555712
0.00760816
-0.02647012
0.03168942
0.03153488
-0.01910641
0.02947723
0.04067444
0.01879033
-0.01779677
0.01559167
0.05234840
0.03507681
-0.00785016
-0.02201754
0.04781437
-0.00845952
-0.02992105
-0.00631303
0.01058607
0.01208955
-0.04905219
-0.06538097
-0.05276408
-0.01628323
0.03851766
0.00364283
-0.01298150
0.00692365
-0.01390124
-0.02887751
-0.04187084
-0.00126415
0.03543264
-0.04068692
-0.02940418
0.00812519
0.05180462
-0.05123144
0.01096195
0.08235645
-0.08020195
0.02803476
0.01087431
0.00515749
0.03082045
0.00486470
-0.04395963
0.02035057
0.01866452
-0.01279936
-0.09472653
-0.04096623
0.05260697
0.04354012
-0.04993964
-0.00868807
0.93899071
0.10988148
-0.02742824
0.06467579
-0.05810463
0.11346525
0.00609592
-0.07017639
-0.00029491
0.01605029
-0.03892953
0.07211700
-0.01913983
0.02393922
-0.01183688
0.03394628
-0.05690473
0.01431832
0.02004989
0.01719998
-0.02686238
-0.08510505
0.03139518
0.02543484
0.06180860
-0.05605761
0.01089765
-0.00369467
0.00356408
0.11818615
0.02495073
0.00441380
0.07158116
-0.02265792
0.01427530
-0.02376522
0.02735762
-0.00540458
-0.03583063
0.01119219
-0.04837224
-0.03690401
0.05168459
-0.04264684
0.03486144
-0.00424849
0.01358285
0.00485682
0.08525542
0.00835093
0.04927642
0.01668425
0.00309197
0.01590752
0.02876677
0.00043312
0.07060767
-0.05715722
0.03523549
0.00622411
-0.02398104
0.04453824
0.02515002
-0.00707203
0.02243592
-0.04855572
-0.07346321
-0.01163039
0.00483661
0.06132276
0.02339497
-0.01275123
0.04730048
-0.03920100
-0.06932217
-0.03423678
-0.03396353
0.02468081
-0.03440763
0.02747668
-0.06449844
0.02394635
0.03786946
0.03895744
-0.03026816
0.05542346
0.01872746
-0.02205710
0.03445525
-0.02698556
0.03935951
0.05837270
-0.02728381
-0.07852135
-0.05106061
-0.07705264
0.08571756
0.05167959
-0.02975047
-0.02989488
-0.03404184
0.00648756
0.02401563
0.07219344
0.00177000
0.03532648
-0.03064939
0.00471900
-0.06943446
-0.02312818
-0.04209572
-0.04644265
0.00111552
-0.04828171
-0.05856669
-0.01197408
0.09193260
-0.03970083
-0.03714088
0.04338004
-0.08493976
-0.05971326
0.02808022
-0.07542579
-0.03965070
0.01366256
0.00980563
0.04105029
0.02778096
-0.01122144
0.02443954
-0.05375549
-0.03759495
-0.01278931
0.00569496
-0.03107889
-0.00752305
0.02110932
-0.01476916
-0.03752155
-0.04361016
-0.03568573
-0.11245028
-0.00873334
0.03748222
-0.04196830
0.08304425
0.06175094
-0.06211861
0.01684324
0.07063801
-0.01886967
-0.01988143
-0.05105025
-0.02055332
-0.01210029
-0.07198403
-0.03818773
0.04593208
-0.03034312
0.00790223
-0.04134766
-0.00677263
-0.03061180
0.00847943
0.06190330
-0.00509882
-0.03989378
-0.01334326
-0.01723178
-0.01595595
-0.05247008
-0.07956044
0.01893850
-0.02348121
-0.07262004
0.02763513
0.07772147
-0.03194422
-0.04333257
-0.02092865
0.02391199
-0.00139916
-0.00849383
-0.00063289
-0.07853300
-0.06375933
0.03085170
0.04074464
-0.03200027
-0.04229342
0.00723584
-0.00728603
0.01592782
-0.02951878
0.02214620
0.07755580
0.03079526
-0.05132492
0.00637864
-0.00393715
0.01345937
0.04601888
0.05802786
-0.01332256
-0.10008305
-0.04827170
-0.02090947
0.03579928
-0.01854429
-0.06158746
0.00547883
-0.03189843
-0.02151605
0.02941721
-0.03894562
-0.00249193
-0.00484368
0.05284628
-0.03542800
-0.08967479
0.01018488
-0.02180075
-0.11956317
0.02965115
0.04761304
-0.07868398
-0.05638716
0.02120414
0.01477054
-0.04889428
0.05836779
0.17353293
-0.04031656
-0.00841514
-0.09082912
-0.03764213
-0.00580542
-0.01421430
-0.05199983
-0.01081435
0.02024458
-0.09422540
0.05138439
0.01400709
-0.05017488
0.03497669
-0.06455316
0.01149190
0.04263008
-0.04354325
-0.01503533
0.04018056
0.01717423
0.09160638
-0.04857206
0.01133383
-0.01839509
-0.07528870
-0.07787581
0.04581110
0.02478084
0.03667786
0.07917903
-0.02954783
0.01156571
0.06737257
0.08273180
-0.01407195
0.07144854
0.00182492
0.05461178
-0.03078826
0.00997468
-0.04922457
-0.01168645
0.00529179
0.00968517
-0.05164165
0.06278428
0.05915089
-0.04142011
0.02124296
0.02369103
0.01663134
0.01501552
-0.04240551
-0.05742228
0.04690727
-0.02915431
-0.02754294
-0.01463543
-0.11746157
-0.04036791
0.02409250
-0.06182574
-0.01256537
0.04521127
-0.01310929
0.07982510
0.00966414
0.06414904
-0.05642176
-0.00963254
-0.02657847
-0.01285228
-0.04050196
-0.02321481
-0.00176629
0.03803695
-0.02286945
0.04042962
-0.00391631
0.01521408
0.08521061
0.01960739
0.03313725
-0.09340983
-0.00449236
0.01190767
-0.02262579
0.00817917
-0.07718407
0.05917418
-0.02329312
-0.01842671
-0.02977637
0.04988513
-0.05940406
-0.06834383
-0.07595230
0.03058691
-0.07520668
0.07825113
0.01336731
-0.08114589
-0.02878296
0.05304809
-0.06463254
-0.01119899
0.06456053
-0.05457858
-0.06355628
-0.01875685
-0.03022949
-0.04782407
0.11922137
0.00485829
-0.00018730
0.00356698
-0.00753331
0.01722255
-0.02324155
-0.00140747
-0.02805671
-0.05616352
-0.01284686
-0.08323392
-0.07679220
-0.04259577
-0.02386381
-0.00025042
0.02424926
-0.03129608
0.06824600
0.03947983
0.00810521
-0.03777019
0.02946267
-0.03570775
-0.05573521
0.01521131
0.04810409
-0.03971238
-0.03088591
0.02060857
0.00229873
0.01063489
0.08807759
-0.01489042
0.00641598
0.03172753
0.02964644
-0.04040568
0.05674719
-0.00572293
-0.01107998
0.05297121
0.01262144
0.01041064
-0.01940667
-0.02658472
-0.03343476
0.02911116
-0.01561800
0.05973537
-0.01440081
0.00264357
0.11222197
0.00722704
0.03735803
-0.01518603
-0.08626309
0.00695158
0.01743095
0.00738893
-0.07055295
0.02470544
-0.07573215
0.04763102
-0.00404067
0.01446619
-0.00774912
-0.03900627
0.04250441
-0.13475060
0.06381137
0.01825355
-0.00358365
-0.06445707
-0.03826133
0.01850171
-0.02941203
-0.06892914
0.05212292
0.05199556
-0.03243687
0.03221874
0.01341658
-0.04759506
-0.04469212
0.03443361
0.05484494
0.02543839
0.01490652
-0.03404199
0.00010389
0.00518601
0.01699411
0.04533966
0.03614262
-0.01954184
0.00702853
0.01649341
0.05400395
-0.04140556
-0.08501643
-0.02351291
0.02643695
-0.03649154
-0.06161961
-0.02265637
0.00412043
0.02500346
0.02005825
0.00412057
-0.00066287
0.03618354
-0.02841259
0.00208363
0.04829991
0.01547426
-0.01332840
-0.03212820
-0.02028591
0.02068876
0.00063582
-0.00148854
-0.02791841
0.04818884
0.09849870
-0.01372239
-0.02470252
0.01561769
-0.01809874
0.00698034
-0.08094236
0.05777313
0.06580146
-0.02174604
-0.09200757
0.00458302
0.04185642
0.00918390
0.03052077
-0.04867683
0.06990325
-0.04092027
-0.01899755
0.02710173
-0.02122742
0.02504748
-0.00663346
-0.04291501
-0.00704063
0.05059795
0.01524433
0.00851788
-0.01717589
-0.09902645
0.02917788
0.02084059
-0.03926328
0.04606123
-0.02492884
0.00936536
0.00379626
0.05018315
-0.03825417
-0.01865309
-0.11778104
-0.00241210
0.04243703
0.01873424
0.00469035
-0.02387169
-0.01409504
-0.01769818
0.02732567
0.03849149
0.01521688
-0.04258351
-0.00875739
-0.03885560
-0.05689712
0.03208824
0.00141999
0.05906402
0.02561858
-0.07241050
