0.0445492491126060
-0.0514366477727890
-0.0536854118108749
-0.0433934964239597
0.0535974837839603
-0.0798797011375427
-0.0608381405472755
0.0409291908144951
0.0768235549330711
0.0817189738154411
-0.0256972126662731
-0.0587807185947895
-0.0519312247633934
0.0641019269824028
-0.0924288108944893
0.0162031967192888
0.0971111878752708
-0.0946036055684090
0.0190224461257458
-0.0645483285188675
-0.0189131367951632
0.0904385745525360
0.0030050321947783
0.1051390320062637
0.0281939916312695
-0.0123751796782017
0.0316312015056610
0.0713120102882385
0.0477503351867199
0.0604549795389175
-0.0897689461708069
0.0475033000111580
-0.0503308773040771
-0.0627113804221153
-0.0578785724937916
-0.0382355637848377
-0.0224989019334316
-0.1081840097904205
0.0483490265905857
-0.0143472012132406
-0.0854145362973213
0.0967990234494209
0.0399956740438938
-0.0023829741403461
0.0434785485267639
0.0156059227883816
-0.0420142263174057
-0.0988613814115524
-0.0294710788875818
0.1107113659381866
0.0259053632616997
0.0126746669411659
0.0030878575053066
-0.0830922946333885
0.0476891435682774
-0.0671749934554100
-0.0605019107460976
0.0492631085216999
0.0787087902426720
-0.0070122787728906
0.1223052740097046
-0.0205333065241575
-0.0158697515726089
-0.0021258972119540
0.0682473406195641
-0.0429000034928322
-0.0576892532408237
0.0023680243175477
0.0732502043247223
-0.1166853904724121
0.0627862736582756
0.0213656406849623
-0.1025467067956924
-0.0526977293193340
-0.0323261208832264
0.0383216403424740
0.0333859287202358
-0.0935520678758621
0.1344280540943146
-0.0787818506360054
-0.0652476549148560
-0.0098124435171485
-0.0469946451485157
0.0112897837534547
-0.0855355113744736
0.0689955577254295
0.0101529005914927
-0.0505969002842903
-0.0530001930892467
-0.0701315030455589
0.0938276052474976
-0.0027253893204033
0.0547222383320332
-0.0799728706479073
-0.0819762200117111
-0.1072543710470200
-0.0722549930214882
0.0996392294764519
0.0268445815891027
0.0600711889564991
0.0416593849658966
-0.0292020142078400
-0.0464086793363094
-0.0086801638826728
-0.0041454574093223
0.0622085966169834
-0.0503166876733303
0.0323279947042465
0.1006668284535408
0.0952553004026413
0.1009852886199951
-0.0567708164453506
0.0023810917045921
0.0820024833083153
-0.0448812656104565
0.1079776510596275
-0.0795734450221062
0.0033896204549819
-0.0653070509433746
-0.0284564346075058
-0.0672963187098503
-0.0709006190299988
0.0350467227399349
-0.0409366972744465
-0.0533303692936897
0.0113124744966626
-0.0200778525322676
0.0651344358921051
0.0399589091539383
-0.0098872119560838
0.0205133520066738
-0.0650783255696297
0.1017970666289330
-0.1492924988269806
-0.0116048688068986
-0.0124030122533441
0.0135466651991010
-0.0304658077657223
-0.0796334668993950
-0.0204296354204416
-0.0445646122097969
-0.0280179902911186
-0.0409337840974331
-0.0312491152435541
0.0469000563025475
0.0692777931690216
-0.0979233533143997
0.0719132423400879
-0.0344825349748135
-0.0956686660647392
0.0861621722579002
0.0264002215117216
0.0487850606441498
-0.0785105079412460
0.0599546805024147
0.0646764338016510
0.0484855696558952
-0.0411017723381519
0.0748492404818535
0.0192220136523247
0.0277099851518869
0.0833170339465141
0.0689346492290497
0.0563224628567696
0.0622485838830471
-0.0581579916179180
0.0592637993395329
0.0663961172103882
0.0459013320505619
0.1077803149819374
-0.0504852682352066
0.0019201649120077
0.0020401785150170
-0.0039190505631268
0.0687529593706131
0.0723003670573235
-0.0652493387460709
0.0030637495219707
0.0410915128886700
0.0411056913435459
-0.0690775886178017
0.0181567128747702
-0.0832286253571510
-0.0418183356523514
0.0251291450113058
-0.0116100767627358
-0.0681664049625397
0.0106468908488750
0.0427963770925999
0.0403775498270988
0.1002650558948517
-0.0176839698106050
0.0988500416278839
-0.0868444964289665
-0.0860226675868034
-0.0023282018955797
-0.0607915297150612
0.0025104014202952
-0.0409696921706200
0.0195945296436548
-0.0449792742729187
-0.0297802966088057
0.0486042574048042
0.0192131306976080
-0.0223433226346970
-0.0648188292980194
-0.0593308396637440
-0.0650159791111946
0.0894402712583542
0.0788039267063141
-0.0020742593333125
0.0819322839379311
0.0823814719915390
0.0687406808137894
-0.0469576045870781
0.0832516252994537
0.1135690137743950
-0.0481376759707928
0.0556292980909348
0.0902096405625343
0.0214641522616148
0.1091252118349075
0.0677863880991936
0.0323814973235130
0.0624054074287415
0.0811081230640411
0.0599876716732979
-0.0533679053187370
0.0898872315883636
-0.0852833911776543
-0.0489523597061634
0.1089383661746979
-0.1189002916216850
-0.0041899723000824
-0.0825276747345924
0.1086298003792763
0.0582806281745434
0.0119536239653826
0.0568445809185505
-0.0529715083539486
0.0689375102519989
0.0087791122496128
-0.0182204525917768
0.0256553534418344
-0.1044226139783859
0.0482791289687157
-0.0604187995195389
0.0927459374070168
0.0544474124908447
0.0243495963513851
-0.0093695605173707
0.0385826714336872
-0.0684155151247978
-0.0791895762085915
-0.0878098160028458
-0.0606407709419727
-0.1051101312041283
-0.0426603257656097
-0.1946349292993546
-0.0204366445541382
0.0496054999530315
-0.0898286700248718
-0.0292360913008451
0.0498968623578548
0.0691387429833412
0.0420295707881451
-0.1332855522632599
0.0117459204047918
0.0362654216587543
0.1706929951906204
-0.1087663695216179
0.0729875490069389
-0.3525318503379822
0.1168171614408493
0.0015439667040482
-0.2366166114807129
-0.0284034535288811
0.0327247045934200
0.1132342368364334
-0.0804476961493492
-0.0366761013865471
-0.0409047231078148
-0.1907669305801392
-0.1690708100795746
0.0511888191103935
-0.1293988227844238
-0.1297800987958908
0.0443096272647381
0.0119525892660022
-0.0691388621926308
-0.1700515002012253
-0.0387097895145416
0.0859553664922714
-0.0375856980681419
-0.0745728760957718
-0.1919348239898682
-0.0185861382633448
-0.0147101907059550
-0.0306849312037230
-0.0017538453685120
0.0244774855673313
0.0306957866996527
0.1938326507806778
-0.3496835231781006
-0.0701155140995979
0.0253147836774588
-0.0943913981318474
-0.0247515179216862
0.0773860961198807
-0.0900156423449516
-0.0252663325518370
-0.2385257929563522
0.0475380420684814
0.0164624694734812
-0.2288455069065094
0.1118923127651215
0.0276986919343472
0.3588831424713135
-0.0014501101104543
-0.0922924801707268
-0.0044445064850152
0.0114450780674815
0.0480200573801994
-0.0620001889765263
-0.0517841279506683
-0.0539648942649364
-0.0129903089255095
-0.0192362461239100
-0.0760300755500793
-0.0166943501681089
-0.0285688005387783
-0.0125643257051706
0.0170106813311577
0.0520228259265423
-0.0366601273417473
-0.0051964912563562
-0.0150587679818273
0.0044548315927386
-0.0149186803027987
-0.0282483827322721
-0.0144560337066650
0.0543625093996525
0.0017683869227767
-0.0157944206148386
0.1022850498557091
0.0859302058815956
0.0231261514127254
-0.0183801092207432
-0.0452829152345657
0.0418636202812195
-0.0489776507019997
-0.0301857572048903
0.0856993198394775
-0.0101489610970020
0.0461516641080379
-0.0261699873954058
-0.0150948073714972
0.0995166301727295
0.0097422664985061
-0.0529081150889397
-0.0597705096006393
0.0561342947185040
0.0705237835645676
-0.0673908665776253
-0.0410524718463421
-0.0694516524672508
0.0781265795230865
0.0304563082754612
0.0050089810974896
-0.0276289973407984
-0.0352079533040524
0.0849357768893242
-0.0607993677258492
-0.0059459269978106
-0.0700388848781586
0.0329054743051529
-0.0090007772669196
0.0356280431151390
-0.0169471818953753
0.0221956372261047
0.0583081543445587
-0.0335337370634079
0.0277974475175142
0.0802709013223648
-0.0235187150537968
0.0253012925386429
0.0162922572344542
-0.0414070077240467
-0.0643107667565346
-0.0029947550501674
-0.0466250367462635
0.0270946547389030
0.0432002618908882
-0.0065050413832068
0.0526458360254765
0.0189003553241491
0.0011637745192274
0.0466019771993160
0.0067277560010552
0.0149666378274560
-0.0453800596296787
-0.0219098143279552
-0.0169514995068312
0.0206376723945141
0.0125186005607247
-0.0727526247501373
-0.0294181313365698
-0.0242074187844992
-0.0143660297617316
0.0678187683224678
0.0982194393873215
-0.0308205708861351
0.0594854429364204
0.0284035857766867
-0.0268637537956238
0.0398262925446033
0.0090753110125661
0.0277532115578651
0.0693850815296173
0.0382209010422230
-0.0574456006288528
-0.0541407763957977
-0.0334799513220787
-0.0097025828436017
-0.0532303452491760
-0.0173805225640535
-0.0175324827432632
0.0521397441625595
0.0322822220623493
-0.0278052221983671
-0.0382564328610897
-0.0201584901660681
-0.0109571740031242
-0.0297131314873695
0.0085523063316941
0.0752269998192787
-0.1020080149173737
0.0315366610884666
0.0330378673970699
0.0401078313589096
0.0743286013603210
-0.0206014849245548
-0.0416658185422421
-0.0657306239008904
0.0531959347426891
-0.0150224929675460
0.0746599212288857
0.0493427440524101
0.0564371310174465
-0.0295638460665941
0.0419727303087711
0.0228779576718807
-0.0516284964978695
-0.0508953668177128
0.0275613386183977
0.0823295041918755
-0.0387333966791630
-0.0626967549324036
-0.0655323341488838
0.0105895604938269
0.0533954501152039
-0.0542251281440258
0.0373474955558777
-0.0150294555351138
-0.0508831106126308
0.0260408390313387
-0.0624036602675915
0.0066498257219791
-0.0444410629570484
0.0771995633840561
-0.0195776764303446
-0.0417126528918743
0.0365261472761631
0.0502087362110615
-0.0075093051418662
-0.0340027026832104
0.0030047795735300
-0.0329891555011272
0.0151223884895444
0.0478789694607258
-0.0457563623785973
0.0119575960561633
-0.0042613488622010
-0.0717076510190964
-0.0462502464652061
-0.0264529641717672
0.0453950949013233
-0.0050954259932041
-0.0542371794581413
0.0209645815193653
-0.0572993718087673
-0.0683247447013855
0.0364599972963333
0.0435032807290554
-0.0215579718351364
0.0280706472694874
0.0202903039753437
0.0753155797719955
0.0723833218216896
-0.0276868026703596
0.0159049835056067
0.0749098286032677
0.0098416395485401
0.0441766381263733
-0.0631266832351685
0.0258933529257774
-0.0491756163537502
-0.0320345871150494
-0.0218188408762217
0.0494127869606018
0.0815191492438316
-0.0745942220091820
-0.0178554262965918
0.0456074289977551
-0.0380376428365707
-0.0466830693185329
-0.0709393247961998
-0.0462197102606297
0.0038665118627250
0.0526972860097885
-0.0389218926429749
0.0597625821828842
-0.0141396382823586
0.0220282208174467
-0.0679816007614136
0.0385733097791672
0.0548581071197987
0.0452289097011089
0.0558449961245060
0.0033730226568878
0.0389207042753696
-0.0424888804554939
-0.0844758674502373
0.0132527919486165
0.0413116216659546
0.0416066013276577
0.0061556603759527
0.0554660148918629
0.0286042708903551
-0.0227676406502724
-0.0167534705251455
-0.0174709651619196
0.0423692427575588
-0.0410302206873894
0.0565799362957478
-0.0432935729622841
0.0224164444953203
0.0196869559586048
0.0144846485927701
-0.0750119835138321
-0.0123345041647553
0.0144123788923025
-0.0213373918086290
-0.0037239978555590
-0.0357760936021805
-0.0197805296629667
-0.0184868369251490
-0.0213062893599272
0.0559227354824543
0.0169831831008196
-0.0166965536773205
-0.0135846445336938
-0.0285816267132759
0.0230457708239555
0.0232119113206863
0.0239697135984898
0.0443114005029202
-0.0909452810883522
0.0078439218923450
-0.0122307054698467
0.0211263466626406
-0.0112732425332069
0.0225760228931904
-0.0091558182612062
0.0617614760994911
-0.0763094425201416
0.0227742213755846
0.0582953616976738
-0.0212518516927958
0.0027742793317884
0.0292150564491749
0.0393475107848644
-0.0065628020092845
-0.0204155370593071
-0.0081165451556444
-0.0462107546627522
0.0566757284104824
0.0324972234666348
-0.0872941985726357
-0.0889080092310905
0.0785250589251518
0.0780168324708939
-0.0539481379091740
-0.0147170284762979
-0.0315215364098549
-0.0115216802805662
0.0427431836724281
0.0609176978468895
0.0005028435261920
0.0650102570652962
-0.0343454517424107
0.0691103115677834
0.0414813980460167
-0.0278280526399612
0.0639843121170998
-0.0234374478459358
-0.0805601775646210
-0.0531496629118919
0.0395224243402481
-0.0549550428986549
-0.0760912671685219
-0.0076637966558337
-0.0174025408923626
0.0440607555210590
-0.0099339773878455
-0.0417605377733707
-0.0739444643259048
0.0432968623936176
-0.0040709944441915
0.0585848242044449
0.0482006222009659
0.0402442514896393
0.0133356889709830
-0.0290043111890554
0.0431441664695740
-0.0366416424512863
-0.0147548643872142
-0.0365336723625660
0.0459718368947506
0.0052364487200975
0.0527536869049072
0.0012406128225848
-0.0453261807560921
0.0638329312205315
-0.0188957881182432
0.0678818002343178
0.0125345420092344
0.0697464272379875
-0.0223404504358768
0.0153541360050440
-0.0098719140514731
0.0098759597167373
0.0543134324252605
0.0195263028144836
0.0393952727317810
-0.0142820207402110
-0.0295244809240103
0.0696250572800636
0.0321256369352341
-0.0690676644444466
-0.0353714078664780
0.1011766046285629
-0.0049579977057874
-0.0079111400991678
0.0520591624081135
0.0099541833624244
0.0345550589263439
0.0729406327009201
-0.0083775687962770
-0.0210109520703554
0.0486941747367382
0.0167798362672329
-0.0572829656302929
0.0263103265315294
-0.0606038421392441
-0.0425984635949135
-0.0101935938000679
-0.0681388825178146
-0.0958640575408936
-0.0540324486792088
0.0510371662676334
-0.0677983090281487
0.0278116464614868
0.0109998891130090
0.0094907106831670
-0.0124086244031787
-0.0324269160628319
-0.0713086500763893
0.0464854650199413
-0.0187492594122887
-0.0270518511533737
0.0109174866229296
-0.0249316487461329
-0.0052880938164890
0.0516054593026638
-0.0120824920013547
-0.0242385603487492
-0.0704326182603836
0.0362718291580677
-0.0048012020997703
-0.0396995954215527
-0.0609937794506550
0.0676266998052597
-0.0646122619509697
0.0372029468417168
-0.0066425791010261
0.0640235468745232
0.0506627038121223
-0.0518633462488651
0.0252413358539343
-0.0406986139714718
0.0656145587563515
-0.0329621694982052
-0.0641375929117203
0.0042122802697122
-0.0422164760529995
-0.0612349472939968
0.0382987745106220
0.0012570040998980
0.0430018678307533
0.0147645436227322
0.0664714798331261
-0.0519804470241070
0.0621962249279022
-0.0744018107652664
-0.0449500642716885
-0.0026982643175870
-0.0638681054115295
0.0154449902474880
0.0038101817481220
-0.0314000844955444
-0.0466111563146114
0.0207154918462038
-0.0249413084238768
0.0369807146489620
-0.0778552740812302
0.0060170851647854
-0.0049294913187623
-0.0734418854117393
0.0349518805742264
0.0399205386638641
0.0104877511039376
-0.0314736142754555
0.0337371490895748
-0.0369730554521084
0.0572119988501072
0.0358252972364426
-0.0405487231910229
0.0205685272812843
0.0414066426455975
0.0032143979333341
-0.1039915904402733
-0.0338741540908813
0.0403092689812183
-0.0021213092841208
0.0051031499169767
0.0842345133423805
-0.0710175335407257
0.0061565539799631
-0.0174765735864639
0.0178472362458706
0.0508250668644905
-0.0439549461007118
-0.0509416386485100
-0.0067915376275778
-0.0408770814538002
0.0729344561696053
0.0585609860718250
-0.0848076269030571
-0.0002912939235102
-0.0196522865444422
0.0281513947993517
-0.0793533995747566
0.0025755600072443
0.0728626400232315
0.0275689475238323
0.0192476939409971
-0.0434180013835430
0.0720890015363693
-0.0599504895508289
-0.0084796547889709
0.0021446044556797
-0.0459764078259468
0.0119506483897567
0.0099064754322171
0.0187416840344667
0.0059602353721857
-0.0715590417385101
-0.0638314113020897
0.0553171597421169
0.0049592936411500
-0.0321566089987755
-0.0057044127024710
-0.0035147820599377
0.0587953217327595
0.0096341185271740
0.0616189539432526
0.0631772577762604
0.0907267183065414
-0.0320331156253815
-0.0151568111032248
-0.0584325082600117
0.0947589650750160
-0.0248572155833244
0.0591494850814342
0.0343075171113014
-0.0023565432056785
-0.0323064588010311
0.0247403476387262
0.0766063928604126
0.0196567606180906
-0.0262485239654779
-0.0201104767620564
0.0060585993342102
-0.0571410581469536
-0.0249868370592594
0.0701291933655739
-0.0047113220207393
-0.1009719222784042
-0.0061304955743253
-0.0460983775556087
0.0171760860830545
0.0164734851568937
0.0124386949464679
-0.0108873704448342
0.0127347186207771
-0.0456677488982677
0.0422761701047421
0.0293268058449030
-0.0151102561503649
0.0033317375928164
0.0082936277613044
0.0378019437193871
0.0158748999238014
-0.0122439265251160
0.0108599597588181
-0.0158704929053783
0.0112529583275318
0.0069628665223718
0.0457040369510651
0.0463004186749458
0.0508260093629360
