0.0446724630892277
-0.0602590329945087
-0.0408982187509537
-0.0329126417636871
0.0380510576069355
-0.0796701163053513
-0.0573729611933231
0.0254348944872618
0.0707874000072479
0.0595629885792732
-0.0110141923651099
-0.0663073211908340
-0.0458719655871391
0.0938960835337639
-0.0641746073961258
0.0213461406528950
0.0888751074671745
-0.1003045067191124
0.0177432466298342
-0.0593650229275227
-0.0301456116139889
0.1155319884419441
-0.0196238420903683
0.0992983579635620
0.0257824100553989
0.0010629914468154
0.0110506406053901
0.0966214314103127
0.0409708581864834
0.0069410228170455
-0.0849197730422020
0.0942838713526726
-0.0634270459413528
-0.0683918967843056
-0.0336094126105309
-0.0352335609495640
-0.0168482996523380
-0.1103785708546638
0.0500246062874794
-0.0210514869540930
-0.0872186049818993
0.1026615127921104
0.0634298920631409
0.0114099243655801
0.0109543930739164
-0.0023619972635061
-0.0571074485778809
-0.0922608301043510
-0.0377796553075314
0.0953635573387146
0.0179104208946228
0.0096802981570363
0.0016274031950161
-0.1026011705398560
0.0614161118865013
-0.0349656455218792
-0.0660027489066124
0.0223047267645597
0.0802515298128128
-0.0216687060892582
0.1102944388985634
-0.0168741587549448
0.0063031818717718
0.0172605514526367
0.0607474744319916
-0.0692721158266068
-0.0736341252923012
-0.0047199735417962
0.0729471519589424
-0.1215885281562805
0.0767304748296738
0.0456051900982857
-0.1133574917912483
-0.0302840229123831
-0.0151318237185478
0.0469897426664829
0.0405717268586159
-0.1038352474570274
0.1060262918472290
-0.0799524039030075
-0.0271156132221222
-0.0378939248621464
-0.0347606502473354
-0.0246546082198620
-0.0612179636955261
0.0520853139460087
-0.0041112829931080
-0.0452019125223160
-0.0685194283723831
-0.0751538723707199
0.0744264274835587
-0.0261985603719950
0.0404656231403351
-0.1015658229589462
-0.0744827613234520
-0.1056364327669144
-0.0745628774166107
0.1343531757593155
0.0572470538318157
0.0457824021577835
0.0499017797410488
0.0187357477843761
-0.0589686147868633
-0.0140853412449360
0.0416175313293934
0.0588167682290077
-0.0437736250460148
0.0386079251766205
0.0877216979861259
0.1108341813087463
0.0871994271874428
-0.0516857616603374
0.0078646233305335
0.0934057384729385
-0.0327815972268581
0.0905284136533737
-0.0655376240611076
0.0194364711642265
-0.0680510699748993
-0.0603569559752941
-0.0654842555522919
-0.0716138556599617
0.0045990501530468
-0.0624504052102566
-0.0349072068929672
0.0575032718479633
-0.0224064812064171
0.0706245899200439
0.0489967688918114
-0.0266970265656710
0.0275745093822479
-0.0714389979839325
0.1246034353971481
-0.1378879398107529
-0.0462072640657425
-0.0309774931520224
-0.0088751725852489
-0.0511022545397282
-0.0800193101167679
-0.0251216627657413
-0.0824613422155380
-0.0272769443690777
-0.0373843647539616
-0.0159538425505161
0.0542167909443378
0.0876856446266174
-0.1140459775924683
0.0522964186966419
-0.0410845689475536
-0.0819796398282051
0.0519469976425171
0.0510868355631828
0.0601840689778328
-0.0899848639965057
0.0526191331446171
0.0416566468775272
0.0554080605506897
-0.0398347079753876
0.0820922553539276
0.0022587822750211
-0.0207030791789293
0.0729742944240570
0.0932024195790291
0.0717681571841240
0.0723887905478477
-0.0442885421216488
0.0079311169683933
0.0335945673286915
0.0188440289348364
0.0799291133880615
-0.0624086782336235
0.0060999933630228
-0.0251232571899891
-0.0061577633023262
0.0485618449747562
0.0675010979175568
-0.0641738772392273
-0.0426222868263721
0.0543046668171883
0.0689800828695297
-0.0448450185358524
0.0367522165179253
-0.0426013208925724
-0.0796514376997948
-0.0060218591243029
0.0026749833486974
-0.0544894374907017
0.0294211450964212
0.0499528720974922
0.0147729385644197
0.0869184583425522
-0.0074101351201534
0.0978586301207542
-0.0744206681847572
-0.1047453954815865
0.0198795311152935
-0.0841678455471992
0.0029853121377528
0.0113648902624846
0.0126691870391369
-0.0346303693950176
-0.0069784605875611
0.0676550865173340
0.0133797544986010
-0.0717853605747223
-0.0783105716109276
-0.0764194950461388
-0.0827824100852013
0.0833965465426445
0.0710587054491043
0.0141833908855915
0.1035785526037216
0.0452492497861385
0.0447772108018398
-0.0456052199006081
0.0675620138645172
0.0909169986844063
-0.0439401604235172
0.0741111934185028
0.0938887298107147
0.0320018604397774
0.0994044095277786
0.0876568108797073
-0.0164311658591032
0.0563438721001148
0.0613169856369495
0.0905130207538605
-0.0595002137124538
0.0655282437801361
-0.0972317531704903
-0.0619196444749832
0.0787166878581047
-0.1157858073711395
-0.0106075676158071
-0.0396633967757225
0.0968219265341759
0.0351474881172180
-0.0126500111073256
0.0787052661180496
-0.0410688742995262
0.0749832838773727
0.0204101596027613
-0.0154864545911551
-0.0047367755323648
-0.0863014683127403
0.0409322232007980
-0.0477760508656502
0.0971810370683670
0.0522764250636101
0.0304276291280985
0.0242527872323990
0.0217678733170033
-0.0502615533769131
-0.0603052377700806
-0.1156160607933998
-0.0580114126205444
-0.0417655929923058
-0.0555986352264881
-0.0633945167064667
0.0716393813490868
0.1269775331020355
0.0080498354509473
-0.1424980461597443
0.1212421134114265
0.1357636898756027
0.0109654571861029
-0.0182689838111401
-0.0739210769534111
0.0530610159039497
0.1242729872465134
-0.1050441414117813
0.0000869083596626
-0.1693884134292603
0.1847800761461258
0.0430324934422970
-0.2245148420333862
-0.1064871400594711
0.0036044337321073
0.1215700283646584
-0.0030002968851477
-0.0586283504962921
-0.1119707375764847
-0.2286039739847183
-0.2424441426992416
0.0063165170140564
0.0659748986363411
-0.1056341081857681
0.1516657620668411
0.0429482795298100
0.0365095771849155
-0.1549300700426102
-0.1190855279564857
0.0157744139432907
0.0247667357325554
0.0763741508126259
-0.2756148874759674
-0.0850782841444016
0.0810780525207520
-0.1129128336906433
-0.1220631301403046
-0.0243849959224463
0.0197431836277246
0.1547720134258270
-0.3733446598052979
0.0014107167953625
0.1443973928689957
-0.0623147375881672
0.0490039736032486
-0.0600757710635662
-0.0920449346303940
-0.1124896854162216
-0.1379355937242508
0.0576512105762959
0.0679149329662323
-0.1257223039865494
0.0354963243007660
0.0200890190899372
0.3504247367382050
0.0869157314300537
-0.1338298320770264
-0.0406650193035603
0.0337004251778126
0.0629369169473648
-0.0708054676651955
-0.0326185822486877
-0.0135899512097239
-0.0146575206890702
-0.0690383687615395
-0.0560032539069653
0.0064205597154796
-0.0648442730307579
0.0539338700473309
0.0410320796072483
0.0286086834967136
0.0058143283240497
0.0055100703611970
0.0496906414628029
0.0133341755717993
-0.0362788662314415
-0.0771826654672623
0.0043985685333610
0.0646062344312668
-0.0213165134191513
-0.0066910283640027
0.1220336407423019
0.0821729600429535
0.0725604221224785
0.0012237324845046
-0.0170504562556744
0.0595935173332691
-0.0400040075182915
0.0088596213608980
0.0531206317245960
-0.0076401755213737
0.0421395450830460
0.0227517988532782
0.0450474619865417
0.0407469496130943
0.0047164522111416
0.0066447719000280
-0.0753844380378723
0.0767791718244553
0.0417013019323349
-0.0333301536738873
0.0157412476837635
-0.0651896223425865
0.0468215867877007
0.0367752052843571
-0.0039696060121059
-0.0251125898212194
-0.0041073849424720
0.0548748113214970
-0.0515893846750259
-0.0114138256758451
-0.0743926689028740
0.0597716160118580
-0.0226923879235983
0.0317697338759899
0.0221360456198454
0.0660651475191116
0.0479029640555382
0.0091605233028531
0.0215505175292492
0.0944162905216217
-0.0106804119423032
0.0677066072821617
-0.0464222468435764
-0.0474260896444321
-0.0442155860364437
-0.0259084645658731
-0.0053445659577847
0.0278069339692593
0.0376156046986580
-0.0237637441605330
0.0749151185154915
-0.0122271804139018
0.0225501842796803
-0.0020870163571090
-0.0139645095914602
0.0020328485406935
-0.0587536916136742
-0.0117588853463531
0.0087978355586529
0.0288817323744297
-0.0053432988934219
-0.0364540517330170
-0.0494132265448570
0.0015589906834066
-0.0198211520910263
-0.0051204655319452
0.0590236112475395
-0.0451008081436157
0.0129224453121424
0.0340090058743954
-0.0004856514569838
0.0245358236134052
0.0139088211581111
0.0432910583913326
0.0493770726025105
0.0306189674884081
-0.0685588046908379
-0.0327277444303036
-0.0458403453230858
-0.0132814357057214
-0.0009470555232838
-0.0368011854588985
-0.0481411702930927
0.0508151538670063
0.0326467379927635
-0.0050222924910486
-0.0075141466222703
-0.0211116187274456
-0.0136398747563362
-0.0221939366310835
0.0327097661793232
0.0581559576094151
-0.0729852393269539
0.0535969920456409
0.0217605531215668
0.0292486511170864
0.0399883799254894
-0.0461923629045486
-0.0385500155389309
-0.0351549461483955
0.0086637372151017
-0.0319800935685635
0.0692329481244087
0.0692437812685966
0.0189757551997900
0.0025652176700532
0.0226066596806049
0.0553225949406624
-0.0702867880463600
-0.0747813582420349
0.0249645039439201
0.0464976765215397
-0.0053910012356937
-0.0283078178763390
-0.0416735745966434
-0.0015230237040669
0.0355960987508297
-0.0644277036190033
0.0695224031805992
-0.0416900068521500
-0.0211618002504110
0.0590432547032833
-0.0467828847467899
0.0166234299540520
-0.0567740201950073
0.0755773112177849
-0.0756677836179733
-0.0160322096198797
0.0164848845452070
0.0507203042507172
-0.0573295950889587
-0.0240839459002018
-0.0035731070674956
-0.0447423420846462
0.0196974314749241
0.0899494215846062
-0.0095025943592191
0.0141836162656546
-0.0240379758179188
-0.0661698132753372
-0.0785703435540199
-0.0172647293657064
0.0249442942440510
-0.0373572148382664
-0.0326925963163376
-0.0094934934750199
-0.0223849695175886
-0.0423288419842720
0.0911718085408211
0.0154441120103002
-0.0040651354938745
0.0052617373876274
0.0391243360936642
0.0941337347030640
0.0266648139804602
-0.0347239002585411
0.0270921643823385
0.0571346431970596
0.0106481825932860
0.0507096126675606
-0.0322543010115623
0.0253411028534174
-0.0280502084642649
-0.0655646920204163
0.0457083657383919
0.0710473731160164
0.0177835226058960
-0.0934899523854256
-0.0725667476654053
0.0360759943723679
-0.0261710081249475
-0.0591426566243172
-0.0762735530734062
-0.0411171801388264
0.0166502166539431
0.0705191195011139
-0.0179026741534472
0.0325231030583382
0.0647411867976189
0.0243643186986446
-0.0375012047588825
0.0337903127074242
0.0708838626742363
0.0623416453599930
0.0636906698346138
0.0365933850407600
0.0406991764903069
0.0314033553004265
-0.0763911828398705
0.0738630443811417
0.0409008599817753
0.0882872343063354
0.0356114879250526
0.0207420494407415
0.0533361248672009
0.0039066849276423
-0.0040154750458896
-0.0380215607583523
0.0521317534148693
-0.0193752609193325
0.0820331871509552
-0.0351992398500443
0.0463595911860466
0.0290793925523758
-0.0088464217260480
-0.0415248982608318
-0.0293200723826885
-0.0255849584937096
-0.0028919021133333
0.0143171399831772
-0.0480822063982487
0.0033478315453976
0.0165802054107189
-0.0388334654271603
0.0377725549042225
-0.0385515131056309
-0.0189405474811792
-0.0640809237957001
-0.0562311373651028
0.0181376188993454
0.0493672154843807
0.0512336604297161
0.0485274754464626
-0.0602785572409630
0.0493028350174427
-0.0157398190349340
0.0246765837073326
-0.0179108791053295
0.0381793230772018
-0.0687240362167358
0.0549761503934860
-0.0628252029418945
-0.0077746673487127
0.0520876422524452
-0.0528827980160713
-0.0251185633242130
0.0240370891988277
0.0320881716907024
-0.0121994800865650
0.0157015118747950
-0.0219969097524881
-0.0710665360093117
0.0484316349029541
0.0225308295339346
-0.0589127056300640
-0.0329388752579689
0.0279928352683783
0.0516431182622910
0.0064247059635818
0.0093545820564032
-0.0459539294242859
0.0133722824975848
0.0485190376639366
0.0693530514836311
0.0296404473483562
0.0223685149103403
-0.0447323024272919
0.0594690479338169
0.0705989599227905
-0.0522610805928707
0.0467155277729034
-0.0301464721560478
-0.0376782640814781
-0.0063986652530730
0.0425808466970921
-0.0171471685171127
-0.0279174540191889
-0.0197813380509615
-0.0466000325977802
-0.0303240157663822
-0.0132896965369582
-0.0269569139927626
-0.0863329172134399
0.0791532769799232
-0.0040054321289062
0.0301471184939146
0.1028401032090187
0.0755129456520081
0.0293304175138474
-0.0169974062591791
0.0246140379458666
-0.0197051726281643
0.0339015759527683
0.0231003761291504
0.0550918988883495
0.0117275128141046
0.0547270104289055
-0.0133791146799922
-0.0560877472162247
0.0889266058802605
0.0178835839033127
0.0598096810281277
0.0687150433659554
0.0393917486071587
0.0313878878951073
-0.0113811334595084
0.0089053772389889
0.0522563718259335
0.0096101304516196
0.0055587356910110
0.0387171879410744
-0.0390592850744724
0.0259628146886826
0.0625881105661392
0.0300679951906204
-0.0598780065774918
-0.0850450471043587
0.1061407998204231
0.0263074878603220
-0.0254870448261499
0.0416600517928600
0.0161727126687765
0.0313465483486652
0.0971758216619492
0.0049997563473880
0.0200162958353758
0.0728745460510254
0.0445103645324707
-0.0304157081991434
0.0445763245224953
-0.0476708300411701
-0.0206779930740595
-0.0641318038105965
-0.0714475437998772
-0.0401286520063877
-0.0772102624177933
0.0986297205090523
-0.0567668452858925
-0.0103705106303096
0.0132522908970714
0.0133522208780050
-0.0288787763565779
0.0272043123841286
-0.0613205805420876
0.0374109894037247
-0.0136276315897703
-0.0185362603515387
0.0106854988262057
-0.0352229475975037
-0.0122780911624432
0.0096862846985459
0.0000028343761187
-0.0569717139005661
-0.0549617074429989
0.0096046486869454
-0.0181929394602776
-0.0160690471529961
-0.0380784757435322
0.0699271410703659
-0.0784126073122025
0.0553682260215282
0.0080488510429859
0.0426779389381409
-0.0362554825842381
-0.0152223194018006
0.0651232972741127
-0.0438421629369259
0.0550939515233040
0.0053637376986444
-0.0935088470578194
0.0438515618443489
-0.0038162760902196
-0.0038514761254191
0.0406468324363232
0.0042034480720758
0.0445423163473606
-0.0320322886109352
0.1005906313657761
-0.0436344929039478
0.0632993578910828
-0.0669387653470039
-0.0451620705425739
0.0226001013070345
-0.0580144822597504
0.0532599389553070
0.0337445437908173
-0.0436653383076191
-0.0006868760101497
-0.0120359444990754
-0.0589298680424690
0.0477462038397789
-0.0614015348255634
-0.0064818514510989
-0.0174468606710434
-0.0651637539267540
0.0458191297948360
0.0400071889162064
0.0050149210728705
-0.0205579958856106
0.0211258418858051
-0.0467120893299580
0.0635043159127235
0.0338856689631939
-0.0189294032752514
0.0389489866793156
0.0881009399890900
-0.0236515216529369
-0.0213644355535507
-0.0293342899531126
0.0341494232416153
-0.0119647029787302
0.0312486905604601
0.0443092882633209
-0.0536452643573284
0.0119500020518899
-0.0008712754934095
-0.0075922445394099
0.0204413197934628
-0.0456767082214355
-0.0119890468195081
-0.0320187881588936
-0.0887578800320625
0.0288615226745605
0.0331031940877438
-0.0825490802526474
0.0498357117176056
0.0458265505731106
0.0510974079370499
-0.0104135479778051
0.0448975674808025
0.0535708889365196
-0.0000796779859229
-0.0022201288957149
-0.0495359711349010
0.0539450496435165
-0.0228227563202381
-0.0165455676615238
-0.0136314220726490
-0.0022674403153360
0.0101330755278468
0.0262724943459034
0.0277257505804300
-0.0392366088926792
-0.0444008186459541
-0.0697810649871826
0.0597650073468685
-0.0082295108586550
-0.0238023530691862
-0.0228279270231724
-0.0101209972053766
0.0453156381845474
0.0392823703587055
0.0200741495937109
0.0386336445808411
0.0127943754196167
-0.0201683416962624
0.0082756020128727
-0.0617648959159851
0.0750738307833672
0.0296349711716175
0.0600726678967476
0.0073730614967644
0.0448589026927948
-0.0540969520807266
0.0059377327561378
0.0828966349363327
0.0550369620323181
-0.0228305477648973
-0.0143698686733842
-0.0134397912770510
-0.0432176813483238
-0.0072879167273641
0.0856772959232330
0.0016075283056125
-0.0664542540907860
-0.0465862080454826
0.0102881034836173
0.0099639194086194
-0.0061667109839618
-0.0256868470460176
-0.0167677327990532
0.0306696612387896
-0.0311719607561827
0.0614035688340664
0.0229081362485886
-0.0709441676735878
-0.0413105860352516
-0.0040505751967430
0.0278010442852974
0.0563037768006325
0.0427565835416317
0.0107669811695814
-0.0467636734247208
-0.0499379634857178
0.0590993799269199
0.0790541395545006
0.0218131672590971
0.0184869319200516
