2.290999749675393105e-03
9.628375060856342316e-03
2.483610250055789948e-02
-3.468544781208038330e-02
4.507821425795555115e-02
-1.293510477989912033e-02
-2.275522798299789429e-02
2.362099243327975273e-03
-3.782118856906890869e-02
-2.054180577397346497e-02
1.694419421255588531e-02
1.432172860950231552e-02
-3.644881397485733032e-02
4.990589332010131329e-06
1.739059574902057648e-03
-2.390939928591251373e-02
7.541808765381574631e-03
-2.865329012274742126e-02
-1.694724261760711670e-01
1.336034946143627167e-02
1.509175170212984085e-02
2.631316520273685455e-02
-1.791928894817829132e-02
-2.425014413893222809e-02
-6.098156445659697056e-04
2.510663866996765137e-02
2.668432332575321198e-02
-8.859758265316486359e-03
-2.215642016381025314e-03
2.260499820113182068e-02
-1.512124687433242798e-01
-1.096165273338556290e-02
1.550446031615138054e-04
1.648336835205554962e-02
-1.527564367279410362e-03
-9.352249093353748322e-03
2.304652892053127289e-02
-3.669296577572822571e-02
-8.101448416709899902e-03
5.939978174865245819e-03
2.585179731249809265e-02
-5.539100966416299343e-04
8.741491287946701050e-02
5.687644705176353455e-03
-1.784330606460571289e-02
1.706885546445846558e-02
3.116291947662830353e-02
1.162761915475130081e-02
5.460453219711780548e-03
8.170785382390022278e-03
3.075432963669300079e-02
1.606648787856101990e-02
-4.858626797795295715e-02
-4.920824244618415833e-02
6.380800157785415649e-03
-3.506900742650032043e-02
1.440352667123079300e-02
-8.981204591691493988e-03
4.561057090759277344e-01
-6.430941075086593628e-02
-1.044175028800964355e-02
-1.692403806373476982e-03
8.214074186980724335e-03
-1.952797174453735352e-02
1.560422242619097233e-03
2.038231119513511658e-02
-1.754505187273025513e-02
2.506592310965061188e-02
-7.348304241895675659e-02
2.054137922823429108e-02
1.374245039187371731e-03
1.450942829251289368e-02
-2.158604189753532410e-02
1.128749269992113113e-02
1.225017290562391281e-02
-1.358926179818809032e-03
-2.111704275012016296e-02
-1.579981856048107147e-02
1.480908691883087158e-02
-1.169858798384666443e-01
-2.524601877667009830e-04
-3.648346289992332458e-02
7.192816585302352905e-03
-4.595465585589408875e-02
-4.648299142718315125e-02
-2.416452020406723022e-02
-1.586408726871013641e-02
-1.967122592031955719e-02
-1.873812871053814888e-03
1.080341171473264694e-02
-2.782542956992983818e-03
-3.944262396544218063e-03
1.422200817614793777e-02
2.578880079090595245e-02
-5.060528870671987534e-03
1.997140049934387207e-02
-1.944233663380146027e-02
-2.108683437108993530e-02
-6.497758626937866211e-02
4.809795937035232782e-04
1.928270049393177032e-02
6.748986430466175079e-03
-5.938399583101272583e-03
2.132196910679340363e-03
-1.781487464904785156e-02
7.627555634826421738e-03
-2.276143804192543030e-02
1.075700949877500534e-02
2.298546722158789635e-03
6.883851718157529831e-03
5.018082261085510254e-02
8.189320564270019531e-03
-1.341276243329048157e-02
3.507106378674507141e-02
-2.729948610067367554e-02
-1.676527410745620728e-02
-3.540047258138656616e-02
-4.853088408708572388e-03
1.939029432833194733e-02
2.101559937000274658e-02
8.769955486059188843e-03
2.773375436663627625e-02
-9.468953358009457588e-04
-1.749574206769466400e-02
7.797756791114807129e-02
1.278018299490213394e-02
1.939788088202476501e-02
6.624838337302207947e-03
-7.924283854663372040e-03
5.199991911649703979e-02
5.399457737803459167e-02
3.412675485014915466e-02
1.718926057219505310e-02
2.495843730866909027e-02
9.292851202189922333e-03
-1.764618419110774994e-02
-6.418412551283836365e-03
4.981743171811103821e-02
-3.651787340641021729e-02
-7.200948428362607956e-03
9.714541584253311157e-02
2.915713004767894745e-02
-1.212391164153814316e-02
4.582281783223152161e-02
3.937279689125716686e-04
-2.272520810365676880e-01
-8.548824116587638855e-03
9.619732387363910675e-03
-3.715644404292106628e-02
-7.225580047816038132e-03
-2.995469840243458748e-03
3.982521221041679382e-02
-3.777512162923812866e-02
-1.354198250919580460e-02
-4.028297960758209229e-03
1.048399787396192551e-02
2.254844643175601959e-02
7.004046812653541565e-03
4.267292097210884094e-02
5.424753949046134949e-02
1.143439672887325287e-02
1.000017076730728149e-01
-6.689200550317764282e-02
1.398025546222925186e-02
-1.944613468367606401e-04
-2.022977732121944427e-02
-1.276177726686000824e-02
3.400972858071327209e-02
1.804578863084316254e-02
4.255755338817834854e-03
-3.071226924657821655e-02
-5.472232587635517120e-03
-1.339640561491250992e-02
-4.521912708878517151e-02
-1.561076351208612323e-04
-2.364292554557323456e-02
-3.857056144624948502e-03
3.549586981534957886e-02
-5.090992897748947144e-02
2.364813908934593201e-02
-6.528549361974000931e-03
1.565675623714923859e-02
-1.686754403635859489e-03
-1.813623867928981781e-02
1.681407168507575989e-02
-1.904547065496444702e-01
3.458281978964805603e-02
2.040208317339420319e-02
1.878057047724723816e-02
4.585939645767211914e-02
4.485412500798702240e-03
-9.072599932551383972e-03
-1.917815767228603363e-02
4.862102679908275604e-03
1.191537734121084213e-02
1.409958023577928543e-02
9.499707072973251343e-02
6.547307712025940418e-04
-1.107452530413866043e-02
-2.948519028723239899e-02
-4.208672046661376953e-02
-9.580340236425399780e-03
7.829857990145683289e-03
3.636699914932250977e-02
1.094875670969486237e-02
5.082456395030021667e-03
-3.070535510778427124e-02
-1.769349910318851471e-02
1.909921318292617798e-02
3.452003747224807739e-02
3.482303395867347717e-02
1.584576815366744995e-02
1.010005176067352295e-02
-5.230851937085390091e-03
3.678051754832267761e-02
5.206037312746047974e-02
-3.369901329278945923e-02
1.344858203083276749e-02
6.099394988268613815e-03
-2.459506690502166748e-02
7.574396673589944839e-03
-6.658757925033569336e-01
5.937410052865743637e-03
1.266210153698921204e-02
-7.688960526138544083e-03
4.363755229860544205e-03
1.268375292420387268e-02
-5.803680513054132462e-03
9.798530489206314087e-03
1.940253935754299164e-02
-2.274739323183894157e-03
-3.405118361115455627e-02
4.152651131153106689e-02
-4.306973423808813095e-03
-1.540711149573326111e-02
-4.529606085270643234e-03
1.782036758959293365e-02
-8.192411623895168304e-03
-1.182776410132646561e-02
1.401147618889808655e-02
9.672326967120170593e-03
2.137552201747894287e-02
1.450317651033401489e-01
1.268044672906398773e-02
-1.023165648803114891e-03
-1.344332564622163773e-02
6.915677804499864578e-03
-1.681418623775243759e-03
2.324357070028781891e-02
-6.315927021205425262e-03
-2.407674118876457214e-02
1.727906288579106331e-03
1.606052555143833160e-02
-1.282578101381659508e-03
-5.568653810769319534e-03
9.615799412131309509e-03
2.891214191913604736e-02
9.458204358816146851e-02
7.384693622589111328e-02
-1.479580765590071678e-03
-7.811515033245086670e-02
-3.060934692621231079e-02
7.991962879896163940e-02
5.731864832341670990e-03
2.341918647289276123e-02
-2.135537564754486084e-02
-2.216326817870140076e-02
1.081295460462570190e-01
-3.045634366571903229e-02
8.836416155099868774e-02
-9.826577454805374146e-02
-6.469477433711290359e-03
-9.852931834757328033e-03
-1.159902079962193966e-03
9.284466505050659180e-02
-6.687323004007339478e-02
7.450566440820693970e-02
7.883365452289581299e-02
-1.378149092197418213e-01
6.608544290065765381e-02
5.456112697720527649e-02
-3.243056358769536018e-03
1.004503015428781509e-02
-2.153382869437336922e-03
-3.479477018117904663e-02
3.197374567389488220e-02
-5.763283744454383850e-02
7.610872853547334671e-03
2.229836955666542053e-02
2.277899766340851784e-03
-3.519038483500480652e-02
-7.904226332902908325e-02
9.618186950683593750e-02
-5.907309427857398987e-02
3.654715046286582947e-02
3.540776297450065613e-02
-3.219568636268377304e-03
1.655491627752780914e-02
5.415447428822517395e-02
-2.233353629708290100e-02
-6.663632392883300781e-02
3.539055120199918747e-03
9.018996953964233398e-01
4.059565835632383823e-04
2.038104087114334106e-02
6.358677893877029419e-02
-2.601218037307262421e-02
-1.492897234857082367e-02
9.400004148483276367e-02
3.177520260214805603e-02
-8.595985174179077148e-02
-6.056634336709976196e-02
-2.976936101913452148e-02
3.152210963889956474e-03
-9.559436701238155365e-03
5.530065670609474182e-02
-2.711025439202785492e-02
5.048815160989761353e-02
4.332981258630752563e-02
-4.776225984096527100e-02
3.578827157616615295e-02
2.881593815982341766e-02
-6.511538475751876831e-02
-2.401956729590892792e-02
2.611727826297283173e-02
5.318129551596939564e-04
5.000631138682365417e-02
-2.489282749593257904e-02
-1.742968894541263580e-02
-1.925504999235272408e-03
4.451258853077888489e-02
6.997777521610260010e-02
-2.367552556097507477e-02
-3.270656242966651917e-02
6.339578330516815186e-02
-4.483580589294433594e-02
-1.981647498905658722e-02
-4.794520884752273560e-02
2.528870105743408203e-02
-2.363765612244606018e-03
-7.606164086610078812e-03
-4.567350726574659348e-03
-3.369221836328506470e-02
3.741778805851936340e-02
2.010999992489814758e-02
-7.097469270229339600e-02
1.176390424370765686e-02
1.506756339222192764e-02
-3.647304326295852661e-02
-1.072270236909389496e-02
5.898949131369590759e-02
-3.525039181113243103e-02
2.949546091258525848e-02
-6.301335990428924561e-02
-2.771078236401081085e-02
6.133994832634925842e-02
2.448847331106662750e-02
-2.792826155200600624e-03
-6.651110481470823288e-03
-5.004334077239036560e-02
3.027033805847167969e-02
-2.419596724212169647e-02
-3.026636317372322083e-02
2.701719850301742554e-02
3.642964363098144531e-02
2.343438938260078430e-02
8.466461673378944397e-03
-4.787933453917503357e-02
-1.545849349349737167e-02
1.059702783823013306e-02
-1.041571795940399170e-02
1.750375330448150635e-01
1.266211830079555511e-02
6.706482730805873871e-03
3.232947364449501038e-02
-3.392498940229415894e-02
-1.244808584451675415e-01
-9.343459270894527435e-03
-3.003701567649841309e-02
4.939776286482810974e-02
-6.274909526109695435e-02
-1.201001275330781937e-02
-2.441872283816337585e-02
2.834847941994667053e-02
2.049968577921390533e-02
3.305625542998313904e-02
1.032621134072542191e-02
8.672666735947132111e-03
6.251983344554901123e-02
1.622990891337394714e-02
3.452401608228683472e-02
-3.560415282845497131e-02
-2.281745336949825287e-02
4.660062119364738464e-02
-7.393593434244394302e-03
-6.947927176952362061e-02
1.539953052997589111e-03
-3.256572410464286804e-02
4.639931768178939819e-02
2.451462857425212860e-02
-5.096122995018959045e-02
-4.637248814105987549e-02
-8.880681544542312622e-02
1.842049881815910339e-02
1.704419590532779694e-02
1.271841116249561310e-02
-5.015251412987709045e-02
-1.854285039007663727e-02
-4.497333616018295288e-02
-1.205693464726209641e-02
-8.419882506132125854e-02
2.271608449518680573e-02
-5.362633243203163147e-02
-5.915504321455955505e-02
1.614107564091682434e-02
-2.916142344474792480e-03
-1.106692384928464890e-02
-6.229963153600692749e-03
4.758075252175331116e-02
-7.535940501838922501e-03
1.066289376467466354e-02
3.748723119497299194e-02
-7.337907701730728149e-02
-6.935282051563262939e-02
5.407100915908813477e-02
-4.035105183720588684e-02
-1.142433658242225647e-02
-1.773526519536972046e-02
6.874959915876388550e-02
1.046806853264570236e-02
-1.369930687360465527e-03
2.584416233003139496e-02
6.350548565387725830e-02
-3.344622207805514336e-03
8.746435865759849548e-03
2.191242203116416931e-02
2.899165637791156769e-02
-3.539964091032743454e-03
1.487969607114791870e-02
1.747815683484077454e-02
-1.195965241640806198e-02
-3.887911513447761536e-02
2.454174682497978210e-03
7.121893577277660370e-03
-6.703122705221176147e-02
-2.967441454529762268e-03
2.529239049181342125e-03
-1.467665433883666992e-01
5.476577207446098328e-02
-3.613928565755486488e-03
-1.241554599255323410e-02
2.287923591211438179e-03
1.477191317826509476e-02
-3.817969188094139099e-02
-1.284405309706926346e-02
-6.520178914070129395e-02
-1.954620890319347382e-02
-5.573024228215217590e-02
-2.004641480743885040e-02
-3.030388616025447845e-02
6.883538514375686646e-02
-4.491749685257673264e-03
1.199527271091938019e-02
-4.518485814332962036e-02
-1.709017343819141388e-02
-4.638957977294921875e-02
1.343319471925497055e-02
5.484722554683685303e-02
6.039500236511230469e-03
-1.935998350381851196e-02
2.564662136137485504e-03
2.745253220200538635e-02
-3.117554076015949249e-02
1.094423001632094383e-03
-3.269517421722412109e-02
-1.465060748159885406e-02
-5.026461929082870483e-02
-6.903220713138580322e-02
8.355818688869476318e-02
6.127552315592765808e-02
-4.597119987010955811e-02
1.535217557102441788e-02
-1.690596900880336761e-02
-1.290793158113956451e-02
3.505212441086769104e-02
-2.038841880857944489e-02
3.230243921279907227e-02
-1.941760815680027008e-02
-5.483939498662948608e-02
4.630130901932716370e-02
1.044349279254674911e-02
-3.017212962731719017e-03
8.984677493572235107e-03
-2.418395876884460449e-02
-1.407553814351558685e-02
1.958052627742290497e-02
6.983792409300804138e-03
-1.949873939156532288e-02
7.231294363737106323e-02
1.614731736481189728e-02
-1.381000503897666931e-02
3.056728467345237732e-02
1.998149789869785309e-03
5.986338481307029724e-03
2.461193501949310303e-02
2.342378254979848862e-03
-2.139995060861110687e-02
-1.191325113177299500e-01
-9.756683371961116791e-03
-1.819468475878238678e-02
2.805237472057342529e-02
-2.069810591638088226e-02
1.232284214347600937e-02
1.804363168776035309e-02
-3.902145847678184509e-02
-8.375295437872409821e-03
-1.698740758001804352e-02
-2.317074500024318695e-02
-2.023869456024840474e-04
7.058786693960428238e-03
5.408807843923568726e-02
-2.054453943856060505e-04
-1.016834527254104614e-01
1.965937390923500061e-02
-3.476087003946304321e-02
-8.859978616237640381e-02
4.914422333240509033e-02
6.008977442979812622e-02
-3.923965990543365479e-02
-3.115475550293922424e-02
5.200487430556677282e-05
6.327293068170547485e-02
-1.334697287529706955e-02
1.012771204113960266e-01
7.648254930973052979e-02
-7.661268580704927444e-03
1.929993368685245514e-02
-2.534383349120616913e-02
3.155235899612307549e-03
-9.994940832257270813e-03
-5.862258747220039368e-02
-4.453274235129356384e-02
-9.819415397942066193e-03
2.014642395079135895e-02
-3.726740926504135132e-02
6.927654147148132324e-02
-4.135822411626577377e-03
-1.345357764512300491e-02
1.402247045189142227e-02
-3.261237964034080505e-02
9.282745420932769775e-03
7.260792888700962067e-03
-4.772091656923294067e-02
-1.387496292591094971e-02
-9.189029224216938019e-03
7.413836661726236343e-03
3.090165369212627411e-02
-2.679297327995300293e-02
6.389633566141128540e-02
-1.569124124944210052e-02
-8.699351549148559570e-02
-3.197805956006050110e-02
1.938441768288612366e-02
-5.456710234284400940e-02
-3.085892647504806519e-03
1.972234994173049927e-02
-2.607629867270588875e-04
-6.701311469078063965e-02
8.734223246574401855e-02
1.012996286153793335e-01
4.806609079241752625e-02
2.337446436285972595e-02
-2.577495947480201721e-02
2.887375652790069580e-02
-1.048908103257417679e-02
-3.735954314470291138e-02
-5.809627100825309753e-02
-5.365645512938499451e-03
-3.772561438381671906e-03
-2.022905647754669189e-02
-6.202140450477600098e-02
5.610961839556694031e-02
2.884669974446296692e-02
2.239069435745477676e-03
3.364076092839241028e-02
3.758703917264938354e-02
-1.857737451791763306e-02
6.258012354373931885e-02
-1.282051298767328262e-02
-6.480916589498519897e-02
3.039110451936721802e-02
-1.166305784136056900e-02
-4.066373780369758606e-02
-1.573061384260654449e-02
-1.644544005393981934e-01
-5.000906810164451599e-02
-2.405239827930927277e-02
-3.771932795643806458e-02
-2.398579753935337067e-02
8.081486448645591736e-03
-2.986430004239082336e-02
1.136878356337547302e-01
3.533087298274040222e-02
1.216482371091842651e-01
-1.017928472720086575e-03
-3.119558468461036682e-02
-2.621315419673919678e-02
-2.810621447861194611e-02
1.330968551337718964e-02
-2.613762766122817993e-02
-3.472368791699409485e-02
1.992551237344741821e-02
-3.721364215016365051e-02
8.153042756021022797e-03
-1.665273755788803101e-01
3.562682541087269783e-03
6.918065994977951050e-02
6.277746055275201797e-03
4.471347853541374207e-02
-5.758177489042282104e-02
4.353275150060653687e-02
-1.913952082395553589e-02
3.851904720067977905e-02
-1.197662204504013062e-03
-3.754172846674919128e-02
9.525629132986068726e-02
-1.248262170702219009e-02
-3.080829977989196777e-02
-4.786093533039093018e-02
7.214695960283279419e-02
-4.989594221115112305e-02
-1.390318125486373901e-01
-5.017139762639999390e-02
7.840992882847785950e-03
-1.123542711138725281e-01
7.920166850090026855e-02
-4.703942220658063889e-03
-7.822097837924957275e-02
5.952847003936767578e-02
2.514107152819633484e-02
-7.766209542751312256e-02
-2.741265296936035156e-02
-1.953038759529590607e-02
-7.456073164939880371e-02
-5.632737278938293457e-02
9.454862214624881744e-03
1.251218654215335846e-02
-2.850401774048805237e-02
5.035625398159027100e-02
-3.006501682102680206e-02
-1.896585710346698761e-02
2.200923115015029907e-02
-1.369082368910312653e-02
-8.846528944559395313e-04
1.247296296060085297e-02
4.473686963319778442e-02
-3.397706151008605957e-02
-1.140951458364725113e-02
5.153741687536239624e-02
-5.060008168220520020e-02
-8.271251618862152100e-02
-2.290958166122436523e-02
-7.631946355104446411e-02
-1.485763769596815109e-02
4.575530812144279480e-02
-2.913057990372180939e-02
3.478894382715225220e-02
5.485459044575691223e-02
1.908048405312001705e-03
-3.097343444824218750e-02
7.632742635905742645e-03
-6.986516062170267105e-03
-6.424874067306518555e-03
4.664464294910430908e-02
4.222416505217552185e-02
-9.454536251723766327e-03
-4.961313679814338684e-03
3.273903392255306244e-03
1.028251834213733673e-02
1.232576183974742889e-02
3.894239291548728943e-02
-6.152055785059928894e-02
2.352143451571464539e-02
6.600875407457351685e-02
-1.531846821308135986e-02
-3.768821712583303452e-03
4.907929152250289917e-02
2.388378046452999115e-02
8.031887002289295197e-03
1.412349846214056015e-02
1.096914242953062057e-02
-8.831938728690147400e-03
-1.053670495748519897e-01
-2.598561160266399384e-02
-4.796863533556461334e-03
-1.519425027072429657e-02
-2.667793631553649902e-02
3.977384045720100403e-02
-5.162375979125499725e-03
2.678910270333290100e-02
7.397704571485519409e-02
-2.832492813467979431e-02
7.522056996822357178e-02
-7.931994623504579067e-04
-1.413436084985733032e-01
-2.729265391826629639e-02
3.570383042097091675e-02
-2.122239395976066589e-02
-1.311737298965454102e-01
2.617710083723068237e-02
-2.810016274452209473e-02
1.057415455579757690e-01
2.167307306081056595e-03
1.683901436626911163e-02
4.482515528798103333e-02
-2.765316143631935120e-02
9.858138114213943481e-02
-6.818965077400207520e-02
7.514424622058868408e-02
-6.045772694051265717e-03
1.948066242039203644e-02
-1.066376082599163055e-02
3.597893286496400833e-03
6.278864573687314987e-03
2.963062003254890442e-02
-1.488130260258913040e-02
4.101749509572982788e-02
3.803137689828872681e-02
6.192685104906558990e-03
4.653412476181983948e-02
-6.852027494460344315e-03
-4.225739836692810059e-02
-2.790961414575576782e-02
4.221668839454650879e-02
2.911576814949512482e-02
1.218924745917320251e-01
6.305300444364547729e-02
-4.920174926519393921e-02
2.753903903067111969e-02
3.629591315984725952e-02
-3.865830972790718079e-02
4.178753122687339783e-02
3.123718686401844025e-02
-3.543510567396879196e-03
1.752961985766887665e-02
1.253728382289409637e-02
6.015402078628540039e-02
3.559721261262893677e-02
-8.123643696308135986e-02
-9.474553167819976807e-03
2.921761013567447662e-02
-6.421056576073169708e-03
-8.318302780389785767e-02
-1.109670326113700867e-01
-6.822502706199884415e-03
-1.669958047568798065e-02
-2.101611718535423279e-02
3.956930339336395264e-02
2.531238272786140442e-02
3.923468757420778275e-03
6.437329109758138657e-03
-5.057384446263313293e-02
1.462336815893650055e-02
2.060303464531898499e-02
1.807440072298049927e-02
-9.500294923782348633e-03
-6.539450958371162415e-03
1.216907636262476444e-03
-8.949719485826790333e-04
1.776716113090515137e-02
4.097695648670196533e-02
-2.467730082571506500e-02
5.297778919339179993e-02
-1.105478219687938690e-02
-8.325269073247909546e-02
-1.440042629837989807e-02
-1.239651069045066833e-02
-5.340798757970333099e-03
-7.057487964630126953e-02
3.536576777696609497e-02
5.928835272789001465e-02
-6.290698051452636719e-02
-9.916050732135772705e-02
-6.610132753849029541e-02
3.091356530785560608e-02
4.154340364038944244e-03
-2.724134922027587891e-02
-4.025994241237640381e-02
1.261127926409244537e-02
-3.793662786483764648e-02
5.809863097965717316e-03
1.665969379246234894e-02
4.262368381023406982e-02
1.668146345764398575e-03
-3.900141455233097076e-03
-2.179818041622638702e-02
-1.336827129125595093e-02
1.777541637420654297e-02
-1.376638840883970261e-02
-3.555834991857409477e-03
-2.048403210937976837e-02
-1.136749014258384705e-01
7.095484994351863861e-03
7.567749172449111938e-02
-4.225809127092361450e-03
3.251815587282180786e-02
-6.380189955234527588e-02
1.863499172031879425e-02
4.229907412081956863e-03
4.194805806037038565e-04
-1.216309051960706711e-02
-3.353273030370473862e-03
-8.706489950418472290e-02
-3.016517870128154755e-02
9.053185582160949707e-03
-2.071035094559192657e-03
-1.612447947263717651e-02
9.372756816446781158e-03
-3.618963528424501419e-03
-5.204395204782485962e-02
9.098307788372039795e-02
7.182686589658260345e-03
6.040034070611000061e-02
4.529733210802078247e-02
2.151079708710312843e-03
1.086128223687410355e-02
-4.954537749290466309e-02
1.364611461758613586e-02
-3.033112175762653351e-02
1.229003909975290298e-02
-2.018927969038486481e-02
-3.810046985745429993e-02
