-0.02647938
-0.00289060
0.00491262
-0.01156769
0.01011036
-0.09905201
-0.01465028
-0.03426389
0.00522837
-0.01484619
0.02036171
-0.01319536
-0.01817383
0.00280643
0.01877165
0.00091740
0.00498821
-0.00300737
0.03322869
0.00672472
-0.02492868
-0.00589184
0.00781629
-0.02812019
-0.01053621
0.03315438
0.01062941
0.00164459
0.03366291
-0.01749597
0.07319856
-0.00786293
-0.00233535
0.00407890
0.03196482
-0.00492804
0.02816179
-0.00490125
-0.00306332
0.00164803
0.01999366
0.00482219
-0.03978101
0.01656581
0.00653821
0.02751484
-0.00556486
0.00032306
0.00556791
-0.00968170
0.00652299
0.10151947
0.00720590
-0.02742038
0.00131730
-0.00617491
0.00279123
-0.00513975
0.03371650
-0.05335773
0.01486756
0.00393673
0.01342923
0.01013704
0.01790252
-0.06708542
-0.00111573
0.00918182
0.08410759
0.03614987
-0.00848089
0.00517559
0.13402918
-0.01425635
0.00664155
-0.01158263
-0.00220834
0.00117465
0.03285100
0.14735523
-0.00032640
-0.01659789
-0.00005695
0.03701504
-0.09868235
-0.02507167
0.00672286
-0.00020163
-0.02267932
-0.01072591
0.01458566
0.01008054
0.05411797
0.00598740
0.01283186
0.00307829
-0.01564685
0.02424280
0.02457382
0.00791782
-0.01042083
-0.07887156
-0.02022539
-0.00485353
0.00165409
-0.00807841
-0.02559000
0.03033697
-0.00672171
-0.02213696
0.03434131
0.00290804
-0.01016627
-0.03590098
-0.01182114
0.00685149
-0.02652373
0.00729689
-0.00827764
-0.01418759
0.01167507
-0.02034329
0.02544478
-0.00220360
0.01751452
0.01871175
-0.01344619
0.01017522
0.01597433
-0.13996989
-0.03568948
0.00372630
0.03161767
0.03589046
-0.02376059
0.03305700
0.00121352
0.04991925
0.17867452
-0.00448407
0.03380568
0.02346140
0.01153465
0.01259811
0.04739134
0.05169772
0.00470571
0.01601840
0.00326146
-0.01746984
0.01567744
0.00871544
0.00934572
-0.02146256
0.00717112
-0.00481161
0.04991228
0.01518466
0.00684690
-0.04240984
0.01047879
-0.07274781
0.05458068
-0.00413455
0.02248452
0.00262724
0.05002299
-0.00526359
0.03514185
0.03829448
-0.00724480
-0.01071602
-0.00575187
0.00561390
0.01256759
-0.00840029
-0.04154032
0.02177634
0.17298226
-0.00282785
-0.01455471
0.00248010
-0.00442669
-0.02563705
-0.06514706
0.27092746
-0.35532862
0.01985008
-0.00405384
-0.06375597
0.01525234
-0.02535640
0.00523442
0.00443527
-0.00060390
0.04142414
-0.08155700
0.01117719
0.04134464
0.01004042
0.02225257
-0.01203591
-0.34876642
0.01867343
0.04832045
-0.06064500
0.00364385
-0.00689755
-0.00340205
-0.03966595
0.01249596
-0.02731763
0.00168572
0.00709933
0.00789499
0.01151564
0.00583641
0.00562079
0.01425079
-0.02426554
0.02325372
-0.59540755
0.00963701
-0.01396398
0.02993081
0.03437151
0.00971205
-0.01853241
0.02032464
0.02239546
0.01199152
0.03749488
-0.06657115
-0.01322932
0.06976011
-0.00063590
-0.01364412
0.01637313
0.00945217
0.01417384
0.01810005
-0.00268516
-0.14862779
-0.01413421
0.00671861
-0.01956189
-0.01911158
0.00187909
0.01867758
-0.00668217
-0.01065027
-0.00459390
0.00988069
-0.00022930
-0.01489397
0.02563178
-0.02881268
0.08011954
0.04509357
-0.02091463
0.09642459
-0.17565610
0.07261908
-0.04585166
0.03578580
0.01183862
-0.14610109
-0.06892449
-0.09991813
-0.01142126
-0.02733030
0.00357104
-0.01205961
0.07584675
0.13194558
-0.00438201
0.14752550
-0.01084699
-0.08548032
0.07486146
0.04855363
-0.02366229
0.10698798
-0.07913252
0.04099443
-0.02049358
-0.03267293
0.05903133
0.06097790
0.02752011
-0.00907340
-0.01091085
0.06110151
-0.14747722
0.06216572
0.00992003
-0.00846369
-0.07170222
0.01893188
0.07057272
-0.03624963
-0.00974378
0.82951677
0.07136560
0.04303697
0.06484918
-0.08925834
0.12803867
0.03218344
0.00252015
-0.06947805
-0.00507735
0.06465778
-0.04450979
-0.06352740
0.14298126
-0.03570154
0.09273607
-0.04891229
-0.02158070
0.02236128
-0.05529562
0.05249230
0.03761997
0.00576665
0.01806612
0.00589926
0.03169412
-0.04961950
-0.05494577
0.04852438
-0.00398750
-0.02875323
0.03673184
0.01956280
0.00977773
-0.07341225
0.02571962
-0.01235852
-0.04111379
-0.00551921
-0.02089129
-0.04694207
0.02703517
-0.00648193
-0.05073337
-0.05407905
-0.03679460
-0.02484196
0.01551799
0.09848307
-0.06591766
0.03908515
-0.04304504
-0.02211409
0.03667080
-0.04049095
0.01993522
-0.06519143
0.06625910
0.02226510
0.02805532
0.00524188
0.01994080
0.04188465
-0.03835630
0.03026141
-0.01467680
-0.01702171
-0.02342410
-0.03194515
0.06416831
-0.00226589
0.06226905
0.02556367
-0.02042623
-0.07073419
0.03650755
-0.01382323
-0.03909289
-0.04399562
0.06842203
0.05582250
-0.03119734
-0.00098350
0.01940257
0.00569425
0.04782489
0.04438285
0.03666174
0.06497756
-0.03559916
-0.00652959
-0.00346114
0.01285233
-0.00741213
0.00994280
0.04189676
0.01745166
0.01769356
0.02331543
-0.03351530
-0.07596192
-0.00041668
-0.01130238
0.00636856
0.00353818
-0.05059692
0.00703778
0.04458455
0.05210024
-0.04463074
-0.00068840
0.00845322
0.03497082
-0.01336674
-0.00224443
0.03684216
0.01525388
-0.03061003
-0.03947777
0.01529603
0.07017925
-0.03904396
0.04901528
-0.00947747
0.00023396
-0.01910070
-0.01334930
0.00830023
-0.07018467
0.04899129
-0.00448086
0.01734515
0.00614113
0.02701086
-0.00771139
-0.03079771
0.01561328
-0.01428878
-0.02245075
0.05803850
-0.00001894
0.04713545
0.06225168
0.02609049
-0.03201339
0.18559746
0.01094190
-0.09091530
0.03122135
0.04730148
-0.05317458
-0.05311579
-0.01144233
0.00969285
-0.01615703
-0.00547557
-0.01129151
0.00121566
0.07445976
0.07267758
0.02746635
-0.03845023
-0.03340324
-0.01294788
-0.04689875
0.01799412
-0.01421590
0.03462098
-0.01219107
-0.04467306
-0.02212088
-0.00006515
-0.01379298
0.00964436
0.00338670
-0.03894815
0.04052771
-0.04512962
0.01745296
-0.03375665
-0.01172224
0.03990340
-0.04157775
0.00796714
0.02985451
0.08530179
-0.00097060
0.01561598
-0.05570573
0.04651688
-0.05448750
-0.03029079
0.05263831
0.00547455
0.04416239
-0.01697170
-0.07153757
0.04801665
-0.07480626
0.03405068
0.02163409
-0.00412763
-0.00949786
0.00707373
0.04016575
-0.01969656
0.00169978
-0.03636783
-0.03644412
-0.07329585
0.02499866
0.05452997
0.02652289
0.02391615
0.00314176
-0.01183062
-0.07622904
0.01372291
0.01290338
0.03032660
0.00994161
0.04967827
-0.00433450
0.07732245
-0.02970239
0.06691574
-0.11947896
-0.00361338
0.03540252
-0.00401195
0.04259105
0.04550158
-0.09718455
-0.01108661
-0.02435144
0.00686909
-0.00532088
-0.03256859
-0.01280385
-0.00797510
0.04642856
-0.01712861
-0.00026399
-0.03677102
-0.01718531
-0.02364108
0.01859899
-0.04293137
-0.01463680
-0.03964629
0.03292780
-0.01532566
-0.03082019
0.01104165
-0.01235675
0.02744358
-0.00590162
0.01999286
0.03647356
0.01601165
0.01199886
-0.03440626
-0.04235167
0.04359543
-0.03250133
-0.03178093
0.06936023
0.02066590
0.04844806
0.01085025
-0.01518082
-0.03105447
-0.02020286
-0.04160087
0.05995714
-0.01366565
-0.01751441
0.05683849
-0.00307836
-0.04775964
-0.02987955
-0.02250522
-0.01413057
-0.08253481
0.01523032
-0.07118578
0.02291447
0.03476337
0.02894980
0.03531818
0.09574234
-0.03982906
0.00660974
0.00576097
-0.03933483
-0.01201565
0.01556811
0.00079655
0.08275199
-0.03084462
0.06765276
-0.00672451
-0.01212922
-0.02653350
0.03004775
-0.03620953
0.05481984
-0.02229727
-0.00462779
0.05998619
0.01973814
-0.01058434
0.15992416
0.01364823
-0.02715716
-0.06409429
-0.01976736
-0.03810658
-0.03350149
-0.00170404
-0.00222177
-0.03275125
-0.02759303
0.08265135
0.02746555
0.02747475
-0.09008465
-0.00041781
-0.02536512
-0.00988836
-0.00589219
0.09599692
-0.04003600
0.03660778
0.04369168
0.00284109
0.10411155
0.01475827
-0.03251454
0.03688478
0.00643678
0.00795834
0.03740978
0.00462217
0.02739361
-0.04449828
-0.11631386
-0.02221959
0.01931805
-0.02342013
-0.01667592
0.01606331
0.00316577
-0.02257317
-0.10059359
-0.00035502
0.02726716
-0.05602715
-0.05879102
-0.05581363
-0.04482818
0.00283062
0.07816138
-0.00329398
0.01560924
0.02155353
0.02065100
-0.00250555
-0.04517682
0.01559303
-0.01529002
-0.02007346
-0.06624850
0.06508961
0.04333950
-0.06291689
-0.06338450
0.02060897
0.04346242
0.00398096
-0.02386369
0.04398040
0.01567463
0.02733290
0.00836246
0.01013912
-0.02736412
-0.02751202
-0.01334262
0.01577792
-0.07386374
0.01331321
-0.04142200
0.01648179
0.00167078
0.05928232
0.06640854
0.03403754
0.09338591
0.04171178
-0.08018145
0.01711421
-0.04946507
0.06597423
-0.04380865
0.19253236
0.00462972
-0.04402544
-0.01264068
-0.00369080
-0.00453095
0.03552170
-0.01580877
-0.02741521
0.03458360
0.09537025
-0.00777179
0.03596889
0.03401192
-0.05727910
0.01784108
0.03988514
0.00250369
0.05165977
0.03695096
0.08945885
0.00593339
-0.01958293
0.00012624
0.06989984
-0.04275008
0.03891863
0.05881760
-0.00958485
0.02795456
0.01146320
0.10454979
0.02947103
0.00363168
-0.02871253
-0.06631131
-0.02316293
-0.06997224
-0.08479434
0.03392445
0.05463069
0.04609590
0.03777629
0.05654619
-0.06234821
-0.02310821
-0.01807924
-0.05837966
-0.02218106
-0.06420624
0.00270646
-0.00300178
-0.04973962
-0.00528378
0.02679707
0.02437694
0.01656753
0.00303619
-0.00584183
0.01160334
0.07541884
0.01152517
0.05978876
-0.03353857
-0.03943753
0.02457117
-0.04115611
-0.04450452
0.04210901
-0.03648495
-0.01579480
0.03077083
0.09084995
0.01203088
-0.08566023
-0.12072580
0.00453952
0.10933556
0.00153342
-0.04344521
-0.02831602
0.05774413
0.03072669
0.07065736
-0.01248413
-0.04457123
0.04640260
-0.05772218
-0.02779102
-0.01044854
-0.00113446
0.06828947
0.00822145
-0.01858061
0.07805416
-0.02138632
0.09491439
0.00082685
0.04201770
-0.01130256
0.01706241
0.00823615
-0.02021880
-0.00509406
0.00086394
0.07258581
-0.05858517
-0.04912043
-0.01124154
-0.01795200
0.00342524
0.01547407
-0.02502217
0.04353946
0.01358510
0.00162069
-0.26220548
-0.01615346
-0.02157450
0.03040676
-0.02818425
0.03661174
0.07326523
0.00296195
0.02642998
