-0.03302869
-0.01304260
0.00210267
-0.01317037
0.00428165
-0.09329077
-0.01752452
-0.03157540
0.00484974
-0.00277989
0.00973987
-0.00740338
-0.01212581
0.00845437
0.02234071
-0.00147160
0.00928189
0.00870337
0.02687551
0.00474201
-0.02716429
-0.00307531
0.00997215
-0.03133436
-0.01649344
0.04075512
0.00972015
0.00455497
0.03367951
-0.01297275
0.06463851
-0.00756875
-0.00593374
-0.00122867
0.03236681
-0.00464626
0.02227926
0.00381103
0.00221037
-0.00930323
0.01579401
0.00862496
-0.03619341
0.01172564
0.00634948
0.02358161
-0.01247794
-0.00558771
0.00715883
-0.01375422
0.01314162
0.10314263
-0.00010081
-0.02473111
-0.00823025
-0.00561453
0.00400524
-0.00829028
0.01099941
-0.05545450
0.01545788
-0.00069516
0.00982720
0.00625659
0.02348413
-0.06170701
0.00757111
0.00057027
0.07934236
0.03776921
-0.00572164
0.01093786
0.13750800
-0.01391735
0.00206318
-0.00846981
0.00037310
-0.00088973
0.03105509
0.14704163
-0.00062992
-0.02316854
-0.00709209
0.03338244
-0.08977381
-0.02631206
0.01483115
-0.00516660
-0.02555247
-0.00442797
0.01591267
0.00775784
0.05134606
0.00544876
0.01627161
-0.00015723
-0.01208670
0.02496801
0.02404506
0.00596431
-0.02552681
-0.07984025
-0.01483741
-0.00315388
0.00545142
-0.00855372
-0.02843239
0.03150221
-0.00940730
-0.02448489
0.02555666
0.00760795
-0.00239260
-0.03351157
-0.01316994
0.00679860
-0.01549049
0.00300251
-0.01250095
-0.01949146
0.01105053
-0.02556221
0.02349273
0.00467090
0.02394828
0.02217184
-0.01765669
0.01612146
0.02348264
-0.13273418
-0.03278879
0.00457808
0.02352247
0.03048289
-0.02858614
0.03166327
0.00208184
0.04588494
0.17901440
-0.00106130
0.03026918
0.01481213
0.01739676
0.00863752
0.04419724
0.04942893
-0.00011459
0.01730460
0.01033185
-0.01633325
0.01942085
0.00701681
0.01634027
-0.02069693
0.00082341
-0.01418811
0.05372206
0.01432953
0.00237584
-0.03832920
0.01450454
-0.07273258
0.05076254
-0.00251185
0.02685720
0.00245260
0.05269092
0.00025177
0.03122530
0.04460359
0.00465836
-0.01364561
-0.00251055
0.01897027
0.01515560
-0.01052503
-0.03916702
0.01830883
0.17319471
-0.00921413
-0.00827198
-0.01049770
-0.00743204
-0.02307473
-0.06104168
0.27480394
-0.37488699
0.01462435
-0.00105173
-0.05695363
0.02334212
-0.02156211
0.00396362
-0.00209137
0.00057190
0.03429241
-0.08151367
0.01410561
0.03852307
0.00594556
0.01856316
-0.01195635
-0.35783905
0.02140450
0.04889322
-0.05845037
-0.00334040
0.00270657
0.00034684
-0.04520420
0.00465543
-0.02189750
0.00348105
0.00320769
0.00674882
0.00518461
0.00835896
0.00650414
0.01037559
-0.02593462
0.02210080
-0.58559126
0.00183838
-0.01926976
0.03046478
0.03687537
0.01013760
-0.01755138
0.02784326
0.01945451
0.02032663
0.03089688
-0.06063547
-0.00409532
0.06870720
-0.00166540
-0.01684550
0.02353471
0.01959396
0.01527225
0.01547341
-0.00120101
-0.14433303
-0.01622231
0.00400298
-0.01278207
-0.01091788
0.00571284
0.02481248
-0.00646134
-0.00611402
-0.01030904
0.00736545
0.00713146
-0.02372467
0.01857082
-0.07802618
0.11845256
0.04544466
-0.06419107
0.05626211
-0.15963148
0.10082690
0.01363052
0.02459883
0.00692986
-0.09727073
-0.02584204
-0.11213688
-0.01033583
0.02428959
0.04011431
0.00428091
0.03349193
0.09308492
0.02238947
0.06621961
-0.04418662
-0.09549965
0.06119150
0.06937095
-0.01654344
0.11660222
-0.18336146
0.06839339
0.05284482
0.04253952
0.07868125
0.13656917
0.01210882
0.08600017
-0.00865695
0.07169811
-0.11964329
0.10069478
0.02780177
-0.04717870
-0.05194068
0.05866542
0.03497996
-0.02344876
-0.01412936
0.80862933
0.04053592
0.03217503
0.07847641
-0.08287324
0.20118432
-0.02081867
0.00032269
-0.07933832
0.01463394
0.06806772
-0.06660930
-0.07906280
0.07642359
-0.04004585
0.05969146
-0.03639124
-0.01091731
0.03145551
-0.05750775
0.04012657
0.02830361
0.00076330
0.00585282
0.00181797
0.02165375
-0.04861799
-0.05888194
0.05085365
-0.00001650
-0.02304984
0.03193567
0.02131839
0.01014180
-0.09448274
0.01973658
0.00155494
-0.05669302
-0.01533576
-0.00175774
-0.04519995
0.01960921
-0.00072471
-0.08135986
-0.07026381
-0.02511530
-0.02109699
-0.00862319
0.09939711
-0.07569786
0.03257747
-0.04012368
0.00092631
0.03914852
-0.04450837
-0.00304371
-0.04699832
0.07018704
0.00075604
0.04118020
0.00105064
0.01331940
0.03542534
-0.03479242
0.01519953
-0.02532580
-0.01416207
-0.00351721
-0.03432771
0.07605886
-0.00127171
0.07812294
0.04563959
-0.02466751
-0.04730931
0.04065387
-0.00719790
-0.04299412
-0.04453479
0.08448049
0.05909612
-0.02861235
0.02640633
0.02780496
0.03512297
0.04073852
0.00187002
0.04829853
0.03292705
-0.02219642
-0.01391255
0.00427895
0.01089246
0.00924856
0.01869719
0.05473992
-0.00509667
0.03262769
0.02187337
-0.02188083
-0.07952107
-0.00323193
-0.02015870
-0.00298664
0.00791296
-0.04154638
0.01284492
0.04065048
0.04445261
-0.03536737
0.00174695
0.00604440
0.02834382
-0.00881929
-0.00416877
0.02634217
0.01675529
-0.01618763
-0.03061735
0.02262313
0.06161926
-0.05139332
0.03512383
0.00179472
-0.00205829
-0.03031042
0.01750275
-0.01252227
-0.06239915
0.04176058
-0.02192131
0.00183673
0.00740014
0.03826138
-0.01147733
-0.03654037
0.00351624
-0.02277985
-0.02296733
0.05815182
0.02136961
0.06991054
0.06574100
0.02818804
-0.04832255
0.15498190
0.00184758
-0.10494544
0.04180538
0.04651774
-0.02456520
-0.07619309
-0.01607503
0.02216890
-0.02324061
-0.01226959
-0.01677112
-0.00745304
0.05483370
0.05366771
0.02486587
-0.03215839
-0.03235677
-0.02857232
-0.03067715
0.02141857
-0.04467583
0.04775303
-0.00148400
-0.07257734
-0.00458422
-0.01262401
-0.00585412
0.02359202
0.00661353
-0.02213450
0.03134056
-0.03734582
0.02203542
-0.03550028
-0.02737372
0.01922471
-0.01980999
0.00502758
0.03803004
0.08391078
-0.00413917
0.00557524
-0.04473276
0.05398178
-0.04747353
-0.03914953
0.05313016
-0.01337035
0.06050330
-0.01815393
-0.07285076
0.02775331
-0.08993570
0.04531257
0.03053344
0.00490532
-0.01663835
-0.00947228
0.03506028
-0.04662858
-0.00547675
-0.04989621
-0.03096388
-0.05671687
0.02333432
0.05545433
0.02857690
-0.00210528
-0.00692503
-0.00210612
-0.08613995
0.01014290
0.02573032
0.03958965
-0.00801600
0.06599060
0.01275310
0.05308672
-0.02397795
0.05120787
-0.11319102
-0.00723513
0.03738863
-0.02253374
0.04636795
0.03151523
-0.06451505
-0.01208871
-0.01682693
0.01940406
-0.01411388
-0.03146770
-0.00220627
-0.01026421
0.03967909
-0.03243629
0.00845085
-0.02826568
-0.01852572
-0.02064917
0.01662253
-0.04242345
-0.02354929
-0.01523880
0.03656575
-0.00747448
-0.05355894
0.01704116
-0.01091052
0.03273878
-0.01898897
0.01320375
0.03459809
0.02176274
0.04010221
-0.04739176
-0.03992161
0.05429078
-0.02366146
-0.02857117
0.05834267
0.02112123
0.04286547
-0.00486521
0.00831798
-0.02348475
-0.01153946
-0.00956277
0.07212857
-0.01166777
-0.03499293
0.03278723
-0.00695072
-0.04187951
-0.01767884
-0.01053088
-0.00808229
-0.08692305
0.01977482
-0.07848182
0.00199305
0.05275111
0.01754365
0.03787652
0.09278441
-0.03551984
0.03706080
-0.01157936
-0.02822206
-0.01591354
0.00306872
-0.00693036
0.08747113
-0.01556910
0.04437185
-0.00410292
0.00124377
-0.00940318
0.01397583
-0.03265846
0.04480390
-0.00106212
0.02121740
0.06065536
0.00430148
0.01251251
0.13876428
0.02769846
-0.02316349
-0.05468556
-0.02228151
-0.04307499
-0.03401157
0.02339880
0.00470434
-0.04456235
-0.02506167
0.08264696
0.02842555
0.01857342
-0.09137620
-0.00918112
-0.03136837
0.00000566
-0.01290190
0.09855860
-0.04486611
0.04913474
0.04631470
0.00190541
0.09796385
0.01466367
-0.03635055
0.03638041
0.00506003
-0.00611750
0.02760499
-0.01106386
0.03278919
-0.04563988
-0.10401550
-0.01990420
-0.00163105
-0.00271394
0.02446815
0.02011351
0.01453463
-0.01915016
-0.07374755
0.00266144
0.05112881
-0.05636623
-0.05264862
-0.05626251
-0.03096965
-0.00941976
0.05515088
0.03408443
0.02673734
0.02146712
0.02905129
-0.00024337
-0.03977704
0.02406162
-0.03920457
-0.02991414
-0.05333439
0.03909542
0.04060604
-0.07215261
-0.07217424
0.01752251
0.03612571
0.01077290
-0.00962248
0.04271271
0.00279579
0.03465063
0.01065568
0.01652595
-0.02609822
-0.01095460
-0.03189784
-0.00735022
-0.05830847
0.01572006
-0.03217851
0.02678026
-0.01589920
0.05848498
0.04689419
0.03756401
0.09904809
0.05429144
-0.08389281
0.00555682
-0.07091682
0.06486581
-0.03759731
0.19494653
0.00112278
-0.02976920
0.02039923
-0.00555613
0.01961858
0.04637703
-0.03414003
-0.03247704
0.04579122
0.12384284
-0.02640508
0.04036323
0.03460740
-0.01223207
0.03417917
0.03636734
0.00311272
0.06827723
0.04176850
0.07916202
-0.01025157
-0.01958792
-0.00870678
0.06863589
-0.03951187
0.05035894
0.03950034
-0.00548272
0.04911595
0.01692531
0.10475751
0.04477821
-0.01004450
-0.04235205
-0.06956523
-0.03470750
-0.07023793
-0.09920547
0.04519296
0.04972772
0.04846025
0.05645291
0.04926479
-0.05722997
-0.02073035
-0.00576449
-0.04360500
-0.04579429
-0.06553449
0.01076517
-0.01404829
-0.03457395
-0.01689793
0.00144937
0.01850774
0.02645708
-0.00764791
-0.03961947
0.00447530
0.06985907
0.00667456
0.05491534
-0.02589447
-0.05109309
0.01848473
-0.02931710
-0.04418926
0.03756013
-0.03073398
-0.01753802
0.02600394
0.08594765
0.00319883
-0.12188198
-0.12772019
0.03905182
0.10515445
0.00708428
-0.04403533
-0.02936610
0.05819768
0.02708438
0.06932949
-0.01072407
-0.04637189
0.04123349
-0.05382724
-0.01915096
-0.00836243
-0.01662450
0.06436632
-0.00698876
-0.02221729
0.09936017
-0.01823239
0.09737675
-0.00981492
0.02521120
-0.01019222
0.02395155
0.02178161
-0.03199356
0.00022202
0.00009733
0.05847383
-0.05183138
-0.05035070
0.00852759
-0.01644532
-0.00002332
0.02655225
-0.03507523
0.04879303
0.00075856
0.02063635
-0.25169113
-0.01451684
-0.04135581
0.03358853
-0.03234888
0.04354529
0.06555212
0.01025103
0.04537974
