-0.02822752
-0.02163050
-0.00643431
-0.00694178
0.00299510
-0.09270594
-0.02308528
-0.04826151
-0.00916572
0.01220641
0.00143505
-0.00010699
-0.00611479
0.01911785
0.02453495
-0.00519899
0.00946299
0.01621350
0.04756136
0.00646409
-0.03265272
0.00007746
0.02057286
-0.03738356
-0.02316678
0.04502680
0.01017008
-0.00536245
0.03370673
-0.01573346
0.08097950
-0.01566249
-0.00689308
-0.00074120
0.03510585
-0.01163959
0.02989014
0.00912177
0.00063569
-0.00042954
0.01269825
0.01319137
-0.03879944
0.01092654
-0.00208517
0.01574671
-0.02160658
-0.00395490
0.01284730
-0.01360368
0.02188442
0.11147341
0.00557793
-0.02769125
-0.01650919
-0.01009042
0.00169987
-0.00913923
0.02075126
-0.04242209
0.02189283
-0.01195623
0.00962207
0.00095908
0.02597962
-0.05334193
0.01711775
-0.00704961
0.07363204
0.03914915
-0.00407384
0.01773568
0.12757646
-0.01493795
0.00348623
-0.00434545
0.00077309
-0.01555602
0.03930510
0.14991754
-0.00653011
-0.03431631
-0.01079828
0.03368188
-0.09030680
-0.02622660
0.01491587
-0.00767712
-0.02426568
0.00130224
0.01356771
-0.00283966
0.05890297
0.01394909
0.01852769
-0.00792481
-0.01001099
0.02234510
0.03049616
0.00817267
-0.03997542
-0.07481037
-0.01927103
-0.00324934
0.00680544
-0.01250280
-0.01992532
0.02782045
-0.00558687
-0.02551629
0.01930931
0.00592418
0.00019669
-0.03369199
-0.01343792
0.00058412
-0.01255300
-0.00572757
-0.02021773
-0.01901844
0.01640225
-0.02979035
0.02606476
0.00838953
0.03069625
0.02924736
-0.01701594
0.01794129
0.02872929
-0.12861744
-0.03063949
0.00397504
0.01913078
0.02856364
-0.04682921
0.03752229
0.00905151
0.03919739
0.16363524
-0.00472086
0.03182108
0.01958776
0.01345477
0.00188624
0.03384578
0.04925239
-0.00699630
0.01435766
0.01005828
-0.01304258
0.03336853
0.01218122
0.02181162
-0.01346688
-0.00100038
-0.01512772
0.05731027
0.01478001
0.00271605
-0.03409068
0.01695745
-0.05708269
0.04507339
0.00021356
0.02987843
0.00937351
0.06318671
0.00302392
0.03421066
0.04465615
0.01356380
-0.02038410
-0.00506663
0.02668794
0.01847691
-0.01178978
-0.04248435
0.02657943
0.16371812
-0.01229265
0.00521085
-0.01734479
-0.01271945
-0.02510841
-0.05090621
0.27182552
-0.35447824
0.01907386
0.00126216
-0.04965254
0.01806320
-0.01744711
-0.00216747
-0.00778553
0.00041613
0.03151921
-0.07703716
0.01482258
0.05970125
0.00291112
0.01025504
-0.01328446
-0.34955335
0.02188464
0.04995203
-0.05574190
-0.01379098
0.00938280
0.00347449
-0.05084243
0.01005069
-0.02200502
0.00475341
-0.00214584
0.00764388
-0.00634077
0.00985606
0.00794803
0.00776988
-0.03465569
0.02198079
-0.59997225
-0.01034231
-0.02840223
0.03731173
0.03502866
0.01727550
-0.01495706
0.03686338
0.01750615
0.02442108
0.03206692
-0.04632885
0.00332652
0.05800965
-0.00060003
-0.01969703
0.02817696
0.02876918
0.01969819
0.01049635
0.00039448
-0.14530045
-0.01850722
-0.00403819
-0.00330507
-0.00460134
-0.00013691
0.03168224
-0.00880635
-0.01002216
-0.01349694
0.01177630
0.01206325
-0.03147403
0.01612960
-0.08837695
0.07039326
-0.05836236
0.02913721
0.01472080
-0.14119308
0.04355036
0.12430383
-0.00748230
0.00575494
-0.06881833
-0.08586149
-0.09640740
0.07613499
0.02578653
0.07159536
-0.03317208
0.06228839
-0.04540176
0.03927553
-0.04217381
-0.03559313
-0.07880025
-0.01799044
0.02600625
-0.02686746
0.02461909
-0.21340238
0.04507224
0.03420750
0.06407508
0.08428039
0.08019031
0.04308824
0.09732433
0.12601030
-0.04839826
-0.11472592
0.08070491
0.07512064
-0.00272867
0.01133923
0.13970628
-0.10549811
-0.01630068
0.00313004
0.80654234
0.04574601
0.01831389
0.14193057
-0.10001098
0.06768331
-0.08609741
-0.03299515
-0.07482147
-0.01864102
0.00497525
-0.01155203
-0.10388475
-0.00358050
-0.11734470
0.05659676
-0.09416854
0.03173308
0.02698359
-0.05149659
0.04873877
0.03230701
0.02033367
0.01263417
0.00160972
0.01329914
-0.02822029
-0.05179736
0.04619463
0.00952495
-0.01465503
0.03425331
0.02212772
-0.00255534
-0.09741006
0.01180387
-0.00382733
-0.04453967
-0.01609668
-0.00858117
-0.03999677
0.03370962
-0.01218306
-0.06599822
-0.04262197
-0.03597542
-0.03278930
0.00897883
0.10589170
-0.05156132
0.04265002
-0.04718605
-0.02885471
0.04603285
-0.03297163
-0.00057545
-0.06526290
0.07485313
0.00997647
0.02081058
-0.00645777
0.02329250
0.04956272
-0.03127115
0.01125915
-0.02447776
-0.02490107
0.00165555
-0.04155496
0.08623041
0.00495364
0.06734356
0.03208685
-0.03839478
-0.07024269
0.03523093
-0.02798974
-0.04531410
-0.04677950
0.06944995
0.03758232
-0.02996636
0.02215192
0.01255518
0.00590350
0.03600958
0.03573089
0.05375265
0.06911390
-0.03912372
-0.00845447
-0.00639439
0.01218779
-0.02824029
0.02878939
0.03482921
0.00484318
0.02939405
0.00842431
-0.03625073
-0.06954918
-0.00584113
-0.00526859
0.02385109
0.00154821
-0.04768591
0.01381679
0.04642441
0.01924453
-0.02461570
-0.01242115
-0.00931153
0.03857873
-0.01611491
-0.00912003
0.03470764
0.00383954
-0.03465049
-0.03772131
0.03534107
0.05505203
-0.03368732
0.06414482
-0.01738711
-0.01023104
-0.02622062
0.00458021
0.01905956
-0.07581387
0.03963732
-0.01035496
-0.00119704
0.01315278
0.02053879
-0.01013392
-0.02856087
-0.00464345
-0.02993038
-0.02664789
0.05828778
0.00261839
0.05024154
0.07149094
0.03640132
-0.03264567
0.13209434
0.00933847
-0.09338138
0.03671455
0.04162005
-0.04839548
-0.07626089
-0.03113328
0.01807908
-0.02535070
-0.02355523
-0.00744955
-0.00099223
0.07644718
0.05747356
0.03317591
-0.03611143
-0.02855796
-0.01817436
-0.03014813
0.03341752
-0.03291737
0.04353990
-0.01999224
-0.06010906
-0.01292177
-0.01187227
-0.00649753
0.01041384
-0.01388242
-0.04912131
0.05194665
-0.02876861
0.00784356
-0.03533413
-0.02378075
0.04338403
-0.04596616
0.02799613
0.03201437
0.08082390
0.00701440
0.00938504
-0.05605636
0.04545209
-0.06279910
-0.01402157
0.05605013
0.00318694
0.04896987
-0.01368253
-0.08219375
0.04290013
-0.07521584
0.06124900
0.00755091
-0.01156893
-0.00709534
0.00924077
0.03180319
-0.03391687
0.01157033
-0.03702831
-0.04670382
-0.07648554
0.03405064
0.06879205
0.01696460
-0.00822288
-0.01046215
0.01236009
-0.06725502
0.00385981
0.02162173
0.05133526
0.00400695
0.04788567
0.01453502
0.05067386
-0.01130417
0.06599323
-0.12607554
-0.00231405
0.02352802
-0.00606910
0.03702423
0.05991755
-0.08949283
-0.00134626
-0.02230806
0.00984475
-0.01118691
-0.02713269
-0.00968924
-0.00556853
0.04940946
-0.03254732
-0.00712461
-0.02461826
-0.00480557
-0.02970367
0.02403030
-0.04028307
-0.02741444
-0.03454667
0.03408606
-0.01763318
-0.02956656
0.01308532
-0.00003703
0.03236597
0.01472546
0.01019248
0.02382651
0.02234471
0.02849297
-0.03979436
-0.04684437
0.05103426
-0.04098541
-0.03153470
0.06856786
0.02344128
0.03580374
0.01033944
-0.00806775
-0.03000708
-0.01537945
-0.04063509
0.05828797
0.00573489
-0.00245921
0.03727484
-0.00207463
-0.04066056
-0.02265021
-0.03467721
-0.01246582
-0.08324901
0.01669381
-0.06888673
0.01199908
0.03492252
0.01972392
0.02930086
0.07693167
-0.04067918
0.01596964
-0.00411903
-0.03102524
-0.02069593
0.00387963
-0.00426243
0.08307981
-0.01924876
0.07948253
0.01226870
-0.02438872
-0.03208156
0.02724051
-0.02869697
0.06731018
-0.00849139
0.01313889
0.06361013
0.00930800
-0.00260307
0.11654891
0.03000493
-0.02554987
-0.05955086
-0.02231917
-0.03198644
-0.03455340
0.01168683
-0.01192093
-0.03351499
-0.03618003
0.09252896
0.02632439
0.04315392
-0.10187323
-0.00995592
-0.02184723
-0.01258744
0.00145043
0.10015628
-0.04211525
0.03946574
0.03918150
0.00399624
0.11703725
0.02350236
-0.06667721
0.04423890
-0.00294812
0.00292427
0.01475453
0.01040837
0.02389275
-0.04571208
-0.10994136
-0.02769873
0.01589629
-0.01458368
-0.00020575
0.00940668
-0.00768571
-0.00701547
-0.09920694
0.00899007
0.04908511
-0.05347738
-0.08423398
-0.06467031
-0.03781012
0.00420679
0.07378086
-0.01037453
0.02582805
0.02455838
0.02603045
0.01159276
-0.05142187
0.02161429
-0.00494787
-0.00012340
-0.05192930
0.05186480
0.03623272
-0.06767820
-0.06642418
-0.00030915
0.03109240
0.00749343
-0.01420115
0.05807383
0.00980522
0.02422275
0.01230253
0.00491469
-0.02690087
-0.01515121
-0.01143280
0.00749749
-0.07632288
0.00942542
-0.04999642
0.02158645
0.00189703
0.04472244
0.05404456
0.03740515
0.09567450
0.04223559
-0.07485270
0.00107037
-0.06642770
0.06209844
-0.04988785
0.18936260
0.00076949
-0.03019119
0.00816715
0.00680544
0.00637651
0.06060053
-0.01428574
-0.03426483
0.04525362
0.08936776
-0.00433091
0.05039768
0.05068177
-0.05108350
0.02146899
0.03154888
0.00580243
0.04795511
0.02530362
0.10926870
-0.00146262
-0.03327812
0.00028397
0.06348351
-0.03790174
0.05056253
0.05268308
-0.00727992
0.04013783
-0.00320644
0.10646368
0.03634855
-0.00749716
-0.02195479
-0.07097074
-0.01184740
-0.06016630
-0.10248385
0.04141690
0.06914316
0.03555863
0.03902035
0.04484468
-0.06905518
-0.04400897
-0.01836593
-0.05104870
-0.03086343
-0.07810935
0.00342244
-0.01247287
-0.04303920
-0.02221668
0.02510476
0.02817654
0.01970056
-0.00826805
-0.03067142
-0.00405312
0.08065894
0.01076105
0.04201325
-0.02761679
-0.03992431
0.02357090
-0.04554116
-0.04637909
0.04331260
-0.04928916
-0.02428157
0.02874177
0.09432249
0.00476034
-0.10303257
-0.13371104
0.01623981
0.12764876
0.00337738
-0.03110142
-0.03155668
0.04799746
0.01692365
0.07073282
-0.01135448
-0.04748830
0.05029120
-0.04466552
-0.02135941
-0.01824455
-0.00278018
0.06116848
0.00674565
-0.01630408
0.07441483
-0.01528943
0.11547709
0.00581504
0.04210632
-0.02235536
0.02909748
0.00735918
-0.00695130
-0.00409465
-0.00382085
0.05071208
-0.05481632
-0.04921305
-0.01147232
-0.00116029
0.00755297
0.01894162
-0.02958858
0.02157079
0.00393073
0.02819085
-0.22134790
-0.01062790
-0.01716582
0.04237516
-0.04161009
0.02579079
0.05271582
-0.01726758
0.03759516
