-0.02280150
-0.00124135
0.00735912
0.00314030
0.01463417
-0.09640483
-0.01630354
-0.04481914
0.00735582
0.00358812
0.01274280
-0.00619806
-0.01273464
0.02079291
0.02565396
-0.00197786
0.00471961
-0.00357052
0.05287065
0.00713111
-0.02460135
-0.00625476
0.02110624
-0.03071839
-0.01952811
0.03429368
0.00386039
-0.00522912
0.02982641
-0.02139497
0.08910020
-0.01669995
-0.00119856
0.00302379
0.03173931
-0.01331632
0.02099144
-0.00090155
-0.00581623
0.00643363
0.01397454
0.01460155
-0.04171081
0.01163616
0.00071167
0.01559070
-0.00424549
0.00243877
0.00003045
-0.00702640
0.00684865
0.10781234
0.01064704
-0.03381937
-0.01078521
-0.01145227
-0.00841338
-0.00012552
0.03957769
-0.03739081
0.01378710
-0.00879489
0.00662205
0.01288359
0.02429117
-0.06832027
0.00818850
0.00052719
0.08780376
0.02961506
-0.00148418
0.01005614
0.12686189
-0.02380864
0.01480390
0.00257478
0.00716793
-0.00431313
0.03441056
0.15437031
-0.00136311
-0.02280350
-0.00847922
0.03670765
-0.10518301
-0.02919779
0.00735342
0.00923580
-0.01805688
-0.01365073
0.00786971
0.00116616
0.06398020
0.01512211
0.01875721
-0.00775373
-0.00978786
0.02487454
0.02824740
0.00410376
-0.02265021
-0.07012611
-0.01439780
-0.00175617
-0.00438586
-0.01307320
-0.02206818
0.02257255
-0.00053034
-0.02260156
0.02657640
0.00259287
-0.01628738
-0.03227843
-0.01426670
-0.00313649
-0.03009224
-0.00471554
-0.00242344
-0.01579643
0.01198734
-0.02025060
0.02235590
-0.00222851
0.01022965
0.02618045
-0.01551480
0.00896087
0.01299128
-0.14316580
-0.04722592
0.01086998
0.02442520
0.03842346
-0.04018973
0.03626643
0.00607031
0.04156367
0.15743621
-0.00527853
0.03215864
0.02120960
0.01333839
0.00612298
0.04801927
0.05679262
0.01022952
0.00814769
0.00091036
-0.01902055
0.01648091
0.01996642
0.01114883
-0.01480587
0.00326257
-0.00298140
0.05026331
0.01207831
0.00551189
-0.04381460
0.01523458
-0.06205882
0.05651954
0.00834206
0.02386350
0.00136107
0.06124520
0.00128779
0.03850740
0.02522776
-0.00116290
-0.01172795
-0.00679840
0.00219413
0.01509604
-0.01575269
-0.05088967
0.02814983
0.16810974
-0.00913798
-0.00068729
0.00381618
-0.01277953
-0.02901209
-0.06759252
0.27515909
-0.34344471
0.02092240
-0.00319716
-0.07323932
0.01411439
-0.01768148
0.00547554
-0.00355650
0.00478175
0.04190582
-0.09252234
0.01353883
0.05844745
0.01232991
0.01352239
-0.00653052
-0.34715706
0.01474065
0.05209704
-0.05600686
0.00191446
-0.00375068
0.00443155
-0.04394178
0.02054363
-0.02709484
0.00380569
-0.00104536
0.01238783
0.00471066
0.00516145
0.00532085
0.01551211
-0.04181598
0.02411328
-0.58973038
-0.00197691
-0.02111545
0.03284676
0.03616059
0.00244364
-0.01007599
0.01478999
0.02260162
0.01863364
0.04524596
-0.06193646
-0.00733660
0.06545115
0.00198761
-0.01644887
0.01776678
0.00797730
0.01906802
0.02600542
-0.00335369
-0.16039711
-0.01478997
0.00779011
-0.01304160
-0.02721176
0.00207733
0.01340603
-0.01677736
-0.02146659
-0.00758640
0.01083602
-0.00785636
-0.01833770
0.02173068
0.01414619
0.08579025
-0.03674936
0.05675600
0.06226391
-0.16869852
0.03332600
0.03126789
-0.04582409
-0.02470376
-0.05526031
-0.11437732
-0.08383119
0.02327251
-0.00530132
0.00651687
0.00356426
0.01197571
0.02075547
-0.00025204
0.07444312
0.06621391
-0.09362020
0.00750418
0.02146200
-0.16157044
0.04572944
-0.12753186
0.02666487
0.00399576
-0.05946105
0.01048138
0.05975408
0.08768515
-0.00784891
0.16229074
-0.04185862
-0.09074399
-0.00316010
0.04464648
-0.05961337
-0.01778912
0.06101042
-0.02778533
-0.11135185
-0.01055614
0.82617497
0.06640520
0.01054669
0.08288778
-0.07587380
0.07753246
-0.03734016
-0.12980768
-0.05041527
-0.00858263
-0.00852461
0.00386836
-0.10353457
0.07278557
-0.10914781
0.07823459
-0.16032562
0.03713384
0.02014452
-0.04743477
0.03218338
0.03249305
0.01909555
0.00726337
0.00188001
0.01110828
-0.03449846
-0.05577762
0.04679263
0.01621813
-0.01848035
0.03120607
0.02833884
-0.00759074
-0.08505674
0.00121240
-0.00367971
-0.05099741
-0.00206268
-0.01704909
-0.02888818
0.03439807
-0.01419704
-0.10272774
-0.05358302
-0.02404783
-0.02356590
0.00602058
0.11910588
-0.05523707
0.03219869
-0.04410666
-0.02334981
0.05487889
-0.03275829
0.00263251
-0.05501564
0.06055182
0.01376022
0.02332490
0.00097185
0.01217762
0.03903790
-0.01703934
0.00506900
-0.05315405
-0.03058925
0.00829440
-0.03084107
0.09842408
0.01384501
0.07059075
0.01978910
-0.05169062
-0.06239140
0.03260096
-0.02743640
-0.03730418
-0.04768392
0.06636495
0.03540355
-0.03462040
0.02606274
0.01892084
0.01520441
0.03119219
0.00870934
0.03986865
0.04785717
-0.02651364
-0.00018823
-0.00824611
0.01372849
-0.01843870
0.02454887
0.02826416
-0.01790269
0.04120997
0.00463551
-0.02919325
-0.07128418
-0.01165990
0.01172436
0.02445159
0.02933882
-0.02176539
0.02841727
0.05364496
0.00619739
-0.02906040
-0.00113908
-0.00707481
0.02297859
-0.00738031
-0.01335103
0.01816653
0.02471869
-0.01485816
-0.04607173
0.04015350
0.09076735
-0.05146216
0.05444570
0.00072291
-0.00125887
-0.00457967
0.01118760
0.00879947
-0.07572652
0.05863596
-0.01078181
-0.00169731
0.01389092
0.04051801
-0.00805506
-0.03320884
-0.01053641
-0.02457040
-0.02669275
0.05375713
0.00012389
0.04693247
0.04720806
0.02386079
-0.03247349
0.17474735
-0.00223654
-0.08551568
0.03255763
0.05530052
-0.03662547
-0.06795964
-0.01859717
0.02087809
-0.01591032
-0.01890440
-0.00649454
0.00144677
0.06449065
0.04258307
0.04153117
-0.03681242
-0.02101041
-0.02285081
-0.02177544
0.02758456
-0.04168982
0.02427314
-0.01197905
-0.07244217
0.00449045
-0.01228180
-0.01926330
0.01918659
0.02242757
-0.05050405
0.05930618
-0.01725373
0.00928013
-0.02823659
-0.04181599
0.03702897
-0.01902528
0.01880659
0.03155397
0.08035623
0.00301913
-0.00016161
-0.03857175
0.04199914
-0.06423836
-0.01076332
0.05324559
0.01057082
0.04858872
-0.01892747
-0.05955850
0.02178380
-0.08310187
0.05698122
-0.00424176
-0.00369414
-0.00699057
0.01446260
0.03152045
-0.05803565
-0.00476664
-0.06044650
-0.03794593
-0.07322614
0.02116911
0.05822792
0.01609735
0.00041549
-0.01716981
0.00877250
-0.05423706
0.01677165
0.00028901
0.04588807
-0.00062758
0.04113397
0.00965655
0.06626548
0.00065840
0.04764892
-0.12902257
-0.01400457
0.03634387
-0.01347382
0.04427622
0.06258088
-0.05969511
-0.01072211
-0.01030860
-0.00350337
0.00201643
-0.01207284
-0.01072219
-0.01247264
0.04399065
-0.02323268
0.01143486
-0.01525286
0.00628781
-0.02929141
0.00294326
-0.05157806
-0.01474886
-0.04402042
0.02753018
0.00116459
-0.03447700
0.02614974
0.00748486
0.03270845
0.00171480
0.00543575
0.00595747
0.00856449
0.04295505
-0.02345537
-0.03334757
0.06644262
-0.02718845
-0.03038280
0.07442744
0.01980744
0.01768976
-0.01006603
-0.00979005
-0.00622318
0.00921129
-0.02389564
0.05917864
0.01079403
-0.00835295
0.02671011
-0.00289003
-0.04332786
-0.01228248
-0.03280222
-0.00355637
-0.07036334
0.01866690
-0.06540859
-0.00610523
0.04711826
0.01792303
0.01189940
0.09914894
-0.03031006
0.02375867
-0.01160581
-0.02272682
-0.02644538
0.00038382
-0.01424385
0.08531996
-0.00852231
0.05583200
0.03058806
-0.00991037
-0.02695533
0.03274685
-0.02780384
0.05628112
-0.00034082
0.02612310
0.06413570
0.00008331
0.01156300
0.16127533
0.03120277
-0.02904248
-0.04371506
-0.01551674
-0.03384254
-0.03953592
0.03006689
-0.00255564
-0.04251717
-0.03685324
0.09710847
0.02664060
0.01254022
-0.08363529
-0.01353778
-0.01068305
-0.02555186
0.00180781
0.09270769
-0.02934157
0.05170436
0.06408649
-0.00319842
0.11313719
0.01131287
-0.05683290
0.04310945
0.00087437
-0.00494112
0.02593346
-0.00349452
0.02243606
-0.06063710
-0.09739318
-0.03800462
0.03192514
0.01060107
-0.00149210
0.02081723
0.00710420
-0.02968171
-0.06516087
0.00835562
0.05237560
-0.06049832
-0.07307122
-0.06763504
-0.04287736
0.00466828
0.06025334
0.00852019
0.02433518
0.02679211
0.02841096
0.02454918
-0.04024023
0.02199153
-0.02239192
-0.01342827
-0.05521679
0.01671831
0.03680959
-0.05817518
-0.06169366
0.00424348
0.03524138
0.00479642
-0.02450102
0.07751935
-0.00254192
0.02226956
0.00294082
0.00097881
-0.02556306
-0.00217685
-0.01045870
0.00535609
-0.07093184
0.00811878
-0.06454014
0.02451046
-0.00772259
0.06094046
0.03764849
0.02893276
0.10308032
0.05818072
-0.05879417
-0.00247634
-0.07877511
0.05948551
-0.04044111
0.21763305
-0.00837371
-0.01432115
0.00682951
0.00880486
0.00454745
0.05208968
-0.01660141
-0.03126904
0.03546883
0.09062177
-0.01520323
0.03431657
0.04564587
-0.02805244
0.01619666
0.03514588
0.00548960
0.03609852
0.02660075
0.11409919
-0.00760988
-0.01574160
-0.00488123
0.04191658
-0.02721273
0.06385023
0.03934043
0.00547989
0.04686144
0.00736627
0.11385255
0.03712063
-0.02431202
-0.02231798
-0.05395478
-0.00795382
-0.04992518
-0.10634883
0.05372614
0.06626122
0.03129487
0.06027538
0.02955473
-0.04934042
-0.03503892
-0.02010248
-0.04910952
-0.04122677
-0.06959417
0.00326377
-0.02005461
-0.05187865
-0.04251314
0.01761026
0.02940256
0.02094540
0.00206151
-0.02761475
-0.01537243
0.08035310
-0.01514249
0.05921846
-0.02370290
-0.04402900
0.02101408
-0.03551858
-0.04984065
0.02547851
-0.04886780
-0.02629429
0.03315694
0.08563396
0.01417127
-0.10747389
-0.14034232
0.02377847
0.11972670
0.01992187
-0.04163930
-0.01766574
0.04358399
0.01642765
0.07755991
-0.01673763
-0.04059439
0.02990894
-0.05113537
0.00598305
-0.00518397
0.00131950
0.05832677
-0.00099309
-0.01748993
0.06799600
-0.01125977
0.10919632
0.00591300
0.03769923
-0.02143659
0.02306546
0.00406404
-0.01567150
-0.00291341
-0.00876007
0.04246995
-0.04386435
-0.03329423
-0.00778815
-0.00040965
-0.01713927
0.01815889
-0.03114512
0.02687802
-0.00744425
0.02558165
-0.25586668
-0.01561653
-0.02705130
0.02522781
-0.02180496
0.02754519
0.05696794
-0.00214774
0.02046102
