-3.406595438718795776e-02
-1.418930850923061371e-02
9.252150543034076691e-03
-5.330080538988113403e-02
-3.312103217467665672e-03
-1.309997588396072388e-01
-2.822918444871902466e-02
-3.174797073006629944e-02
-3.214545920491218567e-02
-1.061028707772493362e-02
1.130470260977745056e-02
-1.492864917963743210e-02
-1.092069502919912338e-02
-1.723023131489753723e-02
6.004286929965019226e-03
-1.248928718268871307e-02
9.352304041385650635e-03
2.212602412328124046e-03
-9.519471973180770874e-02
1.629041135311126709e-02
-2.628723531961441040e-02
1.794880814850330353e-02
7.279723882675170898e-03
-3.146295994520187378e-02
-2.018453925848007202e-02
4.096807911992073059e-02
6.235980615019798279e-02
2.453012950718402863e-02
3.606751933693885803e-02
-5.635694600641727448e-03
-1.032780949026346207e-02
-1.462244708091020584e-02
-5.805852357298135757e-03
6.186260841786861420e-03
1.862996630370616913e-02
-5.106866825371980667e-03
3.558216243982315063e-02
1.140141021460294724e-02
-9.291700087487697601e-03
6.009832140989601612e-04
1.940944232046604156e-02
5.057231057435274124e-03
-1.662048860453069210e-03
2.716537378728389740e-02
7.068404462188482285e-03
3.727166354656219482e-02
-1.232977304607629776e-02
7.497533690184354782e-03
2.965789660811424255e-02
-9.731334284879267216e-04
2.057022228837013245e-02
1.340760290622711182e-01
-3.317714855074882507e-02
-2.750208834186196327e-03
-3.757607191801071167e-04
2.470423234626650810e-03
1.683225389569997787e-03
-9.232223965227603912e-03
-5.963957682251930237e-02
-1.297398805618286133e-01
3.009930998086929321e-02
3.941316157579421997e-03
1.167747005820274353e-02
-1.985855028033256531e-02
9.749352931976318359e-03
-8.482255786657333374e-02
-5.137028638273477554e-03
6.852868013083934784e-03
5.827757343649864197e-02
6.105414405465126038e-02
-1.306905783712863922e-02
-3.966879565268754959e-03
1.449380666017532349e-01
7.865036837756633759e-03
1.047272980213165283e-02
-2.744884975254535675e-02
-3.233433142304420471e-02
-1.454657875001430511e-02
3.842643275856971741e-02
1.240393146872520447e-01
-1.701932959258556366e-02
-3.331483900547027588e-02
1.199127174913883209e-03
1.520351786166429520e-02
-1.411100625991821289e-01
-1.963701471686363220e-02
1.926929689943790436e-02
-9.449747391045093536e-03
-2.462457306683063507e-02
-1.923738745972514153e-04
4.036263749003410339e-02
-4.574426915496587753e-03
5.470065400004386902e-02
2.065252512693405151e-02
1.480343192815780640e-02
-1.631614938378334045e-02
-1.247401721775531769e-02
2.992452867329120636e-02
2.850137092173099518e-02
3.818792058154940605e-03
-3.104556538164615631e-02
-1.035278886556625366e-01
-2.228578738868236542e-02
-1.339186565019190311e-03
4.178756847977638245e-03
1.139089185744524002e-02
-3.848252072930335999e-02
3.475083783268928528e-02
-1.828243955969810486e-02
-1.155245304107666016e-02
1.875943318009376526e-02
4.796542227268218994e-03
3.241723868995904922e-03
-5.197807028889656067e-02
-1.131831668317317963e-02
1.356972940266132355e-02
-5.735931545495986938e-02
5.673133302479982376e-03
-1.588408276438713074e-02
-1.391280349344015121e-02
1.460411958396434784e-02
-2.918386831879615784e-02
3.811873868107795715e-02
-2.630947565194219351e-04
1.119329258799552917e-01
2.194468490779399872e-02
-8.587828837335109711e-03
1.232833322137594223e-02
2.625223807990550995e-02
-1.237033605575561523e-01
6.667334586381912231e-03
9.240437299013137817e-03
1.711536198854446411e-02
3.155161812901496887e-02
-1.350416615605354309e-02
4.097060114145278931e-02
7.828953675925731659e-03
4.566802829504013062e-02
1.853069216012954712e-01
-1.659741625189781189e-02
1.097413599491119385e-01
2.171268872916698456e-02
1.159738376736640930e-02
8.627941831946372986e-03
2.582287974655628204e-02
-6.872794777154922485e-02
1.818708376958966255e-03
1.331781782209873199e-02
1.530006062239408493e-02
-6.180779542773962021e-03
1.188086066395044327e-02
-6.542256101965904236e-03
2.461515134200453758e-03
-2.381390705704689026e-02
1.919644651934504509e-03
-2.390178153291344643e-03
4.208813607692718506e-02
2.066418156027793884e-02
3.453604131937026978e-02
5.799678154289722443e-03
-1.462034787982702255e-02
-2.455225773155689240e-02
3.731360286474227905e-02
-1.049069035798311234e-02
1.913924701511859894e-02
3.343028249219059944e-03
4.981188476085662842e-02
-1.121259946376085281e-02
4.738476127386093140e-02
7.856646180152893066e-02
-6.237727589905261993e-03
-5.666172131896018982e-03
6.014184327796101570e-04
1.386532001197338104e-02
1.156383845955133438e-02
-4.348942078649997711e-03
-2.765069901943206787e-02
1.638222299516201019e-02
1.628106683492660522e-01
5.606523249298334122e-03
-2.574422582983970642e-02
-1.699951663613319397e-02
1.057404000312089920e-02
-2.132225409150123596e-02
-6.011767685413360596e-02
2.171031385660171509e-01
-4.064370691776275635e-01
9.978240355849266052e-03
-1.598900556564331055e-02
-2.656284347176551819e-02
8.113246411085128784e-03
-2.715961635112762451e-02
6.386701948940753937e-03
4.545560572296380997e-03
-9.233954362571239471e-03
2.684744819998741150e-02
-3.195174783468246460e-02
6.682825274765491486e-03
3.156675770878791809e-02
2.721527125686407089e-03
3.325326740741729736e-02
-1.946671865880489349e-02
-4.221147000789642334e-01
3.916006535291671753e-02
2.493151091039180756e-02
-7.359372824430465698e-02
-6.049390882253646851e-03
-1.510395295917987823e-02
2.705652499571442604e-03
-1.392656192183494568e-02
-2.032375894486904144e-03
-1.541237998753786087e-02
-7.494562771171331406e-03
2.090289490297436714e-03
1.569617539644241333e-02
3.740373626351356506e-02
8.646817877888679504e-03
8.804756216704845428e-03
9.762423112988471985e-03
-1.240899087861180305e-03
3.536112979054450989e-02
-4.731126725673675537e-01
5.408044438809156418e-03
-7.146385498344898224e-03
3.653166070580482483e-02
3.685034811496734619e-02
1.172189693897962570e-02
-4.932483285665512085e-02
4.714638739824295044e-02
-3.264492610469460487e-03
1.094940118491649628e-02
3.199679311364889145e-03
-1.620679348707199097e-02
-1.395794469863176346e-02
1.007201895117759705e-01
-1.620098762214183807e-02
-1.437290571630001068e-02
1.527745183557271957e-02
1.923714578151702881e-02
6.508248858153820038e-03
1.828395761549472809e-02
1.246477570384740829e-02
-4.940901324152946472e-02
-2.626815065741539001e-02
2.493141684681177139e-03
-8.671306073665618896e-03
7.911724969744682312e-03
-1.673790067434310913e-02
3.044594451785087585e-02
-2.761956676840782166e-02
1.280118594877421856e-03
-1.077882293611764908e-02
1.289506815373897552e-02
2.089369297027587891e-02
-2.518260106444358826e-02
8.134698495268821716e-03
-7.329875230789184570e-02
1.435489356517791748e-01
1.823282241821289062e-02
-3.463304787874221802e-02
7.503435947000980377e-03
-1.055019572377204895e-01
6.948999315500259399e-02
9.305591881275177002e-02
-3.909084573388099670e-02
4.429298918694257736e-03
-5.107975378632545471e-02
-4.475216567516326904e-02
-1.032264977693557739e-01
2.025284990668296814e-02
7.189972698688507080e-02
2.017974294722080231e-02
-8.469566702842712402e-03
-3.533457592129707336e-02
5.196378100663423538e-03
-3.128232434391975403e-02
-1.269131246954202652e-02
4.803211428225040436e-03
-1.028977558016777039e-01
6.428136676549911499e-02
2.587215229868888855e-02
-1.236422508955001831e-01
2.277803048491477966e-02
-1.778532713651657104e-01
7.815674692392349243e-02
1.082040593028068542e-01
-3.297122195363044739e-02
4.130207002162933350e-02
1.196269765496253967e-01
4.832739382982254028e-02
9.108760952949523926e-02
1.315181255340576172e-01
-1.105206087231636047e-02
-9.737790375947952271e-02
8.345317840576171875e-02
3.459451720118522644e-02
-9.944149851799011230e-02
-1.179812662303447723e-02
4.496194422245025635e-02
6.308432668447494507e-02
-1.074846908450126648e-01
-3.431304544210433960e-02
8.047486543655395508e-01
6.422706693410873413e-02
-2.966690063476562500e-02
1.213347166776657104e-01
-6.522703170776367188e-02
8.645675331354141235e-02
-9.472101181745529175e-02
-1.370692700147628784e-01
-1.968343742191791534e-02
1.080238912254571915e-02
-8.302974700927734375e-02
8.953203447163105011e-03
-1.299467235803604126e-01
3.612383455038070679e-02
-4.563476145267486572e-02
1.073550879955291748e-01
-5.612970888614654541e-02
3.216637670993804932e-02
1.789328083395957947e-02
-2.669085189700126648e-02
3.318627551198005676e-02
-8.307854644954204559e-03
-1.120206620544195175e-02
4.813455976545810699e-03
-8.797308546490967274e-04
7.374968379735946655e-03
-2.754566632211208344e-02
-5.045968666672706604e-02
5.174251273274421692e-02
-3.187346970662474632e-03
-1.204498764127492905e-02
1.479209307581186295e-02
2.864973060786724091e-02
-1.143170287832617760e-03
-8.572851121425628662e-02
2.108518406748771667e-02
3.132342593744397163e-03
-3.302781283855438232e-02
4.351191967725753784e-02
-2.380829682806506753e-04
1.615264103747904301e-03
2.357288636267185211e-02
-1.481720712035894394e-02
-9.277480840682983398e-02
-4.894888773560523987e-02
8.659693412482738495e-03
-1.826408132910728455e-02
-2.203686162829399109e-02
1.178818270564079285e-01
-6.476844102144241333e-02
2.474672347307205200e-02
-6.139438226819038391e-02
-1.740146987140178680e-02
-1.076274923980236053e-02
-3.298200294375419617e-02
7.583745289593935013e-03
-3.149686008691787720e-02
9.060496836900711060e-02
1.952980272471904755e-02
3.777771815657615662e-02
1.290343794971704483e-02
-1.029033586382865906e-02
2.477037347853183746e-02
-3.218839317560195923e-02
-4.474062297958880663e-04
-6.036215648055076599e-02
-1.088041719049215317e-02
2.620392665266990662e-02
-1.841347478330135345e-02
8.113411068916320801e-02
2.518140338361263275e-02
6.750923395156860352e-02
2.014694735407829285e-02
-6.360489130020141602e-02
-1.734045892953872681e-02
1.785309799015522003e-02
-1.088584889657795429e-03
-4.468629881739616394e-02
-2.685491740703582764e-02
6.675156950950622559e-02
6.421508640050888062e-02
-6.953194737434387207e-02
3.177642077207565308e-02
2.264181897044181824e-02
2.215998992323875427e-02
1.553006097674369812e-02
-9.076248854398727417e-03
2.668389305472373962e-02
3.909237682819366455e-02
-2.357184886932373047e-02
-4.749859124422073364e-02
-1.572847366333007812e-02
9.811396012082695961e-04
9.369999170303344727e-03
-2.876242622733116150e-02
4.395932704210281372e-02
-2.526103518903255463e-02
5.450091138482093811e-02
-7.862748578190803528e-03
-1.623504422605037689e-02
-6.584325432777404785e-02
-7.194865960627794266e-03
7.009725086390972137e-03
1.628690399229526520e-02
-1.211244426667690277e-02
2.027989132329821587e-03
-1.518783252686262131e-02
2.355654910206794739e-02
-2.399216964840888977e-02
-1.526757609099149704e-02
5.717785679735243320e-04
-3.766581043601036072e-02
1.411574054509401321e-02
-1.037890836596488953e-02
1.391967199742794037e-02
2.216775342822074890e-02
3.732445091009140015e-02
9.745230898261070251e-03
-3.295023739337921143e-02
3.275118395686149597e-02
6.765352189540863037e-02
-5.799162015318870544e-02
2.473570220172405243e-02
2.154416590929031372e-02
-2.479557134211063385e-02
-3.579061850905418396e-02
2.966071106493473053e-02
3.146871551871299744e-02
-6.637787073850631714e-02
3.199893236160278320e-02
-1.227770838886499405e-02
6.626833695918321609e-03
1.847771927714347839e-02
3.963022306561470032e-02
-1.075939368456602097e-02
9.024683386087417603e-03
-1.349058095365762711e-02
-4.172294959425926208e-02
-3.434655815362930298e-02
4.619859531521797180e-02
-2.401304990053176880e-02
6.011381745338439941e-02
4.638694971799850464e-02
7.071720808744430542e-02
-5.115638952702283859e-03
1.785693764686584473e-01
-2.699046162888407707e-03
-7.411595433950424194e-02
3.024043515324592590e-02
5.829725414514541626e-02
-4.487773776054382324e-02
-5.985727533698081970e-02
-3.744910657405853271e-02
-2.203949959948658943e-03
-1.322162151336669922e-02
1.779273524880409241e-02
-2.473722212016582489e-02
-1.009286008775234222e-02
6.892648339271545410e-02
2.360647730529308319e-02
5.674504488706588745e-02
-1.980482414364814758e-02
-6.913021206855773926e-02
-1.139644812792539597e-02
-3.312622755765914917e-02
-3.792611183598637581e-03
-3.474041074514389038e-02
3.016050718724727631e-02
2.864956296980381012e-02
-7.493533939123153687e-02
-4.475207533687353134e-03
-1.409037411212921143e-02
-3.165228664875030518e-02
5.346601083874702454e-02
-6.470608641393482685e-04
-1.078067347407341003e-02
2.208710275590419769e-02
-1.850161328911781311e-02
1.170982979238033295e-02
-1.541528943926095963e-02
-3.232704848051071167e-02
3.351251035928726196e-02
-1.172589883208274841e-02
-4.544062539935112000e-03
-6.304836831986904144e-03
8.373929560184478760e-02
-1.390203088521957397e-02
-1.320523303002119064e-02
-7.762469351291656494e-02
5.088737979531288147e-02
-3.272569179534912109e-02
-3.182607889175415039e-02
6.142219528555870056e-02
1.125408429652452469e-02
6.110193580389022827e-02
8.149639703333377838e-03
-6.345244497060775757e-02
-2.211180981248617172e-03
-8.449368178844451904e-02
5.370163172483444214e-02
1.251375419087707996e-03
4.656161647289991379e-03
-5.622686585411429405e-04
2.330008335411548615e-02
2.935230266302824020e-03
-6.439867615699768066e-02
-3.276474773883819580e-02
-3.610900044441223145e-02
-4.360488057136535645e-02
-2.313139103353023529e-02
3.782601282000541687e-02
1.018481776118278503e-01
1.703419536352157593e-02
6.376862991601228714e-03
-3.910256177186965942e-02
5.805189255625009537e-03
-2.375230565667152405e-02
3.505237773060798645e-02
-1.876575313508510590e-02
2.555106393992900848e-02
-2.352253906428813934e-02
1.746920868754386902e-02
1.779846474528312683e-02
7.590898126363754272e-02
2.903395518660545349e-02
1.390009932219982147e-02
-7.757471501827239990e-02
-2.080034278333187103e-02
4.467695578932762146e-02
-4.730401188135147095e-02
4.529620334506034851e-02
1.817115955054759979e-02
-4.785330221056938171e-02
1.465882454067468643e-02
6.804369622841477394e-04
-1.451053563505411148e-02
-1.776193454861640930e-02
-1.486564893275499344e-02
1.723022316582500935e-03
-3.732030466198921204e-02
5.515613406896591187e-02
-2.536033093929290771e-02
1.337971258908510208e-02
-1.601773500442504883e-02
-3.605520725250244141e-02
-3.784826770424842834e-02
2.101521939039230347e-02
-4.263331368565559387e-02
-3.734221449121832848e-03
-2.264164015650749207e-02
2.216052450239658356e-02
1.243921555578708649e-02
-4.432283341884613037e-02
1.078821904957294464e-02
1.615608856081962585e-02
1.978832669556140900e-02
2.398574724793434143e-02
3.403690829873085022e-02
1.424864679574966431e-02
5.236911401152610779e-02
6.355892121791839600e-02
-2.144692651927471161e-02
-4.135292023420333862e-02
5.776613205671310425e-02
-4.161607846617698669e-02
-3.088937886059284210e-02
3.461278602480888367e-02
9.503403678536415100e-03
1.976049132645130157e-02
-2.738507464528083801e-02
6.283232476562261581e-03
-1.352472230792045593e-02
9.200008586049079895e-03
-3.613004833459854126e-02
4.959473758935928345e-02
-7.170421537011861801e-03
-2.405701670795679092e-03
3.000018000602722168e-02
-1.528532896190881729e-02
-4.111786559224128723e-02
-1.721275784075260162e-02
-3.684075549244880676e-02
-3.782527148723602295e-02
-6.252171099185943604e-02
1.168419141322374344e-02
-5.529723688960075378e-02
-8.326940238475799561e-03
7.851935923099517822e-02
1.063151564449071884e-02
9.365825913846492767e-03
1.012129411101341248e-01
-5.762017145752906799e-02
4.008085001260042191e-03
-9.242830798029899597e-03
-3.131835162639617920e-02
-3.908963128924369812e-02
3.084928262978792191e-03
-4.849416390061378479e-02
9.921167790889739990e-02
7.199742365628480911e-03
3.852654621005058289e-02
2.664875239133834839e-02
-2.188001573085784912e-02
-1.738931797444820404e-02
-1.922205649316310883e-02
-4.385889694094657898e-02
7.096283137798309326e-02
2.209725789725780487e-03
3.334280848503112793e-02
8.829052001237869263e-02
-7.778468076139688492e-03
3.452463774010539055e-03
1.459689140319824219e-01
3.718071803450584412e-02
-1.685652323067188263e-02
-2.818279527127742767e-02
-3.907875344157218933e-02
-3.348192572593688965e-02
-1.766601577401161194e-02
4.512706398963928223e-02
-4.125816002488136292e-02
-5.712819844484329224e-02
-1.073183678090572357e-02
8.329816907644271851e-02
1.569208130240440369e-02
1.469858922064304352e-02
-5.258543789386749268e-02
-3.662971314042806625e-03
-2.997100353240966797e-03
-4.088103771209716797e-02
6.826274096965789795e-03
1.110761538147926331e-01
-6.675725430250167847e-02
3.427010029554367065e-02
8.169895410537719727e-02
7.358841132372617722e-03
9.371337294578552246e-02
-1.726946560665965080e-03
-7.398955523967742920e-02
7.130405865609645844e-03
-1.403532340191304684e-03
-6.306684575974941254e-03
2.497307024896144867e-02
-1.672617532312870026e-02
1.845374144613742828e-02
-4.687912762165069580e-02
-8.391474187374114990e-02
-4.305873299017548561e-04
1.583521440625190735e-02
-1.600516773760318756e-02
9.821685031056404114e-03
1.064430829137563705e-02
-9.630871936678886414e-03
1.269262004643678665e-02
-4.065017402172088623e-02
4.919440951198339462e-03
7.210774719715118408e-02
-8.495311439037322998e-02
-7.933429628610610962e-02
-6.073393300175666809e-02
-3.541411831974983215e-02
1.934614963829517365e-02
5.363564565777778625e-02
-3.463059291243553162e-02
2.640285156667232513e-02
3.098027594387531281e-02
4.051751270890235901e-02
2.633450552821159363e-02
-3.017131984233856201e-02
2.159810625016689301e-02
-2.667759545147418976e-02
-1.842154562473297119e-02
-8.322058618068695068e-02
1.204392220824956894e-02
3.412739560008049011e-02
-2.321331202983856201e-02
-4.333978146314620972e-02
2.330080978572368622e-02
2.892273105680942535e-02
1.164345163851976395e-02
-5.617252085357904434e-03
1.004383787512779236e-01
3.635849570855498314e-03
8.317320607602596283e-03
1.200673985294997692e-03
2.296484075486660004e-02
-1.305624842643737793e-02
9.685263037681579590e-03
-2.539028227329254150e-02
-3.032438457012176514e-02
-7.761102914810180664e-02
3.340492956340312958e-03
-6.851267069578170776e-02
8.669166825711727142e-03
-1.211602240800857544e-03
4.835551232099533081e-02
-8.197611197829246521e-03
5.180304870009422302e-02
1.234242990612983704e-01
6.838884204626083374e-03
-6.971346586942672729e-02
-5.046389065682888031e-03
-4.921745136380195618e-02
6.173711642622947693e-02
-3.593663498759269714e-02
1.680637449026107788e-01
-1.250655483454465866e-02
-9.727536700665950775e-03
3.498250618577003479e-02
2.138584479689598083e-02
-8.372534066438674927e-03
1.996362209320068359e-02
-3.378777578473091125e-02
-3.799045085906982422e-02
2.487285621464252472e-02
7.428615540266036987e-02
3.819786012172698975e-02
4.094572737812995911e-02
2.293657138943672180e-02
-1.200249604880809784e-02
1.496296096593141556e-02
2.439199201762676239e-02
-6.024966016411781311e-03
7.270116358995437622e-02
2.877629548311233521e-02
5.311106145381927490e-02
1.666646264493465424e-02
-9.608266875147819519e-03
-1.110493857413530350e-02
2.062784507870674133e-02
-1.875742524862289429e-02
5.123668164014816284e-02
4.088856279850006104e-02
3.339825943112373352e-02
5.261709168553352356e-02
6.574325729161500931e-03
1.141313835978507996e-01
5.646891146898269653e-02
2.385565778240561485e-03
-3.499599173665046692e-02
-3.632094338536262512e-02
-6.995147466659545898e-02
-3.937777504324913025e-02
-9.666808694601058960e-02
6.452311575412750244e-02
3.711578249931335449e-02
2.950684353709220886e-02
3.878118097782135010e-02
2.121716737747192383e-02
-6.060832738876342773e-02
-4.070326685905456543e-02
-2.214814908802509308e-02
-5.694723874330520630e-02
-4.257430508732795715e-02
-5.283596739172935486e-02
3.144543617963790894e-03
-3.530729934573173523e-02
-6.091665849089622498e-02
-1.206413749605417252e-02
-4.654131364077329636e-03
1.273044105619192123e-02
1.203261781483888626e-02
1.740272343158721924e-02
-4.991367459297180176e-02
-2.544568665325641632e-02
7.810139656066894531e-02
-2.465511672198772430e-02
6.059636548161506653e-02
-1.480708736926317215e-02
-5.931943655014038086e-02
1.896690577268600464e-02
-5.708761140704154968e-02
-2.689564973115921021e-02
4.799528792500495911e-02
-3.848490864038467407e-02
-2.129626832902431488e-02
-1.512015704065561295e-03
9.080935269594192505e-02
-3.487768396735191345e-02
-1.362637430429458618e-01
-1.637131422758102417e-01
1.539650373160839081e-02
1.404834538698196411e-01
1.422219723463058472e-02
-2.063287608325481415e-02
-3.561915084719657898e-02
6.138012930750846863e-02
2.489139139652252197e-02
7.271336019039154053e-02
1.659770379774272442e-03
-3.914516046643257141e-02
1.906174793839454651e-02
-5.300684645771980286e-02
3.280372591689229012e-03
-2.821697108447551727e-02
1.493907626718282700e-02
6.155345961451530457e-02
1.620282791554927826e-02
-4.475322738289833069e-02
5.785053223371505737e-02
3.477100050076842308e-03
8.810687065124511719e-02
-6.184701807796955109e-03
1.792168803513050079e-02
1.220661215484142303e-02
2.897472679615020752e-02
2.838848531246185303e-02
-1.538965478539466858e-02
-1.546544488519430161e-02
1.292646396905183792e-02
1.449552085250616074e-02
-7.338950037956237793e-02
-2.233224362134933472e-02
-5.405411124229431152e-03
7.667627069167792797e-04
-9.261392056941986084e-03
6.026397459208965302e-03
-4.857958108186721802e-02
6.382603943347930908e-02
-3.278840333223342896e-02
9.996818378567695618e-03
-2.595601379871368408e-01
-9.466611780226230621e-03
2.759937383234500885e-02
5.450512468814849854e-02
-1.843271963298320770e-02
1.238188706338405609e-02
3.236402571201324463e-02
-3.406623005867004395e-02
2.370022796094417572e-02
