-0.0484883822500706
-0.1087459996342659
-0.0016062447102740
-0.1188597008585930
-0.0263884942978621
-0.1434117555618286
-0.0669999495148659
0.1536227315664291
0.0020217585843056
-0.0525329075753689
-0.0953163281083107
0.0765413343906403
-0.0855576694011688
0.0182257108390331
0.0186059307307005
0.0411344468593597
-0.0643898993730545
-0.1129172891378403
-0.0730727165937424
-0.0809435471892357
0.0055250925943255
0.1292452514171600
0.1038047745823860
0.0585903115570545
0.0597371011972427
-0.1061735823750496
-0.0185106415301561
-0.0573317371308804
0.0568347796797752
0.0202435664832592
0.0494170151650906
-0.0587119385600090
0.0183704718947411
0.1091302335262299
-0.0642485916614532
-0.0486858859658241
0.0141368685290217
0.0144907487556338
-0.0508254282176495
0.0618449524044991
0.0340187028050423
-0.0817181915044785
-0.0476817376911640
0.0589279457926750
-0.0161489881575108
-0.0114915790036321
0.0165265016257763
-0.0824509859085083
0.0222346112132072
0.1458044052124023
-0.0905814394354820
-0.0583327375352383
-0.1086376383900642
0.0154527956619859
-0.0069512496702373
-0.0201850831508636
0.0109697617590427
-0.0285070538520813
-0.0414464771747589
-0.0537675283849239
-0.0364819467067719
0.0514530241489410
0.0939931124448776
0.0137874754145741
-0.0331679098308086
0.0377799086272717
-0.0554511547088623
-0.0054330192506313
0.0040216697379947
0.0468098074197769
0.1187935620546341
0.0677708610892296
0.0086636692285538
0.0366842299699783
-0.0968739762902260
-0.0189782530069351
0.0158979706466198
0.0628803372383118
-0.0425969362258911
-0.1432485580444336
0.0299952831119299
-0.0732899531722069
-0.0657375007867813
0.0987308248877525
0.0391953215003014
0.0158094149082899
0.0031603081151843
-0.1472603678703308
-0.0765556395053864
0.0627621039748192
-0.0109109710901976
0.0659640729427338
-0.0099089723080397
0.0202831644564867
0.0487320683896542
0.0521740503609180
-0.0419299155473709
-0.0709277167916298
-0.0305038746446371
-0.0434261262416840
-0.0816001445055008
-0.1286874562501907
0.0030338456854224
0.0772942379117012
0.0759929269552231
-0.0015040311263874
0.0595228523015976
-0.0162052251398563
0.0292936768382788
0.0116392727941275
-0.0877533257007599
-0.0620225109159946
0.0902728661894798
0.0102817993611097
0.0180433690547943
0.0093382690101862
0.0807752609252930
-0.0217005498707294
0.0186388157308102
-0.0503372587263584
-0.0459163971245289
-0.0567950941622257
-0.0359402932226658
0.0414307080209255
0.0752713605761528
0.0174234919250011
0.0326384119689465
-0.0376002565026283
-0.0247492585331202
0.0168169010430574
-0.0526852123439312
-0.0343608297407627
0.0520700812339783
0.0669753029942513
-0.0351181700825691
0.0654808729887009
0.0889476090669632
-0.0120592499151826
-0.0122404368594289
-0.0049447477795184
0.0661135688424110
-0.0462060719728470
0.0356207415461540
0.0298551488667727
-0.0400972627103329
0.0599284246563911
-0.0172937419265509
-0.0744725614786148
-0.0607882216572762
-0.0830314680933952
0.0800840854644775
-0.0581163875758648
0.0336276851594448
0.0108384247869253
-0.0770063251256943
0.0049426201730967
-0.0009342977427877
-0.0419915504753590
0.0844535380601883
0.0712729766964912
0.0931344032287598
-0.0459436103701591
0.0659766346216202
-0.0202012453228235
-0.0387119725346565
0.0965700447559357
-0.0205337330698967
-0.0343425273895264
-0.0956745967268944
0.0314034782350063
0.0542321540415287
-0.0640487000346184
-0.0529012307524681
-0.0546010211110115
-0.0756767466664314
0.0317072235047817
0.0748313888907433
0.0358541794121265
0.0411662422120571
-0.0466593168675900
-0.0101110525429249
-0.0623063966631889
-0.0004627753805835
-0.0439980328083038
-0.0198346134275198
-0.0365328080952168
0.0267142802476883
0.0407486483454704
-0.0088341850787401
-0.0379169248044491
-0.0095298308879137
-0.0117211714386940
-0.0069781956262887
-0.0550867356359959
-0.0138040157034993
0.0205732267349958
-0.0815580561757088
-0.0484317056834698
0.0261574927717447
-0.0539172068238258
0.0009824620792642
-0.0892917439341545
-0.0587308034300804
-0.1293751448392868
-0.0300023891031742
0.0771076902747154
0.0838384553790092
0.0840699449181557
-0.0160875078290701
-0.0188731718808413
-0.0435576401650906
-0.0120278075337410
0.0617481954395771
0.1555311828851700
-0.1504222601652145
-0.0655010864138603
0.0060326689854264
-0.0141994738951325
-0.0845594331622124
0.0754834115505219
-0.1041491851210594
0.0049929693341255
-0.1065538823604584
0.1314313113689423
-0.0276859067380428
-0.0102702900767326
0.1435054838657379
-0.0532027333974838
-0.0809722170233727
0.0478358939290047
-0.0835497677326202
0.0001111366727855
-0.0433900319039822
-0.1042400524020195
0.0045772064477205
-0.0173271056264639
-0.0608293265104294
0.0263268537819386
0.0556520558893681
0.0535612106323242
-0.1032187491655350
0.0680276453495026
-0.0591320246458054
-0.0047088125720620
-0.0060083102434874
-0.0366438403725624
-0.0954280644655228
-0.0950695574283600
0.0297330003231764
-0.0548092462122440
0.0007504522800446
-0.0125255938619375
-0.0469236485660076
0.0121574411168694
-0.0564790368080139
-0.1330822557210922
-0.0739108175039291
-0.0533232465386391
-0.0627827793359756
-0.1123977527022362
0.0075822966173291
-0.1621081978082657
0.0435928069055080
0.0381795912981033
0.0072051868773997
0.1136063039302826
-0.0802930891513824
0.1631049066781998
0.0219078250229359
0.0642016306519508
0.0924072712659836
0.0068658674135804
-0.2153369784355164
-0.0964749380946159
0.0543730407953262
-0.2574438452720642
-0.1426872164011002
-0.0649762153625488
0.0569506064057350
-0.0483175925910473
0.0610176995396614
-0.1234894171357155
-0.2141144573688507
-0.1580936759710312
0.0858196467161179
-0.0819956734776497
-0.0439013279974461
-0.1118561401963234
0.0123707475140691
-0.1220466420054436
-0.1612913757562637
-0.0899800583720207
0.1388103514909744
0.0281776320189238
-0.0719152614474297
-0.2153258323669434
-0.1639613658189774
-0.0835627615451813
0.0101083721965551
-0.1709048002958298
-0.1868499815464020
0.1528572738170624
0.2667213976383209
-0.1823071241378784
-0.0095344698056579
0.1510594189167023
-0.0082812551409006
0.1216091439127922
0.0470233932137489
-0.1969860643148422
0.0378458686172962
-0.2434112429618835
0.1217443868517876
0.0724356323480606
-0.1084283664822578
0.1017793789505959
0.0509630218148232
0.2529654204845428
-0.0049716555513442
-0.1340405941009521
0.0384007915854454
0.0479720421135426
0.0110680144280195
-0.0313370078802109
-0.0620062611997128
0.0942727774381638
0.1002496927976608
-0.0787016078829765
0.0839930251240730
-0.0067171449773014
-0.0342084839940071
0.0076783695258200
0.0001240090059582
0.0710230544209480
-0.0348932854831219
0.0051973112858832
0.0300461575388908
-0.0365658253431320
0.0037920004688203
-0.0286763999611139
0.0081739705055952
-0.0319295935332775
0.0241534374654293
0.0377739779651165
0.0341713801026344
0.0387308299541473
0.0034263548441231
0.0555777549743652
0.0294435769319534
0.0292578432708979
-0.0186263844370842
0.0411316268146038
0.0210870504379272
-0.0012425552122295
0.0899146646261215
0.0907222628593445
-0.0329677611589432
0.0045561152510345
-0.0149773471057415
-0.0439413152635098
-0.0087016457691789
0.0042626522481441
0.0626081451773643
0.0328480787575245
-0.0297113228589296
-0.0504745692014694
0.0448112636804581
0.0465662479400635
-0.0577236376702785
0.0337003469467163
-0.0266853477805853
0.0644116625189781
-0.0238596722483635
-0.0017855598125607
0.0143759315833449
0.0163033399730921
0.0045889262109995
0.0273572858422995
-0.0377326123416424
-0.0205985773354769
0.0398737378418446
0.0418212376534939
0.0312244426459074
0.0145024387165904
0.0538573972880840
0.0186341125518084
-0.0782524943351746
0.0305771157145500
-0.0717058703303337
-0.0615283064544201
-0.0863213315606117
0.0092383483424783
-0.0027730655856431
0.0226106159389019
0.0160217732191086
0.0300060641020536
0.0096262404695153
-0.0841776505112648
-0.0903172343969345
0.0535537563264370
0.0238059218972921
0.0514580309391022
-0.0130893606692553
-0.0585837066173553
-0.0803985223174095
0.0007997064967640
-0.0277997124940157
-0.0346919931471348
-0.0175872091203928
-0.0245183110237122
0.0202421545982361
-0.0014002891257405
-0.0543168522417545
0.0691568404436111
0.0671570375561714
0.0212765298783779
-0.0391960330307484
-0.0157564654946327
0.0352151021361351
-0.0516028814017773
0.0066076857037842
-0.0320083908736706
-0.0110407294705510
-0.0898897126317024
-0.0059583233669400
-0.0331574268639088
0.0122585762292147
0.0084571782499552
-0.0314523093402386
-0.0234837513417006
0.0652996897697449
0.0086626270785928
-0.0749104171991348
0.0697144865989685
0.0246120784431696
-0.0351828858256340
-0.0029102007392794
-0.0329515822231770
-0.0252127349376678
0.0400149226188660
0.1113941296935081
0.0186895001679659
0.0475516393780708
-0.0128159839659929
-0.0192346870899200
-0.0061757862567902
0.0570899769663811
-0.1035780310630798
0.0261714290827513
-0.0255225282162428
-0.0976113379001617
0.0931357219815254
-0.0810633227229118
-0.0192233361303806
0.0677200779318810
0.0094834538176656
-0.0727982372045517
0.0356462411582470
-0.0113959712907672
-0.0303025022149086
-0.0053989654406905
-0.0612353943288326
-0.0273183993995190
-0.0808312073349953
0.0324287712574005
-0.0048681674525142
-0.0380598418414593
0.0267672985792160
-0.0850881040096283
-0.0247614346444607
0.0334410816431046
-0.0316357947885990
0.0178946759551764
-0.0588837713003159
-0.0416521020233631
0.0047092000022531
0.0887009054422379
0.0040085176005960
-0.1001233756542206
0.0548421628773212
0.0314514860510826
0.0487584955990314
0.0182080045342445
0.0126287359744310
0.0047434228472412
-0.0252277534455061
-0.0267810877412558
0.0008755206363276
0.0301075931638479
0.0284747797995806
0.0109275681897998
-0.0938233211636543
-0.0164016932249069
-0.1013059914112091
0.0535490363836288
0.0525550842285156
-0.0400309860706329
-0.0306969229131937
0.0433470159769058
-0.0807453021407127
-0.0339008569717407
0.0794655010104179
-0.0831019133329391
0.0155779151245952
-0.0651168972253799
0.0588246174156666
0.0013657520757988
0.0950067639350891
-0.0428808182477951
-0.0431123636662960
0.0188643876463175
-0.0327422432601452
-0.0548157319426537
0.0019436901202425
0.0222882218658924
0.0654853954911232
0.0674091577529907
0.0241006650030613
0.0479084253311157
0.0843996256589890
-0.0419291928410530
0.0845120251178741
-0.0094769708812237
0.0571264810860157
0.0050714984536171
-0.1021507754921913
-0.0397362895309925
0.0399325974285603
0.0926467776298523
-0.0603000372648239
-0.0292416401207447
-0.0376276075839996
0.0183084607124329
0.0832612961530685
0.0157637018710375
0.0850828588008881
-0.0030700860079378
-0.0056135235354304
-0.0295627564191818
-0.0145522532984614
-0.0459080114960670
0.0023236863780767
0.0532972328364849
0.0460957959294319
0.0134160257875919
-0.0303801074624062
-0.0501016937196255
0.0146965635940433
-0.0581838041543961
-0.0153865963220596
-0.0085044652223587
-0.0533772632479668
-0.0141762569546700
0.0167862642556429
-0.0326864421367645
0.0118441507220268
-0.0638796687126160
0.0192807782441378
0.0199075005948544
0.0833810865879059
-0.0089511806145310
-0.0404192656278610
0.0256242919713259
-0.0453291423618793
0.0527224317193031
-0.0215993784368038
-0.0132942982017994
-0.0431527122855186
0.0358898453414440
0.0035829464904964
-0.0554104074835777
0.0430889949202538
0.0729240477085114
-0.0394049845635891
-0.0359991677105427
-0.0146955242380500
-0.0020878762006760
0.0270072408020496
0.0378536060452461
-0.0719375461339951
0.0108016412705183
0.0195023361593485
0.0058489535003901
0.0200075861066580
0.0546845979988575
0.0331281721591949
-0.0004305016191211
0.0466348305344582
-0.0062803234905005
-0.0165250711143017
0.0677198022603989
-0.0000868784554768
-0.0422173179686069
-0.0066554374061525
-0.0577994510531425
-0.0669506192207336
0.0570782981812954
0.0687846913933754
-0.0375318899750710
-0.0181720051914454
-0.0231339596211910
0.0199405010789633
0.0577156133949757
0.0576930716633797
-0.0255043935030699
0.0167662817984819
-0.0047481851652265
-0.0059008235111833
0.0491904728114605
0.0090477680787444
-0.0204518530517817
0.0530811212956905
0.0442307218909264
-0.0237283334136009
-0.0459571219980717
0.0016108967829496
-0.0418947488069534
0.0452343262732029
-0.0448686107993126
0.0876905098557472
-0.0648445338010788
-0.0216090735048056
0.0046278587542474
0.0313680954277515
0.0041073933243752
-0.0865057408809662
-0.0740064829587936
0.0133774299174547
-0.0006491323583759
0.0257457382977009
0.0280832778662443
-0.0004177568771411
0.0184793081134558
-0.0183418951928616
0.0409395955502987
0.0189742874354124
-0.0001812249538489
0.0311171878129244
0.0470954254269600
-0.0177237950265408
0.0693161189556122
0.0460670217871666
-0.0536223500967026
-0.0180761944502592
-0.1020736321806908
0.0301143471151590
-0.0355325080454350
-0.0465538725256920
0.0185539741069078
-0.0098735941573977
0.0078074722550809
0.0252329185605049
-0.0053342985920608
0.0346147902309895
-0.0290934573858976
0.0611785352230072
-0.0061545381322503
0.0243804547935724
-0.0620426163077354
-0.0529421009123325
0.0359425842761993
-0.0217920467257500
0.0273478087037802
0.0456841588020325
0.0106625948101282
-0.0224395804107189
-0.0357058458030224
0.0040541584603488
0.0338849015533924
0.0235257353633642
-0.0376173742115498
0.0099675459787250
-0.0175136495381594
-0.0604915879666805
0.0427060723304749
-0.0428515970706940
-0.0231578275561333
0.0844696164131165
-0.0304373856633902
-0.0404313802719116
-0.1133368983864784
-0.0336430184543133
0.0015954081900418
0.0474760644137859
0.0395918413996696
-0.0210823658853769
-0.0687036588788033
0.0232567843049765
0.0191939808428288
-0.0072245495393872
0.0604336708784103
-0.0467832386493683
0.0872060433030128
0.0126225994899869
-0.0028729890473187
-0.0351352617144585
0.0053979656659067
0.0666875839233398
-0.0058851488865912
-0.0609324946999550
-0.0039533656090498
0.0177945680916309
0.0076107699424028
-0.0248615834861994
-0.0202479362487793
-0.0740456134080887
-0.0250238422304392
-0.0051070181652904
-0.0217528231441975
0.0350339040160179
0.0470956005156040
0.0294814109802246
0.0147806629538536
0.0626542791724205
0.0136846182867885
0.0470465458929539
0.0254306215792894
-0.0258529484272003
0.0813707932829857
-0.0642617568373680
-0.0107446610927582
0.0174670163542032
-0.0593046359717846
0.0072097294032574
-0.0514436736702919
-0.0229224767535925
0.0519021824002266
-0.0060179969295859
-0.0557124130427837
-0.0046837874688208
0.0318257696926594
0.0543335787951946
0.0515100695192814
0.0401593148708344
0.0593668296933174
-0.0086492476984859
0.0204747188836336
0.0183862708508968
-0.0087519651278853
-0.0464399568736553
-0.0517690964043140
0.0225892532616854
0.0591358691453934
-0.0282082483172417
0.0591524168848991
-0.0411951467394829
0.0026489500887692
-0.0408149994909763
0.0145606035366654
-0.0015218594344333
0.0271605215966702
0.0477677322924137
0.0212477203458548
-0.0772106349468231
-0.0251547954976559
-0.0186392609030008
0.0068628243170679
0.0287256855517626
-0.0222748927772045
-0.0193637441843748
-0.0780065655708313
0.0479167960584164
-0.0823973864316940
0.0218118578195572
-0.0137300435453653
0.0286440607160330
0.0170318856835365
0.0352012440562248
-0.0338615104556084
-0.0790933147072792
-0.0581292994320393
-0.0503121390938759
-0.0790854543447495
-0.0441639684140682
-0.0666009038686752
-0.0080205649137497
0.0069512096233666
-0.0526556260883808
-0.0130825443193316
0.0516077466309071
0.0589470006525517
-0.0322780795395374
0.0484317801892757
-0.0500589683651924
-0.0512734353542328
0.0665957108139992
-0.0280660465359688
0.0568636171519756
-0.0344370976090431
-0.0244146026670933
-0.0773825198411942
-0.0101331779733300
0.0012640666682273
-0.0353363379836082
-0.0144662698730826
-0.0219982098788023
0.0347706601023674
0.0767852365970612
-0.0710973292589188
0.0070857102982700
-0.0818920210003853
0.0097555406391621
0.0015804033027962
-0.0032843674998730
-0.0575625300407410
-0.0213217679411173
0.0399817824363708
0.0149289527907968
-0.0111708370968699
0.0638748183846474
-0.0335475653409958
0.0600173063576221
-0.0705734863877296
0.0396398752927780
-0.0018966482020915
-0.0456763319671154
-0.0629329755902290
-0.0373552925884724
0.0331363715231419
0.0076695163734257
0.0206137094646692
-0.0460001118481159
0.0047191963531077
0.0288677420467138
0.0240674614906311
0.0471526235342026
-0.0557313375174999
-0.0005225940258242
0.0307688768953085
0.0310976244509220
0.0439458526670933
0.0213355720043182
