-0.0736320018768311
-0.1105416342616081
-0.0015272123273462
-0.1011424064636230
-0.0230846777558327
-0.1412657052278519
-0.0690528079867363
0.1451168060302734
-0.0062568606808782
-0.0381145738065243
-0.1005653515458107
0.0663003250956535
-0.0822377651929855
0.0070753660984337
0.0211780704557896
0.0430479012429714
-0.0590415485203266
-0.1129862740635872
-0.0640038475394249
-0.0531444065272808
0.0030602733604610
0.1272705495357513
0.1124761328101158
0.0222324598580599
0.0499417111277580
-0.1232565119862556
-0.0233514402061701
-0.0465516000986099
0.0255890991538763
0.0346991233527660
0.0523571483790874
-0.0868431925773621
0.0122205158695579
0.1020188704133034
-0.0503840930759907
-0.0769276022911072
0.0295690223574638
0.0390395782887936
-0.0546659342944622
0.0165897384285927
0.0424205549061298
-0.0765863731503487
-0.0540290027856827
0.0545370467007160
-0.0227123089134693
-0.0326316617429256
0.0000723771954654
-0.1019005328416824
0.0366701148450375
0.1387590318918228
-0.1027920469641685
-0.0836184099316597
-0.1171536669135094
0.0001041434443323
-0.0070856618694961
-0.0084905270487070
-0.0044965804554522
-0.0031842037569731
-0.0493283793330193
-0.0502834618091583
-0.0379791595041752
0.0729826614260674
0.0961227193474770
0.0065830135717988
-0.0361371710896492
0.0248636864125729
-0.0351360775530338
0.0102883996441960
0.0077367369085550
0.0360623858869076
0.1187234595417976
0.0668791159987450
0.0101721771061420
0.0347571820020676
-0.0835858210921288
-0.0116032017394900
0.0022282544523478
0.0869910418987274
-0.0527876242995262
-0.1177795901894569
0.0430135987699032
-0.0811198428273201
-0.0679001733660698
0.1017081812024117
0.0586476400494576
-0.0017830657307059
0.0008256328292191
-0.1342757344245911
-0.0579643920063972
0.0704247057437897
-0.0183048266917467
0.0651237666606903
-0.0142122879624367
0.0185734853148460
0.0736108571290970
0.0600435808300972
-0.0264664199203253
-0.0552207194268703
-0.0321993231773376
-0.0411138087511063
-0.1103902161121368
-0.1172900348901749
0.0299526862800121
0.0620331689715385
0.0764655843377113
0.0112983696162701
0.0519493296742439
-0.0264810808002949
0.0085188392549753
-0.0028419904410839
-0.0903985649347305
-0.0396081395447254
0.0878487080335617
0.0016937435138971
0.0175010804086924
-0.0041087772697210
0.0583487451076508
-0.0121581004932523
0.0384427122771740
-0.0674364119768143
-0.0458417832851410
-0.0650636851787567
-0.0169293377548456
0.0517026074230671
0.0635948851704597
0.0190495196729898
0.0331108979880810
-0.0267730839550495
-0.0360221080482006
0.0028729746118188
-0.0496156848967075
-0.0393696054816246
0.0624368749558926
0.0746376514434814
-0.0410052239894867
0.0609640590846539
0.1048850044608116
-0.0007629546453245
-0.0267558842897415
-0.0214224215596914
0.0530697777867317
-0.0503363832831383
0.0103349098935723
0.0251763481646776
-0.0398321151733398
0.0712668076157570
-0.0022865119390190
-0.0891500487923622
-0.0763090997934341
-0.0777186676859856
0.1115971133112907
-0.0783256888389587
0.0465131103992462
0.0321856178343296
-0.0580286905169487
-0.0030393726192415
-0.0152594819664955
-0.0404009483754635
0.0862657278776169
0.0555840544402599
0.0854817330837250
-0.0495728962123394
0.0686954781413078
0.0029786645900458
-0.0459861941635609
0.1018046215176582
-0.0192930232733488
-0.0535186305642128
-0.0969878062605858
0.0361587516963482
0.0817241668701172
-0.0805089175701141
-0.0561506152153015
-0.0483182668685913
-0.0786571130156517
0.0440037138760090
0.0465458631515503
0.0119071509689093
0.0099187372252345
-0.0433186478912830
0.0003630266583059
-0.0807543545961380
-0.0023659339640290
-0.0601773671805859
-0.0326237641274929
-0.0323781445622444
0.0098221190273762
0.0383311621844769
0.0022116627078503
-0.0568183027207851
-0.0168131999671459
-0.0124091310426593
-0.0078768990933895
-0.0161380581557751
-0.0342843644320965
0.0489850528538227
-0.0592695735394955
-0.0644124299287796
0.0409911312162876
-0.0406330935657024
-0.0068985414691269
-0.0959464386105537
-0.0696126893162727
-0.1051227450370789
-0.0052784616127610
0.0648146495223045
0.0836768224835396
0.0982759073376656
-0.0324831567704678
-0.0395967066287994
-0.0398907996714115
-0.0069383177906275
0.0353247970342636
0.1395632475614548
-0.1287579983472824
-0.0619757473468781
-0.0079717338085175
-0.0068029165267944
-0.0972077473998070
0.0508904568850994
-0.1143397763371468
0.0016233858186752
-0.0922664850950241
0.1367843449115753
-0.0143910860642791
-0.0240908376872540
0.1439163088798523
-0.0726627558469772
-0.0916817784309387
0.0348319299519062
-0.0811425670981407
-0.0237093437463045
-0.0541376881301403
-0.0972448736429214
0.0205328669399023
-0.0357921198010445
-0.0433164909482002
0.0506037995219231
0.0582828596234322
0.0674253925681114
-0.1105191931128502
0.0621721670031548
-0.0308767706155777
-0.0257792957127094
-0.0030494395177811
-0.0463889576494694
-0.0980963259935379
-0.1005573347210884
0.0462132096290588
-0.0504878684878349
0.0039292378351092
0.0054757096804678
-0.0496914498507977
0.0069331238046288
-0.0429457053542137
-0.1012422144412994
-0.1114186048507690
-0.0717231258749962
-0.1351796388626099
-0.1152440980076790
-0.0210741404443979
-0.1287004798650742
0.0483098551630974
0.1526616066694260
-0.0294001754373312
-0.0076019046828151
-0.1306670904159546
0.0350029654800892
0.0940008908510208
0.1793146282434464
-0.0826454162597656
0.0453381687402725
-0.3605690300464630
0.0139636360108852
0.1090623661875725
-0.2187620699405670
0.0677646175026894
-0.0237983968108892
-0.0180108509957790
-0.1315311789512634
-0.0470520816743374
0.0374344848096371
-0.1506218910217285
-0.1597130149602890
0.0709591284394264
-0.0994220972061157
-0.1380775123834610
-0.0545959211885929
-0.0451259501278400
-0.1596579104661942
-0.2434302568435669
-0.0302580390125513
0.0826316401362419
-0.0408437028527260
-0.0764749348163605
-0.0935400426387787
0.0125448061153293
-0.0652290508151054
0.0787972658872604
-0.0197956468909979
-0.0447443537414074
-0.0316497609019279
0.1657771915197372
-0.2601100802421570
-0.1517999321222305
-0.0464654192328453
-0.0404963865876198
0.0416730903089046
0.0999824702739716
-0.1165064722299576
0.0885030180215836
-0.2683607339859009
0.1278208941221237
0.0389891378581524
-0.2105274945497513
0.1362860202789307
0.0533242970705032
0.3149205744266510
-0.0538499206304550
-0.0018233187729493
0.0573365129530430
0.0771699845790863
-0.0259376317262650
-0.0224036779254675
-0.0264645311981440
0.0734468102455139
0.1247456371784210
-0.0438241474330425
0.0704260617494583
0.0106138996779919
-0.0385360084474087
0.0192317608743906
0.0011678906157613
0.0221793260425329
-0.0136796031147242
-0.0026009406428784
0.0385665632784367
-0.0001689530326985
0.0094049107283354
0.0056959143839777
0.0639676302671432
-0.0696396604180336
0.0376170538365841
0.0292194541543722
0.0086576594039798
0.0364533625543118
-0.0007266405154951
0.0365635380148888
0.0269905738532543
0.0025595012120903
0.0014576344983652
0.0415416546165943
-0.0377329923212528
-0.0259941015392542
0.1019572988152504
0.0545130372047424
-0.0165530499070883
-0.0690520033240318
0.0140893179923296
-0.0361444838345051
-0.0120621267706156
0.0245649740099907
0.0330145917832851
0.0546000376343727
-0.0020104406867176
-0.0221499633044004
0.0210852790623903
0.0147994030267000
-0.0457683950662613
0.0559563226997852
0.0181050822138786
0.0392088592052460
0.0128742568194866
-0.0084670530632138
-0.0045396238565445
0.0177868679165840
-0.0003445612383075
0.0118991304188967
-0.0378861688077450
-0.0447458662092686
0.0246992018073797
0.0718812271952629
0.0511961244046688
-0.0211951360106468
0.0569392703473568
0.0150075284764171
-0.0844035297632217
0.0141968876123428
-0.0775858014822006
-0.0131096160039306
-0.0686755925416946
0.0272421650588512
-0.0020323486533016
0.0415210872888565
0.0080558918416500
-0.0016657710075378
-0.0051345024257898
-0.0526940375566483
-0.0724746957421303
0.0194280054420233
0.0446839444339275
0.0108795110136271
-0.0074945264495909
-0.0837455987930298
-0.0498303584754467
0.0303953643888235
0.0228138379752636
-0.0226844400167465
0.0119042834267020
-0.0485537350177765
-0.0481154620647430
0.0094965836033225
-0.0603293292224407
0.0980135798454285
0.0806458815932274
0.0334217548370361
-0.0249559916555882
-0.0213631205260754
0.0274073164910078
-0.0763157457113266
0.0349947735667229
-0.0103462180122733
-0.0060523035936058
-0.1196307241916656
-0.0363556221127510
-0.0226871985942125
0.0462955534458160
0.0365796163678169
-0.0634746029973030
-0.0032647531479597
0.0914814248681068
0.0266293808817863
-0.0007056423928589
0.0544969476759434
0.0510925948619843
-0.0475037619471550
0.0385278910398483
-0.0275364555418491
-0.0317840129137039
0.0025980523787439
0.1123364269733429
0.0258607510477304
0.0166252590715885
-0.0333028584718704
-0.0280795134603977
0.0082619152963161
0.0071430429816246
-0.0977180972695351
0.0192494634538889
-0.0095782354474068
-0.1283204257488251
0.0405466258525848
-0.0484114028513432
-0.0307610519230366
0.0423957817256451
0.0051855859346688
-0.0534448176622391
0.0583176165819168
0.0011451491154730
-0.0176481734961271
-0.0122297974303365
-0.0389466769993305
-0.0304835550487041
-0.0584223195910454
0.0091486154124141
0.0048184888437390
-0.0106602003797889
-0.0417497381567955
-0.0623394623398781
-0.0847673043608665
0.0219457149505615
0.0282757021486759
0.0022214693017304
-0.0683306083083153
-0.0439075008034706
-0.0197953432798386
0.1049994081258774
0.0290684923529625
-0.0842962339520454
0.0684485584497452
0.0555879436433315
0.0433100499212742
0.0556974411010742
0.0244224481284618
0.0575191155076027
-0.0028187818825245
-0.0134898563846946
0.0100962929427624
0.0156524870544672
-0.0428661368787289
0.0299338791519403
-0.0579334460198879
-0.0279583837836981
-0.0843467786908150
0.0594234317541122
-0.0005148376803845
-0.0776552259922028
-0.0423178970813751
0.0097600594162941
-0.0533584170043468
-0.0788500085473061
0.0388280749320984
-0.0390197411179543
0.0004072357842233
0.0021902318112552
0.0723901465535164
0.0131002450361848
0.0899796485900879
-0.0414591804146767
-0.0296089965850115
0.0500945374369621
-0.0145794814452529
-0.0241484232246876
-0.0025606269482523
0.0641629099845886
0.0562242455780506
0.0879992023110390
0.0243927333503962
0.0420236885547638
0.0344088822603226
-0.0237545631825924
0.0102579519152641
-0.0187859144061804
0.0289349295198917
0.0167797002941370
-0.0763186439871788
-0.0211252719163895
0.0050504608079791
0.1020491123199463
-0.0698656216263771
-0.0231854859739542
-0.0189816374331713
0.0487415082752705
0.0574864298105240
0.0198429636657238
0.0821453034877777
-0.0060038175433874
0.0065446593798697
-0.0486376807093620
-0.0254110358655453
-0.0271649062633514
-0.0172553583979607
0.0306399110704660
0.0515791922807693
-0.0448427088558674
0.0120796728879213
-0.0688415989279747
-0.0149964299052954
-0.0292623080313206
-0.0320671945810318
0.0324257798492908
-0.0539304763078690
-0.0059062102809548
-0.0257179494947195
-0.0175829995423555
-0.0079950680956244
-0.0267677344381809
0.0176852699369192
0.0177915189415216
0.0561360120773315
0.0116383871063590
0.0041372724808753
0.0370211713016033
-0.0425359532237053
0.0416616387665272
-0.0392229780554771
0.0209282208234072
-0.0197221580892801
0.0561756677925587
-0.0252322219312191
-0.0638589859008789
0.0564922243356705
0.0574135519564152
-0.0495763756334782
-0.0483210869133472
0.0064308815635741
-0.0055262949317694
-0.0022563950624317
0.0654814392328262
-0.0584454797208309
0.0050587831065059
-0.0011214717524126
-0.0134879620745778
0.0195459499955177
0.0780944749712944
0.0303482767194510
-0.0705515891313553
0.0416522696614265
0.0254753176122904
0.0090058390051126
0.0779296308755875
-0.0090323043987155
-0.0479077585041523
0.0122986221686006
-0.0237241853028536
-0.0795418992638588
0.0439145639538765
0.0368294753134251
-0.0149922715499997
-0.0702335238456726
0.0096269370988011
-0.0390554554760456
0.0156374741345644
0.0775485336780548
-0.0186826437711716
0.0259279087185860
-0.0185001324862242
-0.0094146057963371
0.0330338962376118
0.0450870841741562
-0.0119439177215099
0.0174095425754786
0.0110114896669984
-0.0278897788375616
-0.0369269698858261
0.0440714992582798
0.0127152781933546
0.0383471883833408
-0.0617346465587616
0.0505655072629452
-0.0507795661687851
-0.0324751697480679
-0.0036233942955732
0.0412812717258930
-0.0011882660910487
-0.0378611609339714
-0.0817439928650856
0.0242099221795797
0.0080090928822756
0.0458442755043507
0.0305154733359814
0.0074011157266796
0.0168393906205893
-0.0815268307924271
0.0467216596007347
0.0062301335856318
0.0457992814481258
0.0001812753180275
0.0175966862589121
-0.0192745290696621
0.0767463520169258
-0.0081530399620533
-0.0354823656380177
-0.0072674378752708
-0.1329917460680008
0.0572200790047646
-0.0430542752146721
-0.0555019602179527
-0.0042296284809709
0.0214362274855375
0.0272816587239504
0.0285665318369865
0.0272729247808456
-0.0007042189245112
-0.0206067245453596
0.0547659173607826
0.0080066872760653
-0.0195850878953934
-0.0862791538238525
-0.0151364514604211
0.0279977284371853
-0.0176822543144226
0.0866049602627754
0.0353023819625378
-0.0307870097458363
-0.0327003262937069
-0.0106187071651220
0.0148215442895889
0.0146445129066706
0.0364120639860630
-0.0349802374839783
-0.0066393623128533
-0.0177003461867571
-0.0618931800127029
0.0250305309891701
-0.0392321757972240
0.0138568859547377
0.1198573485016823
-0.0178593285381794
-0.0540824308991432
-0.1098705381155014
0.0120470738038421
0.0107224499806762
0.0150976013392210
0.0821177512407303
0.0172548424452543
-0.0495699308812618
0.0312016271054745
-0.0166679564863443
0.0574588589370251
0.0485874712467194
-0.0046970001421869
0.0613117478787899
0.0152803463861346
-0.0035532121546566
-0.0317461527884007
-0.0439063794910908
0.0118100466206670
0.0346809402108192
-0.0898165106773376
0.0124321393668652
-0.0257359817624092
0.0226241815835238
0.0088959047570825
-0.0071615381166339
-0.0480502396821976
-0.0631117746233940
-0.0391035117208958
-0.0671282187104225
0.0012469716602936
0.0736845135688782
0.0084462938830256
0.0060345702804625
-0.0052673281170428
0.0460815057158470
0.0676331520080566
0.0047613787464797
0.0155937923118472
0.0347285419702530
-0.0229550302028656
-0.0009325454011559
-0.0007188824238256
-0.0865525007247925
0.0493691153824329
-0.0702429190278053
-0.0369255878031254
-0.0041981344111264
0.0251137521117926
-0.0405316986143589
0.0072427988052368
0.0496875867247581
0.0048521631397307
0.0280722659081221
0.0078958952799439
0.0482528060674667
-0.0085613699629903
-0.0128196831792593
-0.0001229723566212
-0.0655422732234001
-0.0781428664922714
-0.0204572603106499
0.0769506394863129
0.0433080457150936
-0.0072603491134942
0.1153689473867416
-0.0004837829037569
0.0037621061783284
0.0270677581429482
0.0530824325978756
0.0055550807155669
-0.0091543281450868
0.0178497713059187
0.0596420317888260
-0.0650887489318848
-0.0425213053822517
-0.0177320316433907
-0.0334654301404953
0.0394639372825623
0.0189465899020433
-0.0374729633331299
-0.0454750992357731
-0.0036581221502274
-0.0853015556931496
0.0299154464155436
-0.0204711891710758
-0.0059202648699284
-0.0008688205853105
0.0123173538595438
-0.0385128520429134
-0.0689237043261528
-0.0741089209914207
-0.0469724573194981
-0.0695404931902885
-0.0664596408605576
-0.0868740677833557
-0.0232101157307625
-0.0315191559493542
-0.0261465515941381
-0.0208766721189022
0.0182073544710875
0.0622460842132568
-0.0386226177215576
0.0564075894653797
-0.0268111620098352
-0.0494594722986221
0.1022624149918556
-0.0462674610316753
0.0409478843212128
-0.0418443903326988
-0.0289923474192619
-0.0604795143008232
0.0423624031245708
-0.0024656248278916
-0.0453797392547131
-0.0493705123662949
0.0093275103718042
0.0529350452125072
0.1125903800129890
-0.0764732807874680
-0.0299492031335831
-0.1008132770657539
0.0163268931210041
-0.0018936463166028
0.0257553011178970
-0.0271798670291901
-0.0055124838836491
-0.0119944149628282
-0.0029402293730527
-0.0188926458358765
0.0790678635239601
-0.0169135723263025
0.0602700561285019
-0.0046293693594635
0.0135751944035292
0.0248811990022659
-0.0475440174341202
-0.0893527343869209
-0.0169926434755325
0.0009745613206178
-0.0035752400290221
-0.0004813448176719
-0.0694426447153091
0.0088384160771966
-0.0042531318031251
-0.0040676658973098
0.0434428863227367
0.0021406856831163
0.0055302791297436
0.0051292353309691
0.0041544204577804
0.0091505479067564
-0.0228563938289881
