0.01050731
0.01200705
-0.03296639
0.00771610
0.01874032
-0.01252941
-0.01501441
-0.03585467
0.01531163
-0.00138030
0.01858368
-0.00510085
-0.01063944
-0.06677544
-0.04981683
-0.00002975
0.00137409
-0.05565346
-0.00623238
0.03528495
0.02734353
-0.00020780
0.02438424
-0.01146632
-0.00405869
-0.01216225
0.00287568
0.04107479
-0.01947619
0.00987595
-0.05686761
-0.03040383
0.01823267
-0.00765658
-0.04822947
0.02345517
-0.00016482
-0.00627719
-0.02301694
0.00218975
0.02761902
0.00156571
-0.00042375
-0.04780446
-0.00227373
0.02475725
-0.03741952
0.00246675
-0.00361057
0.03776903
0.02271899
0.06973936
-0.05155358
0.00358858
0.00536619
0.00475583
0.00814696
0.00225338
0.42480209
0.05146661
-0.04399521
-0.01354034
-0.03076314
0.02904687
0.02166251
-0.06186623
0.02305353
-0.00136631
0.04503410
0.00309598
0.02145776
-0.00143289
-0.00893598
0.01069335
0.00746837
-0.03607628
-0.03298643
-0.02125302
0.02795389
-0.09258348
0.01846159
-0.01498548
0.02509329
0.01477706
-0.08045772
-0.01835313
-0.01896677
0.00479797
0.04362680
0.00828076
-0.00757895
-0.07515283
0.11849768
0.01165189
-0.00371963
0.02384134
-0.00079196
-0.06187477
0.01613855
0.01395894
0.02233023
-0.05884548
-0.02154366
0.03149381
0.01024491
0.01368897
-0.01148329
0.02752089
0.00533663
-0.04943477
0.04305065
0.03240415
-0.00596783
0.01752918
-0.01343527
-0.00072081
0.01671431
-0.01584372
0.03568654
0.02765913
0.00977376
0.02209779
0.00317011
-0.01249294
0.00517217
0.00358333
0.04043664
-0.05974726
-0.01919987
-0.01380271
0.00850458
0.01667919
0.02300038
-0.01375154
-0.03835286
0.01867836
0.00695524
0.02664009
-0.10989203
0.01768082
0.07705712
-0.01061555
-0.00154150
0.02618058
-0.00222972
-0.08938587
-0.01972296
0.01448658
0.00058668
-0.02443637
0.04081612
0.04675879
-0.02794663
-0.00969227
0.02319136
-0.01685989
0.00013305
-0.00645968
0.00543429
0.01454469
0.01595686
0.05829741
0.03406129
-0.00646070
-0.02820515
0.00546707
0.05576717
-0.02112795
0.00876028
0.02041416
-0.01250466
0.01000160
0.03904246
-0.03853974
0.06074499
0.02858811
0.01628054
-0.01339491
0.03425155
0.00489752
-0.00793915
0.01517235
-0.02164609
-0.01549735
0.01670069
-0.14290474
0.11302033
0.02546074
-0.01423142
0.00215945
-0.01164787
0.00115707
-0.03813956
0.01928402
-0.01444507
0.01180480
-0.02822827
0.02746925
0.00514999
-0.04200564
0.06531645
0.03195848
0.01190729
-0.01343924
0.03038971
-0.07877880
0.01953338
-0.02381619
-0.03856677
0.02330575
0.01134488
0.01497013
0.01008900
-0.02171358
-0.00781400
0.01738536
-0.03860842
0.04224429
0.00101403
0.01922030
0.00102745
-0.74366128
0.02330260
-0.03363919
-0.01492671
-0.02247421
0.01444431
-0.02662395
-0.00075488
-0.00566634
-0.00891962
0.03869934
-0.02871742
0.00622752
-0.02634906
0.00273532
0.01951186
-0.01744035
-0.02371492
0.00716261
0.01240862
-0.00719472
0.01385079
-0.08023769
0.01495046
-0.04690624
0.01102859
0.01128003
-0.00358714
0.00689535
-0.04815471
0.03375547
0.03606318
-0.00604644
0.00260760
0.02279404
0.13729934
-0.05577617
-0.06052189
0.09801020
0.07244357
0.00883279
0.07549459
-0.09075540
-0.01067168
-0.03885389
0.19699416
0.11773095
0.03228337
-0.06576685
-0.02149448
-0.00956433
0.06466660
0.02630361
-0.03135598
-0.01151202
0.03555951
0.02391271
-0.11268649
0.12001598
0.01977111
-0.07769364
0.04031883
-0.07644948
-0.07433228
-0.00648953
0.18055896
-0.03488472
-0.00150071
-0.02262716
0.07783658
-0.00434433
0.00743139
0.10727006
-0.07554131
0.01554476
-0.17394741
0.04302835
-0.08805166
-0.06222924
0.03954861
-0.04236598
0.76908714
-0.12644435
0.00856637
-0.19369920
0.08891348
0.09476896
0.11146568
0.05816876
-0.03755328
-0.04359342
0.14604539
-0.01038212
-0.06863303
-0.02900169
-0.11068495
-0.04252525
-0.06043003
-0.01034287
-0.01464071
-0.01283411
0.01680423
-0.07062616
0.08822955
0.03087871
0.04151706
0.01523390
-0.01686475
0.00432147
-0.04542482
0.03646588
0.00201948
0.01495376
0.05785124
0.01990515
0.01003225
0.00916415
0.04082713
0.01146267
0.01790065
-0.03250634
-0.03509703
-0.01588502
0.07425299
-0.01370363
0.01820502
-0.04238208
0.01165773
-0.02940642
0.02712742
0.08387855
-0.02022844
-0.01956388
0.00521408
0.06874184
-0.00804863
0.04632832
0.14170818
-0.01210946
-0.05287477
0.01617744
0.00263018
0.00591014
-0.01186879
0.00165853
0.02260880
-0.03969476
-0.01549071
-0.04683262
0.00106228
0.05126141
0.02245417
-0.03062239
0.05410526
-0.04253779
0.05248713
-0.03480518
-0.00818153
-0.02704915
-0.03924027
0.02416318
0.01522899
0.03784724
0.02402020
0.03957215
-0.00312826
0.01731583
-0.03292834
0.00268566
-0.01149403
0.01319749
0.02950168
0.06375097
-0.04724948
-0.02855863
-0.06228546
-0.02109462
0.04603533
0.01087678
-0.03610204
-0.07131496
-0.01284594
-0.03552783
0.04562831
0.02156975
0.06039398
0.00182228
0.04952206
-0.01890867
-0.10129172
-0.02251957
0.05137492
-0.01139066
0.01733770
0.03619276
-0.03581631
-0.06486166
0.03134931
-0.04557993
-0.02583540
-0.01809278
-0.05505193
-0.05162235
-0.00288207
-0.00061555
0.02166553
0.07235223
0.00835840
0.00989993
-0.05963589
0.01396496
0.01175405
0.02541066
-0.00092528
-0.01134735
0.00636823
-0.03398479
-0.00903937
-0.01967472
0.01914053
-0.02697244
-0.01812690
-0.06308339
-0.16196297
-0.01576997
0.05529779
-0.09913328
0.05126013
0.00686847
-0.02389114
-0.01837190
0.03939972
0.00130452
0.02969390
0.01694712
-0.00887123
-0.02243198
-0.04465400
0.01695525
0.06988171
0.05018810
-0.02753562
-0.01866599
0.03317750
0.06399761
-0.01038103
-0.00295876
-0.01132037
-0.00066627
-0.04702548
-0.05287982
0.02100471
-0.00427122
-0.09058902
-0.03805533
0.01533118
-0.04194666
0.02013986
-0.01182839
0.00535254
-0.01675267
-0.01285478
-0.02011872
-0.01211663
-0.02567986
-0.02046306
-0.03756550
-0.05763892
-0.01521435
0.05369219
-0.09579304
-0.01048554
0.06458263
-0.04447920
0.00183447
-0.07723843
0.03457279
0.11424603
-0.00661930
-0.04349404
0.00051021
-0.03573635
0.07828569
-0.00332305
-0.00473360
-0.02342448
-0.06867415
0.04030856
-0.07456692
0.02749520
-0.02239718
-0.06947815
0.10123987
-0.05293726
-0.01874180
-0.03314130
0.00197867
0.00995439
0.02567749
0.03765111
-0.02662081
-0.01433458
-0.01547887
0.01576097
-0.11360528
0.03254190
-0.01817332
0.00583015
-0.03147788
0.03943971
0.02296399
-0.05800525
-0.02637600
0.16760489
-0.04078048
-0.02552209
-0.04695431
-0.02759911
-0.01122340
-0.01471500
-0.02642299
-0.02826210
0.04181958
-0.05043355
0.09603769
0.00509999
-0.07576421
0.02224746
-0.00647740
0.03170100
0.01460117
-0.00090092
-0.07232063
-0.03498215
-0.02548248
0.06999323
-0.02212683
-0.06540701
-0.03061651
-0.08757346
-0.03492565
-0.01127388
0.04496756
-0.01566634
0.01816764
0.04057546
0.03602477
0.01774741
0.03215898
0.00242869
0.02086807
-0.01530454
0.00318126
0.00370846
-0.02995449
0.00457646
-0.01240880
0.00885023
0.05995062
-0.08856910
0.05184586
0.00913180
-0.03540457
0.04301928
-0.02742160
0.02291897
0.01841008
-0.02816421
-0.00432334
0.03999868
-0.00431907
-0.01948729
0.02403299
-0.06519685
0.03711544
0.06717554
-0.03038936
-0.00192689
0.02491151
-0.03983239
0.00758703
-0.01150010
0.04483578
-0.03232719
0.02379715
-0.04686217
0.02616671
-0.01015804
-0.00976807
0.00188551
-0.00909398
0.00441413
-0.03231397
-0.09625698
0.03446604
0.11646087
-0.01007235
0.00370441
-0.03177155
-0.00544571
0.05711857
0.04771070
-0.00980246
-0.04109927
0.01288518
-0.00630819
0.00985280
0.05600512
0.05481865
-0.07809627
-0.02696269
-0.04479695
-0.03351855
-0.11562347
0.08089586
-0.01204670
0.04488887
-0.04939198
0.02458275
-0.12404647
-0.03544827
0.00988797
-0.06269983
-0.05980928
-0.01077798
-0.07522864
0.02203661
0.15240519
-0.03063586
-0.02740130
0.01891683
0.03068128
0.00333689
0.02374833
-0.04059734
0.01946624
-0.03459317
0.04499900
0.01763379
-0.00807611
0.02468069
-0.03871464
-0.05982519
0.01170437
0.01060147
-0.00376142
0.03631455
0.01742475
-0.05356931
0.00040061
-0.02243500
-0.07076154
-0.00107580
0.02167872
0.01306550
0.01696509
0.00161260
0.01339467
0.02169632
0.03612559
-0.02981741
0.01172542
0.06031443
0.05937410
-0.04731844
-0.01814137
0.00835557
-0.00140076
0.05666326
0.03185333
0.02722172
-0.00663842
0.00353341
0.02698776
0.02271244
-0.03302925
0.06556663
0.01661749
-0.03888633
0.06153583
0.03603819
0.06853990
-0.01892269
-0.02428430
0.07623951
-0.02173334
-0.04769366
-0.16963200
0.03367146
-0.08424871
-0.01545511
0.03487832
0.01086853
-0.01147437
0.03299660
-0.00594487
-0.16039841
0.16326486
0.03088389
-0.04812811
-0.08738586
0.00051431
0.03405328
-0.01121419
-0.09548204
0.00125378
0.03575540
-0.01879724
-0.01062345
-0.01195570
-0.03842197
-0.04027642
-0.00506059
0.00573217
-0.02087963
-0.02097077
0.02850657
0.02369290
-0.01034210
0.03717342
0.00530841
0.00283950
-0.01725038
-0.05273626
0.09133199
0.07747306
-0.02548302
-0.10662492
-0.00949265
0.01178481
0.04877311
-0.01694813
-0.03753263
0.01312738
0.06068713
0.02519288
-0.02109140
0.00716965
0.05238017
-0.02101224
-0.03041788
-0.03374536
-0.00197260
-0.04453417
-0.07528552
-0.01745404
0.00696203
-0.01289918
-0.00244766
0.00142164
0.01762022
0.05549857
0.04354836
0.07261790
-0.02278268
-0.02603862
0.00647075
-0.02225003
0.01957452
0.00989772
0.01656633
-0.05166489
0.02340755
-0.02389636
0.03207352
-0.02130669
-0.00582538
0.07891638
-0.01252815
-0.02941344
-0.05409463
-0.01340913
0.01210316
0.02573526
-0.05722304
0.05974015
0.02169605
-0.02056195
0.00959734
0.03173665
-0.14042751
-0.02069912
-0.05382434
0.00954999
0.00584228
-0.07066663
-0.01121567
-0.00540619
-0.01255775
-0.02816499
-0.04287728
-0.06400391
-0.04509455
0.02100935
0.01919502
-0.03359175
-0.04299843
0.04234095
0.04539559
0.04403527
0.03542553
-0.07199015
0.00748427
-0.06025015
-0.00306991
-0.03832790
0.05853648
0.08284604
0.00553478
0.08338267
-0.04190661
