0.00743194
-0.02243547
-0.01942904
-0.05618452
0.00802481
-0.01024801
-0.00801503
-0.02842563
-0.04270336
0.00882036
0.00171528
0.01211412
0.02146837
-0.05918936
-0.06154932
-0.04018242
0.00494085
-0.02999002
0.05975068
0.03299044
0.01052445
0.05500111
-0.03647542
-0.00006839
-0.01093811
-0.00301183
0.03063544
0.04799318
-0.03488227
0.02894822
-0.02828275
-0.01030528
-0.00047159
-0.01806595
-0.02700877
0.05582569
0.01398697
0.02007003
0.00148176
-0.04081757
-0.02923095
-0.00823507
-0.04873116
-0.04352346
-0.00955786
0.01103483
-0.07032476
0.02666654
0.02157745
0.01610358
0.01939921
-0.02214669
-0.01512586
-0.00247722
-0.03691486
-0.01214336
-0.00552961
-0.02423445
0.41319591
0.02826254
-0.02103292
0.03462019
0.00680520
-0.02379030
0.00233366
-0.00973950
0.01102346
-0.00708945
0.03704551
0.05676312
0.02513680
-0.01889560
0.00219975
0.01350408
-0.00127746
-0.01817272
-0.08901706
-0.02949759
0.03553782
-0.00710236
-0.02068589
0.00194850
0.00460946
0.06685131
0.01200359
0.01403827
0.00594677
0.00446409
0.05758792
0.00237838
0.02428159
-0.01396761
0.03871545
0.03484498
-0.03506583
0.00571636
0.01438240
-0.02731777
0.04388032
-0.00594194
-0.01285307
-0.04887664
-0.03055578
0.01621346
0.01026595
0.00527142
0.00661903
0.02134252
0.01963760
-0.04123709
0.02593206
0.03510643
0.01154330
0.00313175
0.00240169
-0.00013044
0.01065088
-0.02082794
0.02702548
0.00541209
0.00335469
-0.02040589
0.02199108
-0.01071204
0.03310118
0.04050456
0.00039860
-0.00437632
-0.00045294
0.03537042
0.02316108
-0.01196377
-0.03725309
0.00196489
-0.01782980
0.03991734
-0.01129241
0.04628377
-0.08485200
0.02058768
0.00205873
-0.01521470
-0.03626265
0.02531541
-0.04495597
0.04319248
-0.04191589
-0.00615175
-0.01354123
-0.03194866
0.03718302
0.03554828
-0.04385469
0.01910122
0.03771993
-0.01338779
0.02483949
0.01076181
-0.03910908
0.02797199
0.00424036
-0.03630128
0.01413125
0.03006975
-0.02116298
0.06353447
0.01419413
-0.02508045
0.01943833
0.05401842
0.01976832
0.00525668
0.01757882
-0.01983955
0.06793554
0.03561526
0.04735526
-0.02557687
-0.02146996
0.00752889
-0.04122125
-0.03321853
-0.00673962
0.03799225
0.01940806
-0.05148874
0.01281327
-0.02695730
0.00242509
0.04584482
0.03781294
0.05402270
-0.01257291
-0.01488698
-0.03616004
0.03072262
0.04083340
0.03663797
0.01559511
-0.04454652
0.05882047
0.02130702
0.02838941
-0.00272690
0.02003947
-0.07032428
-0.00230369
-0.01776115
0.00243140
-0.07399612
-0.01460683
0.00362543
0.00103799
0.01966404
0.00714913
-0.01112817
0.00624401
0.08368085
-0.02001559
0.02754181
-0.00139946
-0.77713877
0.02728084
-0.05980660
-0.01213194
-0.01790893
0.03199842
-0.05188076
0.02886662
0.00200315
-0.02844068
-0.04178277
0.00910973
0.00218186
-0.00035443
-0.00076328
0.00038165
-0.00490491
0.00058790
-0.00458321
0.01087220
0.02005227
0.00484064
-0.04170338
0.01234683
0.00792237
0.03912263
0.00819888
0.00500889
-0.01341192
-0.00510239
0.00631316
0.03110440
0.01506766
-0.01973393
-0.02894050
-0.07866515
0.01323264
-0.04804474
0.09989373
-0.05053125
-0.12542862
0.11627766
0.01653215
0.04179576
-0.01825438
0.08274245
0.05304122
0.03562512
0.11872184
-0.14372355
-0.01933356
-0.09436347
0.00868323
-0.04612048
-0.07336671
-0.01973316
0.03275293
-0.26659292
0.12384793
0.10658740
-0.05559661
-0.06534473
-0.04849291
-0.11628512
-0.01928216
0.13038981
-0.01393528
-0.08046433
0.11621198
0.09214143
0.17297001
0.04284661
-0.07179046
-0.00193240
0.08344584
-0.03750087
0.05624795
0.01103150
-0.08873923
0.05609685
0.06892496
0.73136121
-0.11523310
0.10122652
0.07320242
0.01558726
-0.03198914
0.02660169
0.11003824
-0.05982729
-0.11522530
0.07454337
0.03718031
-0.04136499
0.03963876
-0.13090371
0.16702113
0.01262649
0.04095723
-0.03129159
-0.03947354
0.00995914
-0.04046600
0.02143586
0.04117518
-0.03874323
0.01600947
0.01383787
0.01275637
-0.10677779
0.00779231
-0.00156050
0.05172456
0.07897962
0.06790937
0.00255145
0.02868122
0.06162671
-0.01345064
0.00323750
-0.01975721
-0.01948292
0.00592521
0.06262937
-0.00841809
0.00776321
-0.05575522
0.03714031
-0.00563159
-0.06498849
0.09442656
-0.04547370
-0.01521308
-0.05050814
0.09489022
-0.04698397
0.04474936
0.12596594
0.04625016
-0.04059331
0.02094409
-0.00565762
0.02920251
0.00097866
0.01586960
-0.00014374
0.02481984
-0.03726104
-0.03246551
-0.02013499
-0.01147723
0.03328075
-0.02935147
0.01345288
-0.02206108
0.06044143
0.01529569
0.06933069
-0.04326362
-0.01809482
0.02067427
0.01448007
-0.02867915
0.04663748
-0.08848760
-0.02958414
-0.00411097
-0.01801554
-0.00414169
-0.01407132
0.04789631
0.07864352
0.07752816
-0.03287377
-0.04470323
0.00347783
-0.01470184
0.01321206
0.00952580
-0.00726704
-0.03056566
-0.00666511
-0.03009373
-0.01157978
-0.02629801
0.05041554
0.01000753
0.11383399
-0.00797104
-0.07054621
-0.02627263
0.06706766
-0.06261238
0.00703134
0.02932342
-0.00057789
-0.03619373
-0.02102126
-0.06117662
-0.04161086
-0.06339951
-0.00645942
-0.01679855
-0.07775257
-0.00500311
0.02385504
0.05407321
-0.01065776
-0.02553478
-0.05934495
-0.01634266
-0.01110893
0.01194254
0.01934399
0.00858344
0.03608184
0.07887588
0.04377504
-0.00791257
-0.01374335
-0.03835793
0.03595515
-0.08013516
-0.08965053
0.00905778
0.05128615
-0.04485667
0.01369873
-0.00021680
0.00740154
0.00751767
0.03817372
-0.00165112
0.06459919
0.04926637
0.01434539
-0.00614470
-0.02253271
0.02866107
0.00755089
0.07073095
-0.05069438
0.06194445
0.03351857
0.07132508
0.01570677
-0.02901972
-0.05123535
0.00542916
-0.06273276
-0.00408108
0.02827885
0.02025650
-0.05688685
-0.00556358
0.01403800
0.01904330
0.00852132
-0.06849844
0.02289038
-0.01740706
-0.06479181
-0.02858122
-0.03266444
-0.04198285
-0.01378521
-0.03880953
-0.04820941
-0.03632693
0.06021163
-0.11023563
-0.01859623
0.06339327
-0.04227591
-0.06045952
-0.10396613
0.03601707
0.09406520
-0.02096388
-0.00143252
0.04137921
-0.03208033
0.09427306
-0.04316266
-0.03273307
0.03706117
-0.02602416
0.05556032
-0.08234897
0.02766506
0.03885501
-0.03421273
0.05317704
-0.03178747
-0.01310089
0.00210141
0.06150359
-0.04403324
-0.00280559
0.03589872
-0.06329679
-0.00088142
-0.00513151
0.01645494
-0.05944176
-0.00117391
-0.00172178
-0.01796845
0.03684196
0.01540444
-0.01604614
0.02163395
-0.04899046
0.11788912
-0.02220273
-0.05579462
0.00338206
-0.01252890
-0.00264494
0.01547872
-0.00450312
-0.08152049
0.04792661
-0.03715663
0.04907944
0.02976790
-0.02232792
0.06784709
0.03034973
0.07558905
0.00160029
0.07308805
-0.01972670
0.00803650
-0.06378195
-0.00468949
-0.04062365
-0.05859915
-0.00686624
-0.07903001
-0.02291374
-0.03790362
0.01215275
-0.03176304
-0.03107692
0.08657056
0.10169097
-0.03936849
-0.05376976
-0.01979964
0.02463516
-0.02464087
-0.05188173
0.01816693
-0.05246955
0.02243339
0.03542558
-0.04944708
0.03540148
-0.04814811
0.00242460
-0.03137184
-0.00618495
0.04999248
-0.03216967
0.05067024
0.00130347
-0.02478573
-0.04193531
-0.01950931
0.05157337
-0.02451815
0.00691574
-0.02742383
0.04745235
0.04901529
0.06439023
0.02380784
0.03416362
-0.06323154
-0.02590450
0.04608035
0.05011554
-0.01476442
0.01399762
-0.03794343
0.06297942
-0.04164773
-0.01862556
-0.00172927
-0.00848361
0.01536231
-0.02231672
0.01551043
0.00968900
0.14320424
0.05605575
-0.00697752
0.01979562
-0.02138798
-0.01562897
0.09742019
0.00374950
0.00913739
-0.06833807
0.03396218
0.02247223
0.02755335
0.05589500
-0.03182105
0.02164935
-0.00506829
-0.03819048
-0.03957938
0.03143937
-0.06160371
0.09360123
-0.03926762
0.02728136
-0.09722254
-0.02108668
-0.04998310
-0.04863115
-0.03898445
0.00402816
-0.05185436
0.05246630
0.04425557
-0.00001578
-0.05987896
-0.01865241
0.05044692
-0.02550147
0.00417798
-0.02707331
0.07216278
-0.05140815
-0.00010391
0.04755603
0.02808053
0.06914499
0.00232412
-0.01562724
-0.07261615
0.03426424
-0.00683107
-0.02576564
-0.01038734
-0.02325095
0.04583411
-0.02920688
-0.06825790
-0.04046773
0.02483004
-0.00694789
0.02462450
-0.04863053
0.00147213
0.04018309
0.00456812
0.04559752
0.01219396
0.02827675
0.04832637
-0.00797763
-0.07244009
0.02475102
0.03617080
-0.00183224
-0.03372758
0.01854642
0.04969510
-0.03642057
0.01293700
0.01073190
0.01816963
-0.00380297
0.07894221
0.02166202
-0.00736914
0.05168213
0.00752926
-0.03631107
-0.03433618
0.08735254
-0.06784380
0.00783415
-0.17395687
-0.03317740
-0.07339042
-0.04050072
0.01033265
-0.02330030
0.02842908
0.04756941
-0.04248954
-0.13126668
0.14706667
0.00314229
-0.05391273
-0.09763096
-0.02677565
-0.01583526
-0.01814494
-0.03566102
-0.00521801
-0.03883087
-0.01118483
-0.01015027
0.02194897
0.01024437
-0.01099909
-0.03713496
-0.03379149
-0.04467874
-0.05379245
0.03311453
-0.03591709
-0.04035308
0.02808673
-0.06020493
-0.02143047
-0.00229847
-0.07739038
0.09070337
0.00346791
-0.04202338
-0.11557061
0.00876001
0.00060437
0.01809664
-0.02694167
-0.02193055
0.03655070
0.02277784
0.03119314
0.01750943
-0.05190519
0.04406742
-0.03083314
-0.02831444
-0.02867526
-0.04051344
-0.02405475
-0.03110834
-0.00221493
-0.02895475
-0.02162054
-0.03975375
-0.00763169
0.00926880
0.03205324
0.03635950
0.07076091
-0.00324168
0.04193348
-0.04212892
0.05847506
0.00308232
0.02920252
0.06807481
0.04759569
0.05677408
-0.04106950
0.02551906
0.04605609
0.01704030
0.04316977
0.04087105
-0.02199188
-0.03747870
-0.02281063
-0.04392195
0.04925615
-0.03323422
0.06982361
-0.04527047
-0.01438761
0.03453074
0.03083824
-0.12919809
-0.00941695
-0.07925589
-0.00437677
-0.01187903
-0.05091416
-0.03329495
-0.02389245
-0.01475178
-0.02043546
-0.02334221
-0.00343080
-0.02048877
-0.07205640
-0.07728934
0.01306386
-0.00011878
0.03455171
0.00914980
-0.04077899
-0.02747111
-0.08326896
0.04362528
-0.03171667
0.03837738
0.01422733
-0.00540951
0.05029740
-0.02590126
0.01166631
0.00500188
