-0.0286648981273174
0.0003845614264719
0.0288011077791452
0.0506534911692142
-0.0779627710580826
-0.0239920057356358
0.0493425093591213
0.0451334714889526
0.0822090506553650
0.0079481955617666
-0.0753496885299683
0.0796786621212959
-0.0064660469070077
-0.0490083172917366
-0.0472353510558605
-0.0161382015794516
0.0233838241547346
0.0527479089796543
0.0320340059697628
-0.0412504225969315
0.1155121773481369
0.0502465851604939
0.1200246959924698
0.0855141431093216
-0.0808104127645493
-0.0395368039608002
0.0360731706023216
0.0324648506939411
-0.0469767637550831
0.0605750717222691
0.0616015419363976
0.0274770986288786
0.0581457689404488
0.0846632346510887
0.0683566108345985
0.0234963241964579
0.1429364383220673
-0.0539290718734264
-0.0072715287096798
-0.0002853564801626
-0.0464269891381264
-0.0296303089708090
0.1031119748950005
-0.0700772926211357
0.0584715530276299
-0.0149519899860024
-0.0490817166864872
0.0511027723550797
0.0187073945999146
0.0581183694303036
-0.0595060847699642
0.0134879499673843
0.0361732244491577
-0.1185465157032013
0.1125201284885406
-0.0335952863097191
-0.0360764861106873
0.0119437007233500
0.0635746568441391
-0.0179756712168455
0.0554193072021008
-0.0355671718716621
-0.0673046484589577
-0.0813104510307312
0.0585496723651886
-0.0656945705413818
-0.0129364244639874
0.0022293531801552
0.0761754810810089
-0.0218965727835894
0.0333778299391270
0.0007234149961732
0.0168392360210419
0.0679172202944756
0.0460090041160583
-0.0042546493932605
-0.0922548696398735
0.0957666337490082
-0.0500100106000900
-0.0810446366667747
-0.0442649163305759
-0.0522988848388195
0.0477491654455662
0.0211056508123875
0.0907124653458595
-0.0806905478239059
0.1005848944187164
0.0572128929197788
-0.0007524287211709
0.0372835509479046
0.0021562327165157
-0.0064262454397976
-0.0493307709693909
-0.0605730600655079
0.0778755992650986
-0.0266694854944944
0.1517868340015411
0.0353645458817482
-0.1027397885918617
0.0170422103255987
-0.0991107523441315
-0.0387709029018879
0.0408260077238083
0.0609933398663998
-0.0465779639780521
-0.0915808230638504
-0.0125698577612638
-0.1136359721422195
0.0765051394701004
0.0627592727541924
-0.0635014697909355
0.0380638465285301
-0.0004749775107484
0.0438783839344978
0.0074213766492903
0.0368028543889523
0.0173809044063091
-0.0692643150687218
-0.0383428670465946
0.0206601060926914
0.0799893960356712
0.0463144518435001
0.0497520454227924
-0.0094903120771050
-0.0730939731001854
-0.0750609934329987
0.0166179575026035
-0.0895105898380280
-0.0950233042240143
0.1272104978561401
0.1195765361189842
0.0354664996266365
0.0311672110110521
0.0146087612956762
0.0080768363550305
-0.0596269555389881
-0.0695930719375610
0.0296444110572338
-0.0849756374955177
0.0647296234965324
-0.0371941030025482
0.0661510527133942
-0.0975897982716560
0.0599291734397411
-0.0244755782186985
-0.1285933852195740
0.0443846359848976
-0.0589619204401970
0.0278022587299347
0.0218723230063915
0.1127635911107063
-0.1140201017260551
-0.0374826453626156
0.0125608686357737
0.0079174684360623
0.0697505548596382
-0.0411212816834450
0.1052090898156166
-0.0676494166254997
0.0451940447092056
0.0404589809477329
-0.0281882639974356
0.0877090021967888
-0.1107185482978821
0.0545819886028767
0.0440300852060318
0.0522974207997322
0.0141746914014220
-0.0943143814802170
0.0638948455452919
-0.0370904728770256
-0.0666442289948463
0.0062240683473647
-0.0080298483371735
-0.0816539004445076
-0.0438124798238277
0.0444007590413094
-0.0024786950089037
-0.0231110602617264
-0.0972921922802925
-0.0758260935544968
0.0641696080565453
0.0732503011822701
0.0116305677220225
-0.0641336441040039
0.0947197526693344
-0.0650983303785324
-0.0095563260838389
0.0931678041815758
-0.0696585699915886
0.0807090103626251
-0.0060645532794297
0.0517070405185223
-0.0728917494416237
-0.0079227527603507
0.0124357994645834
0.1439917683601379
0.0082758292555809
-0.0331512466073036
0.0038178041577339
0.0655844807624817
0.0157608836889267
0.0165811106562614
-0.0703309252858162
0.0698821619153023
-0.0612704344093800
0.0774941891431808
-0.0123616857454181
-0.0743122249841690
0.0512070059776306
0.0215458869934082
0.0815133899450302
-0.0360431373119354
0.0790879502892494
-0.0497842431068420
-0.0451444946229458
0.0081864409148693
0.0789902210235596
0.0058800918050110
0.0981978103518486
-0.0286959093064070
-0.0632521510124207
-0.0571842640638351
0.0697595924139023
0.1355247348546982
0.0594005025923252
0.0676444545388222
0.0035915337502956
-0.0572794005274773
0.1240250319242477
0.0527463667094707
-0.0061022215522826
0.0530301406979561
-0.0227825213223696
-0.0972867757081985
-0.0036116368137300
-0.0051387641578913
-0.0888828784227371
-0.0363840721547604
-0.0837667509913445
-0.0562073551118374
-0.0176135487854481
0.1109403520822525
0.0821099504828453
0.0258530844002962
0.0559739097952843
-0.0590714290738106
-0.0810464024543762
-0.0824631229043007
-0.0053684585727751
-0.1011434793472290
0.0407529547810555
-0.0217632222920656
-0.0772797092795372
0.0823189541697502
-0.0759171396493912
-0.1054983064532280
-0.1025304645299911
-0.0460927411913872
-0.1296954751014709
-0.0108907334506512
-0.1425750851631165
0.0421771779656410
0.0759190022945404
-0.0054649761877954
0.0520584098994732
-0.1219849959015846
0.1140228286385536
0.0324406772851944
0.1108625009655952
0.0525243654847145
0.0242595747113228
-0.2695754170417786
-0.0853872969746590
0.0619740150868893
-0.2540652453899384
-0.0431627407670021
-0.0630284920334816
0.0080513395369053
-0.0742594003677368
0.0453909821808338
-0.0641447007656097
-0.2017563730478287
-0.1525368392467499
0.0968982353806496
-0.0692123398184776
-0.0787902697920799
-0.1045215353369713
-0.0058192298747599
-0.1562141776084900
-0.1924040019512177
-0.1006416976451874
0.1463111340999603
0.0232943408191204
-0.0516580641269684
-0.1677600294351578
-0.1455490142107010
-0.0989134684205055
0.0468979105353355
-0.1434318274259567
-0.1608638614416122
0.1002149134874344
0.2738712430000305
-0.1873211711645126
-0.0299752224236727
0.0949391424655914
-0.0373865552246571
0.1208088770508766
0.0985358804464340
-0.2199466526508331
0.0779852643609047
-0.2775777876377106
0.1156310588121414
0.0537581406533718
-0.1632989943027496
0.1121869012713432
0.0570187270641327
0.2608213126659393
-0.0316940136253834
-0.0621698126196861
0.0033284630626440
0.0107370223850012
0.0375230386853218
-0.0400075465440750
-0.0690767019987106
-0.0302128754556179
-0.0391951166093349
-0.0319365374743938
-0.0226980112493038
-0.0673329755663872
-0.0270938482135534
0.0319457426667213
0.0000804971059551
0.0426939465105534
-0.0242019500583410
-0.0164440646767616
-0.0757450386881828
0.0459053851664066
-0.0178954806178808
0.0386991202831268
-0.0288227424025536
0.0151174915954471
-0.0550826787948608
0.0430811233818531
-0.0667460188269615
0.0427408516407013
0.0253564678132534
-0.0864131823182106
0.0119587704539299
0.0205693468451500
0.0156360212713480
-0.0681405737996101
0.0017578570405021
-0.0526144318282604
0.0497733242809772
-0.0217423401772976
-0.0820358842611313
-0.0112086581066251
0.0075018531642854
-0.0533596836030483
-0.0110906688496470
0.0508353151381016
-0.0460301972925663
-0.0546494685113430
-0.0083307372406125
-0.0615901723504066
0.0496216006577015
-0.0167082548141479
-0.0285407602787018
-0.0443287268280983
-0.0342829450964928
0.0523423105478287
-0.0535129792988300
0.0467224605381489
-0.0340156331658363
0.0814110934734344
-0.0102384062483907
0.0126694981008768
0.0054273377172649
-0.0259686298668385
-0.0064349574968219
-0.0286724008619785
-0.0448984615504742
-0.0674047395586967
0.0020994413644075
0.0229852627962828
0.0488856621086597
-0.0155188515782356
-0.0395671054720879
0.0138222062960267
-0.0738811716437340
0.0059050419367850
0.0462071448564529
-0.0553297810256481
0.0561239421367645
-0.0332054980099201
0.0231555923819542
0.0122490869835019
0.0377817787230015
0.0503098703920841
-0.0733722746372223
-0.0051135802641511
0.0028808272909373
0.0278071481734514
0.0011938305106014
-0.0399275869131088
0.0088141364976764
-0.0437333099544048
0.0910601019859314
0.0824456810951233
0.0241044461727142
-0.0266973245888948
0.0710202530026436
0.0271793957799673
0.0180881042033434
0.0878337919712067
-0.0184181407094002
0.0129678761586547
0.0784454718232155
-0.0283875074237585
-0.0101889371871948
0.0351595096290112
-0.0009799633407965
-0.0438353903591633
-0.0553307272493839
0.0510182455182076
-0.0419559441506863
0.0190691258758307
0.0545766651630402
0.0320542082190514
-0.0410866811871529
-0.0492537841200829
0.0227589718997478
0.0020961316768080
0.0011396476766095
0.0296535380184650
-0.0638436749577522
0.0566474683582783
0.0311570931226015
0.0150935249403119
0.0312740318477154
0.0028169564902782
-0.0276632383465767
-0.0886017158627510
0.0778566002845764
0.0517480783164501
-0.0085691334679723
0.0470246784389019
0.0609895512461662
-0.0144721278920770
0.0194875635206699
0.0480004213750362
-0.0370911732316017
-0.0773528069257736
-0.0728073939681053
0.0955988243222237
-0.0789904817938805
0.0217102970927954
0.0002117222611560
0.0602193996310234
0.0628114417195320
-0.0030330447480083
-0.0002305392408744
-0.0024427217431366
-0.0892117097973824
-0.0285228416323662
-0.0650812909007072
-0.0324815995991230
0.0453628264367580
0.0307180732488632
-0.0099646868184209
-0.0289607774466276
0.0754484534263611
0.0055706677958369
-0.0319534689188004
-0.0164161119610071
-0.0401924401521683
0.0485272556543350
0.0597286075353622
-0.0394681245088577
-0.0134306652471423
0.0443456843495369
0.0130646200850606
-0.0224328152835369
-0.0502503663301468
0.0097815934568644
0.0260265208780766
0.0071867019869387
-0.0771371200680733
0.0444040969014168
-0.0328692197799683
0.0020872836466879
-0.0141122704371810
-0.0650728493928909
-0.0782283022999763
-0.0289811287075281
0.0518141426146030
0.0467930100858212
0.0748496875166893
0.0027523986063898
0.0107326302677393
0.0402804575860500
-0.0117123173549771
0.0522226616740227
-0.0807753652334213
-0.0601957738399506
0.0023072704207152
0.0128613747656345
-0.0590773597359657
0.0529512092471123
0.1096653789281845
-0.0330889336764812
0.0170161928981543
0.0362809039652348
0.0463662222027779
0.0075727291405201
0.0016648750752211
-0.0492718145251274
-0.0085857287049294
0.0439185909926891
-0.0365208312869072
0.0392118394374847
-0.0203592777252197
0.0414330326020718
-0.0747224688529968
0.0091892583295703
0.0559220574796200
-0.0280890036374331
-0.0159257277846336
-0.0790109634399414
0.0197871048003435
-0.0192952603101730
-0.0346741490066051
-0.0947482287883759
0.0318209566175938
-0.0037205747794360
0.0059758503921330
0.0698995813727379
0.0473772063851357
-0.0170642863959074
0.0060095344670117
-0.0493388734757900
0.0115832090377808
-0.0606158375740051
0.0130700822919607
-0.0092687914147973
0.0347206033766270
0.0307928845286369
0.0242931731045246
-0.0218878965824842
0.0465466789901257
0.0651314556598663
0.0418685898184776
0.0174909643828869
-0.0105093354359269
-0.0148509666323662
0.0105388425290585
-0.0193425863981247
0.0175070576369762
-0.0389817617833614
0.0486476309597492
0.0101128742098808
0.0008564622839913
-0.0469243302941322
0.0575692988932133
-0.0449250973761082
0.0514166653156281
-0.0545927099883556
-0.0077976961620152
-0.0916912406682968
0.0152302952483296
0.0237182006239891
0.0476854629814625
0.0139467492699623
0.0537477955222130
-0.0360295213758945
-0.0168348606675863
0.0689870193600655
0.0168311204761267
0.0502523370087147
0.0195592194795609
-0.0194970704615116
-0.0388638041913509
-0.0613083094358444
-0.0081383194774389
-0.0369159206748009
0.0368566326797009
0.0347738005220890
-0.0774459466338158
-0.1035914272069931
0.0260345395654440
0.0519696623086929
-0.0420259907841682
-0.0282066483050585
-0.0302090272307396
-0.0395773500204086
-0.0477521307766438
0.0082597285509109
0.0469301566481590
0.0941776186227798
0.0533606484532356
0.0647464990615845
-0.0586329214274883
0.0243753939867020
-0.0051601394079626
-0.0478400811553001
-0.0454121790826321
-0.0381707325577736
0.0245113391429186
0.0000873903190950
0.0300148297101259
-0.0623687207698822
0.0264054760336876
0.0176007747650146
-0.0325305461883545
-0.0364400148391724
-0.0822352766990662
0.0084313889965415
-0.0253855660557747
0.1094075068831444
0.0145774455741048
0.0474360622465611
-0.0444155000150204
0.0487246923148632
0.0608995519578457
-0.0843053981661797
0.0220384430140257
-0.0434700176119804
0.0384296067059040
-0.0564534924924374
0.0484055057168007
0.0648060142993927
-0.0492565520107746
0.0638519749045372
-0.0219930708408356
0.0810956433415413
-0.0231270063668489
0.0600424967706203
0.0171049535274506
0.0300857033580542
-0.0609105750918388
-0.0317768827080727
0.0590985640883446
0.0145219322293997
0.0364927761256695
-0.0170072596520185
-0.0176195781677961
-0.0142871132120490
0.0203834250569344
-0.0612728446722031
0.0201547332108021
0.0116030154749751
-0.0052877599373460
-0.0503929592669010
-0.0339420549571514
-0.0414682775735855
0.0356135331094265
-0.0019950529094785
-0.0118020623922348
0.0358336716890335
0.0139558091759682
0.0438328683376312
-0.0360831916332245
0.0074001238681376
-0.0742536932229996
-0.0510514453053474
0.0252128113061190
-0.0297608245164156
-0.1039556488394737
-0.0125828525051475
-0.0141211971640587
-0.0049203168600798
0.0073599014431238
0.0364888161420822
-0.0210527405142784
0.0576757229864597
-0.0886253193020821
-0.0630043521523476
-0.0271860286593437
0.0431427396833897
0.0066648786887527
0.0768847391009331
-0.0287555716931820
-0.0208406969904900
0.0854287371039391
0.0199721306562424
0.0373459756374359
0.0145799349993467
0.0415773950517178
0.0747567787766457
-0.0458315126597881
-0.0225617624819279
-0.0535138770937920
-0.0641194581985474
-0.0305668003857136
0.0324275195598602
0.0030052307993174
0.0703252926468849
-0.0341300591826439
0.0033529114443809
-0.0395575575530529
-0.0385371148586273
-0.0015639652265236
-0.0402038544416428
0.0334555134177208
-0.0760349631309509
-0.0429891534149647
0.0546386726200581
-0.0418500714004040
0.0169761124998331
-0.0290577374398708
0.0534631349146366
-0.0689693540334702
-0.0004088979621883
-0.0391278862953186
-0.0067842188291252
0.0211043637245893
-0.0135840950533748
-0.0292526967823505
0.0010203383862972
0.0249482318758965
0.0010305531322956
0.0489408858120441
0.0623688660562038
0.0031853006221354
-0.0732061788439751
-0.0200668573379517
-0.0168585311621428
-0.0360739789903164
0.0290070995688438
0.0558778494596481
-0.0499827563762665
-0.0594197697937489
-0.0001513542665634
-0.0553960874676704
0.0864233002066612
-0.0017243084730580
-0.0473141893744469
-0.0057408586144447
0.0113997915759683
0.0459337420761585
-0.0780034512281418
-0.0518424548208714
0.0137901725247502
-0.0255223996937275
0.0119184358045459
0.0546074286103249
-0.0045671761035919
-0.0227215308696032
-0.0679846704006195
-0.0112126236781478
0.0034111673012376
-0.0220433548092842
-0.0135911377146840
0.0036501137074083
0.0086236838251352
0.0391819402575493
0.0350208319723606
-0.0671876817941666
-0.0272634774446487
-0.0002292847639183
0.0296603050082922
-0.0611486844718456
-0.0387803241610527
0.0500895828008652
-0.0107817323878407
-0.0026206998154521
-0.0725290030241013
0.0144895873963833
-0.0678494125604630
0.0357815027236938
0.0070436983369291
-0.0088321939110756
0.0577117502689362
0.0390630699694157
-0.0073553109541535
-0.0016978310886770
-0.0776389464735985
-0.0123029034584761
0.0049643297679722
0.0516804791986942
-0.0121759036555886
0.0453561767935753
0.0491052009165287
0.0637160539627075
-0.0572649911046028
0.0528708621859550
0.0222503375262022
0.0889432877302170
-0.0879912972450256
-0.0468881353735924
-0.0034844917245209
0.0542991906404495
-0.0998336076736450
0.0585677772760391
0.0265917666256428
0.0092200022190809
0.0326076224446297
-0.0095185479149222
0.0235819071531296
-0.0573846139013767
-0.0794881135225296
0.0426430553197861
0.0805032327771187
-0.0354164242744446
0.0008513410575688
0.0575848594307899
0.0222171694040298
-0.0732091814279556
-0.0153087107464671
-0.0857775211334229
-0.0527439303696156
-0.0204840414226055
-0.0674766972661018
0.0317812375724316
0.0360590033233166
0.0064541976898909
-0.0155358761548996
0.0367722548544407
-0.0110083054751158
0.0590468719601631
-0.0624370537698269
-0.0082583818584681
0.0161213632673025
-0.0322190895676613
-0.0126713691279292
0.0587332062423229
0.0322831310331821
-0.0593447275459766
0.0479343868792057
0.0595959648489952
-0.0415520779788494
