-0.0432948209345341
-0.0060651893727481
0.0334919132292271
0.0621140487492085
-0.0595292970538139
-0.0097904950380325
0.0554653592407703
0.0238784607499838
0.0815524831414223
0.0038040219806135
-0.0720926523208618
0.0644085779786110
-0.0143005223944783
-0.0629695728421211
-0.0388054661452770
-0.0164857227355242
0.0401567891240120
0.0661189183592796
-0.0023135344963521
-0.0317061729729176
0.1210193112492561
0.0365890562534332
0.1147883310914040
0.0810495316982269
-0.0892543196678162
-0.0249780938029289
0.0197959095239639
0.0406625382602215
-0.0308988466858864
0.0522076636552811
0.0852184966206551
0.0170853715389967
0.0487556159496307
0.0911867991089821
0.0700195878744125
0.0369256176054478
0.1497381776571274
-0.0456418395042419
-0.0245646610856056
-0.0022710976190865
-0.0445337146520615
-0.0337435752153397
0.0931531861424446
-0.0651745200157166
0.0386567711830139
-0.0401313863694668
-0.0403150022029877
0.0469937734305859
0.0067871976643801
0.0708152949810028
-0.0464554503560066
0.0049063740298152
0.0285135768353939
-0.1178694367408752
0.1172702312469482
-0.0237257238477468
-0.0235040802508593
0.0007979439687915
0.0631187558174133
-0.0134373754262924
0.0510075502097607
-0.0179496221244335
-0.0634457617998123
-0.0620285198092461
0.0602564029395580
-0.0428167581558228
0.0016136956401169
-0.0033934321254492
0.0726976841688156
-0.0336468219757080
0.0233600940555334
0.0289430487900972
0.0212799254804850
0.0795893371105194
0.0711404830217361
-0.0049553695134819
-0.0910964012145996
0.0864037424325943
-0.0560269542038441
-0.0780376493930817
-0.0365235544741154
-0.0702657401561737
0.0331105664372444
0.0283353868871927
0.0866088792681694
-0.0986070781946182
0.0867276415228844
0.0753443241119385
-0.0019251726334915
0.0580676086246967
-0.0116379195824265
-0.0032908886205405
-0.0519598275423050
-0.0511403530836105
0.0596075877547264
-0.0246010459959507
0.1553644239902496
0.0596943609416485
-0.0971548855304718
0.0037083802744746
-0.1254202723503113
-0.0320804454386234
0.0684226378798485
0.0869727432727814
-0.0407516434788704
-0.0963248610496521
0.0121609950438142
-0.1209075748920441
0.0670267343521118
0.0514154173433781
-0.0791746377944946
0.0382379926741123
-0.0135518321767449
0.0334894582629204
0.0296903867274523
0.0317423045635223
0.0065482659265399
-0.0608055889606476
-0.0270131900906563
0.0233202241361141
0.0805741325020790
0.0361250378191471
0.0416598021984100
-0.0002696362498682
-0.0747652500867844
-0.0640145614743233
-0.0171581003814936
-0.0943860411643982
-0.0914851948618889
0.1319199055433273
0.1175020486116409
0.0170419625937939
0.0358630828559399
0.0104384040459991
-0.0163093190640211
-0.0742954835295677
-0.0858558565378189
0.0641197785735130
-0.0842145830392838
0.0563942156732082
-0.0429838337004185
0.0412711016833782
-0.1024136915802956
0.0541570372879505
-0.0224522799253464
-0.1373718082904816
0.0370928235352039
-0.0822035670280457
0.0383766554296017
0.0237211417406797
0.1060107946395874
-0.1242517903447151
-0.0332605019211769
0.0235349386930466
-0.0004281503206585
0.0661102160811424
-0.0343971438705921
0.0970885232090950
-0.0644931644201279
0.0187594424933195
0.0272954236716032
-0.0425257608294487
0.0823226794600487
-0.1109120547771454
0.0547336749732494
0.0468045473098755
0.0421025790274143
-0.0027388653252274
-0.1110090091824532
0.0515019223093987
-0.0293995160609484
-0.0721387192606926
0.0125042498111725
-0.0162357538938522
-0.0802821666002274
-0.0288398005068302
0.0537897273898125
-0.0250532608479261
-0.0633274018764496
-0.0849018841981888
-0.0486166365444660
0.0429469943046570
0.0884648710489273
0.0023348936811090
-0.0903683751821518
0.1139789298176765
-0.0547705702483654
0.0187063869088888
0.0876262038946152
-0.0776689797639847
0.0798651427030563
-0.0079528680071235
0.0545628741383553
-0.0581945553421974
-0.0016126252012327
0.0342914350330830
0.1425687372684479
0.0039074528031051
-0.0231646113097668
0.0260295309126377
0.0702289491891861
0.0256002787500620
0.0051574744284153
-0.0555591247975826
0.0644149333238602
-0.0765653774142265
0.0726601034402847
0.0046760221011937
-0.0797072798013687
0.0292087327688932
0.0055632735602558
0.0764022096991539
-0.0235365387052298
0.0638873726129532
-0.0146268093958497
-0.0440506339073181
0.0033415774814785
0.0923575162887573
-0.0134572405368090
0.0819551348686218
-0.0455154776573181
-0.0624849125742912
-0.0486059710383415
0.0479303300380707
0.1360464543104172
0.0655798017978668
0.0678973048925400
0.0030305036343634
-0.0589182339608669
0.1296694576740265
0.0589589364826679
-0.0259636733680964
0.0295777413994074
-0.0222515948116779
-0.0832609385251999
0.0080995932221413
-0.0204108487814665
-0.0765772461891174
-0.0421291403472424
-0.0661342069506645
-0.0672383233904839
-0.0351922810077667
0.1274698078632355
0.0775944292545319
0.0153698530048132
0.0511287786066532
-0.0485675558447838
-0.0888058468699455
-0.0813895463943481
-0.0167420208454132
-0.0899414494633675
0.0282852388918400
-0.0202905423939228
-0.0694389119744301
0.0913109406828880
-0.0566178485751152
-0.1042856127023697
-0.0607650242745876
-0.0602766647934914
-0.1386114507913589
0.0118928905576468
-0.1173131242394447
0.0137558933347464
0.0697726830840111
0.0288876220583916
0.0890168547630310
-0.0772878378629684
0.1056504771113396
0.0282183866947889
0.1155696958303452
0.0780559629201889
0.0138135319575667
-0.2537846863269806
-0.0512594170868397
0.0569652803242207
-0.2469828426837921
-0.0956114977598190
-0.0351333357393742
0.0270514190196991
-0.0551668703556061
0.0636518970131874
-0.1109705939888954
-0.2437703758478165
-0.1622116118669510
0.0996962115168571
-0.0708934515714645
-0.0792874768376350
-0.0978091582655907
0.0096453214064240
-0.1463662683963776
-0.1723578274250031
-0.1040077656507492
0.1543057113885880
0.0067680194042623
-0.0091125881299376
-0.1857580989599228
-0.1633438616991043
-0.0802593305706978
0.0397336967289448
-0.1554561853408813
-0.1805398762226105
0.1225178688764572
0.2918143868446350
-0.2021144330501556
0.0081671103835106
0.1291968673467636
-0.0445816256105900
0.1088973358273506
0.0425645075738430
-0.1965249478816986
0.0623488686978817
-0.2723043859004974
0.0999668985605240
0.0618797838687897
-0.1434276700019836
0.0600130632519722
0.0253755040466785
0.2634764313697815
-0.0319765359163284
-0.0884288847446442
-0.0022969841957092
0.0314980521798134
0.0323126204311848
-0.0326208248734474
-0.0797532722353935
-0.0264092348515987
-0.0046452642418444
-0.0123712951317430
-0.0042361174710095
-0.0765581279993057
-0.0182478763163090
0.0315195098519325
-0.0047084162943065
0.0488669425249100
-0.0353819765150547
0.0002352544397581
-0.0555025190114975
0.0311753433197737
-0.0286604277789593
0.0233317594975233
-0.0179971288889647
0.0013811711687595
-0.0531086027622223
0.0295653156936169
-0.0614183619618416
0.0447569228708744
0.0387965701520443
-0.0811292380094528
0.0230590067803860
0.0062010264955461
0.0186429359018803
-0.0848808810114861
-0.0091997170820832
-0.0380156971514225
0.0639605522155762
-0.0150764957070351
-0.0866624042391777
-0.0163276717066765
0.0014975032536313
-0.0553538501262665
-0.0125851230695844
0.0507515445351601
-0.0487513989210129
-0.0451563559472561
0.0017690875101835
-0.0349665433168411
0.0377244949340820
-0.0128806736320257
-0.0409851484000683
-0.0538107343018055
-0.0242321677505970
0.0519311018288136
-0.0509814657270908
0.0627672225236893
-0.0127280000597239
0.0804869681596756
-0.0001913485757541
0.0170028861612082
-0.0020993056241423
-0.0319210812449455
-0.0256012286990881
-0.0165885891765356
-0.0451989918947220
-0.0764536336064339
0.0116528915241361
0.0156604293733835
0.0358009375631809
-0.0235117189586163
-0.0611350201070309
0.0224066115915775
-0.0765613019466400
-0.0032017554622144
0.0590385198593140
-0.0612795725464821
0.0682554319500923
-0.0311569590121508
0.0233639739453793
0.0117838680744171
0.0308823082596064
0.0331782847642899
-0.0691075399518013
-0.0066714622080326
0.0144624439999461
0.0260391216725111
-0.0114369625225663
-0.0425302609801292
-0.0068915742449462
-0.0556839294731617
0.0954773351550102
0.0913816317915916
0.0194266643375158
-0.0127096083015203
0.0641572847962379
0.0335837826132774
0.0173523854464293
0.0963389351963997
-0.0154646039009094
0.0050457399338484
0.0774908736348152
-0.0157998800277710
0.0002815966145135
0.0446679592132568
0.0125849666073918
-0.0371620096266270
-0.0647311061620712
0.0454942286014557
-0.0520431026816368
0.0170429460704327
0.0451443232595921
0.0264634024351835
-0.0287246238440275
-0.0462124794721603
0.0229377839714289
0.0052812923677266
0.0052927583456039
0.0213546752929688
-0.0641210228204727
0.0554935559630394
0.0463283658027649
0.0160451233386993
0.0467559434473515
0.0123347835615277
-0.0258108507841825
-0.0832856670022011
0.0811491906642914
0.0783069282770157
-0.0182423908263445
0.0172974057495594
0.0521312654018402
-0.0089132543653250
0.0075461654923856
0.0605416372418404
-0.0279839988797903
-0.0876506268978119
-0.0604733452200890
0.0930012688040733
-0.0847544893622398
-0.0043120183981955
-0.0046840650029480
0.0582584254443645
0.0632374063134193
-0.0084931831806898
-0.0130682485178113
-0.0055419430136681
-0.0814359933137894
-0.0343987159430981
-0.0521713197231293
-0.0135918594896793
0.0393080785870552
0.0040054344572127
-0.0179706458002329
-0.0241134595125914
0.0838993117213249
0.0067854775115848
-0.0318244621157646
-0.0066984924487770
-0.0366918109357357
0.0514946430921555
0.0553089007735252
-0.0302199814468622
-0.0220159627497196
0.0316302403807640
0.0049963346682489
-0.0219931267201900
-0.0369032435119152
0.0066245677880943
0.0289621260017157
0.0063353087753057
-0.0863683745265007
0.0369454063475132
-0.0268355719745159
-0.0031017709989101
-0.0184012204408646
-0.0754080042243004
-0.0791488438844681
-0.0407861806452274
0.0435499511659145
0.0288338549435139
0.0751043632626534
-0.0121945245191455
-0.0077461129985750
0.0568293929100037
-0.0031216139905155
0.0372804142534733
-0.0706535056233406
-0.0506906472146511
-0.0088602816686034
0.0298965908586979
-0.0772624835371971
0.0510842986404896
0.1080336645245552
-0.0221998207271099
0.0056717819534242
0.0296888221055269
0.0585319474339485
0.0301427356898785
0.0104242404922843
-0.0338917933404446
0.0187048222869635
0.0342482514679432
-0.0442340373992920
0.0353928916156292
-0.0220997184514999
0.0411399602890015
-0.0667341500520706
-0.0018472077790648
0.0608248636126518
-0.0278048124164343
-0.0149780977517366
-0.0686420574784279
0.0135225076228380
-0.0268870145082474
-0.0353792831301689
-0.1004230082035065
0.0314552001655102
0.0126984268426895
0.0065884212963283
0.0878678858280182
0.0428676418960094
-0.0193606000393629
-0.0142686739563942
-0.0429580174386501
0.0012046393239871
-0.0497671887278557
0.0059823347255588
-0.0070319715887308
0.0294597335159779
0.0334264077246189
0.0335211977362633
-0.0386513285338879
0.0576031915843487
0.0570146329700947
0.0304935593158007
0.0186417251825333
-0.0110435951501131
-0.0132621526718140
0.0137384878471494
-0.0240708272904158
0.0148713663220406
-0.0313100442290306
0.0338478423655033
0.0314785316586494
0.0110979331657290
-0.0420786626636982
0.0634186789393425
-0.0515249930322170
0.0540506914258003
-0.0557381883263588
0.0012295747874305
-0.0851142331957817
0.0084533086046576
0.0378215052187443
0.0521294251084328
0.0255528464913368
0.0503124706447124
-0.0252334568649530
-0.0177166536450386
0.0670333802700043
0.0157392006367445
0.0376917086541653
-0.0053267814218998
-0.0104908309876919
-0.0365453660488129
-0.0418185070157051
-0.0120497643947601
-0.0462684147059917
0.0354380086064339
0.0297808721661568
-0.0782185345888138
-0.0897220149636269
0.0451585575938225
0.0455884300172329
-0.0567481145262718
-0.0275639500468969
-0.0256073903292418
-0.0543894916772842
-0.0487580820918083
-0.0206832177937031
0.0580033324658871
0.0866919085383415
0.0397858247160912
0.0745373517274857
-0.0692226737737656
0.0401868447661400
-0.0236519426107407
-0.0313436947762966
-0.0384660027921200
-0.0383108705282211
0.0314868018031120
-0.0081155961379409
0.0247457679361105
-0.0516382120549679
0.0335395149886608
0.0223283134400845
-0.0208222530782223
-0.0404746942222118
-0.0799341797828674
-0.0015385862207040
-0.0405719354748726
0.1199487373232841
0.0083673885092139
0.0392876714468002
-0.0410673171281815
0.0600022226572037
0.0605459809303284
-0.0876504257321358
-0.0058909561485052
-0.0243531782180071
0.0368279591202736
-0.0436497479677200
0.0442839749157429
0.0711601525545120
-0.0309852939099073
0.0440458916127682
-0.0016167771536857
0.0813501924276352
-0.0289794281125069
0.0440826788544655
0.0047834259457886
0.0519831702113152
-0.0436141230165958
-0.0179166980087757
0.0679435878992081
0.0226778388023376
0.0187909491360188
-0.0180153474211693
-0.0214354675263166
-0.0174642205238342
0.0192939806729555
-0.0532422214746475
0.0406934581696987
0.0248083360493183
-0.0180287063121796
-0.0525082573294640
-0.0386444777250290
-0.0456479378044605
0.0487171672284603
-0.0055336672812700
-0.0074622384272516
0.0158638767898083
0.0051634432747960
0.0326223783195019
-0.0365799441933632
-0.0057391454465687
-0.0566423162817955
-0.0459854491055012
0.0358794219791889
-0.0317436121404171
-0.0817728862166405
0.0002482059353497
-0.0258863009512424
0.0123698990792036
0.0148957651108503
0.0390892066061497
-0.0256553422659636
0.0543951205909252
-0.0763860419392586
-0.0581420883536339
-0.0141033995896578
0.0440805442631245
0.0143463490530849
0.0938708633184433
-0.0418554879724979
-0.0080721946433187
0.0952564552426338
0.0099863735958934
0.0331806614995003
0.0195389129221439
0.0504199340939522
0.1001948714256287
-0.0563593767583370
-0.0263636596500874
-0.0536569803953171
-0.0686146020889282
-0.0486216098070145
0.0257026404142380
0.0102317398414016
0.0580987483263016
-0.0384111553430557
-0.0052206432446837
-0.0283902101218700
-0.0474734641611576
-0.0184526834636927
-0.0295028798282146
0.0354106687009335
-0.0800479575991631
-0.0438976436853409
0.0510764792561531
-0.0582110658288002
0.0308675207197666
-0.0269423443824053
0.0510205738246441
-0.0752754509449005
-0.0077448398806155
-0.0340558923780918
-0.0205964706838131
0.0446254946291447
-0.0227912869304419
-0.0262709762901068
-0.0103764366358519
0.0291720833629370
-0.0031694876961410
0.0421150214970112
0.0682208016514778
0.0137141654267907
-0.0605283565819263
-0.0231460072100163
-0.0182587131857872
-0.0280448198318481
0.0382397472858429
0.0625959113240242
-0.0382117927074432
-0.0452516227960587
0.0018521783640608
-0.0584920234978199
0.0862438529729843
-0.0207951646298170
-0.0286730490624905
-0.0118935471400619
-0.0032320639584213
0.0403260402381420
-0.0730411857366562
-0.0531646646559238
0.0397542156279087
-0.0193700231611729
0.0141675500199199
0.0577261634171009
0.0046225795522332
-0.0223494041711092
-0.0815168395638466
-0.0019557306077331
0.0134841091930866
-0.0034019674640149
-0.0127909677103162
0.0101235024631023
0.0134403863921762
0.0367456190288067
0.0223171375691891
-0.0466234423220158
-0.0357974469661713
-0.0346924923360348
0.0250796582549810
-0.0553218089044094
-0.0297547373920679
0.0470469333231449
-0.0122582921758294
0.0019459101604298
-0.0461034886538982
0.0113202370703220
-0.0762188807129860
0.0215172842144966
0.0210046470165253
-0.0302991047501564
0.0542185269296169
0.0401678942143917
0.0017363242805004
-0.0116736441850662
-0.0698470845818520
-0.0135940797626972
0.0149711845442653
0.0471538156270981
-0.0118717635050416
0.0664856731891632
0.0546101480722427
0.0620010904967785
-0.0610774978995323
0.0600136779248714
0.0259870178997517
0.0700322836637497
-0.0836314931511879
-0.0593594014644623
0.0122162094339728
0.0480141378939152
-0.1105634793639183
0.0629936084151268
0.0146795939654112
0.0290882326662540
0.0498438589274883
0.0149958087131381
0.0258280616253614
-0.0761392638087273
-0.0739345103502274
0.0401336997747421
0.0812792256474495
-0.0279346741735935
-0.0015978720039129
0.0545345842838287
0.0262903291732073
-0.0619763582944870
-0.0175750516355038
-0.0807785987854004
-0.0283339843153954
-0.0338938422501087
-0.0684808045625687
0.0326190628111362
0.0423114560544491
0.0003683448594529
-0.0302543602883816
0.0393170118331909
0.0027254694141448
0.0678711757063866
-0.0726947039365768
-0.0065118991769850
0.0222404971718788
-0.0258140023797750
-0.0003916740242857
0.0570008419454098
0.0360317490994930
-0.0498561002314091
0.0281069613993168
0.0569935031235218
-0.0587050877511501
