0.02839857
-0.04453532
0.00051036
0.01735118
-0.00297604
0.00769122
0.00851855
0.05114257
0.05356979
0.01719757
0.00193082
0.00909593
0.02373760
-0.03459452
-0.00771124
0.01077599
0.01551026
-0.00803139
-0.07724676
0.03788241
0.00794917
0.04712460
-0.04846112
-0.01791824
-0.01655437
0.01235448
0.02317037
-0.01343297
-0.01526745
0.01204255
-0.18159488
0.01519778
0.02610160
0.00602247
-0.00819583
0.06907564
-0.01844711
0.02014108
-0.01958144
-0.11021163
-0.01161448
-0.00505190
0.04183092
-0.03078448
-0.01038834
0.00425045
0.00521483
0.02066131
0.00925134
0.01300023
0.02801591
-0.06301265
-0.08277809
-0.00524265
-0.01213686
-0.00891717
0.00002542
0.00882153
0.37066859
-0.01877190
-0.01573317
0.00648834
0.00135226
-0.02565123
-0.00701087
0.03064443
-0.00210953
-0.01643683
-0.01482539
-0.00676260
0.03312284
0.00347937
-0.04768854
0.00198320
0.02024451
-0.00477971
-0.00083404
0.05747977
0.00168089
-0.03473364
-0.01406881
0.00627232
0.00282927
-0.06844030
0.08759750
0.00415706
0.00472512
-0.00117035
0.00506975
-0.00456088
0.00696046
-0.00894166
-0.02139821
0.01253769
-0.00070165
-0.00775343
-0.00379945
-0.01996522
-0.06209295
0.00287422
-0.00694792
0.04214184
-0.00497164
0.03083644
0.02128291
-0.00233211
-0.03187686
-0.00859179
0.01125118
-0.00717754
0.00530369
0.01933830
-0.02613297
0.01108623
0.00048171
-0.01071622
0.03266236
-0.04000866
0.02264620
0.00039703
-0.00132749
0.00761993
-0.02080874
-0.00517705
-0.00596364
0.01155431
0.00784957
-0.00800828
0.00146335
0.11119241
-0.02879168
0.00897027
-0.02361669
-0.01311412
0.07354259
-0.02221644
-0.09874442
-0.00965351
-0.10220011
-0.00659283
-0.10761656
-0.02027236
-0.00534419
-0.02950621
-0.01158848
-0.07139526
-0.00722667
-0.01147336
-0.03339092
0.00463762
-0.01808308
0.00198381
-0.02473617
-0.03515426
-0.00114588
0.01172810
-0.04409984
-0.00868979
-0.04144883
0.01496900
-0.02402165
-0.01125578
0.01635480
0.00458392
0.00320750
0.00364520
0.02495136
0.01097446
-0.00591174
0.01367914
0.02666472
-0.00168550
0.02583563
-0.00991705
0.02640424
0.00799330
0.02178130
0.00429202
-0.07146071
-0.00006499
0.02034072
-0.03128896
0.00085610
0.02559161
-0.00195381
-0.08455286
-0.12591417
-0.00345595
0.00053676
0.06899197
0.10864608
0.00955984
-0.01762151
-0.00652362
0.01728010
-0.02853795
0.01938554
-0.00127718
-0.18369302
-0.03538011
0.06124816
0.00255038
0.07479963
-0.05128554
-0.00386809
-0.00282675
-0.01927995
0.01734184
-0.01635196
0.00114305
-0.06181123
0.00048549
0.02855626
-0.00107604
0.01690279
0.02223236
-0.01550379
0.04394566
-0.00517960
0.02010220
-0.07180914
-0.72416127
-0.00024604
0.00701745
0.00435492
-0.01883487
-0.04473833
-0.01871115
0.00805087
0.00074064
-0.03111164
-0.03325184
0.03885363
0.01812037
0.01385861
-0.03322431
-0.01313194
-0.00556326
0.01881228
-0.00698428
0.02599550
0.01363391
0.06102238
-0.06042001
0.00520365
-0.00195524
0.00524584
0.08886890
-0.00113827
-0.02495547
-0.01569476
0.00244710
-0.00716316
-0.00281112
0.00765952
-0.01472945
-0.00956815
0.09661388
0.11473941
-0.09828810
0.09474628
-0.05633840
0.08543217
-0.01282365
0.01847279
0.01665587
-0.14412299
-0.06962495
-0.12214524
-0.02643408
-0.04279703
0.04287475
0.02452597
0.04353781
0.15869722
0.01035734
0.08902153
-0.04473909
-0.02069175
0.07403526
-0.03621410
-0.01087227
0.14786328
0.00214945
0.08023720
0.07313219
-0.08817878
0.04736826
0.08783630
-0.02938404
-0.04035851
-0.10075734
0.11012913
-0.11578758
0.11107137
0.03372889
-0.05361367
-0.15181983
0.06016434
0.08890948
-0.03055159
-0.01054309
0.80053091
0.14036556
0.02664408
0.02107410
-0.05738052
0.07324903
0.01814824
-0.02133428
-0.02928505
0.02868438
0.10263108
-0.06117645
-0.06306108
0.07620297
-0.01036602
0.07836295
-0.01644237
-0.11230057
0.03598285
-0.03391228
-0.06987658
-0.02702144
-0.03913550
-0.02009478
0.04455544
0.02810277
-0.04225285
-0.00475579
0.02984082
-0.04807497
-0.03781122
-0.00783656
-0.04785789
0.04061572
0.01938111
0.06392422
-0.05047972
-0.05778187
-0.03086882
-0.00204647
-0.06368762
0.01530273
0.04510836
-0.02611920
-0.07130249
0.00535540
-0.03891852
0.02778655
0.02468082
-0.08552962
-0.00454713
0.00106469
0.03548317
-0.04592188
-0.05021876
-0.06059645
0.10266738
0.07823978
0.01236346
0.06850004
-0.00601202
-0.03121061
-0.08071945
-0.04018395
0.01923453
0.05231993
0.04203488
0.04181328
-0.03469063
-0.04835025
0.03980852
0.01278219
0.01458256
0.06184542
0.11971766
-0.00910731
0.07428489
-0.09315595
0.04837532
0.00316762
0.01959694
-0.05162374
-0.00862728
-0.02699927
0.02154119
0.02629218
-0.06286396
-0.05549278
-0.01000643
0.03318138
0.03223317
0.03432658
-0.02912073
0.07116515
-0.00847425
0.04077329
0.02314438
-0.00329195
0.05028039
0.03900077
0.03203384
0.00999285
-0.04246053
-0.08678834
0.02932956
0.03296757
0.03292993
-0.04570466
0.09612216
0.00130828
-0.02089918
0.08916982
-0.00538503
0.01934682
0.02448986
0.00574607
0.02011680
0.03820824
0.04198042
-0.06229971
-0.02057122
-0.01760903
-0.02070903
-0.03150980
0.02756831
-0.01263619
0.00427851
-0.09719178
-0.01533112
0.00332057
-0.06286921
0.01336689
-0.02232099
0.09540056
0.01126247
0.03940719
0.00043590
-0.03024262
-0.01472369
-0.01237338
-0.00986429
0.08697533
0.08219821
0.04681488
0.02857679
-0.08178817
0.01851301
-0.04759829
0.02322552
-0.04350900
0.00603697
0.00675012
-0.03094460
0.01728914
-0.02665571
-0.02384086
-0.04156218
0.03230053
-0.04858141
-0.04035994
0.02890794
0.00369054
-0.01356450
-0.01159327
-0.04002297
-0.00818872
-0.01541973
0.03222554
-0.00795199
-0.06882457
0.02801123
-0.03166482
0.03453469
-0.01608462
0.01086000
0.06648150
-0.05618310
-0.10817541
0.01842304
-0.03431395
-0.02627737
-0.08129589
0.07796932
-0.00290824
-0.01364189
-0.04099196
-0.00960006
0.01489822
0.01275313
-0.00351045
-0.02333974
-0.04535823
0.06250846
-0.03240561
0.00097798
0.00687076
0.00405582
-0.01344913
0.01774344
-0.04823785
0.03584125
0.05027603
0.02996172
0.00181332
0.01643974
0.06577361
0.05483462
-0.04422364
0.00094223
0.05793285
0.00622263
0.02899326
0.02229944
0.02745999
0.08522516
-0.01997853
-0.01027190
-0.00622341
0.04583389
-0.06084437
-0.08307473
0.03619104
0.05661822
-0.04473212
0.03916281
-0.09597830
-0.09027246
0.01173952
0.03362819
-0.07517077
-0.00044623
-0.06804688
0.07704289
-0.06239650
-0.03439752
0.09225098
0.00506649
-0.00111014
0.07769351
0.04245432
0.01188878
-0.02536550
0.01899159
-0.06145585
-0.03926890
0.01789782
0.01489655
-0.06087162
-0.02505095
0.04466838
0.04809895
0.04555626
-0.12074944
-0.01082545
-0.01233308
0.02439674
-0.01025318
-0.07315271
-0.00943486
-0.02261044
-0.01869822
-0.03071511
0.01575776
0.01546299
-0.02845290
0.06877740
0.08331053
-0.02728916
0.04369073
0.00335900
0.01144617
-0.05471940
0.02132081
0.05824245
0.07266146
-0.04093964
-0.07927737
-0.04118438
-0.02510574
-0.01077656
0.04539870
0.07263619
0.06850494
-0.04589217
-0.01974110
-0.03740562
0.01050958
0.02474699
0.04642631
-0.00022348
-0.00620101
-0.07435289
0.02206253
0.01332682
0.02780489
0.05716382
0.03077201
0.00253451
0.00724902
-0.01126635
0.02704681
-0.04454822
0.06750953
0.00292076
-0.06280097
-0.05205735
-0.04003634
0.04888837
0.02114449
-0.02770092
-0.00783889
-0.05377494
-0.07715344
0.00623343
0.03150107
-0.00704110
-0.06845941
0.01219551
0.00516507
0.06616312
0.03026313
-0.05523167
-0.03695653
0.10081463
-0.01210547
-0.01398705
0.00217920
-0.05176903
-0.04618611
0.06938229
0.02004577
0.00334157
-0.01493938
-0.04227965
-0.04549400
-0.02867403
-0.04192397
-0.01856267
0.05403615
-0.04146170
-0.03604046
-0.00901559
0.00231861
0.01913676
0.00032952
-0.04809633
0.01967799
0.01266674
-0.02222704
-0.01437908
0.06708670
0.00099766
0.03314922
0.03532135
0.04564350
-0.02224313
-0.02564598
0.07083606
0.08381961
0.00735224
0.11175647
-0.00096735
-0.05969589
0.06596791
-0.04444939
-0.06409415
0.00606886
-0.01054124
-0.00265730
-0.00485904
-0.13895684
-0.03533898
0.06267891
-0.06643515
0.02103259
-0.06732000
-0.04991029
0.02767403
0.04944462
0.03841052
0.01247332
-0.08201650
-0.04971382
-0.04362733
0.00349966
-0.00294891
-0.01116729
0.03727121
-0.01519670
0.02342548
0.08162197
-0.01878753
0.03058541
0.00919495
-0.01828804
0.07733991
-0.02837974
0.08268851
-0.00775305
0.02206808
-0.04657250
-0.01076639
0.05598640
-0.04871150
-0.01227759
-0.03997585
0.00095642
0.02052410
0.03953145
-0.04327775
0.05759728
-0.01181386
0.02007533
-0.02137783
0.04338513
0.05410917
0.06237853
-0.04627181
-0.03206369
0.10294392
0.02429728
-0.06028755
0.02883635
0.06515250
-0.01773250
-0.01014695
-0.09607062
0.05468249
0.02923859
0.02245731
0.08245524
-0.00302646
-0.03231849
-0.08399091
0.01474105
0.05756431
-0.02449002
0.04411761
-0.01472104
-0.06262878
-0.04583472
0.01051234
-0.04887664
0.01229074
-0.02387342
-0.04158767
-0.01809626
0.02958226
-0.01618848
0.02949416
0.03121054
0.05553653
-0.01566196
0.06038019
0.04607019
-0.02251022
-0.00968179
0.03291249
0.03909170
-0.02982366
-0.01838651
0.03434003
-0.03765849
-0.00598072
0.02329236
-0.06817380
0.02661042
-0.05091900
-0.01999107
-0.02239307
-0.02114277
0.08114754
0.04856469
-0.02750120
-0.05548983
-0.00932117
0.01836583
0.00290819
-0.07337980
-0.06523495
0.06601048
0.05883456
-0.09978160
-0.03076370
0.03385455
-0.00148069
0.00619768
0.03209402
-0.00021881
-0.03816978
0.00158142
0.01531929
-0.03969100
-0.05388533
0.00378939
-0.04657648
0.01365225
-0.06761666
-0.00307991
0.10623938
-0.00569977
0.05016758
0.02040386
-0.04147480
0.01243347
-0.01365544
0.03429102
-0.01520997
0.07085899
-0.08400480
0.02351699
-0.06416563
-0.00265152
0.00774394
0.04603277
0.01253850
0.05180626
-0.07368636
0.02450666
-0.00859950
-0.05338694
0.00171184
-0.01683871
0.02867529
-0.04777604
-0.04448230
0.01367370
0.03761102
0.03198647
0.00983315
