1.349138375371694565e-02
-3.235278651118278503e-02
1.100920257158577442e-03
3.876673988997936249e-03
-1.575016882270574570e-03
1.774482429027557373e-02
2.408806048333644867e-02
5.604508891701698303e-02
7.380199432373046875e-02
1.560290902853012085e-02
-1.211235206574201584e-02
-8.296357467770576477e-03
1.813516765832901001e-02
-2.877748943865299225e-02
-1.189740560948848724e-02
2.293332014232873917e-03
2.467339392751455307e-03
-4.147832747548818588e-03
-6.794460117816925049e-02
3.603984043002128601e-02
1.014906726777553558e-02
5.229428410530090332e-02
-5.414588376879692078e-02
-2.286844886839389801e-02
-6.722228135913610458e-03
2.455469407141208649e-02
1.615010015666484833e-02
-1.357217133045196533e-02
-1.519850362092256546e-02
3.531399648636579514e-03
-1.841389685869216919e-01
1.093733496963977814e-02
2.639304287731647491e-02
-4.133842419832944870e-03
5.299831973388791084e-04
7.991520315408706665e-02
-3.046713583171367645e-02
1.586899161338806152e-02
-1.791708357632160187e-02
-1.324783712625503540e-01
-8.353877812623977661e-03
-1.285443175584077835e-02
3.256337717175483704e-02
-3.990470990538597107e-02
-2.474559936672449112e-03
1.213818322867155075e-02
6.445433013141155243e-03
5.449237301945686340e-03
2.203250490128993988e-02
8.976044133305549622e-03
2.858619764447212219e-02
-7.056845724582672119e-02
-8.720547705888748169e-02
2.356317825615406036e-02
-1.190337352454662323e-02
-9.166210889816284180e-03
-5.842211190611124039e-03
1.638564467430114746e-02
3.385400772094726562e-01
-1.553554646670818329e-02
-1.118288375437259674e-02
8.837580680847167969e-03
-3.848535940051078796e-03
-2.772477455437183380e-02
4.597942810505628586e-03
2.262760698795318604e-02
-6.377782672643661499e-03
-1.721695438027381897e-02
3.063220763579010963e-03
-1.218494120985269547e-02
1.857928186655044556e-02
-4.671073053032159805e-03
-4.008300974965095520e-02
4.997564945369958878e-03
2.459369041025638580e-02
-1.961489766836166382e-02
-3.606810001656413078e-03
7.234033942222595215e-02
3.182369109708815813e-04
-2.036101929843425751e-02
-1.329613290727138519e-02
1.528999395668506622e-02
1.720564998686313629e-02
-6.915882229804992676e-02
8.700638264417648315e-02
-2.896354533731937408e-03
-3.101997543126344681e-03
8.947608992457389832e-03
1.508825458586215973e-02
1.193329924717545509e-03
9.430537000298500061e-03
-7.833071053028106689e-03
-2.416870184242725372e-02
2.513445448130369186e-03
-6.957162404432892799e-04
-1.237108558416366577e-02
9.429981000721454620e-03
-3.210155293345451355e-02
-6.040507182478904724e-02
6.118995137512683868e-03
-2.257156884297728539e-03
4.392562061548233032e-02
4.465408856049180031e-04
1.775017566978931427e-02
1.470565330237150192e-02
-8.448737673461437225e-03
-3.229617327451705933e-02
-3.894682275131344795e-03
2.353596687316894531e-02
-1.203069649636745453e-02
-1.375785004347562790e-02
8.035527542233467102e-03
-4.568605497479438782e-02
-7.081063929945230484e-03
-6.319668143987655640e-03
-1.180950365960597992e-02
3.903711959719657898e-02
-3.835295885801315308e-02
1.672208309173583984e-02
-2.603327156975865364e-03
1.820383826270699501e-03
4.824988543987274170e-03
-3.458471968770027161e-02
-5.656115245074033737e-03
-2.267813682556152344e-02
9.795262478291988373e-03
1.760781370103359222e-02
5.769493523985147476e-03
2.519983099773526192e-03
1.111259609460830688e-01
-4.798306524753570557e-02
5.361202172935009003e-03
-1.507232896983623505e-02
-8.342596702277660370e-03
8.442556858062744141e-02
-3.374791145324707031e-02
-1.182144954800605774e-01
-1.249686349183320999e-02
-9.651347994804382324e-02
-2.788633573800325394e-03
-1.304556727409362793e-01
-1.019312348216772079e-02
-1.768502639606595039e-03
-1.916737668216228485e-02
-1.127898809500038624e-03
-5.207361653447151184e-02
1.298899529501795769e-03
-1.385935302823781967e-02
-3.517576307058334351e-02
-3.045067132916301489e-04
-1.585571095347404480e-02
1.643215306103229523e-02
-3.501188382506370544e-02
-4.964891076087951660e-02
-2.924156840890645981e-03
1.733604259788990021e-02
-5.597610771656036377e-02
-1.232126727700233459e-02
-5.293340608477592468e-02
3.035022644326090813e-03
-1.842921413481235504e-02
-4.136358574032783508e-02
3.797964379191398621e-02
-4.924498032778501511e-03
6.190157495439052582e-03
8.723059669137001038e-03
2.655961364507675171e-02
-3.977481392212212086e-04
-2.327655674889683723e-03
1.936309039592742920e-02
2.045384794473648071e-02
-5.376866552978754044e-03
1.903464645147323608e-02
-8.045424707233905792e-03
2.945024333894252777e-02
1.204599998891353607e-02
1.472647581249475479e-02
4.236543318256735802e-04
-5.943811684846878052e-02
-3.758213249966502190e-03
1.400640048086643219e-02
-2.260516397655010223e-02
8.720915764570236206e-03
3.146242722868919373e-02
-2.504680771380662918e-03
-6.863389909267425537e-02
-1.542005389928817749e-01
8.287879638373851776e-03
-4.852318379562348127e-04
6.553840637207031250e-02
1.237695440649986267e-01
1.419751998037099838e-02
-1.678294502198696136e-02
-1.250411849468946457e-02
2.500545792281627655e-02
-3.476132825016975403e-02
1.975919352844357491e-03
6.406098604202270508e-03
-1.988865435123443604e-01
-3.681920841336250305e-02
7.601594924926757812e-02
1.880332268774509430e-02
6.850840151309967041e-02
-6.056818738579750061e-02
-2.001832425594329834e-02
8.539334521628916264e-04
-9.049908258020877838e-04
1.304729655385017395e-02
-8.691114373505115509e-03
-1.212596544064581394e-03
-7.986253499984741211e-02
-8.630719967186450958e-03
3.328839316964149475e-02
3.498618956655263901e-03
9.013871662318706512e-03
2.530616521835327148e-02
-4.885349888354539871e-03
3.167650476098060608e-02
-5.898993462324142456e-03
2.437652647495269775e-02
-7.478951662778854370e-02
-7.043559551239013672e-01
-9.959204122424125671e-03
3.195068566128611565e-03
7.677449844777584076e-03
-8.978589437901973724e-03
-6.079977750778198242e-02
-2.005460485816001892e-02
6.321900524199008942e-03
-7.352219894528388977e-03
-2.968701906502246857e-02
-3.010129928588867188e-02
2.466801367700099945e-02
1.701676100492477417e-02
1.759920082986354828e-02
-3.121116571128368378e-02
-3.625297173857688904e-02
7.398726884275674820e-03
1.098680496215820312e-02
3.811794158536940813e-04
2.248343825340270996e-02
2.052194811403751373e-02
4.071364179253578186e-02
-6.925249844789505005e-02
1.076546311378479004e-02
1.451498363167047501e-02
-6.285294075496494770e-04
9.751913696527481079e-02
8.687044493854045868e-03
-3.400915488600730896e-02
-1.335822325199842453e-02
2.300765551626682281e-02
-7.500759325921535492e-03
4.548674623947590590e-04
9.908562060445547104e-04
-3.630645805969834328e-03
-1.925738179124891758e-03
-4.354036413133144379e-03
1.071744225919246674e-02
1.823542080819606781e-02
2.849562838673591614e-02
3.880238533020019531e-02
1.046283692121505737e-01
-1.833724416792392731e-02
4.316173866391181946e-02
3.255918249487876892e-02
9.375331550836563110e-02
2.241956070065498352e-02
1.210479252040386200e-02
1.829718612134456635e-02
7.862022519111633301e-02
8.951739966869354248e-02
4.251679778099060059e-02
6.799410283565521240e-02
-6.863457616418600082e-03
-6.329092383384704590e-02
-6.697223335504531860e-02
2.010145783424377441e-02
8.073831908404827118e-03
1.257513761520385742e-01
1.505606714636087418e-02
4.333298280835151672e-02
7.299259305000305176e-02
-1.976793631911277771e-02
-1.908087544143199921e-02
1.179643943905830383e-01
9.072204679250717163e-02
3.125496953725814819e-02
5.152048915624618530e-02
-1.452928632497787476e-01
1.258391290903091431e-01
-1.407345235347747803e-01
-2.088680863380432129e-02
3.509523719549179077e-02
5.431714281439781189e-02
9.750466048717498779e-02
-1.349979639053344727e-01
5.933451931923627853e-03
8.430411107838153839e-03
-3.680583834648132324e-02
8.177146315574645996e-02
-7.523880805820226669e-03
8.443424701690673828e-01
-5.406414717435836792e-02
-9.015993028879165649e-02
-1.419877111911773682e-01
4.916649684309959412e-02
7.626501470804214478e-02
6.707170512527227402e-03
1.273074150085449219e-01
-1.356308069080114365e-02
-5.198693275451660156e-02
1.140161305665969849e-01
1.843237550929188728e-03
-5.242604762315750122e-02
-3.769489377737045288e-02
-4.735263437032699585e-02
-5.604847893118858337e-02
4.890406876802444458e-02
8.319373242557048798e-03
3.685151413083076477e-02
-4.134213924407958984e-02
-2.170043811202049255e-02
-2.425183728337287903e-02
-1.571048237383365631e-02
-4.833601880818605423e-03
1.678804494440555573e-02
1.974510028958320618e-02
-6.568701565265655518e-02
-3.052987903356552124e-02
5.307438597083091736e-02
-3.741704300045967102e-02
-1.126313023269176483e-02
8.567411452531814575e-03
-3.475411608815193176e-02
2.384991198778152466e-02
-3.649487160146236420e-03
2.995595894753932953e-02
-5.504221469163894653e-02
-4.610012844204902649e-02
-3.656745702028274536e-02
-1.249405927956104279e-02
-5.687869340181350708e-02
6.207762751728296280e-03
5.822240561246871948e-02
2.070722915232181549e-02
-7.707100361585617065e-02
-1.483200397342443466e-02
-5.109425261616706848e-02
4.857912193983793259e-03
5.316092818975448608e-02
-6.277215480804443359e-02
-3.184118121862411499e-02
-1.599792204797267914e-02
4.821192845702171326e-02
-1.683181524276733398e-02
-2.639718726277351379e-02
-3.113435581326484680e-02
9.063670784235000610e-02
9.785509854555130005e-02
1.965506188571453094e-02
4.798256978392601013e-02
-2.570431679487228394e-02
-3.852162137627601624e-02
-7.332326471805572510e-02
-2.803350053727626801e-02
3.157875686883926392e-02
1.289236266165971756e-02
3.925228118896484375e-02
3.270868677645921707e-03
-2.076666802167892456e-02
-5.077759921550750732e-02
1.199091877788305283e-02
1.096747349947690964e-02
1.903713308274745941e-02
1.671984419226646423e-02
1.254226416349411011e-01
-2.569727040827274323e-02
5.133698880672454834e-02
-1.059620901942253113e-01
5.118973180651664734e-02
4.340610653162002563e-02
8.208294957876205444e-02
-7.416225969791412354e-02
-1.925323717296123505e-02
1.097728870809078217e-02
6.921661645174026489e-02
-2.637155586853623390e-03
-5.291452258825302124e-02
-6.999081466346979141e-03
-2.295839367434382439e-03
6.310235708951950073e-02
5.311959981918334961e-02
4.185925237834453583e-03
-8.769596926867961884e-03
9.391710162162780762e-02
4.320200998336076736e-03
3.286304324865341187e-02
1.697249594144523144e-03
1.886787940748035908e-03
5.890707299113273621e-02
-5.886507220566272736e-03
4.361017793416976929e-02
-2.714064903557300568e-03
-4.048375412821769714e-02
-7.949706912040710449e-02
2.343104407191276550e-02
1.738130301237106323e-02
1.575354859232902527e-02
-1.056452747434377670e-02
1.006787791848182678e-01
-7.780790794640779495e-03
1.663970397203229368e-05
7.867800444364547729e-02
-2.241973951458930969e-02
4.690039437264204025e-03
4.136068001389503479e-02
1.664920523762702942e-02
6.723831873387098312e-03
6.247932463884353638e-02
4.816999286413192749e-02
-6.546363234519958496e-03
-3.442789986729621887e-02
-2.369937859475612640e-02
-4.543668404221534729e-02
2.522608265280723572e-02
4.114667698740959167e-02
-9.172601625323295593e-03
-1.571371592581272125e-02
-7.884754985570907593e-02
-6.914411485195159912e-02
1.380688231438398361e-02
-4.330530390143394470e-02
2.933764643967151642e-02
1.882110163569450378e-02
6.393501907587051392e-02
-2.536542946472764015e-03
3.367069363594055176e-02
1.119909621775150299e-02
-4.517135396599769592e-02
-1.448958832770586014e-02
1.329610869288444519e-02
-4.477813839912414551e-02
7.627442479133605957e-02
5.561325699090957642e-02
6.109654158353805542e-02
8.734236471354961395e-03
-6.678598374128341675e-02
1.939080096781253815e-02
-6.023108959197998047e-02
6.224474310874938965e-02
3.099202876910567284e-03
-1.561278384178876877e-02
7.223654538393020630e-03
-4.977047443389892578e-02
5.280724912881851196e-02
-2.773141674697399139e-02
-2.944224514067173004e-02
-1.033041719347238541e-02
5.791564658284187317e-02
5.729114171117544174e-03
-1.496713515371084213e-02
6.092180311679840088e-02
-4.821020737290382385e-02
-2.303563244640827179e-02
1.325832773000001907e-02
-1.265674270689487457e-02
-7.692703511565923691e-03
-9.885298786684870720e-04
6.560097634792327881e-02
-8.321930654346942902e-03
-5.738738924264907837e-02
1.900146529078483582e-02
-3.572721406817436218e-02
-7.324643898755311966e-03
-8.652198128402233124e-03
2.374273911118507385e-02
8.363672345876693726e-02
-6.528678536415100098e-02
-6.995009630918502808e-02
4.033692181110382080e-02
-4.954328760504722595e-02
9.270496666431427002e-03
-5.796786397695541382e-02
7.222134619951248169e-02
-2.177517162635922432e-03
-2.084758691489696503e-02
9.254735894501209259e-03
-1.303065335378050804e-03
-2.051289752125740051e-02
-1.014959719032049179e-02
-3.597483411431312561e-02
-1.343253348022699356e-02
-3.223383100703358650e-03
6.644874066114425659e-02
-1.388212945312261581e-02
-1.358340773731470108e-02
-3.298050537705421448e-02
2.290171012282371521e-02
-2.162236161530017853e-02
2.414441900327801704e-03
-2.383721806108951569e-02
7.573257666081190109e-03
4.194244742393493652e-02
-1.263529248535633087e-02
-9.973476640880107880e-03
2.095323055982589722e-02
2.356704324483871460e-02
4.141565412282943726e-02
-3.562309220433235168e-02
1.378188002854585648e-02
5.308356881141662598e-02
-2.395105920732021332e-02
1.046439409255981445e-01
1.852514594793319702e-02
2.698564715683460236e-02
6.159785017371177673e-02
-4.341450706124305725e-02
-5.493550375103950500e-02
-4.879828076809644699e-03
4.446596279740333557e-02
-4.682433977723121643e-02
-4.957069456577301025e-02
4.382859915494918823e-02
1.967163197696208954e-02
-4.474894702434539795e-02
3.291622549295425415e-02
-9.300788491964340210e-02
-7.667217403650283813e-02
1.119713392108678818e-02
1.010609269142150879e-01
-1.033238768577575684e-01
-9.425897151231765747e-03
-8.903454244136810303e-02
7.730299979448318481e-02
-7.402998954057693481e-02
1.420689281076192856e-02
7.425590604543685913e-02
-2.705406770110130310e-02
-4.160287976264953613e-02
3.326278552412986755e-02
1.796908304095268250e-02
3.150984644889831543e-02
-3.375336155295372009e-02
6.695539504289627075e-02
-4.299424961209297180e-02
-4.429516568779945374e-02
-2.340885810554027557e-02
9.781673550605773926e-03
-5.690914392471313477e-02
8.703839033842086792e-03
2.842581598088145256e-03
4.968220740556716919e-02
1.854500733315944672e-02
-1.300756335258483887e-01
-3.537234663963317871e-02
2.055504173040390015e-02
7.887554354965686798e-03
-3.852725401520729065e-02
-1.401555072516202927e-02
2.950180880725383759e-02
-3.807012736797332764e-02
-1.397805102169513702e-02
-3.536153212189674377e-02
5.379201844334602356e-03
2.123520523309707642e-02
-1.582616381347179413e-02
5.734051018953323364e-02
5.042139813303947449e-02
-2.839027158915996552e-02
5.246331170201301575e-02
-2.534534782171249390e-02
-1.919646374881267548e-02
-3.858924657106399536e-02
3.101775608956813812e-02
9.404274635016918182e-03
5.282961204648017883e-02
-4.721599072217941284e-02
-4.972731322050094604e-02
-3.108195587992668152e-02
-6.299310177564620972e-02
-2.943957038223743439e-02
4.267574474215507507e-02
5.690163001418113708e-02
-3.496769582852721214e-03
-8.540604263544082642e-02
-2.833831869065761566e-02
-5.548122897744178772e-02
-1.424930989742279053e-03
7.091367989778518677e-02
1.001014560461044312e-02
3.884817287325859070e-02
-2.706056460738182068e-03
-7.096969336271286011e-02
1.838730834424495697e-02
-1.739789359271526337e-02
-2.964921295642852783e-03
2.961488440632820129e-02
5.347210913896560669e-02
-7.717723958194255829e-03
3.282802924513816833e-02
-5.952163785696029663e-02
1.540421694517135620e-02
-7.513497769832611084e-02
3.581563010811805725e-02
5.892874323762953281e-04
-6.685924530029296875e-02
-6.166185066103935242e-02
-3.509309515357017517e-02
2.509654313325881958e-02
4.834318906068801880e-02
4.994505085051059723e-03
-3.081705421209335327e-02
-6.802798062562942505e-02
-6.177295371890068054e-02
2.319358475506305695e-02
1.758984290063381195e-02
-5.745818838477134705e-02
-6.895131617784500122e-02
-6.534731015563011169e-03
9.859133511781692505e-03
4.305136948823928833e-02
2.197178453207015991e-02
-7.743164896965026855e-02
-4.542273283004760742e-02
9.463706612586975098e-02
-7.313098292797803879e-03
1.723245158791542053e-02
1.296915672719478607e-02
-6.010442227125167847e-02
-5.357442423701286316e-02
7.887697219848632812e-02
1.241563726216554642e-02
-1.982888951897621155e-02
-4.908542335033416748e-02
-5.290095577947795391e-04
-1.924761198461055756e-02
7.647327147424221039e-03
-7.569855451583862305e-02
-1.147150807082653046e-02
3.201675787568092346e-02
-4.976441711187362671e-02
-1.580609381198883057e-02
-4.252547223586589098e-04
2.420048601925373077e-02
-2.698362106457352638e-03
2.211609296500682831e-02
-4.444247111678123474e-02
3.344198316335678101e-02
-2.743274439126253128e-03
-2.817787230014801025e-02
-1.592807099223136902e-02
5.888167023658752441e-02
1.705196686089038849e-02
5.736695975065231323e-02
2.716956846415996552e-02
5.378266051411628723e-02
-9.309763088822364807e-03
-8.782460354268550873e-03
7.599449902772903442e-02
1.341575831174850464e-01
-4.019062966108322144e-03
5.875283852219581604e-02
-3.331673098728060722e-03
-2.028266713023185730e-02
4.471876099705696106e-02
-2.107178606092929840e-02
-3.096463903784751892e-02
2.874743565917015076e-02
-1.501831319183111191e-02
-2.945211902260780334e-02
1.687471754848957062e-02
-9.819994866847991943e-02
-4.075428098440170288e-02
5.397301912307739258e-02
-6.325852870941162109e-02
4.822316765785217285e-02
-7.228738814592361450e-02
-6.528259068727493286e-02
2.215885557234287262e-02
7.311046868562698364e-02
3.652267856523394585e-03
1.496489439159631729e-02
-4.806745052337646484e-02
-5.716702714562416077e-02
-1.296388544142246246e-02
1.188157126307487488e-02
4.759038798511028290e-03
3.866474609822034836e-03
1.878433674573898315e-02
-3.841008991003036499e-02
4.269788041710853577e-02
4.352541267871856689e-02
-6.116718519479036331e-03
2.157537080347537994e-02
-2.545975148677825928e-03
-6.454122811555862427e-02
7.751971483230590820e-02
-1.698494330048561096e-02
6.739867478609085083e-02
3.271101415157318115e-02
5.643029510974884033e-02
-6.006773933768272400e-02
-8.815031615085899830e-04
4.164559021592140198e-02
1.288977637887001038e-02
-4.619877412915229797e-02
-3.305096924304962158e-02
5.527766421437263489e-03
-8.864579722285270691e-03
4.416600987315177917e-02
-4.857087507843971252e-02
7.158739864826202393e-02
-6.230273749679327011e-03
-1.878351159393787384e-02
-2.248853258788585663e-02
1.316194050014019012e-02
5.756884440779685974e-02
5.246276780962944031e-02
-2.249203249812126160e-02
-6.061695516109466553e-02
1.067359521985054016e-01
1.288936287164688110e-02
-3.693852946162223816e-02
3.768329694867134094e-02
4.806929454207420349e-02
-2.375113591551780701e-02
1.007810886949300766e-02
-5.310721322894096375e-02
1.953155361115932465e-02
4.232865758240222931e-03
8.622073568403720856e-03
8.034148067235946655e-02
9.255739860236644745e-05
-2.492238953709602356e-02
-1.031609475612640381e-01
-1.668550074100494385e-02
6.242272257804870605e-02
-2.793685533106327057e-03
6.910783797502517700e-02
1.168410107493400574e-02
-9.147769212722778320e-02
-4.928768798708915710e-02
-9.968011640012264252e-03
-6.107774004340171814e-02
-7.278567645698785782e-03
-8.116884157061576843e-03
-3.513463959097862244e-02
-1.515480317175388336e-02
3.626942262053489685e-02
-1.920753158628940582e-02
2.056484855711460114e-02
5.125416070222854614e-02
1.323435921221971512e-02
8.006066083908081055e-03
9.126655012369155884e-02
-3.992841579020023346e-03
-1.252326555550098419e-02
5.126099288463592529e-02
6.348704546689987183e-02
7.879739254713058472e-02
-1.596934534609317780e-02
-5.571597442030906677e-02
1.600764319300651550e-02
-6.562573462724685669e-02
-2.440672367811203003e-03
1.507603283971548080e-02
-4.339898377656936646e-02
2.041174285113811493e-02
-1.958334352821111679e-03
-8.354244753718376160e-03
-5.002477020025253296e-02
-5.482057854533195496e-02
1.144458055496215820e-01
4.238659888505935669e-02
-5.067988485097885132e-02
-4.724078997969627380e-02
-8.804759941995143890e-03
-1.311725843697786331e-02
-1.857516728341579437e-02
-9.426827728748321533e-02
-7.834274321794509888e-02
4.126730561256408691e-02
5.367424711585044861e-02
-1.064786612987518311e-01
-6.492019630968570709e-03
5.733656696975231171e-03
5.425997544080018997e-03
4.520708322525024414e-02
4.597071185708045959e-02
-1.031154207885265350e-02
-2.637201733887195587e-02
-1.918477565050125122e-02
1.301129441708326340e-02
-5.904955044388771057e-02
-2.350614033639431000e-02
2.103473804891109467e-02
-4.128511622548103333e-02
2.933163382112979889e-02
-9.054686874151229858e-02
5.524951498955488205e-03
1.219693571329116821e-01
1.111848931759595871e-02
4.414245486259460449e-02
-1.752280863001942635e-03
-8.585019037127494812e-03
1.312909834086894989e-02
-1.697751879692077637e-02
1.689007319509983063e-02
-3.433349356055259705e-02
4.438243061304092407e-02
-4.811780899763107300e-02
3.651678934693336487e-02
-8.592455834150314331e-02
-2.279326692223548889e-02
1.111594308167695999e-02
1.608953066170215607e-02
2.219852618873119354e-02
3.169338405132293701e-02
-7.631570100784301758e-02
4.373399540781974792e-02
2.956258831545710564e-03
-9.135916084051132202e-02
-1.926760189235210419e-02
-2.912905067205429077e-02
1.057693175971508026e-02
2.084582671523094177e-02
3.217560239136219025e-03
3.523750603199005127e-02
4.686359316110610962e-02
1.540247537195682526e-02
4.398277774453163147e-02
