8.833767846226692200e-03
-2.680706605315208435e-02
-1.458294317126274109e-02
1.627243496477603912e-02
-6.435490678995847702e-03
2.789773792028427124e-02
2.759806998074054718e-02
5.566994473338127136e-02
1.215336024761199951e-01
2.574910409748554230e-02
-1.940352655947208405e-02
-5.919631104916334152e-03
2.302265167236328125e-02
-3.239792957901954651e-02
-2.716567739844322205e-02
7.758624851703643799e-03
-1.619143784046173096e-02
-4.938718397170305252e-03
-7.603488117456436157e-02
2.377863042056560516e-02
1.125024165958166122e-02
3.046654537320137024e-02
-3.600798547267913818e-02
-1.700415462255477905e-02
2.803892421070486307e-04
1.061216369271278381e-02
9.371531195938587189e-03
-1.198327168822288513e-02
-2.671816945075988770e-02
1.210837741382420063e-03
-2.004101127386093140e-01
-1.838168827816843987e-03
2.422365546226501465e-02
-4.030879121273756027e-03
-5.982023198157548904e-03
9.375210106372833252e-02
-3.969419747591018677e-02
1.831304840743541718e-02
-3.423456847667694092e-02
-1.516846120357513428e-01
-1.037794258445501328e-02
1.167145092040300369e-03
5.462061613798141479e-02
-5.014708265662193298e-02
-1.544592902064323425e-03
-7.274938747286796570e-03
-4.125150735490024090e-05
-6.898383609950542450e-03
2.215212397277355194e-02
7.172964047640562057e-03
2.724306285381317139e-02
-4.468757659196853638e-02
-1.091838106513023376e-01
3.583558276295661926e-02
1.412822282873094082e-03
6.773113738745450974e-03
-1.131522376090288162e-02
2.108753100037574768e-02
2.572118937969207764e-01
2.722113393247127533e-03
-5.140266730450093746e-04
-2.737971022725105286e-03
-3.207887336611747742e-02
-5.600355099886655807e-03
1.054113730788230896e-02
-6.728750187903642654e-03
2.048229239881038666e-02
-2.099200338125228882e-02
1.302947569638490677e-02
-4.192038625478744507e-02
1.882340759038925171e-02
-8.023627102375030518e-03
-5.464293807744979858e-02
-2.378576173214241862e-04
2.799873799085617065e-02
-2.869031019508838654e-02
3.165804548189043999e-03
8.727410435676574707e-02
3.027522237971425056e-03
-4.857598245143890381e-02
-4.963328596204519272e-03
1.122329942882061005e-02
2.598518133163452148e-02
-1.105588674545288086e-01
9.466098994016647339e-02
6.341503933072090149e-03
-8.181284181773662567e-03
1.763562113046646118e-02
1.064498629420995712e-02
-8.992910385131835938e-03
-6.109627429395914078e-04
-4.314240813255310059e-02
-2.485242486000061035e-02
-3.730787429958581924e-03
6.287275813519954681e-03
-8.533269166946411133e-03
2.082146331667900085e-02
-2.952293679118156433e-02
-6.594309210777282715e-02
2.443126589059829712e-02
-3.821598598733544350e-03
4.499909654259681702e-02
-1.197933033108711243e-02
1.334332861006259918e-02
1.489922311156988144e-02
-2.958459779620170593e-03
-4.280902817845344543e-02
-2.211885002907365561e-04
1.867942884564399719e-02
-1.252667699009180069e-02
-2.626471593976020813e-02
5.005135666579008102e-03
-5.569251254200935364e-02
-1.023286022245883942e-02
3.167032031342387199e-03
-2.897089347243309021e-03
6.578211486339569092e-02
-4.552315175533294678e-02
5.459154024720191956e-03
-2.939373720437288284e-03
2.217670902609825134e-03
-1.149419043213129044e-02
-3.891735896468162537e-02
-2.394566079601645470e-03
-3.495507687330245972e-02
1.216170378029346466e-02
2.906280197203159332e-02
5.328273866325616837e-03
1.098156571970321238e-04
1.048439890146255493e-01
-6.680236011743545532e-02
1.236712373793125153e-02
-1.372165512293577194e-02
-7.303952239453792572e-03
8.817607164382934570e-02
-3.027998097240924835e-02
-1.445737034082412720e-01
-4.993834346532821655e-02
-8.857494592666625977e-02
-1.415093080140650272e-03
-1.652046740055084229e-01
-8.217877708375453949e-03
-3.165984293445944786e-03
-1.835893094539642334e-02
-1.143206143751740456e-03
-7.633862644433975220e-02
9.645227342844009399e-03
-2.339796349406242371e-02
-2.455428987741470337e-02
1.006588432937860489e-02
-2.083306014537811279e-02
1.597294025123119354e-02
-2.909789234399795532e-02
-5.987739190459251404e-02
1.580078504048287868e-03
4.085438326001167297e-02
-8.417534828186035156e-02
-2.417341433465480804e-02
-5.113335326313972473e-02
3.548287786543369293e-03
-2.525123022496700287e-02
-3.216135501861572266e-02
5.065391212701797485e-02
-8.586314506828784943e-03
-9.066406637430191040e-03
-1.214832812547683716e-02
5.874086916446685791e-02
-7.832619361579418182e-03
-2.332495758309960365e-03
9.051621891558170319e-03
2.187175117433071136e-02
-2.694143331609666348e-04
1.616463623940944672e-02
1.792874303646385670e-03
2.954528853297233582e-02
1.190929673612117767e-02
1.188822556287050247e-02
4.194314125925302505e-03
-3.308759257197380066e-02
-1.088628917932510376e-02
2.954473905265331268e-02
-1.133633870631456375e-02
-4.631610587239265442e-03
3.417155519127845764e-02
-5.138900596648454666e-03
-7.235757261514663696e-02
-1.607382148504257202e-01
1.685695536434650421e-02
-1.032044994644820690e-03
5.921391025185585022e-02
1.258236169815063477e-01
1.364775747060775757e-02
-2.090102061629295349e-02
-1.664550043642520905e-03
2.072161622345447540e-02
-6.874863803386688232e-02
-4.139948263764381409e-02
1.043850716087035835e-05
-2.562302052974700928e-01
-3.098659962415695190e-02
9.763995558023452759e-02
1.258472725749015808e-02
7.820904999971389771e-02
-7.603269070386886597e-02
-3.359584137797355652e-02
-2.033832250162959099e-03
3.807615255936980247e-03
3.413902129977941513e-03
-1.902656815946102142e-02
2.940460667014122009e-02
-9.869471192359924316e-02
-1.905978098511695862e-02
3.740100190043449402e-02
1.006845501251518726e-03
-1.215375959873199463e-03
8.595996536314487457e-03
5.577532574534416199e-03
3.179729729890823364e-02
2.415153663605451584e-03
3.669674322009086609e-02
-9.412176907062530518e-02
-6.296461224555969238e-01
-1.536292396485805511e-02
-7.916921749711036682e-04
1.185303647071123123e-02
-1.802859269082546234e-02
-7.974681258201599121e-02
-1.706709899008274078e-02
-3.578380448743700981e-03
-1.681251265108585358e-02
-4.298540949821472168e-02
6.750526838004589081e-03
2.047297731041908264e-02
1.764283329248428345e-02
2.548222057521343231e-02
-3.520443663001060486e-02
-3.740250691771507263e-02
5.599793978035449982e-03
1.847643963992595673e-02
-2.285947324708104134e-03
2.570128068327903748e-02
9.594514966011047363e-03
4.026763886213302612e-02
-1.019906625151634216e-01
2.484035864472389221e-02
2.155706286430358887e-03
-5.881486576981842518e-04
1.051927953958511353e-01
9.992757812142372131e-03
-3.263533860445022583e-02
-1.707992888987064362e-02
3.635784611105918884e-02
-2.356079593300819397e-02
3.425969276577234268e-03
4.159168805927038193e-03
-6.345716305077075958e-03
-2.934891358017921448e-02
-4.057412967085838318e-02
-3.122056089341640472e-02
1.548892166465520859e-02
1.475851610302925110e-02
5.823142454028129578e-02
8.684144914150238037e-02
-1.581103540956974030e-02
2.678558975458145142e-02
4.491034150123596191e-02
1.341365426778793335e-01
5.166737735271453857e-02
4.911214485764503479e-02
1.575116813182830811e-02
1.011348292231559753e-01
9.383581578731536865e-02
4.385484009981155396e-02
6.628091633319854736e-02
-3.638607263565063477e-02
-4.590616375207901001e-02
-1.092120781540870667e-01
-1.870978064835071564e-02
6.806890014559030533e-03
1.147553697228431702e-01
9.713124483823776245e-03
6.506593525409698486e-02
4.286967962980270386e-02
-5.656368099153041840e-03
-5.946948379278182983e-02
8.724112063646316528e-02
1.351245343685150146e-01
1.247672922909259796e-02
1.506006519775837660e-04
-1.347186714410781860e-01
1.520125269889831543e-01
-1.074886694550514221e-01
-3.285276517271995544e-02
6.706653535366058350e-02
3.842383250594139099e-02
7.158187776803970337e-02
-1.354800611734390259e-01
4.828874394297599792e-02
6.199474446475505829e-03
-1.817025057971477509e-02
1.104423254728317261e-01
-2.123284619301557541e-03
8.255490660667419434e-01
-8.021481335163116455e-02
-1.083333566784858704e-01
-1.380008012056350708e-01
4.615802690386772156e-02
4.743508994579315186e-02
-2.489144681021571159e-03
1.421792507171630859e-01
1.050079520791769028e-02
-5.248306319117546082e-02
9.162028133869171143e-02
2.391814440488815308e-02
-2.167896367609500885e-02
-5.636374652385711670e-02
2.286654897034168243e-03
-6.842757761478424072e-02
7.612251490354537964e-02
3.513076156377792358e-02
3.081402927637100220e-02
-4.902928695082664490e-02
-2.342055737972259521e-02
-2.587536349892616272e-02
-2.258908562362194061e-02
-4.357399884611368179e-03
1.989817060530185699e-02
2.009571157395839691e-02
-6.468506902456283569e-02
-3.233613073825836182e-02
5.947690457105636597e-02
-3.383496031165122986e-02
-1.034204661846160889e-02
1.229896303266286850e-02
-4.371232166886329651e-02
2.638533525168895721e-02
3.978454507887363434e-03
2.787943370640277863e-02
-5.399658158421516418e-02
-4.276395961642265320e-02
-3.524821624159812927e-02
-1.408067718148231506e-02
-6.014200299978256226e-02
4.895844031125307083e-03
5.330946668982505798e-02
2.495287731289863586e-02
-7.207725197076797485e-02
-1.418120600283145905e-02
-5.561555549502372742e-02
3.198712598532438278e-03
5.105427280068397522e-02
-4.992538318037986755e-02
-2.481297403573989868e-02
-2.129290066659450531e-02
4.555980861186981201e-02
-2.841495722532272339e-02
-1.338285766541957855e-02
-3.723752126097679138e-02
8.257644623517990112e-02
8.499835431575775146e-02
3.131395205855369568e-02
5.366091057658195496e-02
-2.288196422159671783e-02
-3.244128078222274780e-02
-8.295722305774688721e-02
-2.277293428778648376e-02
3.239175677299499512e-02
1.302949059754610062e-02
3.519414365291595459e-02
2.052529342472553253e-02
-2.048441395163536072e-02
-5.776435881853103638e-02
1.663283258676528931e-02
1.987124234437942505e-02
1.785898581147193909e-02
2.919446118175983429e-02
1.273275911808013916e-01
-2.125631645321846008e-02
4.515023157000541687e-02
-1.005263552069664001e-01
4.529046267271041870e-02
3.872307389974594116e-02
7.586412131786346436e-02
-6.542360037565231323e-02
-3.166213631629943848e-02
1.176905911415815353e-02
5.535160005092620850e-02
-6.442940211854875088e-04
-5.413717031478881836e-02
-3.071740735322237015e-03
-1.375398598611354828e-03
6.069750338792800903e-02
5.195036157965660095e-02
4.744271282106637955e-04
-1.830786117352545261e-03
8.066846430301666260e-02
8.927359245717525482e-03
1.746955141425132751e-02
1.325036212801933289e-02
-4.078932106494903564e-03
5.676832795143127441e-02
-4.324914421886205673e-03
5.491570010781288147e-02
-1.075144391506910324e-03
-4.363304004073143005e-02
-7.794787734746932983e-02
2.179273031651973724e-02
1.427767146378755569e-02
1.451378036290407181e-02
-1.141425967216491699e-02
9.936960786581039429e-02
-3.506399923935532570e-03
-6.507284939289093018e-03
7.635869085788726807e-02
-1.365285459905862808e-02
-5.503510590642690659e-03
4.308021068572998047e-02
1.233352627605199814e-02
4.795594606548547745e-03
4.943898692727088928e-02
4.832784086465835571e-02
-6.669010967016220093e-03
-2.584748715162277222e-02
-1.463733892887830734e-02
-4.640821367502212524e-02
2.559942938387393951e-02
3.992895781993865967e-02
-1.561633311212062836e-02
-3.174485638737678528e-02
-8.088615536689758301e-02
-7.349294424057006836e-02
1.973787508904933929e-02
-4.453900083899497986e-02
3.337584808468818665e-02
9.198055602610111237e-03
6.468036025762557983e-02
1.027453877031803131e-02
2.968180365860462189e-02
1.965842442587018013e-03
-3.652378171682357788e-02
-7.706538308411836624e-03
1.729186065495014191e-02
-3.597239404916763306e-02
6.215438246726989746e-02
6.041403859853744507e-02
6.076261401176452637e-02
7.159788627177476883e-03
-3.517598286271095276e-02
2.083726972341537476e-02
-5.482114106416702271e-02
5.380548164248466492e-02
-6.896775215864181519e-03
-2.989814430475234985e-02
1.457419060170650482e-02
-5.725955590605735779e-02
5.603234097361564636e-02
-3.185063973069190979e-02
-3.930234909057617188e-02
-7.546971086412668228e-03
5.839801207184791565e-02
4.373625386506319046e-03
-1.127197034657001495e-02
6.431674212217330933e-02
-4.809538275003433228e-02
-1.735602691769599915e-02
6.787320598959922791e-03
-1.775004342198371887e-02
-3.723114728927612305e-03
2.758175600320100784e-03
7.398960739374160767e-02
-1.798249036073684692e-02
-5.362259224057197571e-02
1.812691055238246918e-02
-4.145168885588645935e-02
7.215636782348155975e-03
-1.624802313745021820e-02
1.012158300727605820e-02
8.138607442378997803e-02
-6.262592971324920654e-02
-5.880363658070564270e-02
3.230009973049163818e-02
-5.345786362886428833e-02
1.857525110244750977e-02
-5.447650328278541565e-02
6.468179076910018921e-02
5.626818165183067322e-03
-2.058422937989234924e-02
9.168266318738460541e-03
2.375383191974833608e-04
-1.657895371317863464e-02
-1.410210691392421722e-02
-4.552416503429412842e-02
-2.265250682830810547e-02
6.759501993656158447e-03
6.813585013151168823e-02
-1.460985280573368073e-02
-1.918978802859783173e-02
-3.829035907983779907e-02
2.306564711034297943e-02
-1.165206450968980789e-02
9.653417393565177917e-03
-1.524355914443731308e-02
5.052303429692983627e-03
3.313721343874931335e-02
-1.004966069012880325e-02
-9.181527420878410339e-04
3.283412382006645203e-02
4.681508243083953857e-02
6.025724112987518311e-02
-3.008218295872211456e-02
1.688439026474952698e-02
4.624015092849731445e-02
-9.026860818266868591e-03
1.047827973961830139e-01
2.049291133880615234e-02
3.029291518032550812e-02
6.355819106101989746e-02
-3.900768607854843140e-02
-6.292895227670669556e-02
-1.203843392431735992e-02
3.739968314766883850e-02
-4.841778054833412170e-02
-3.659059852361679077e-02
2.943680621683597565e-02
2.552589774131774902e-02
-3.596353158354759216e-02
4.600968956947326660e-02
-9.520084410905838013e-02
-8.446462452411651611e-02
2.044729702174663544e-02
1.043596938252449036e-01
-9.893619269132614136e-02
-1.623321324586868286e-02
-8.192998915910720825e-02
7.792336493730545044e-02
-7.964026182889938354e-02
9.107367135584354401e-03
7.105634361505508423e-02
-2.939334511756896973e-02
-4.151814430952072144e-02
3.666131570935249329e-02
2.946861647069454193e-02
3.393667191267013550e-02
-2.679222263395786285e-02
6.658159941434860229e-02
-5.066243931651115417e-02
-5.039867013692855835e-02
-1.469886675477027893e-02
1.056487858295440674e-02
-6.447599828243255615e-02
1.198684051632881165e-02
5.027975421398878098e-03
5.045570060610771179e-02
1.953062415122985840e-02
-1.220486089587211609e-01
-2.803043089807033539e-02
1.776644587516784668e-02
1.006596535444259644e-02
-2.325692214071750641e-02
-1.864566653966903687e-02
1.964100822806358337e-02
-3.843459114432334900e-02
-1.553933694958686829e-02
-3.172185271978378296e-02
1.091406121850013733e-02
2.675087936222553253e-02
-1.844086870551109314e-02
5.958398059010505676e-02
5.496329814195632935e-02
-2.896413952112197876e-02
5.995168164372444153e-02
-1.422404870390892029e-02
-2.957403473556041718e-02
-3.641249239444732666e-02
2.323091775178909302e-02
2.109344489872455597e-02
5.341999977827072144e-02
-4.691647365689277649e-02
-5.191379413008689880e-02
-3.386775404214859009e-02
-6.056637316942214966e-02
-3.431466594338417053e-02
4.286462068557739258e-02
6.407389789819717407e-02
6.446741055697202682e-03
-9.404890239238739014e-02
-2.844314090907573700e-02
-5.252890288829803467e-02
-3.308667335659265518e-03
7.106607407331466675e-02
4.866777453571557999e-03
3.490931540727615356e-02
1.806088490411639214e-03
-6.727240979671478271e-02
2.388063631951808929e-02
-2.237986400723457336e-02
9.942760225385427475e-04
2.823638729751110077e-02
5.120419710874557495e-02
3.305914811789989471e-03
3.974917158484458923e-02
-6.844858080148696899e-02
3.123338706791400909e-02
-7.085921615362167358e-02
3.079451620578765869e-02
-5.116229876875877380e-03
-6.753474473953247070e-02
-5.029089748859405518e-02
-4.364735260605812073e-02
1.770918443799018860e-02
4.696134850382804871e-02
-6.698923185467720032e-03
-2.977485023438930511e-02
-6.800417602062225342e-02
-3.218633309006690979e-02
2.468037046492099762e-02
2.960929181426763535e-03
-5.983920395374298096e-02
-6.820020079612731934e-02
-6.091651506721973419e-03
7.585467305034399033e-03
3.910366445779800415e-02
2.293261140584945679e-02
-7.435598224401473999e-02
-6.239002943038940430e-02
9.537368267774581909e-02
-1.422404032200574875e-02
3.307167440652847290e-02
1.129712071269750595e-02
-6.251836568117141724e-02
-5.115737393498420715e-02
8.940970897674560547e-02
1.918151043355464935e-02
-2.037874422967433929e-02
-3.948972374200820923e-02
-1.443920657038688660e-02
-2.378324605524539948e-02
3.274319227784872055e-03
-8.365592360496520996e-02
-3.778771031647920609e-03
2.831710129976272583e-02
-4.399960488080978394e-02
-1.832854375243186951e-02
-3.211576258763670921e-03
2.677869796752929688e-02
1.980323111638426781e-03
1.792008802294731140e-02
-4.098933935165405273e-02
3.183961659669876099e-02
-3.436140716075897217e-03
-2.624704129993915558e-02
-1.696520484983921051e-02
5.375391617417335510e-02
1.475269999355077744e-02
5.366680771112442017e-02
3.869304060935974121e-02
5.811409279704093933e-02
-6.819286383688449860e-03
-1.832563616335391998e-02
9.067571163177490234e-02
1.340389698743820190e-01
-6.000566063448786736e-04
7.207150012254714966e-02
-1.221378566697239876e-03
-2.238234877586364746e-02
4.973651841282844543e-02
-3.567838668823242188e-02
-3.146916255354881287e-02
1.361162401735782623e-02
-1.496212091296911240e-02
-3.942925110459327698e-02
1.968737505376338959e-02
-1.005478575825691223e-01
-3.725504130125045776e-02
5.345015600323677063e-02
-6.643173843622207642e-02
4.106381163001060486e-02
-6.850909441709518433e-02
-6.326337903738021851e-02
1.575152017176151276e-02
7.396472990512847900e-02
4.713753238320350647e-03
6.659825798124074936e-03
-5.654317885637283325e-02
-5.343448370695114136e-02
-1.188979484140872955e-02
2.479130774736404419e-02
-4.906077869236469269e-03
-9.863977320492267609e-04
1.911634765565395355e-02
-3.366538509726524353e-02
5.941211432218551636e-02
4.970429092645645142e-02
-1.069284975528717041e-02
2.359244227409362793e-02
-1.814452745020389557e-02
-5.630469322204589844e-02
7.510177791118621826e-02
-7.982865907251834869e-03
6.692036241292953491e-02
3.020458854734897614e-02
5.531975254416465759e-02
-5.660158768296241760e-02
4.230581689625978470e-03
6.057699024677276611e-02
-1.731058931909501553e-03
-5.205040797591209412e-02
-2.140535414218902588e-02
1.807415485382080078e-02
-3.066638717427849770e-03
3.451241552829742432e-02
-4.196817800402641296e-02
7.369577139616012573e-02
-5.253267008811235428e-03
-1.180467009544372559e-02
-1.695399917662143707e-02
1.293378975242376328e-02
4.825200140476226807e-02
5.734758451581001282e-02
-3.268580138683319092e-02
-7.428961247205734253e-02
8.975929021835327148e-02
1.950585166923701763e-03
-5.117418989539146423e-02
3.580144047737121582e-02
4.654771089553833008e-02
-2.973732538521289825e-02
1.831956394016742706e-02
-6.297536939382553101e-02
1.653213426470756531e-02
2.295172074809670448e-03
1.049724034965038300e-02
9.074235707521438599e-02
3.713926533237099648e-03
-2.062356285750865936e-02
-1.067382991313934326e-01
-1.992442272603511810e-02
5.336958914995193481e-02
-1.261921878904104233e-02
6.987281888723373413e-02
5.159322638064622879e-03
-7.818260788917541504e-02
-6.035237014293670654e-02
2.644374733790755272e-03
-5.963638052344322205e-02
-1.163143292069435120e-02
-3.265086095780134201e-03
-3.529537096619606018e-02
-1.811037398874759674e-02
3.016686439514160156e-02
-2.423058077692985535e-02
2.424043416976928711e-02
5.561795085668563843e-02
1.532075833529233932e-02
6.431606598198413849e-03
1.045752838253974915e-01
-4.768318496644496918e-03
-1.449109427630901337e-02
5.437370389699935913e-02
6.370413303375244141e-02
7.230356335639953613e-02
3.083258168771862984e-03
-5.086150392889976501e-02
1.884132809937000275e-02
-6.996607035398483276e-02
9.113094769418239594e-03
2.032209746539592743e-02
-4.345187172293663025e-02
3.174025192856788635e-02
5.736248567700386047e-04
-7.862894795835018158e-03
-4.086138680577278137e-02
-4.936375468969345093e-02
1.121653616428375244e-01
4.947088658809661865e-02
-4.270478710532188416e-02
-5.672499164938926697e-02
3.585064550861716270e-03
-4.522376228123903275e-03
-1.373782847076654434e-02
-9.900230169296264648e-02
-6.844276934862136841e-02
5.825519561767578125e-02
4.504172131419181824e-02
-1.071782931685447693e-01
-1.297421101480722427e-02
3.765661967918276787e-03
5.114053841680288315e-03
3.638228401541709900e-02
5.447454005479812622e-02
-1.576929353177547455e-02
-3.232464939355850220e-02
-2.155685238540172577e-02
1.751463301479816437e-02
-4.970375448465347290e-02
-1.882963255047798157e-02
1.970095559954643250e-02
-5.004440993070602417e-02
2.400204725563526154e-02
-7.974074035882949829e-02
6.263437215238809586e-03
1.143187358975410461e-01
1.147533208131790161e-02
4.214071109890937805e-02
-3.004842437803745270e-03
-1.196095440536737442e-02
5.053963512182235718e-03
-2.509877085685729980e-02
2.157354727387428284e-02
-3.339250758290290833e-02
5.570909753441810608e-02
-4.900563880801200867e-02
3.609580174088478088e-02
-8.534588664770126343e-02
-1.648361422121524811e-02
1.085992716252803802e-02
2.670245245099067688e-02
2.654175274074077606e-02
3.071044012904167175e-02
-7.585827261209487915e-02
3.645059838891029358e-02
1.162506546825170517e-02
-9.838292747735977173e-02
-4.066251218318939209e-02
-3.728628531098365784e-02
2.138516306877136230e-02
1.704912260174751282e-02
-4.638073500245809555e-03
3.811454772949218750e-02
4.245521128177642822e-02
6.832184735685586929e-03
2.952209487557411194e-02
