0.0129061732441187
0.0968723893165588
-0.0517639108002186
-0.0626196935772896
-0.0095998039469123
0.1223763674497604
0.1238358989357948
-0.1104168742895126
-0.0829991325736046
-0.0877094790339470
-0.0328107140958309
-0.0769039392471313
0.0330811664462090
-0.0496726334095001
0.0745751112699509
0.0626817494630814
-0.1028358861804008
0.0372069627046585
0.0647968798875809
0.0833756923675537
-0.0510824359953403
-0.1064659953117371
0.0242035984992981
-0.0150020755827427
0.0128178987652063
0.0625510811805725
0.1206934824585915
-0.0512237101793289
-0.0624783746898174
0.0381760299205780
-0.0118644014000893
-0.0657392367720604
-0.0153234610334039
-0.0637484043836594
-0.0091645242646337
-0.0548670887947083
-0.0059724645689130
0.0207404308021069
-0.0664101466536522
-0.0264782421290874
0.0719875171780586
0.0947322398424149
-0.0482704006135464
0.0395249314606190
-0.0638417229056358
-0.0802044942975044
-0.0588234439492226
0.0687395557761192
0.0953482389450073
-0.1240105032920837
0.0576671659946442
0.0580515563488007
0.1198586523532867
-0.0089075090363622
0.0420939251780510
0.1004265770316124
0.0340553671121597
-0.0149557571858168
0.0898044034838676
0.0923618972301483
-0.0279255397617817
0.0528736114501953
-0.0949356779456139
0.0036097473930568
-0.0515408925712109
-0.0840708091855049
0.1183407381176949
0.0630851611495018
-0.0287712328135967
0.0615494474768639
-0.0301670469343662
-0.0696922540664673
0.0508249700069427
-0.0151348263025284
0.1028688848018646
0.0624515190720558
-0.0558609887957573
-0.0298734456300735
-0.0383877605199814
0.0250492021441460
-0.0790542811155319
0.0316701866686344
-0.0371944345533848
0.0276729371398687
-0.0051863789558411
-0.0829766094684601
-0.0158882606774569
0.0998555347323418
0.0489976815879345
0.0005587539635599
-0.0406897887587547
-0.0608748458325863
0.0244872439652681
0.0972391590476036
0.0797829702496529
0.0585809685289860
0.0367048680782318
0.0083736572414637
-0.0585155412554741
0.0457237549126148
0.0099618593230844
0.0805953443050385
0.0882124081254005
-0.0652019679546356
-0.0593271590769291
0.0356466695666313
-0.0969567149877548
-0.0246862936764956
-0.0796773731708527
-0.0137237226590514
0.0082412008196115
0.0072618452832103
-0.0812481418251991
-0.0329657979309559
-0.0895911455154419
-0.0642857402563095
-0.0647865757346153
0.0243422295898199
0.0217208135873079
-0.0344341956079006
-0.0382223241031170
0.0777080208063126
-0.0079608419910073
-0.0061037084087729
-0.0278451740741730
-0.0402946583926678
0.0175540484488010
0.0740754976868629
0.1117340996861458
-0.0275518726557493
0.0928131416440010
0.0862490907311440
0.0307553950697184
-0.0598693042993546
0.0069825449027121
-0.0226506385952234
-0.0533179044723511
0.0319242961704731
-0.0135247791185975
0.0342843383550644
-0.0814840197563171
-0.0472994074225426
-0.0280917789787054
-0.1175634339451790
0.0327089205384254
-0.0676266923546791
0.0513635165989399
-0.0317229516804218
-0.0406677350401878
-0.0400611571967602
-0.0243145208805799
0.1005093306303024
0.0351265668869019
-0.0101209403946996
0.0863197967410088
-0.0783891826868057
-0.0834604278206825
0.1192617714405060
-0.1000148802995682
-0.0989863798022270
-0.0915141850709915
0.0596893578767776
-0.1334987133741379
0.0973609983921051
-0.0003006102051586
-0.0536981970071793
-0.0423661544919014
-0.0112800812348723
-0.0655403733253479
-0.0613599903881550
0.0517129302024841
-0.0498685948550701
-0.0651245787739754
0.0944857522845268
0.0433838777244091
0.0203070007264614
-0.0975189432501793
-0.0281583145260811
-0.0788660869002342
-0.0555453412234783
-0.0007574904011562
-0.0006248065619729
-0.0319636166095734
0.0218510571867228
0.0521283335983753
-0.0353154093027115
0.0918642207980156
-0.1223478466272354
0.0253092832863331
-0.0536683052778244
-0.0906965881586075
-0.0704448223114014
0.0416564084589481
0.0742523670196533
0.0187520869076252
0.0269888192415237
-0.0115041369572282
-0.0017507635056973
0.0492741763591766
0.0474093146622181
-0.0070360377430916
-0.0296210739761591
-0.0149931339547038
0.0780799388885498
-0.1021318063139915
-0.0221360623836517
-0.0892029479146004
-0.0848898813128471
-0.1050296351313591
-0.0294022299349308
0.0320591479539871
-0.0900010913610458
-0.0826095268130302
-0.1002081260085106
0.1194105222821236
0.0254108738154173
-0.0720244720578194
0.0839701220393181
0.0601451806724072
-0.0908253192901611
0.0182643141597509
-0.0365565270185471
0.0935015901923180
0.0324785411357880
-0.0260517634451389
-0.0426998212933540
-0.0417608581483364
0.0052532502450049
0.0633737742900848
0.0463504344224930
0.0308187808841467
-0.0341617651283741
0.1053591296076775
-0.0301285218447447
0.0370568484067917
-0.0326116755604744
-0.0212172232568264
0.0123278601095080
-0.0075394636951387
0.0212041772902012
-0.0525665991008282
0.0611872747540474
-0.0403595566749573
-0.0517642945051193
-0.0229468923062086
0.1079968437552452
-0.0968040078878403
0.0115570873022079
-0.0038035991601646
0.0766441971063614
0.0169378202408552
0.0897826030850410
0.0183661561459303
0.0088340640068054
0.0032169898040593
0.0696719437837601
-0.1209627389907837
-0.0629876479506493
-0.0806494131684303
-0.0674390867352486
-0.0385671667754650
-0.1102647036314011
0.0276714507490396
-0.0002773212909233
0.0100380349904299
0.1284390985965729
-0.0813483893871307
0.1718219071626663
-0.0358818322420120
0.0949355587363243
0.0714925602078438
0.0453099198639393
-0.2604284286499023
-0.0716333985328674
0.0045430525206029
-0.2693614959716797
-0.0581244602799416
-0.0575069002807140
0.1016867980360985
-0.0210797805339098
0.0588441640138626
-0.0933714285492897
-0.1836063563823700
-0.1718324422836304
0.1288010179996490
-0.1295843273401260
-0.0953798964619637
-0.1320728063583374
0.0505765825510025
-0.0935699939727783
-0.1326994746923447
-0.1213504821062088
0.1303701847791672
-0.0009797860402614
-0.0655743330717087
-0.1950302273035049
-0.1467442810535431
-0.1001411601901054
0.0331298522651196
-0.1131605654954910
-0.1256131380796432
0.1593718528747559
0.2792777121067047
-0.1859157383441925
0.0072532207705081
0.1060046553611755
-0.0209202561527491
0.0827591866254807
0.1021940633654594
-0.2279436290264130
0.0620035640895367
-0.2411745339632034
0.0842820182442665
0.0924559831619263
-0.1503034383058548
0.1320454478263855
0.0336022041738033
0.2560914754867554
-0.0192379876971245
-0.1394924372434616
-0.0683227926492691
0.0883609876036644
0.0424298681318760
-0.0213322080671787
-0.0694154426455498
0.0493512563407421
0.0488503575325012
-0.0367149449884892
0.0510920397937298
0.0616788007318974
-0.0598363652825356
-0.0549272447824478
-0.0158094186335802
-0.0881192833185196
-0.0561949796974659
0.0204907208681107
0.0473563782870770
0.0495907030999660
-0.0198930986225605
0.0421775244176388
0.0353842340409756
-0.0017004807014018
0.0010636535007507
0.0349807590246201
0.0413645170629025
-0.0708290934562683
0.0811398327350616
-0.0305721536278725
0.0084230480715632
-0.0235128123313189
-0.0145154707133770
-0.0439121015369892
0.0763601511716843
-0.0198002438992262
0.0360146015882492
-0.0714101940393448
0.0452671609818935
-0.0312011651694775
-0.0992131531238556
0.0176254510879517
0.0519735850393772
-0.0035457427147776
-0.0442324653267860
0.0057618231512606
-0.0010876058368012
0.0206912979483604
-0.0437707751989365
-0.0047709755599499
0.0547386035323143
-0.1080087721347809
-0.0548144318163395
-0.0066287480294704
-0.0167804900556803
-0.0305150747299194
0.0466686338186264
-0.0131019409745932
-0.0465073101222515
-0.0944532677531242
0.0351816080510616
-0.0436279550194740
0.0598444528877735
-0.0504273213446140
0.0134033141657710
-0.0187105126678944
-0.0155987450852990
0.0527996085584164
-0.0380795896053314
-0.0341704301536083
0.0721121281385422
-0.0008452737820335
0.0016562496311963
0.0600044578313828
0.0279880315065384
-0.0023468958679587
0.0059414403513074
-0.0207014121115208
-0.0072456859052181
0.0418501943349838
0.0077941217459738
-0.0291239339858294
0.0055143767967820
-0.0354377515614033
0.0037800129503012
0.0787524953484535
-0.0255067143589258
0.0441876128315926
0.0119160152971745
0.0309406463056803
-0.0181508827954531
0.0226572770625353
-0.0681386813521385
0.0923893898725510
0.0135537302121520
-0.0148316081613302
0.0892855077981949
-0.0429114066064358
0.0227744430303574
0.0164914168417454
0.0166077241301537
0.0313840433955193
-0.0005825370317325
-0.0060921697877347
-0.0589563027024269
0.0100756147876382
-0.0729672759771347
0.0826586037874222
-0.0706119611859322
-0.0456430092453957
-0.0498286522924900
0.0143127078190446
-0.0777441859245300
-0.0620480328798294
0.0293433200567961
0.0121275391429663
0.0130774257704616
-0.0370353162288666
0.0446845702826977
0.0630561560392380
-0.0966268330812454
0.0349618904292583
0.0553328916430473
-0.0703577250242233
0.0592503622174263
0.0557250119745731
-0.0089257992804050
0.0108083346858621
-0.0212476998567581
-0.0434242822229862
0.0075448784045875
0.0299825500696898
-0.0206705499440432
0.0023681337479502
0.0428640358150005
-0.0649683177471161
-0.0291929878294468
-0.0183211993426085
0.0889035388827324
0.0185866132378578
0.0335437692701817
-0.0081470645964146
0.0227579586207867
-0.0212980974465609
-0.0003143670619465
-0.0042762230150402
-0.0356217361986637
-0.0283282715827227
0.0379010699689388
0.0109066963195801
0.0869079977273941
-0.0129597587510943
-0.0329077281057835
-0.0042753345333040
-0.0703855007886887
0.0357231125235558
-0.0156300514936447
-0.1075201481580734
-0.0060518132522702
0.0567260384559631
0.0483746416866779
-0.0066934009082615
0.0452957563102245
0.0476736836135387
0.0278548244386911
0.0417723841965199
-0.0478384420275688
0.0355566665530205
0.0648022294044495
0.0224659536033869
-0.0938647314906120
-0.0452967658638954
0.0160566214472055
0.0632491558790207
0.0358608514070511
-0.0036402912810445
-0.0093101747334003
-0.0585021413862705
0.0248532649129629
-0.0103121316060424
-0.0461967512965202
0.0467335954308510
-0.0218153577297926
-0.0207526423037052
-0.0287680458277464
-0.0280603785067797
0.0113897686824203
-0.0151181174442172
0.0046079433523118
-0.0388361513614655
-0.0397105924785137
-0.0184302851557732
-0.0421304106712341
0.0218591410666704
-0.0601925663650036
0.0366997942328453
-0.0031945647206157
-0.0526035837829113
0.0207965299487114
0.0722325220704079
-0.0094082644209266
-0.0338309928774834
0.0600046925246716
-0.0702437683939934
-0.0053016003221273
-0.0353960692882538
0.0406786315143108
-0.0367582142353058
0.0473731942474842
-0.0455880425870419
0.0524460263550282
0.0550969690084457
0.0403000079095364
0.0773983001708984
0.0835583433508873
0.0352159366011620
0.0473277047276497
0.0151025112718344
0.0244083926081657
-0.0407563634216785
-0.0026516926009208
0.0807459726929665
0.0591125190258026
-0.0937683060765266
0.0057041938416660
0.0081752268597484
0.0312996543943882
-0.0343562364578247
-0.0649012848734856
-0.0204776991158724
-0.0609981082379818
-0.0284207165241241
-0.0666561797261238
-0.0808949545025826
-0.0008862931281328
-0.0512698292732239
0.0388957336544991
-0.0138475606217980
0.0502988584339619
0.0271656233817339
-0.0064128320664167
-0.0338156819343567
0.0497769899666309
0.0594185180962086
-0.0763261616230011
-0.0730279311537743
-0.0037112203426659
-0.0132947610691190
0.0375452302396297
0.0329083092510700
0.0575715117156506
0.0429837144911289
-0.0506771281361580
0.0268712919205427
-0.0304077304899693
-0.0613226592540741
-0.0566739700734615
0.0099373124539852
-0.0432883277535439
0.0196980088949203
0.0115728406235576
0.0578431375324726
-0.0829611867666245
-0.0522046871483326
0.0296830181032419
0.0555900745093822
0.0002278763859067
0.0043689571321011
0.0968508124351501
-0.0503261871635914
-0.0577713213860989
0.0170468483120203
0.0272908285260201
-0.0351675637066364
0.0288112293928862
-0.0036795323248953
-0.0308275427669287
0.0432559028267860
0.0432442203164101
0.0332990884780884
0.0520543232560158
-0.0024037042167038
0.0577479414641857
-0.0226467587053776
0.0462746880948544
0.0011723382631317
-0.0323208086192608
0.0120464144274592
0.0771704688668251
-0.0498548410832882
-0.0426115691661835
0.1029750034213066
-0.0016525079263374
-0.0546347983181477
-0.0301384311169386
-0.0437137596309185
-0.0061288876459002
-0.0115602370351553
-0.0744267255067825
-0.0343724936246872
-0.0079006748273969
-0.0169313531368971
-0.0524599887430668
0.0062173726037145
-0.0039311125874519
-0.0882251039147377
-0.0651478692889214
0.0197749361395836
-0.0559938587248325
-0.0225066915154457
-0.0645854622125626
0.0287257954478264
0.0062153814360499
0.0349648930132389
0.0589088946580887
-0.0164769943803549
0.0289774090051651
-0.0139807304367423
0.0032722356263548
-0.0447539873421192
0.0557199567556381
-0.0346869044005871
-0.0053564896807075
-0.0203384291380644
-0.0806153193116188
0.0304062049835920
-0.0100460732355714
-0.0426081493496895
-0.0147355170920491
-0.0120632955804467
-0.0167273357510567
-0.0070603108033538
0.0125932041555643
0.0007937761256471
0.0402254760265350
0.0551917999982834
-0.0599019452929497
0.0089403856545687
-0.0057245059870183
0.0047644320875406
-0.0588286668062210
0.0272932499647141
0.0374808087944984
-0.0094531849026680
0.0394906625151634
-0.0475686565041542
0.0205176472663879
-0.0033990356605500
0.0681465864181519
0.0751563236117363
0.0036004281137139
0.0477880388498306
-0.0448674969375134
0.0276656784117222
-0.0586734935641289
-0.0131133338436484
0.0373052284121513
-0.0439480729401112
0.0641789808869362
-0.0451504699885845
0.0485692843794823
-0.0218037180602551
0.0652202516794205
0.0379356145858765
-0.0077499216422439
0.0033775751944631
0.0729780644178391
0.0309005305171013
-0.0809498801827431
-0.0759150162339211
-0.0293828733265400
0.0381293781101704
0.0855671465396881
0.0274642463773489
-0.0393727011978626
0.0223304554820061
0.0143923843279481
0.0543212927877903
-0.0319900102913380
-0.0617170967161655
0.0451110675930977
0.0647416338324547
0.0583888217806816
0.0099027836695313
-0.0022724657319486
0.0592572279274464
0.0346762724220753
-0.0821306407451630
0.0031716520898044
-0.0757230371236801
0.0630235001444817
-0.0053578717634082
-0.0272660832852125
-0.0155017916113138
-0.0395511314272881
-0.0345097333192825
0.0604970082640648
0.0433508828282356
0.0016930322162807
0.0106283938512206
0.0649344846606255
-0.0063439896330237
0.0539716817438602
-0.0736103206872940
-0.0359887033700943
0.0393251404166222
-0.0299551188945770
-0.0195735227316618
0.0073274802416563
-0.0845291912555695
-0.0158715918660164
-0.0029639906715602
0.0063456562347710
-0.0727873817086220
0.0168920736759901
-0.0160679649561644
-0.0081004071980715
0.0944310501217842
-0.0158889163285494
-0.0338251329958439
-0.0008008653530851
-0.0276505835354328
-0.0150695601478219
-0.0044490313157439
0.0188026130199432
-0.0108375214040279
-0.0043126018717885
0.1112245023250580
-0.0375901758670807
0.0395467169582844
0.0089179053902626
-0.0454432219266891
-0.0266568381339312
-0.0706638917326927
0.0677867010235786
0.0153557248413563
0.0366525761783123
0.0120749184861779
-0.0038736506830901
-0.0354371853172779
0.0347901321947575
-0.0075357859022915
0.0588595420122147
0.0117877935990691
-0.0247569326311350
0.0518995299935341
-0.0490476451814175
0.0448851995170116
-0.0861858800053596
-0.0056660212576389
-0.0386831499636173
0.0278536453843117
0.0295719075948000
0.0077340067364275
-0.0349559970200062
-0.0068193725310266
-0.0049808491021395
0.0777049809694290
-0.0581645481288433
0.0414803363382816
-0.0145954117178917
-0.0727673768997192
-0.0579898580908775
-0.0406243205070496
-0.0364484973251820
-0.0340687446296215
-0.0448452383279800
-0.0419039614498615
0.0352361351251602
-0.0139563754200935
0.0278955250978470
-0.0624488480389118
-0.0351537726819515
0.0557437092065811
-0.0563606880605221
-0.0143672721460462
-0.0363477319478989
-0.0170256942510605
-0.0221673864871264
0.0373255722224712
-0.0077792583033442
-0.0241864621639252
-0.0173036884516478
0.0660192444920540
0.0036135888658464
0.0628480538725853
0.0707267969846725
0.0446430519223213
0.0218988694250584
0.0149179035797715
0.0472873523831367
0.0429150685667992
0.0667843520641327
0.0205205678939819
-0.0459460541605949
0.0324002876877785
0.0033679245971143
0.0920751690864563
-0.0379080213606358
0.0408819280564785
0.0097256926819682
-0.0910144969820976
-0.0481973551213741
-0.0611922889947891
-0.0218275114893913
0.0155342575162649
0.0286838095635176
-0.0163378715515137
0.0334123596549034
-0.0077525665983558
-0.0060526882298291
-0.0405504144728184
0.0039571789093316
-0.0341262370347977
