-0.0018585319630802
0.0775533691048622
-0.0503500662744045
-0.0605202428996563
-0.0080609070137143
0.1366447508335114
0.1086276620626450
-0.1231505945324898
-0.0848266929388046
-0.0724665895104408
-0.0350288897752762
-0.0594031997025013
-0.0065615838393569
-0.0521456152200699
0.0708713680505753
0.0650794133543968
-0.0872392579913139
0.0325522795319557
0.0325551033020020
0.0543108992278576
-0.0444557592272758
-0.0964683368802071
0.0297190062701702
-0.0061436467804015
0.0086600547656417
0.0913203880190849
0.1194974929094315
-0.0474517717957497
-0.0530248768627644
0.0611365586519241
-0.0133276293054223
-0.0702663064002991
0.0009613765869290
-0.0682973936200142
-0.0297068562358618
-0.0435404591262341
-0.0022861808538437
0.0080963904038072
-0.0870324149727821
-0.0215891730040312
0.0699537321925163
0.1111093834042549
-0.0305847022682428
0.0491330139338970
-0.0703562125563622
-0.0929775685071945
-0.0472022630274296
0.0801515281200409
0.0671627223491669
-0.1128145530819893
0.0422299951314926
0.0508179217576981
0.1253935545682907
-0.0198942106217146
0.0339470021426678
0.1071907356381416
0.0480664186179638
-0.0099479323253036
0.1145927831530571
0.1213143020868301
0.0097532728686929
0.0743394047021866
-0.1156284362077713
-0.0076942583546042
-0.0456462465226650
-0.0648343339562416
0.1088900789618492
0.0729144960641861
-0.0090708574280143
0.0262548848986626
-0.0130767980590463
-0.0541726611554623
0.0549156330525875
-0.0238898992538452
0.1136789694428444
0.0770821496844292
-0.0647667348384857
-0.0347600318491459
-0.0131605286151171
0.0158270541578531
-0.0980277359485626
0.0150898834690452
-0.0476695150136948
0.0416842587292194
-0.0044303149916232
-0.0978749394416809
-0.0096716526895761
0.1048757135868073
0.0184382107108831
0.0309512224048376
-0.0497010275721550
-0.0465925186872482
0.0237724985927343
0.0857424288988113
0.0435730926692486
0.0564640946686268
0.0412803553044796
0.0391671992838383
-0.0554423481225967
0.0595378577709198
0.0062255705706775
0.0648034736514091
0.1065647974610329
-0.0371591039001942
-0.0845400393009186
0.0495088510215282
-0.0847410857677460
-0.0372951999306679
-0.0475727580487728
-0.0047740745358169
-0.0036540376022458
0.0040776147507131
-0.0644660145044327
-0.0441914908587933
-0.0895178392529488
-0.0473215728998184
-0.0703330338001251
0.0322767309844494
0.0037294731009752
-0.0075742262415588
-0.0294206216931343
0.0759224444627762
-0.0131869111210108
0.0117858648300171
-0.0259981490671635
-0.0631331205368042
-0.0040674922056496
0.0705783739686012
0.1179905906319618
-0.0025543917436153
0.0949164405465126
0.0747767910361290
0.0799262821674347
-0.0993142724037170
-0.0176434293389320
-0.0257114302366972
-0.0504768081009388
0.0459014289081097
-0.0122713139280677
0.0267435479909182
-0.0928575024008751
-0.0643740296363831
-0.0202704668045044
-0.1173135563731194
0.0595515556633472
-0.0477456562221050
0.0281047876924276
-0.0386204048991203
-0.0375530980527401
-0.0570891499519348
0.0060235070995986
0.0898796468973160
0.0451884455978870
0.0194311160594225
0.1108559668064117
-0.0637280046939850
-0.0705578550696373
0.1064981073141098
-0.0976870656013489
-0.0890171080827713
-0.0834102481603622
0.0705591514706612
-0.1240685284137726
0.0960275828838348
-0.0007594105554745
-0.0545091703534126
-0.0484709665179253
-0.0262331049889326
-0.0595998018980026
-0.0468489974737167
0.0448385700583458
-0.0795856937766075
-0.0673736706376076
0.0981317311525345
0.0262395702302456
0.0295578334480524
-0.1115449815988541
-0.0559213757514954
-0.0904350057244301
-0.0611081644892693
0.0167232975363731
0.0020915390923619
-0.0221148449927568
0.0147109152749181
0.0303668752312660
-0.0185621716082096
0.0990669727325439
-0.1265896409749985
0.0298089645802975
-0.0454049296677113
-0.0679491087794304
-0.0822883769869804
0.0512172058224678
0.0619970709085464
0.0219104103744030
0.0373714715242386
-0.0358994416892529
0.0078773740679026
0.0350114107131958
0.0757631137967110
-0.0076367370784283
-0.0329501517117023
-0.0322119593620300
0.0734047964215279
-0.1059409305453300
-0.0439355671405792
-0.0782576277852058
-0.0756609365344048
-0.0980715751647949
-0.0520664937794209
0.0164453256875277
-0.0671708211302757
-0.0642842054367065
-0.0825380086898804
0.1212993189692497
0.0260127931833267
-0.0314774438738823
0.0940321758389473
0.0406892448663712
-0.0671012327075005
0.0255534183233976
-0.0313257910311222
0.1218101605772972
0.0420246161520481
-0.0220540668815374
-0.0484013631939888
-0.0465275347232819
-0.0044975061900914
0.0789587944746017
0.0552733242511749
0.0247712396085262
-0.0390785932540894
0.0673986747860909
-0.0531028769910336
0.0094448579475284
-0.0128395855426788
-0.0314312055706978
0.0215538702905178
0.0055853654630482
0.0160720553249121
-0.0434513427317142
0.0625170618295670
-0.0342001616954803
-0.0252671875059605
-0.0368564948439598
0.1129406839609146
-0.1091019809246063
0.0068043363280594
0.0025376647245139
0.0756488144397736
0.0099899321794510
0.0832241401076317
0.0259327124804258
-0.0064405761659145
-0.0035243369638920
0.0635658875107765
-0.1246778666973114
-0.0507214441895485
-0.0853616371750832
-0.0755237489938736
-0.0156451463699341
-0.1016164347529411
0.0173109658062458
0.0121824499219656
0.0362793393433094
0.1066043898463249
-0.0953422859311104
0.1399610638618469
-0.0246086250990629
0.1130594313144684
0.0552128702402115
0.0429978929460049
-0.2762368023395538
-0.0453900918364525
0.0025695115327835
-0.2633027136325836
-0.0572875589132309
-0.0425304844975471
0.1012489944696426
-0.0303321704268456
0.0652507096529007
-0.1076619625091553
-0.2000806033611298
-0.1591536700725555
0.1221494302153587
-0.1210620850324631
-0.1065520495176315
-0.1064821407198906
0.0290620680898428
-0.0968285426497459
-0.1465460360050201
-0.1178817674517632
0.1452258825302124
-0.0033885848242790
-0.0509179756045341
-0.1942518800497055
-0.1454748958349228
-0.0900712311267853
0.0283735655248165
-0.1123728156089783
-0.1123621910810471
0.1521319597959518
0.2927235364913940
-0.2015395760536194
0.0132636148482561
0.1065617278218269
-0.0491391457617283
0.0834766998887062
0.0978893935680389
-0.2146877348423004
0.0519208498299122
-0.2595818936824799
0.0833649933338165
0.0732963159680367
-0.1728141754865646
0.1124999225139618
0.0237023606896400
0.2711242139339447
-0.0327133201062679
-0.1110495477914810
-0.0716204494237900
0.0855193957686424
0.0603222027420998
-0.0215035974979401
-0.0665812343358994
0.0358836054801941
0.0363270491361618
-0.0280448924750090
0.0335381031036377
0.0592200867831707
-0.0446901880204678
-0.0520617589354515
0.0015581015031785
-0.0805577412247658
-0.0585764087736607
0.0168703198432922
0.0392033979296684
0.0480476133525372
-0.0430220253765583
0.0359219387173653
0.0367082804441452
0.0094590224325657
0.0081500289961696
0.0160025991499424
0.0437652766704559
-0.0519033595919609
0.0807659626007080
-0.0196132455021143
0.0038517257198691
-0.0108390673995018
-0.0239124111831188
-0.0391395278275013
0.0760799422860146
-0.0410353168845177
0.0337879881262779
-0.0643497332930565
0.0523711852729321
-0.0225455332547426
-0.0988783836364746
0.0272501204162836
0.0493585020303726
0.0058570336550474
-0.0501214750111103
0.0013122512027621
-0.0091888131573796
0.0204806886613369
-0.0482656881213188
-0.0137737356126308
0.0556238964200020
-0.0953662246465683
-0.0521911419928074
-0.0160744301974773
0.0019741433206946
-0.0366585329174995
0.0423882640898228
-0.0124979745596647
-0.0605294369161129
-0.0975369140505791
0.0537032969295979
-0.0373784378170967
0.0623385049402714
-0.0537331067025661
0.0146982967853546
-0.0322268642485142
-0.0305878315120935
0.0609533786773682
-0.0347837582230568
-0.0494641438126564
0.0707185864448547
0.0080624902620912
-0.0050540613010526
0.0764968246221542
0.0164997335523367
-0.0101130800321698
0.0103998901322484
-0.0375140830874443
-0.0006442248704843
0.0505930520594120
0.0006493321852759
-0.0245061311870813
-0.0173094905912876
-0.0304030608385801
0.0275363605469465
0.0754652768373489
-0.0059151747263968
0.0407090932130814
0.0000325405053445
0.0252110101282597
-0.0130352750420570
0.0126270977780223
-0.0597104020416737
0.1042741537094116
0.0189870446920395
-0.0328020937740803
0.0897441729903221
-0.0413229949772358
0.0249918028712273
0.0116182817146182
0.0143482480198145
0.0251075755804777
-0.0136057501658797
-0.0039102281443775
-0.0643289759755135
0.0205758102238178
-0.0703816413879395
0.0764328166842461
-0.0782015472650528
-0.0423631519079208
-0.0334805697202682
-0.0027278873603791
-0.0720524340867996
-0.0594449974596500
0.0242230687290430
0.0035501206293702
0.0226711332798004
-0.0313403420150280
0.0366373285651207
0.0619432777166367
-0.0988738834857941
0.0268268957734108
0.0445232391357422
-0.0642911270260811
0.0509869456291199
0.0637999400496483
-0.0281402468681335
0.0124043198302388
-0.0163794197142124
-0.0308403316885233
0.0151384146884084
0.0308899804949760
-0.0108901793137193
0.0077595626935363
0.0478641912341118
-0.0610847547650337
-0.0359342992305756
-0.0116990888491273
0.0881652534008026
0.0256800651550293
0.0405629575252533
-0.0035057694185525
0.0218800920993090
-0.0198520403355360
0.0126080308109522
-0.0110394181683660
-0.0323688574135303
-0.0268407966941595
0.0324620008468628
0.0213494691997766
0.0828276425600052
-0.0072449971921742
-0.0413051210343838
0.0029551952611655
-0.0563344284892082
0.0525880567729473
-0.0117406286299229
-0.1169835031032562
-0.0159797631204128
0.0416347943246365
0.0478706508874893
-0.0018872666405514
0.0411200039088726
0.0455333106219769
0.0210982635617256
0.0481571182608604
-0.0430125817656517
0.0405532084405422
0.0810997784137726
0.0139626460149884
-0.0886368080973625
-0.0501306951045990
0.0008696119184606
0.0534827187657356
0.0543811507523060
0.0242314729839563
-0.0173949636518955
-0.0501131527125835
0.0288658235222101
0.0116662969812751
-0.0448105335235596
0.0490255057811737
-0.0061009465716779
-0.0160739179700613
-0.0260871089994907
-0.0280559342354536
0.0144100729376078
-0.0282545760273933
0.0015955214621499
-0.0469236560165882
-0.0286455731838942
-0.0051468145102262
-0.0460412837564945
0.0166275892406702
-0.0593853667378426
0.0450960025191307
-0.0185993053019047
-0.0596646741032600
0.0143160466104746
0.0712109729647636
-0.0261240918189287
-0.0291310101747513
0.0639506503939629
-0.0570770390331745
-0.0094517869874835
-0.0175615847110748
0.0303709954023361
-0.0167997591197491
0.0533770956099033
-0.0482028983533382
0.0522156022489071
0.0692513957619667
0.0261966157704592
0.0861411839723587
0.0711193159222603
0.0386681407690048
0.0424079969525337
0.0078163659200072
0.0456818901002407
-0.0181965176016092
0.0045261471532285
0.0739297196269035
0.0591553635895252
-0.0919481962919235
0.0159317944198847
0.0032150761689991
0.0241582356393337
-0.0440122745931149
-0.0553209669888020
-0.0268409363925457
-0.0513653010129929
-0.0247161425650120
-0.0719333365559578
-0.0858124494552612
-0.0003681622620206
-0.0396275445818901
0.0454769171774387
-0.0244561098515987
0.0404756776988506
0.0300510115921497
-0.0191387049853802
-0.0463642738759518
0.0449579954147339
0.0460934825241566
-0.0832709670066833
-0.0679006278514862
0.0056785088963807
-0.0131727047264576
0.0410700850188732
0.0422524996101856
0.0590552240610123
0.0322379693388939
-0.0529671832919121
0.0284765791147947
-0.0229199249297380
-0.0621401928365231
-0.0473401807248592
0.0084332553669810
-0.0429566837847233
0.0230473503470421
0.0071935071609914
0.0654158070683479
-0.0827070772647858
-0.0539318062365055
0.0256042629480362
0.0624628067016602
-0.0088509488850832
-0.0011714692227542
0.1024353057146072
-0.0402386337518692
-0.0589331984519958
0.0147456694394350
0.0116765312850475
-0.0414635986089706
0.0318329706788063
0.0054645258933306
-0.0293072890490294
0.0499896071851254
0.0434336997568607
0.0278970040380955
0.0645295083522797
-0.0011709032114595
0.0529496483504772
-0.0223920531570911
0.0357604064047337
-0.0000789268233348
-0.0276728440076113
0.0149297295138240
0.0778275951743126
-0.0545506179332733
-0.0472907684743404
0.0988231971859932
-0.0076442514546216
-0.0607573986053467
-0.0280436314642429
-0.0417367741465569
0.0066315499134362
-0.0046272114850581
-0.0816636458039284
-0.0347946323454380
0.0115600517019629
-0.0281125456094742
-0.0421014428138733
0.0118820238858461
0.0024407550226897
-0.1103357896208763
-0.0555029921233654
0.0256926119327545
-0.0411289706826210
-0.0223475750535727
-0.0534124635159969
0.0149825420230627
0.0192591939121485
0.0401941761374474
0.0476585067808628
-0.0173194836825132
0.0150019591674209
-0.0225540045648813
0.0141755826771259
-0.0360827483236790
0.0461277663707733
-0.0370974540710449
-0.0160015933215618
-0.0100024286657572
-0.0707655325531960
0.0119304787367582
0.0054122046567500
-0.0361907109618187
-0.0265058632940054
0.0003881872398779
0.0058841970749199
-0.0181968081742525
0.0240960773080587
0.0019063990330324
0.0430418998003006
0.0519511178135872
-0.0633182823657990
-0.0082998909056187
-0.0109906513243914
0.0088574765250087
-0.0359550714492798
0.0266965478658676
0.0401659011840820
0.0031382655724883
0.0293642152100801
-0.0434662140905857
0.0193414967507124
-0.0009973782580346
0.0839679241180420
0.0715401098132133
-0.0008746316307224
0.0334151163697243
-0.0331612154841423
0.0088278520852327
-0.0602972842752934
-0.0097673553973436
0.0510777570307255
-0.0428738109767437
0.0711233541369438
-0.0544697865843773
0.0438845008611679
-0.0204264838248491
0.0727240145206451
0.0378228127956390
-0.0052696033380926
-0.0004422796773724
0.0698234289884567
0.0279851220548153
-0.0736927390098572
-0.0664772763848305
-0.0189757477492094
0.0221552047878504
0.0891826301813126
0.0128852380439639
-0.0425124056637287
0.0193256307393312
0.0263368021696806
0.0537190064787865
-0.0384958274662495
-0.0562287420034409
0.0546813942492008
0.0728906616568565
0.0606222599744797
0.0012724768603221
0.0033240886405110
0.0612850114703178
0.0342121310532093
-0.0793789848685265
-0.0085376854985952
-0.0631181523203850
0.0658395364880562
0.0057574198581278
-0.0274649932980537
-0.0048677735030651
-0.0469540543854237
-0.0333976000547409
0.0486630275845528
0.0525940842926502
0.0043857428245246
0.0215503815561533
0.0612861700356007
0.0013529198477045
0.0553917288780212
-0.0682584196329117
-0.0539260692894459
0.0182026997208595
-0.0162929836660624
-0.0206993091851473
-0.0031475585419685
-0.0812308415770531
-0.0280953161418438
-0.0100509328767657
-0.0026560430414975
-0.0901457592844963
0.0156922731548548
-0.0379267111420631
-0.0218144450336695
0.0997308045625687
-0.0167213901877403
-0.0411367975175381
0.0132790403440595
-0.0066264276392758
-0.0239772479981184
-0.0039651123806834
0.0316975228488445
-0.0225353054702282
-0.0052047884091735
0.1216536834836006
-0.0433327704668045
0.0363089293241501
0.0182568207383156
-0.0358509719371796
-0.0156446471810341
-0.0822792351245880
0.0577400438487530
0.0100256912410259
0.0345311835408211
0.0183267462998629
0.0049094292335212
-0.0357809215784073
0.0251826252788305
-0.0067234900780022
0.0708801671862602
0.0234797671437263
-0.0182155724614859
0.0438962355256081
-0.0339023135602474
0.0415046364068985
-0.0891044363379478
-0.0011355832684785
-0.0256726797670126
0.0328788943588734
0.0315183289349079
0.0136514445766807
-0.0226377472281456
-0.0054354369640350
-0.0010296595282853
0.0714415609836578
-0.0722869038581848
0.0452443957328796
-0.0117413215339184
-0.0909389629960060
-0.0578890331089497
-0.0401456803083420
-0.0478993505239487
-0.0299174599349499
-0.0390406101942062
-0.0328139774501324
0.0334683805704117
-0.0127381086349487
0.0241219680756330
-0.0523487776517868
-0.0181990433484316
0.0467669181525707
-0.0473008006811142
-0.0107881361618638
-0.0175699964165688
-0.0155372023582458
-0.0188322328031063
0.0348307639360428
0.0107615701854229
-0.0209231749176979
-0.0124377552419901
0.0600947551429272
0.0124007025733590
0.0719229578971863
0.0867278277873993
0.0605013258755207
0.0230238381773233
0.0155945345759392
0.0476015619933605
0.0258139688521624
0.0753997862339020
0.0088641671463847
-0.0542073808610439
0.0537868104875088
-0.0116543555632234
0.0954536423087120
-0.0407058075070381
0.0550810173153877
0.0244749039411545
-0.0703350454568863
-0.0657972767949104
-0.0636514201760292
-0.0035941516980529
0.0110843144357204
0.0241740476340055
-0.0270715616643429
0.0335321985185146
-0.0148275485262275
-0.0069069662131369
-0.0436282455921173
0.0024541402235627
-0.0277692675590515
