0.02273757
0.00831139
0.01282531
-0.01248821
0.02027234
0.01598438
-0.00981155
0.00126017
-0.03719966
-0.01618011
0.00526738
-0.00110168
-0.02661337
0.02408460
0.00092079
-0.01959252
-0.00097657
-0.02198255
-0.18747985
0.02302036
0.01945106
0.02590950
-0.01074204
-0.03752598
0.00257667
0.01944400
0.03229414
-0.01913403
-0.00650218
0.02153941
-0.18949720
-0.00885445
0.00456964
0.02518813
0.00595295
0.00571396
0.01869660
-0.02958714
-0.02374379
-0.01428611
0.00260016
-0.00268871
0.05748954
-0.00850965
-0.01208657
-0.00652831
0.03184621
0.00858908
0.00493907
0.00636391
0.02130327
0.02976941
-0.08315417
-0.04262047
0.00692151
-0.03784243
0.00265268
-0.00954563
0.45010409
-0.05553166
-0.01227356
-0.00999449
0.00084198
-0.02263798
0.00311576
0.00650172
-0.03010383
0.03156275
-0.05793501
-0.00251378
0.00151007
0.01512056
-0.04225658
0.02325667
0.01646706
-0.01318830
-0.02324523
-0.00041525
0.01029564
-0.12407053
-0.00092942
-0.01688446
0.00248692
-0.04738560
-0.05487911
-0.01666328
-0.01222241
-0.01937581
-0.00206676
-0.00644994
-0.01259007
-0.03880363
0.05767281
0.02481215
-0.01549028
0.01009567
-0.01253569
-0.00961637
-0.05244374
-0.00466785
0.02213899
0.01653397
-0.00946645
0.00236859
-0.02002872
-0.02031612
-0.03573770
0.00645755
0.01301042
0.00026296
0.02082987
-0.00049374
-0.01372926
0.02836831
-0.02016652
-0.00633761
-0.04268708
-0.00123623
0.00285031
0.01318934
0.00424413
0.02383194
-0.00352959
-0.01646292
0.06429411
0.00488492
0.01787408
-0.00050190
-0.00777079
0.07495657
0.02242936
0.02400169
0.00318020
0.01819036
0.02533767
-0.03338681
-0.03299136
0.02406633
-0.09623069
-0.01298427
0.10464271
0.03482237
-0.02340285
0.00761760
-0.01429519
-0.23075491
-0.01211752
-0.01083388
-0.02410948
-0.00328192
-0.00546740
0.01741333
-0.02583519
-0.03337248
0.00074508
0.00308692
0.00830824
0.00800869
0.03470370
0.04862840
-0.00020641
0.11846153
-0.02884907
0.01079089
-0.00484612
-0.03486602
0.00120194
0.01521874
0.00760380
0.01159657
-0.03757418
-0.00514180
-0.00856489
-0.04194778
-0.00630649
-0.00649841
0.00058935
0.03453736
-0.05993307
0.03097621
0.01630941
0.01593594
0.01707816
0.00156283
0.01744491
-0.24737732
0.05471666
0.01268318
0.00588660
0.06570471
0.01938933
0.00569115
-0.01358815
-0.00581863
0.02583676
-0.00320837
0.06280221
-0.00787026
-0.03908638
-0.02556014
0.01471994
-0.00841392
0.02439808
0.00631951
-0.00586952
-0.02432869
-0.00839299
-0.01581124
0.02811291
0.05177514
0.02502193
0.00172485
0.03375377
-0.00199016
0.02369881
0.05792712
-0.03613607
0.01700794
-0.00664639
-0.02708391
-0.00270140
-0.63397598
0.00735101
0.01143361
-0.00297046
-0.00647463
-0.02390952
-0.00210952
0.00667751
0.01571599
-0.01866062
-0.03016642
0.04185041
-0.00902134
-0.02904641
-0.00917625
0.00117151
-0.01680132
-0.02479770
0.00896812
0.01458704
0.02587846
0.14057539
-0.02222498
-0.00852695
0.00465641
0.01100073
-0.00379576
0.01335989
-0.01445440
-0.00874153
-0.00679967
0.03260867
0.00286932
0.00147983
0.00178186
-0.02549319
0.05611711
-0.06736682
0.04468711
0.01347828
-0.05472918
0.01742181
0.09366169
-0.01323825
0.00847229
-0.02465635
-0.02207240
-0.06279797
0.00953173
-0.00652933
0.07399333
-0.00167098
-0.00509697
0.01159749
0.00924520
-0.05755080
-0.03279500
-0.02241482
-0.05473241
0.03255479
0.02529477
0.10497314
-0.15534344
0.00266143
0.05721530
0.01397894
0.04295121
0.06138061
0.01578325
0.06035436
0.02463010
-0.04978769
-0.04331737
0.01297208
0.07692922
-0.03280511
0.02520553
0.07938071
-0.08308370
-0.04141288
-0.04351439
0.90160525
0.05746395
-0.00580918
0.07735402
-0.10419290
0.10763428
-0.06285930
-0.00509953
-0.06885597
-0.00212287
0.03508457
0.00177505
-0.07419028
-0.02267974
-0.06970780
0.02880173
-0.11244944
-0.00436061
0.00966141
-0.01424457
-0.01913571
0.00944426
-0.00539418
-0.01837337
-0.05941280
0.02859061
-0.00126499
0.02285238
0.01598364
0.01430147
-0.01426554
-0.00692153
-0.01586419
0.03457836
0.07652371
0.01273827
0.03104660
0.00570401
-0.03631813
0.00542622
-0.06597278
0.08064451
0.00572208
-0.15558946
-0.04035023
0.01110951
-0.03028540
0.06373943
0.01061568
-0.12248394
-0.08030844
0.00437419
-0.04135060
0.04098263
-0.00428751
-0.01664283
0.04653606
-0.04315521
0.03989120
-0.00596928
0.05327172
0.02357326
0.00127586
-0.03808288
-0.01134606
0.00942879
-0.00806022
-0.04798045
0.00108465
0.10850293
-0.03224325
0.07191974
0.01182224
0.02892291
-0.05749417
-0.01566834
0.03379270
0.01323550
-0.03789550
-0.05493698
-0.02717012
0.05928673
0.00026038
0.05001524
0.00235820
0.08082158
0.03221838
-0.04446813
-0.01335275
-0.02555081
0.04224133
0.02036025
0.00658378
-0.01470834
0.17022352
0.09907766
-0.07688126
-0.08001222
0.04573194
0.07196084
-0.02670947
-0.00193423
0.04095959
-0.09907379
0.03230451
0.01012166
0.06776037
0.02763148
-0.01543493
0.00740933
0.00793214
0.05606619
-0.01906734
0.04921426
-0.01552689
-0.04370623
-0.08131253
-0.02394667
0.01763796
-0.05058602
0.07176124
0.00598053
0.01734281
-0.05705578
-0.01813180
-0.03061965
0.02040962
-0.01036672
0.04553930
-0.07133254
0.03534209
0.05111297
-0.01437253
-0.00016701
0.04051387
0.03717139
0.03263671
-0.01603100
-0.01096311
-0.02956800
0.07375198
0.10632957
0.04216282
-0.05711072
-0.06135292
-0.06860182
-0.02907394
-0.00435687
0.04372729
-0.05543350
-0.00318930
0.00538479
0.06366438
0.04220593
0.07344087
-0.04159968
0.06061817
-0.01948975
0.06385661
-0.03035019
-0.01075477
0.01262663
0.10624433
-0.02353993
0.02950455
0.04951889
-0.00887619
-0.08454972
-0.00533089
0.06414320
0.00317286
0.03854055
-0.01078826
-0.01613394
0.00628586
-0.09613354
0.09284873
0.02030084
-0.04151634
-0.02662095
-0.01801846
-0.04495310
0.01605333
0.00997853
-0.00340161
0.07536940
-0.02747970
0.05599807
0.06665530
-0.01249614
0.00461846
0.01437980
0.02764852
0.00215060
-0.03644828
-0.02040236
-0.01496650
0.02938980
-0.01069494
-0.06589146
0.06448698
0.01588785
-0.01055796
-0.03143741
0.00968937
-0.02777061
-0.03121190
-0.04773378
0.06005358
-0.04111036
0.01250223
-0.09054064
0.02927108
-0.00919926
0.02423974
-0.00953209
0.02309636
-0.03057797
-0.00055372
0.01545610
0.05027516
-0.03828244
-0.02970244
-0.02682437
0.02734954
0.00059160
-0.19128156
0.00624357
-0.08506060
-0.02352682
0.00767171
-0.00903279
0.01466726
0.00132703
-0.10082779
0.08817782
0.00523809
0.02552435
-0.00815893
0.01962928
-0.01765472
0.02359949
-0.01005880
-0.03911672
0.03450789
-0.02976957
0.00156103
-0.04922958
-0.00870127
0.03234108
0.01038995
0.02523159
0.05075014
0.00366688
-0.03170612
0.00427282
0.01097519
-0.04549691
-0.12545286
-0.05572566
-0.09011126
0.03019997
-0.00272010
-0.05973300
-0.04303335
0.05523452
0.12707610
0.00310685
-0.00545201
0.01508950
0.06308153
-0.02041165
0.02909884
-0.01291375
0.00960522
-0.01529360
-0.00747966
-0.01430798
0.03040496
0.07111501
-0.01766607
0.09334515
0.06883504
0.03233793
-0.03810460
0.03977226
0.03089179
-0.03652111
-0.00444848
-0.02091794
0.05853409
0.07764006
0.07323483
0.06050311
0.03944774
0.01553056
-0.03919872
0.03378747
-0.07447986
0.01747472
-0.04221962
0.03083076
0.02529236
0.00986092
-0.03472362
0.03963352
-0.00280359
0.00764323
-0.08568620
-0.03943253
0.02588075
0.00164253
-0.05127010
-0.04149089
-0.01518618
-0.06357305
0.07771670
0.09461456
0.04333780
-0.00410065
0.00300765
0.03158075
0.01948324
0.13657188
0.02884560
-0.01062413
-0.03665192
0.01749068
-0.05483178
0.00070125
-0.00375037
0.03225106
0.04540300
0.01987871
-0.00239744
-0.03612154
0.05383114
0.01335536
-0.02500767
-0.01529800
0.01079360
-0.02975321
-0.01565380
-0.01209084
0.01405983
-0.01292246
-0.02725510
-0.02389076
-0.01702785
0.02371580
0.04910970
-0.04029886
0.01272827
-0.04434269
-0.06049544
0.00608200
0.00040297
0.04997646
0.06547149
-0.01194889
0.00685130
-0.04272640
-0.06677648
0.03784540
-0.00666360
-0.02646797
-0.04998998
-0.03618024
0.00446187
-0.04888131
-0.03125983
0.00449962
0.00905279
0.01137663
-0.08906201
0.00228605
-0.00119232
-0.00662214
0.02240926
-0.00067411
0.02393925
-0.04038255
0.00442793
-0.00328369
0.04095403
-0.09856415
-0.01220285
-0.04204974
0.03764558
0.05086670
-0.01561676
0.01889505
0.03409123
-0.02116149
0.03659082
0.05927452
0.01277250
0.03664334
-0.07790181
-0.00378754
0.01563932
0.03679784
-0.03075710
-0.04238055
0.05716363
0.12471706
-0.01815787
0.00584640
-0.03140135
-0.03392464
0.00983120
0.02826962
0.03659591
0.01580975
0.03285335
-0.00047153
-0.09230077
-0.08788234
0.09555718
0.05379691
0.00419565
-0.01337705
0.02306801
0.00027737
0.01251517
-0.06016079
-0.00482056
0.06861149
0.02037962
-0.03119420
0.01126494
0.00496341
-0.01870594
0.00924539
-0.02499895
0.00057451
0.02715507
-0.03304059
-0.00020102
-0.01444496
-0.05088980
0.04061387
-0.04901769
0.01244326
-0.00476557
0.00481662
-0.02862541
0.07340053
0.01314065
-0.03581775
0.02340309
0.02280478
0.05169456
-0.03913017
0.04440529
-0.04632664
0.00838037
-0.02340330
-0.03009317
-0.00944684
0.03006771
0.00778704
-0.01654703
0.00784637
-0.01481713
-0.03634362
0.01053160
-0.07388599
-0.04395937
0.01785135
-0.02881827
0.06705108
0.01185960
-0.03497700
0.04928324
0.02739291
0.02953929
-0.01635089
0.00343608
0.06129241
-0.01398353
0.02328054
-0.10964489
0.01959222
-0.04107342
0.00007869
-0.01068101
0.00138190
-0.00788882
0.01069957
-0.03340027
0.04551384
0.00359022
-0.03013141
-0.00451397
0.00256963
-0.03614034
0.00362736
0.01114887
-0.04579361
0.00345489
0.04530233
-0.02281393
-0.03950677
-0.06685495
0.01805424
-0.08176432
0.02171264
0.02545566
0.03314542
0.04540013
-0.04595201
-0.04669505
0.04818284
0.01028802
0.03545927
-0.04361074
0.00272862
-0.04902499
0.00703646
0.15682355
0.02639887
-0.00378131
-0.03686424
-0.10719697
0.00409434
0.03662806
0.02978927
0.01353643
-0.03627742
