0.01995327
0.00223573
0.01514399
-0.01058984
0.02927951
0.00264111
-0.01580067
-0.01037851
-0.04396247
-0.02204938
0.02623220
0.00939581
-0.03002648
0.01993982
0.00685901
-0.01492965
0.00358009
-0.02222683
-0.14464410
0.01717772
0.01702214
0.02332666
-0.00449069
-0.02861922
0.00381483
0.01210604
0.02306954
-0.02500601
-0.00279710
0.00501862
-0.14394647
-0.00433677
0.00681041
0.01908262
0.01120349
-0.00086347
0.03338287
-0.03358554
-0.01491246
0.00766723
0.01241779
-0.00287268
0.07667176
0.00484468
-0.01307430
-0.00231965
0.01942459
0.01592834
-0.00560126
0.00702306
0.01404499
0.03745737
-0.04490670
-0.05281951
0.00849157
-0.03824018
0.01664399
-0.00662410
0.47329396
-0.03936169
-0.01237862
0.00325156
0.01520175
-0.01945870
-0.00589570
0.02283008
-0.02086003
0.03125796
-0.07631447
0.00831871
-0.00667514
0.01134497
-0.03858142
0.00809846
0.01603729
-0.00005557
-0.01879650
-0.01227666
0.01701695
-0.15266949
0.00224007
-0.02538166
-0.00376588
-0.04575587
-0.03547942
-0.01294864
-0.01693693
-0.01796603
-0.00602113
-0.00806109
-0.01753945
-0.01843472
0.03838715
0.03109924
-0.01217194
0.01668226
-0.01493592
-0.01602244
-0.04827902
0.00509428
0.01969993
0.01583002
-0.01679058
0.00001106
-0.01940597
-0.01310870
-0.02474645
0.00272757
0.01144292
0.00078227
0.03842583
-0.00482591
-0.01308267
0.02548452
-0.01499119
-0.01141623
-0.02794728
-0.00174889
0.00743448
0.01244161
0.00536212
0.02253358
0.00941210
-0.02472642
0.06068962
0.00469639
0.00501643
-0.00107929
-0.01320051
0.06295191
0.03507209
0.01617965
0.01268450
0.02380207
0.00981245
-0.01185496
-0.01221538
0.03337723
-0.05602494
-0.01498905
0.08398591
0.04008702
-0.03079867
0.01426382
-0.01291010
-0.21972592
-0.01275510
-0.00731884
-0.02775346
-0.00145942
0.00642828
0.02477211
-0.02164957
-0.01558618
0.00327240
0.00797769
0.02718092
0.00556744
0.04640388
0.04103218
0.00270321
0.11391729
-0.05740828
0.01511147
0.00365007
-0.01600222
0.00270083
0.01504753
0.01189128
0.00311796
-0.02706970
-0.01100335
-0.01026399
-0.04765137
-0.01193692
-0.00909741
-0.00989689
0.03704951
-0.05131708
0.03556276
0.01020228
0.01931603
0.00991443
-0.00876125
0.01818025
-0.23140626
0.09859293
0.01443945
0.00890663
0.04753212
0.00479175
-0.00560439
-0.01601270
0.00144638
0.00550001
0.01039123
0.08222477
0.00039132
-0.01117315
-0.01634681
-0.02406207
-0.00880272
0.04243152
0.01049995
0.01018279
-0.01413559
-0.01114092
-0.01521291
0.01928870
0.05023962
0.03493354
-0.00760445
0.01850792
0.00602132
0.02904411
0.03453447
-0.03109113
0.01836711
-0.00769209
-0.02703823
0.00314820
-0.65901315
0.01140852
0.01671841
0.00711532
-0.00475251
0.00615628
-0.00313612
0.01188440
0.02634647
-0.02014656
-0.01987047
0.04329178
-0.01187729
-0.03327918
-0.01092597
0.01395752
-0.02116033
-0.01723575
0.00886598
-0.00091439
0.01665146
0.12680548
0.00459718
-0.01008115
-0.00200605
0.00400891
-0.01207749
0.01035626
-0.00808662
-0.01202400
-0.00743611
0.02134287
-0.00178249
-0.00125449
0.00977320
-0.16008344
-0.03586596
-0.09169570
0.03727622
-0.01635718
0.07487820
-0.13318035
0.05252248
0.00693681
0.07286525
-0.03582443
-0.00738412
0.05830010
-0.01970033
0.06604411
0.07210135
-0.05751367
0.07379223
-0.06618130
0.07653262
-0.03122194
-0.06262953
0.06384696
-0.02629706
-0.02466882
0.13761330
-0.09394003
-0.05484081
-0.00680511
-0.02186069
0.07464476
0.04601117
0.00613395
-0.08051397
0.10326623
-0.01401417
-0.00699521
0.00583402
-0.01782456
0.03451455
0.16682845
0.14009598
0.03565826
-0.04905317
0.05669642
-0.01577722
0.81068778
-0.08096408
0.02943828
0.01844372
-0.01846186
-0.01993588
-0.16909634
0.08230212
0.10715349
-0.14551775
-0.01050294
0.01209432
0.00323592
0.01360048
0.06764451
-0.10392755
0.09537904
0.12803228
0.04022720
-0.00337725
0.01994674
0.04108411
0.06008323
0.03901504
0.03854518
-0.04308653
0.01874429
0.01955781
-0.05295066
0.06293071
-0.04137147
-0.01965778
0.06802812
0.02367328
0.03245755
0.02615745
-0.00763498
-0.03789782
-0.03332316
-0.00367972
-0.08535653
0.03348687
0.05187449
-0.04261628
0.03250045
0.01039972
-0.05391860
0.07019910
-0.04864324
-0.01549388
-0.01765966
-0.01345253
0.03395309
0.04116924
0.00231574
0.00462659
0.00576376
-0.05229951
-0.01506314
0.01145333
-0.00262603
0.04234263
0.05528487
-0.00889662
0.02704144
-0.03564493
-0.00300694
-0.05656086
-0.03970731
0.05471315
-0.04565693
0.04704761
0.04389486
0.06964697
-0.07855548
0.01287484
0.00342130
0.04130360
-0.00516589
-0.00558406
-0.09911431
-0.00206106
0.00797651
-0.00394108
-0.04239113
0.04693012
0.03210114
0.03418795
0.04769683
0.01772653
0.08494612
0.08820386
-0.04080818
0.00878296
0.04481051
0.04879957
-0.02579141
-0.07166716
0.02019686
-0.05239635
-0.07302959
0.01868155
-0.00235344
0.01442959
0.05659555
0.01480491
-0.00507050
0.10229115
0.08531234
-0.02152177
0.02309222
0.05512782
0.02938894
0.06265713
-0.06759591
0.00112532
-0.04532570
-0.03744509
0.02270052
0.02304946
0.02250804
0.02808422
-0.00138271
-0.06837685
0.08762681
0.03815445
0.04080647
-0.04438809
-0.02471585
-0.04485833
0.06979299
0.04978845
-0.03516629
-0.01599031
0.05113173
-0.04846066
0.04101975
-0.03291263
0.00436285
-0.00591247
-0.00805859
-0.01834607
0.04349418
-0.03392103
0.01126327
-0.05291527
0.04647677
-0.04068038
0.00704381
-0.01316592
0.00418048
-0.01895997
0.04149726
-0.02845590
-0.03950775
-0.05697279
0.01224366
-0.03667408
0.06612902
0.00079793
0.00384140
-0.02808299
-0.02738225
0.02027301
0.01845155
0.03090184
0.04518233
-0.03772902
-0.08070048
0.00645917
0.03142899
0.04266097
-0.09570073
-0.00985230
-0.01055138
-0.10273804
0.06649031
-0.05180473
-0.00963338
0.01121784
-0.00087604
0.08748729
-0.02693980
0.02360915
0.04337601
0.04338779
0.03548903
0.00818610
0.02448298
0.03902274
0.01398252
-0.04801066
-0.03158387
-0.00764696
-0.03575509
0.02624301
-0.13364236
0.02534308
0.01717361
-0.06368433
-0.02965841
0.07570095
0.00984740
-0.00270986
-0.00212280
-0.02156805
0.05282094
0.05478609
0.00140870
0.00576812
-0.02877001
-0.03128289
-0.02685258
-0.03900662
-0.01129981
-0.02885239
0.04321962
-0.05428664
0.04500039
-0.04805566
-0.04991056
0.07953619
-0.03705084
-0.03348617
-0.03929713
0.02143511
-0.13013488
-0.03181184
-0.04299081
-0.02360991
0.00480308
0.05234287
-0.13471724
0.02053276
-0.03451524
0.00558931
0.03927147
-0.03639221
0.01166783
0.03767726
-0.03600561
0.01149140
-0.04179995
-0.02366928
0.02925985
-0.02473402
0.01281392
0.04452119
-0.00689043
0.00667850
-0.04219509
-0.01183107
0.01008574
0.00518478
-0.00937096
-0.01024237
-0.05139125
-0.05998926
0.04998234
-0.03729804
-0.08700205
0.09119259
0.01873956
-0.04235397
-0.08126977
-0.02700305
0.08197847
0.02777364
-0.06912930
-0.00400189
-0.00197105
-0.00905764
-0.04250247
-0.01237733
-0.04280331
-0.00798384
-0.00982324
0.02910927
-0.07984251
0.07261014
-0.02575262
-0.01228599
0.06354578
-0.05241697
-0.03501559
0.01332457
0.05355872
-0.08773793
0.02793929
0.03787134
0.01295234
-0.05284482
-0.07397170
0.06881561
0.01814589
-0.02217119
0.01222150
0.13026631
-0.06009211
0.02762796
0.01402879
0.00346719
0.00796635
0.03668232
0.03281584
0.01686465
-0.03164753
0.01275255
-0.03955822
0.00383345
-0.03981161
-0.02325620
-0.01626590
0.02966127
0.09530622
0.00200643
0.05130535
0.04717875
0.01067741
-0.02616575
0.02331005
-0.00380058
0.10447886
0.07895568
0.04608304
-0.02627746
-0.08544073
0.02614681
-0.06069399
-0.01751126
-0.01063478
0.07451566
0.00080248
0.01790427
0.04558092
-0.01532913
0.08695681
0.05450476
0.04266303
0.03971501
0.00202692
-0.00909609
-0.03669879
-0.01699668
-0.01856244
0.00951229
-0.05308435
-0.02424320
-0.04156872
-0.06186065
-0.00651000
0.02084914
-0.00484047
-0.04151096
-0.14327648
0.01370444
-0.02322033
-0.00051535
-0.08324762
0.03367922
-0.06375636
-0.03701072
-0.02141317
-0.04152733
0.05847385
-0.05303922
-0.00213932
-0.00910080
0.08246408
0.01079847
0.04770562
0.00168692
0.04478072
0.10510664
-0.02154677
-0.06955318
-0.02256913
0.03238473
0.08496708
-0.00533547
-0.01228081
0.06161414
-0.01626728
-0.05128814
0.01991984
0.00089804
0.02206299
0.02181542
0.03571279
0.00901183
-0.00907054
-0.00174322
-0.01536649
0.01645397
0.08115181
0.05748675
0.03378000
-0.04597987
0.02018260
0.03049856
-0.03271363
-0.03067753
-0.07577089
0.03931504
0.01927975
0.16032895
-0.06460501
0.02210339
0.01258985
-0.01702880
0.03308786
0.04386240
0.03622635
-0.04015137
0.00984533
0.01886937
0.00573976
-0.03175424
0.09075707
0.02179180
0.03544779
0.00367991
0.05570897
0.03690128
0.03977951
0.10059982
-0.01763503
-0.02872240
0.00471423
-0.00196322
-0.02572389
0.01005580
-0.01868287
-0.00122561
0.02773412
0.03694817
0.06085132
0.01644600
0.04131812
-0.01223317
-0.00107079
0.03556117
-0.05339431
0.00918130
0.03691765
0.01543385
-0.00239692
0.01647405
0.01012630
-0.04549174
-0.03869105
-0.03183535
0.00243866
-0.03188710
0.01678387
0.03881599
0.08273378
-0.04496994
0.00975363
-0.04129940
0.08269111
0.01765637
0.00261837
0.01306731
0.02552724
0.01130473
-0.00260510
-0.13662206
-0.02005164
0.00412866
-0.05263019
-0.08232655
-0.08051842
0.01441017
0.02435000
-0.05084100
-0.02554960
-0.00328638
0.05208938
0.02918679
-0.05411341
0.05574680
0.01791285
0.05331020
-0.01508435
-0.00188548
0.01935490
-0.00622195
0.09251592
-0.02614067
-0.01681081
0.08255996
0.00444761
-0.06014771
0.01105285
0.00125973
0.03959882
-0.04500629
0.00712585
0.06004124
-0.04561942
0.06699531
0.02315623
-0.00779829
-0.04922593
-0.00534495
0.00069482
0.02496959
-0.01513950
-0.05504470
-0.01154066
0.02535465
-0.03398887
-0.00172360
-0.06332299
0.01296163
0.01655412
-0.00796083
-0.01143796
0.05340413
0.05968558
-0.01709969
-0.04578057
-0.09027772
-0.06354277
-0.05191308
0.01155161
0.02829898
0.05334717
0.02964481
