-0.0095939952880144
-0.0754762962460518
0.0659430697560310
0.0322829559445381
0.0292817000299692
0.0312149710953236
0.0572440959513187
-0.0377823449671268
0.0781825929880142
0.0897185727953911
0.0960925444960594
-0.0214329380542040
-0.1108299419283867
-0.0557811781764030
-0.0791779980063438
-0.1743612289428711
0.0124790621921420
0.0653394460678101
0.0426333881914616
0.0151118235662580
0.0858285278081894
-0.0419241189956665
-0.1259872317314148
0.0189721584320068
-0.0519111305475235
0.0836740955710411
-0.0675041452050209
-0.0030584833584726
0.0421483851969242
-0.0936597287654877
0.0199234504252672
0.0620507113635540
-0.0347976423799992
0.0749824494123459
-0.0555729828774929
0.0010839509777725
-0.0436119884252548
-0.0058023687452078
0.0124511504545808
0.0679744556546211
0.0663137361407280
0.0304315462708473
0.0243052653968334
0.0702390223741531
0.0803121998906136
0.1442317068576813
-0.0136287575587630
-0.0131832212209702
-0.0615011304616928
-0.0903101116418839
0.0021506783086807
-0.0046765706501901
-0.0288797523826361
0.0008898632368073
0.0027226174715906
-0.0188437364995480
0.0180093683302402
0.0646571740508080
-0.0614677630364895
0.0650631189346313
0.0617995634675026
0.0361850373446941
0.0715742856264114
0.0397948138415813
-0.0691167116165161
0.0753311365842819
-0.0455731898546219
-0.0299859009683132
-0.0412412323057652
0.0560303516685963
-0.0783951953053474
0.0528663881123066
-0.0377382002770901
-0.0637551546096802
0.1268470138311386
-0.0001838903990574
0.0587803646922112
0.0637129992246628
-0.0695884823799133
0.0585821457207203
0.0473070070147514
0.0505718141794205
-0.0329249314963818
0.0016396542778239
-0.0432964563369751
-0.0866478830575943
-0.0197081733494997
0.0796597525477409
-0.0892782658338547
0.0285045113414526
0.0230426806956530
0.0545021519064903
0.0665408894419670
-0.0572013892233372
-0.0607544779777527
0.0750489756464958
0.0697680264711380
-0.0818468183279037
-0.0481617823243141
-0.0539969913661480
-0.0248825252056122
0.0172083675861359
0.0022752080112696
0.1203798279166222
0.0233411323279142
-0.0643924996256828
0.0358909554779530
0.0316589698195457
-0.0170404706150293
-0.0490378960967064
0.0396430343389511
-0.0535548254847527
0.0038949321024120
-0.0553822480142117
0.0556245781481266
0.0045986487530172
-0.0351022183895111
0.0810721814632416
-0.0473998747766018
0.0928767397999763
0.0785269141197205
0.0769187286496162
-0.0919792503118515
0.0320016033947468
-0.0030152474064380
-0.0139645738527179
-0.0612672381103039
-0.0020714465063065
-0.0143293365836143
0.1579792350530624
-0.0573576912283897
-0.0584254525601864
-0.0334785580635071
0.0472668781876564
-0.0770323947072029
0.0251679215580225
-0.0349752977490425
0.0224635247141123
-0.0356526933610439
-0.0388160496950150
-0.0235077328979969
-0.0176480244845152
0.1469333916902542
0.1026112139225006
0.0174493081867695
-0.0563154369592667
0.0402048453688622
-0.0312323030084372
0.0899514108896255
0.1381944119930267
-0.0547993965446949
-0.0898972600698471
-0.0460752435028553
-0.0417082943022251
-0.0534548498690128
0.1193434670567513
0.0249621029943228
0.0794534608721733
0.0649058818817139
0.0316621176898479
-0.0936630666255951
0.0555482730269432
0.0776107236742973
-0.0699280947446823
-0.0196790080517530
0.0443159267306328
0.0409170463681221
-0.0378712341189384
0.1010800451040268
-0.0903293043375015
-0.0164871904999018
0.0557386800646782
-0.0221772119402885
-0.0176981333643198
0.0584711953997612
-0.0257395375519991
0.0722601488232613
-0.0588483549654484
-0.0765524059534073
0.0728768184781075
0.0020687440410256
0.0075945788994431
-0.0258227623999119
0.1293649822473526
-0.0892337784171104
-0.0623755529522896
0.1014904677867889
0.0458100885152817
0.0592321939766407
-0.0068841888569295
-0.0076789869926870
0.0110137350857258
-0.0175154954195023
0.0151099981740117
0.0866599231958389
-0.1310913264751434
0.0769236758351326
0.0836609229445457
-0.0417813323438168
0.0665828660130501
0.0877445116639137
-0.0414056666195393
-0.0632618218660355
-0.0189665034413338
-0.0126446979120374
-0.1026472002267838
-0.0608699321746826
0.0467996299266815
0.0479919798672199
0.0670553296804428
-0.0350330956280231
-0.0692323967814445
0.0551430508494377
-0.0313270352780819
0.0364737808704376
0.0850560218095779
0.0936997905373573
0.0999734699726105
-0.0741941407322884
0.0152584183961153
0.1115720048546791
0.0110326744616032
-0.0212151911109686
-0.1403220593929291
0.0655336380004883
0.0785685852169991
-0.1001402810215950
-0.0146034611389041
0.0231029018759727
-0.0276273265480995
0.0289459228515625
0.0101510686799884
-0.0444493182003498
0.0559263266623020
0.0095399552956223
0.0807488933205605
-0.0379572883248329
0.0071930703707039
-0.1034592166543007
-0.0086198793724179
0.1101216822862625
-0.0599212199449539
0.0385156720876694
0.0041673635132611
-0.0196861177682877
-0.0581656359136105
0.0059766592457891
-0.0783392488956451
-0.0880070328712463
-0.0227874740958214
-0.0860741287469864
-0.0485037863254547
0.0736136361956596
-0.0881803780794144
0.0002628398360685
0.0264934469014406
-0.1384734511375427
-0.0601121559739113
-0.1292630881071091
-0.0996421203017235
-0.0122365048155189
-0.1356785893440247
0.0509219653904438
0.0230262670665979
0.0131614105775952
0.0893743410706520
-0.1432822793722153
0.1127834171056747
0.0174987912178040
0.1288397014141083
-0.0064399451948702
0.0629066526889801
-0.2991554141044617
-0.0378496944904327
-0.0110883666202426
-0.2472090423107147
-0.0228213965892792
-0.0326411388814449
0.0640697479248047
-0.0647939518094063
0.0634255334734917
-0.0617321804165840
-0.1818960905075073
-0.1489973813295364
0.0994101166725159
-0.1374568045139313
-0.1259654909372330
-0.0862090364098549
0.0112177208065987
-0.1196536421775818
-0.1648779511451721
-0.0922035053372383
0.1253713667392731
-0.0331764481961727
-0.0930939465761185
-0.1700406074523926
-0.0937792435288429
-0.1347141414880753
0.0353701226413250
-0.0679593980312347
-0.1122938767075539
0.1095295920968056
0.2491992861032486
-0.2272261679172516
-0.0376603826880455
0.0642426311969757
-0.0320058092474937
0.0685234516859055
0.1329755038022995
-0.1810806542634964
0.0853112265467644
-0.2908352911472321
0.0985625609755516
0.0363190546631813
-0.2130525112152100
0.1374850720167160
0.0316868349909782
0.2830627858638763
-0.0327001176774502
-0.0502462871372700
0.0850483402609825
-0.0199085809290409
0.0606668367981911
-0.0797088667750359
0.0479517914354801
0.0063567897304893
-0.0976029783487320
-0.0548259764909744
-0.0003532109549269
0.0360647216439247
-0.0340680852532387
0.0188721306622028
0.0537365414202213
-0.0437053889036179
0.0457112677395344
-0.0400444306433201
-0.0179658327251673
0.0514030195772648
-0.0869067311286926
0.0267930179834366
-0.0386368781328201
0.0597441084682941
0.0157757457345724
-0.0090991193428636
-0.0564975477755070
-0.0157806165516376
-0.0445167087018490
0.0311909783631563
-0.0995972603559494
0.0292714796960354
0.0122380061075091
0.0298721771687269
0.0210157260298729
-0.0581249035894871
-0.0959493592381477
0.0853120088577271
0.0217143781483173
-0.0042580370791256
0.0507333949208260
0.0377267226576805
-0.0554802641272545
0.0275793187320232
0.0056080943904817
-0.0416445545852184
-0.1003992632031441
-0.0696739777922630
0.0528456047177315
0.0288583301007748
0.0098843052983284
0.0624207109212875
-0.0428920090198517
-0.0346116572618484
-0.0226187780499458
-0.0715703517198563
-0.0590838603675365
-0.0210813526064157
-0.0185648258775473
-0.0167251806706190
0.0728511661291122
0.0415450483560562
0.0875971168279648
0.0491285659372807
-0.0331152752041817
0.0230020061135292
0.0069623161107302
0.0477397330105305
-0.0364462211728096
0.0445293188095093
0.0249143857508898
0.0005054806824774
-0.0493765473365784
0.0131904231384397
-0.0347105003893375
0.0415271222591400
-0.0178689956665039
-0.0670339614152908
0.0391396991908550
0.0290918424725533
-0.0363145060837269
0.0649673417210579
0.0283346716314554
0.0055575948208570
0.0086144087836146
0.0146985491737723
0.0763164088129997
0.0239021424204111
0.0191820673644543
0.0023423898965120
-0.0170989651232958
-0.0154551174491644
-0.0415826365351677
-0.0665802061557770
-0.0431513339281082
-0.0367544665932655
0.0147562483325601
-0.0478771775960922
-0.0080913789570332
0.0452857278287411
-0.0352516099810600
-0.0032444389071316
-0.0260316915810108
-0.0235210973769426
0.0430832691490650
0.0297566335648298
0.0708517730236053
-0.0363954193890095
-0.0167116094380617
-0.0038306554779410
0.0645636096596718
-0.0212364960461855
0.0010941148502752
0.0339036993682384
-0.0185231324285269
-0.0167426709085703
0.0097874673083425
0.0423501692712307
-0.0557923763990402
-0.0113355601206422
0.0060538812540472
-0.0328018292784691
-0.0360830426216125
0.0046561234630644
-0.0395944602787495
-0.0388698466122150
-0.0367614328861237
-0.0462203659117222
-0.0002663113700692
0.0489393435418606
0.0470778085291386
-0.0678877606987953
0.0498836524784565
-0.0578883998095989
-0.0153015963733196
-0.0050900094211102
-0.0441574454307556
0.0557600781321526
-0.0107362074777484
0.0852291360497475
0.0333766900002956
0.0499542318284512
-0.0196606405079365
0.0085531380027533
-0.0077241454273462
0.0055842548608780
-0.0339820943772793
-0.0236934795975685
0.0637863427400589
0.0167137291282415
-0.0421784706413746
0.0324739292263985
0.0346353314816952
0.0457840040326118
-0.0313273146748543
-0.0008635884150863
0.0471466854214668
-0.0776396244764328
0.0044943713583052
-0.0148455761373043
0.0424325242638588
-0.0314075648784637
0.0455840639770031
0.0426696836948395
-0.0124534657225013
-0.0156786870211363
-0.0003817582910415
0.0477564856410027
-0.0426161997020245
-0.0068623111583292
0.0603120177984238
-0.0208123344928026
-0.0811431631445885
-0.0699256435036659
0.0589706562459469
0.0028914611320943
0.0003977744490840
0.0106200519949198
-0.0064241527579725
0.0883352309465408
-0.0099776312708855
-0.0605525411665440
0.0557475686073303
-0.0756571069359779
0.0219469647854567
0.0020345463417470
0.0492620989680290
0.0206780023872852
0.0382372997701168
-0.0841664150357246
0.0696952641010284
0.0461989864706993
-0.0412419885396957
-0.0087972590699792
-0.0056729950010777
0.0250061973929405
0.0039418698288500
-0.0624561086297035
-0.0494579263031483
-0.0433650165796280
-0.0322986319661140
-0.0563509427011013
0.0756005346775055
0.0194802582263947
-0.0005419040680863
0.0549597702920437
0.0346671678125858
0.0434073247015476
0.0450882129371166
0.0319506116211414
-0.0003900576848537
-0.0027782043907791
-0.0274703092873096
0.0232754275202751
0.0370073840022087
0.0548700056970119
-0.0571353733539581
-0.0229093246161938
0.0246167536824942
-0.0070227636024356
-0.0051673827692866
-0.0050696507096291
0.0687619447708130
-0.0038996024522930
0.0802703276276588
-0.0669020935893059
-0.0001051201761584
-0.0341027416288853
0.0258527882397175
0.0246853120625019
0.0339814350008965
0.0395793877542019
-0.0676003769040108
0.0162054039537907
-0.0207077302038670
0.0212304424494505
-0.0332657657563686
0.0246292632073164
0.0062812906689942
-0.0143667627125978
-0.0345154814422131
0.0053710532374680
-0.0346944443881512
-0.0981767475605011
-0.0620897710323334
0.0486197508871555
-0.0317482613027096
-0.0121848098933697
-0.0101313050836325
0.0375682897865772
-0.0215227697044611
-0.0241710413247347
0.0120269851759076
-0.0578586272895336
-0.0432505346834660
0.0068757617846131
0.0363206677138805
0.0069367443211377
0.0197208281606436
-0.0523688830435276
-0.0480772852897644
-0.0013268528273329
-0.0122004337608814
0.0020170144271106
0.0277543738484383
-0.0509666949510574
-0.0398382358253002
-0.0003109785029665
0.0072592929936945
0.0808679237961769
0.0591706410050392
0.0016235207440332
-0.0783490687608719
0.0319016426801682
0.0785982310771942
0.0765624269843102
-0.0111458245664835
0.0380056500434875
0.0216644499450922
-0.0302528012543917
0.0102586364373565
0.0327999554574490
-0.0252948384732008
0.0196053292602301
-0.0330183096230030
-0.0809937641024590
0.0497936904430389
0.0179199092090130
-0.0267113223671913
-0.0418573245406151
0.0615522786974907
-0.0457589328289032
0.0177175663411617
-0.0781493932008743
0.0247703585773706
-0.0500266514718533
-0.0545906350016594
-0.0136348856613040
-0.0150571689009666
0.0666741058230400
0.1002615690231323
-0.0251315832138062
0.0475129075348377
0.1011046469211578
0.0453408546745777
-0.0683721899986267
-0.0420351848006248
0.0966386571526527
0.1030690297484398
0.0102861616760492
0.0449175797402859
-0.0621183738112450
0.0308629237115383
0.0550712011754513
-0.0669469460844994
-0.0256093479692936
-0.0613267011940479
0.0181797854602337
0.0807414501905441
0.0400368683040142
-0.0010682037100196
-0.0552100688219070
-0.0406949743628502
-0.0154329100623727
-0.0161515288054943
-0.0588999167084694
0.0953855589032173
0.0591498054563999
0.0627312064170837
-0.0100876167416573
-0.0454850494861603
0.0160374566912651
0.0199151318520308
-0.0315440595149994
0.0168744400143623
0.0470111556351185
0.0385857000946999
0.0047362362965941
0.0242819022387266
0.0146726416423917
0.0685218796133995
0.0260885208845139
-0.0235422179102898
0.0011656199349090
-0.0127259027212858
0.0540685094892979
-0.0501946248114109
-0.0787609517574310
0.0061068474315107
0.0025875589344651
0.0170190632343292
-0.0383828543126583
-0.0226350687444210
-0.0439442284405231
-0.0155907794833183
-0.0258679967373610
0.0309571493417025
0.0426164232194424
0.0527521111071110
0.0078241676092148
-0.0553277470171452
-0.0335356593132019
-0.0595614612102509
-0.0034869303926826
0.0147601459175348
-0.0763091593980789
-0.0710542425513268
0.0336553454399109
0.0507510080933571
0.0361116826534271
0.0679424330592155
-0.0811847895383835
-0.0040437267161906
-0.0302980393171310
-0.0286619812250137
0.0078024379909039
0.0285363495349884
0.0126057174056768
-0.0162357408553362
0.0039832587353885
0.0543333142995834
0.0644424557685852
-0.0432859919965267
0.0107225179672241
0.0525461882352829
-0.0140578616410494
0.0372178256511688
0.0396172925829887
0.0247700400650501
0.0035734481643885
0.0483669005334377
-0.0720773413777351
0.0050599537789822
0.0522396825253963
0.0263542421162128
0.0099279498681426
-0.0143742468208075
-0.0172870345413685
-0.0958053171634674
0.0564595758914948
0.0109134158119559
0.0599451065063477
0.0552011169493198
-0.0057778847403824
-0.0022271741181612
-0.0245961155742407
0.0500323846936226
-0.0805348604917526
-0.0152210136875510
-0.0207345169037580
-0.0716076716780663
0.0319009274244308
0.0310868285596371
-0.0467803403735161
-0.0361109599471092
-0.0467373058199883
-0.0008833699976094
0.0665895044803619
0.0173503458499908
-0.1096575185656548
0.0194673836231232
0.1009345725178719
0.0390332527458668
-0.0586208812892437
0.0340504795312881
-0.0138238482177258
-0.0602682270109653
-0.0228833518922329
-0.0259043294936419
-0.0689641535282135
0.0483786612749100
0.0299803800880909
0.0594809204339981
0.0045211096294224
-0.0833878591656685
0.0522377714514732
0.0017669090302661
0.0180382784456015
0.0157474502921104
0.0238234922289848
-0.0156930442899466
0.0216017980128527
0.0852411910891533
-0.0285690221935511
0.0244178380817175
-0.0437698028981686
0.0622240304946899
-0.0104709621518850
-0.0135376453399658
-0.0292945764958858
0.0828933045268059
0.0663070231676102
0.0301655791699886
0.0229623895138502
0.0653472468256950
0.0083817988634109
-0.0119988238438964
-0.0640742406249046
-0.0269316677004099
0.0372278653085232
0.0446198470890522
-0.0564944483339787
0.0635713636875153
-0.0118085127323866
-0.0752478241920471
-0.0301897879689932
0.0336352363228798
0.0499291718006134
0.0181262530386448
-0.0398177988827229
0.0265021957457066
-0.0277547948062420
0.0452700108289719
-0.0853213667869568
-0.0519333817064762
0.0533743835985661
-0.0178100597113371
0.0265473928302526
-0.0434670299291611
-0.0475862324237823
-0.0160078294575214
0.0199217218905687
0.0587227568030357
-0.0481890477240086
0.0904271379113197
0.0538241639733315
-0.0322191752493382
0.0265177544206381
0.0557838417589664
-0.0596382357180119
-0.0373092815279961
-0.0572412572801113
-0.0140387648716569
-0.0368805825710297
-0.0007212577620521
0.0218703877180815
0.0371581204235554
-0.0309178885072470
0.0474813133478165
0.0434340648353100
0.0316841080784798
0.0100191831588745
-0.0788524001836777
-0.0134573979303241
0.0658464133739471
0.0289346426725388
-0.0568499416112900
0.0189357995986938
0.0077816974371672
-0.0529505908489227
0.0333986878395081
-0.0291568152606487
0.0031446886714548
0.0484152436256409
