-0.0275911055505276
-0.0478450432419777
0.0430978462100029
0.0581050589680672
0.0296152718365192
0.0325621515512466
0.0652239769697189
-0.0544796884059906
0.1011813879013062
0.0905961170792580
0.0815064534544945
-0.0280670374631882
-0.0989951342344284
-0.0741163268685341
-0.1048265323042870
-0.1749524027109146
0.0482892729341984
0.1084778308868408
0.0407806001603603
0.0307799391448498
0.1135901957750320
-0.0538003258407116
-0.1123197153210640
0.0016325204633176
-0.0709887295961380
0.0170702021569014
-0.0945028960704803
-0.0326333865523338
0.0392616391181946
-0.1013779714703560
0.0550040490925312
0.0462850108742714
-0.0472116209566593
0.1009967550635338
-0.0257516931742430
0.0044301114976406
-0.0488450936973095
0.0081268101930618
0.0473221503198147
0.0546221695840359
0.0399570427834988
-0.0199000407010317
0.0006988187669776
0.0338731743395329
0.0857787951827049
0.1313747167587280
-0.0167380850762129
-0.0096696438267827
-0.0388382002711296
-0.0651930272579193
0.0261418316513300
-0.0010501767974347
-0.0521523319184780
-0.0058997059240937
0.0110112633556128
-0.0419380888342857
-0.0195299945771694
0.0349158942699432
-0.1061180010437965
0.0201083943247795
0.0053430907428265
0.0282456558197737
0.0819053426384926
0.0574320740997791
-0.0052827256731689
0.0700360462069511
-0.0528987348079681
-0.0304477158933878
-0.0645755007863045
0.0463778786361217
-0.0742987990379333
0.0469133518636227
-0.0397464558482170
-0.0535404980182648
0.1076761931180954
-0.0379129238426685
0.0723099634051323
0.0588332489132881
-0.0770007818937302
0.0556825175881386
0.0777956396341324
0.0377961955964565
-0.0257214959710836
0.0070751514285803
-0.0657650232315063
-0.0616180188953876
-0.0314093641936779
0.0468016192317009
-0.0478170923888683
-0.0124233169481158
0.0526677593588829
0.0342839881777763
0.0726760774850845
-0.0560653805732727
-0.0445211455225945
0.0269048437476158
0.0599272362887859
-0.0700367316603661
-0.0733104795217514
-0.0681972131133080
-0.0256201941519976
0.0120056830346584
-0.0403002202510834
0.1187750771641731
0.0211338251829147
-0.0741981118917465
0.0369720235466957
0.0004709404893219
-0.0278324335813522
-0.0358745343983173
-0.0202096253633499
-0.0162584874778986
-0.0215928498655558
-0.0351307131350040
0.0654575526714325
-0.0000919157319004
-0.0069258152507246
0.0528131388127804
-0.0047985394485295
0.0839614272117615
0.1312847286462784
0.0445870347321033
-0.0900794938206673
0.0255060847848654
-0.0282979663461447
0.0042722141370177
-0.0302903410047293
-0.0317452289164066
-0.0742740780115128
0.1295498311519623
-0.0772257596254349
-0.0697661638259888
-0.0793493390083313
0.0695714727044106
-0.0515987090766430
0.0520340390503407
-0.0417102612555027
0.0412595011293888
-0.0072538168169558
-0.0405121631920338
-0.0011070957407355
-0.0091349398717284
0.1086264848709106
0.1194381117820740
-0.0259217210114002
-0.0642462745308876
0.0663774907588959
0.0029980668332428
0.1041292846202850
0.1426352709531784
-0.0686788558959961
-0.1410892009735107
-0.0608147829771042
-0.0428413487970829
-0.0752348378300667
0.1235143914818764
0.0022314800880849
0.0771587267518044
0.0646341145038605
0.0272522177547216
-0.0892671421170235
0.0312960520386696
0.0761908292770386
-0.1312602162361145
-0.0208086688071489
0.0170897729694843
0.0736026465892792
-0.0468918420374393
0.0986694023013115
-0.0981016680598259
-0.0180248338729143
0.0853089019656181
0.0438585840165615
-0.0168959479779005
0.0662191659212112
-0.0190975032746792
0.1105159819126129
-0.0058699166402221
-0.0626655295491219
0.0870969742536545
-0.0107014216482639
-0.0318483449518681
-0.0343432836234570
0.1089514866471291
-0.0519872568547726
-0.0060253608971834
0.0664200782775879
0.0560323484241962
0.0227324385195971
-0.0155340284109116
0.0217920001596212
0.0406940765678883
0.0254637952893972
-0.0033176713623106
0.0796181410551071
-0.1184957548975945
0.0936165153980255
0.0454622209072113
-0.0504665449261665
0.0735419169068336
0.0911781489849091
-0.0454564765095711
-0.0094291297718883
-0.0376585386693478
0.0287078525871038
-0.0803174078464508
-0.0455894321203232
0.0666153356432915
0.0409524291753769
0.0798929557204247
-0.0316892936825752
-0.0822474807500839
0.0726274773478508
-0.0280573908239603
0.0382054075598717
0.0797913148999214
0.0663622766733170
0.0640892758965492
-0.0734705105423927
-0.0207832269370556
0.0807380676269531
0.0114141143858433
-0.0644944384694099
-0.1336284875869751
0.0812609121203423
0.1019283309578896
-0.0761380344629288
-0.0029817319009453
-0.0113288536667824
-0.0073585519567132
0.0643510073423386
0.0240023173391819
-0.0602356866002083
0.1001660302281380
0.0043483078479767
0.0654061809182167
-0.0049058124423027
-0.0058111590333283
-0.1153631806373596
0.0075471336022019
0.0704587623476982
-0.0710387527942657
0.0433250814676285
-0.0215255673974752
-0.0360323414206505
-0.0409113578498363
0.0650860145688057
-0.0438621528446674
-0.0844626799225807
-0.0358768887817860
-0.0505021102726460
-0.0269346684217453
0.0675987526774406
-0.0615941882133484
0.0609731115400791
0.0200223512947559
-0.1118809357285500
-0.0740042030811310
-0.1194600984454155
-0.0858886018395424
-0.0549252852797508
-0.1326755732297897
0.0604529902338982
0.1287106573581696
-0.0545028522610664
0.0340117439627647
-0.1200115308165550
0.0983756929636002
0.0456181950867176
0.1366723477840424
-0.0698339790105820
0.0344160124659538
-0.3565173447132111
-0.0495667159557343
0.1056248769164085
-0.2434757351875305
0.0420972518622875
-0.0577393583953381
-0.0021308800205588
-0.0843529105186462
-0.0194583348929882
0.0323413908481598
-0.1481815725564957
-0.1899257749319077
0.0611668005585670
-0.1105706095695496
-0.1232370510697365
-0.0900689288973808
-0.0292452834546566
-0.1436569839715958
-0.2388377040624619
-0.0719477161765099
0.0746707767248154
-0.0199657995253801
-0.0883073508739471
-0.0885765701532364
-0.0002004995767493
-0.0772878751158714
0.0779583528637886
-0.0309485662728548
-0.0663523823022842
0.0218935031443834
0.1779637932777405
-0.2377149462699890
-0.1362270861864090
-0.0052228388376534
-0.0062855770811439
0.0535543113946915
0.0942313298583031
-0.1695872992277145
0.0913831368088722
-0.2653167843818665
0.1386798024177551
0.0676152780652046
-0.2025509625673294
0.1974175423383713
0.0553308092057705
0.3067772090435028
-0.0277335960417986
-0.0501830987632275
0.0724958032369614
-0.0316537134349346
0.0440368764102459
-0.0722894445061684
0.0317744202911854
-0.0034398587886244
-0.0969980806112289
-0.0552976243197918
0.0101187275722623
0.0435809455811977
-0.0393454991281033
0.0262604150921106
0.0664329305291176
-0.0428029336035252
0.0461759530007839
-0.0398589484393597
-0.0201187040656805
0.0396385379135609
-0.0657092779874802
0.0432632490992546
-0.0444332398474216
0.0537811331450939
-0.0110632618889213
0.0259941704571247
-0.0888039991259575
0.0143539272248745
-0.0390835776925087
0.0183255262672901
-0.0939183980226517
0.0070683653466403
0.0079790800809860
0.0352233462035656
0.0183659549802542
-0.0789461731910706
-0.1014662906527519
0.0374836772680283
0.0132848331704736
-0.0163072291761637
0.0704391971230507
0.0247091203927994
-0.0390137694776058
0.0314599238336086
-0.0049126553349197
-0.0186458025127649
-0.0869026780128479
-0.0779737383127213
0.0885513871908188
0.0215956959873438
-0.0161465723067522
0.0824023783206940
-0.0330520793795586
-0.0326527468860149
-0.0134079549461603
-0.0752813816070557
-0.0708058476448059
-0.0025868231896311
-0.0213160905987024
-0.0334088355302811
0.0597824081778526
0.0542209297418594
0.0767271146178246
0.0368799790740013
-0.0208794064819813
0.0208564121276140
0.0268392041325569
0.0408864021301270
-0.0174995996057987
0.0693946257233620
0.0225042272359133
-0.0124986879527569
-0.0398345440626144
-0.0049073467962444
-0.0629040673375130
0.0604140534996986
-0.0181465782225132
-0.0662472173571587
0.0257440507411957
0.0443946905434132
-0.0196222625672817
0.0482638068497181
0.0087762968614697
-0.0193217247724533
0.0025580793153495
0.0010264219017699
0.0850617364048958
0.0054214699193835
0.0253566037863493
0.0152208274230361
-0.0056941313669086
-0.0228129792958498
-0.0494300164282322
-0.0782730430364609
-0.0636546686291695
-0.0260299779474735
0.0107615320011973
-0.0400608330965042
0.0113328937441111
0.0451750122010708
-0.0409227311611176
0.0272236187011003
0.0079293716698885
-0.0199943929910660
0.0391213037073612
0.0396900214254856
0.0482128337025642
-0.0261327289044857
-0.0080042658373713
-0.0069751357659698
0.0850431323051453
-0.0202182438224554
0.0097179515287280
0.0192862022668123
0.0032448214478791
-0.0006671349401586
-0.0230650343000889
0.0626963153481483
-0.0400847159326077
-0.0175585653632879
0.0025321180000901
-0.0164223499596119
-0.0427242405712605
-0.0101229222491384
-0.0467366985976696
-0.0407246910035610
-0.0306746419519186
-0.0702102631330490
-0.0192673373967409
0.0695817396044731
0.0266588348895311
-0.0719496235251427
0.0514701046049595
-0.0495514385402203
-0.0243210475891829
-0.0100010139867663
-0.0458954758942127
0.0498626045882702
-0.0355876907706261
0.0585618093609810
0.0163304563611746
0.0436667166650295
-0.0472254492342472
0.0149994678795338
-0.0171746220439672
0.0260178688913584
-0.0175198484212160
-0.0381615236401558
0.0605547204613686
-0.0010923687368631
-0.0546218343079090
0.0300898533314466
0.0377949364483356
0.0775408819317818
-0.0279160924255848
-0.0091889761388302
0.0335820205509663
-0.0665751397609711
-0.0303855054080486
-0.0045424052514136
0.0472947992384434
-0.0406962856650352
0.0283491089940071
0.0154791092500091
-0.0233700722455978
0.0042543141171336
0.0174078941345215
0.0756043568253517
-0.0139283090829849
0.0008789754938334
0.0669359937310219
-0.0193182192742825
-0.0689302459359169
-0.0504977479577065
0.0509963594377041
-0.0042516761459410
-0.0126364789903164
0.0079990662634373
-0.0127872368320823
0.0795462653040886
-0.0108273159712553
-0.0749748870730400
0.0743656679987907
-0.0616456642746925
0.0416736938059330
-0.0045526525937021
0.0414250940084457
0.0382820107042789
0.0118535626679659
-0.1022915020585060
0.0624393671751022
0.0579420663416386
-0.0309289768338203
-0.0065693510696292
-0.0016984443645924
0.0234468728303909
0.0105092348530889
-0.0476249456405640
-0.0683045834302902
-0.0630231052637100
-0.0421443767845631
-0.0576332993805408
0.0792363882064819
0.0345707759261131
0.0016722581349313
0.0539645254611969
0.0180861111730337
0.0562143884599209
0.0614422708749771
0.0440379269421101
0.0063171181827784
-0.0110208233818412
-0.0259629562497139
0.0161596313118935
0.0401933677494526
0.0664225667715073
-0.0615229830145836
0.0078642088919878
0.0287216249853373
0.0149250719696283
-0.0214252248406410
0.0018490970833227
0.0844564586877823
0.0209248289465904
0.0735609903931618
-0.0938400700688362
-0.0053193196654320
-0.0109099410474300
0.0311269070953131
0.0363615565001965
0.0571108907461166
0.0391579344868660
-0.0239834208041430
0.0449459441006184
0.0122689157724380
0.0283787902444601
-0.0267153009772301
0.0386939570307732
0.0098319714888930
-0.0234299004077911
-0.0293422229588032
0.0105720646679401
-0.0409310832619667
-0.0854272395372391
-0.0301322042942047
0.0583027973771095
-0.0129142766818404
-0.0160686615854502
-0.0147410528734326
0.0399121306836605
-0.0170654244720936
-0.0324887000024319
0.0419638603925705
-0.0373329073190689
-0.0454047024250031
0.0107317995280027
0.0606370270252228
0.0020851655863225
0.0108269117772579
-0.0316139496862888
-0.0578657798469067
0.0035889609716833
0.0303529277443886
0.0017578399274498
0.0323242358863354
-0.0391392111778259
-0.0458161383867264
0.0065940725617111
0.0045716390013695
0.0904338657855988
0.0599068887531757
0.0021565437782556
-0.0490542724728584
0.0319558903574944
0.0580112896859646
0.0760158598423004
0.0010529845021665
0.0262264665216208
-0.0024458649568260
-0.0312789753079414
0.0106484247371554
0.0151795605197549
-0.0056299506686628
0.0246700327843428
-0.0442417636513710
-0.0788136348128319
0.0697210580110550
0.0128281423822045
-0.0367209762334824
-0.0437956526875496
0.0731297433376312
-0.0542598068714142
0.0198038835078478
-0.0609563551843166
0.0250392388552427
-0.0558558106422424
-0.0862262472510338
-0.0163351371884346
-0.0234315786510706
0.0646005049347878
0.1027863249182701
-0.0214854143559933
0.0602605342864990
0.0839770436286926
0.0371483303606510
-0.0438366495072842
-0.0231156945228577
0.0866468027234077
0.1113103255629539
0.0075997649691999
0.0670209452509880
-0.0481417253613472
-0.0038971737958491
0.0378723628818989
-0.0792944282293320
-0.0052322866395116
-0.0533688217401505
0.0040729786269367
0.0719624832272530
0.0318151079118252
-0.0042004352435470
-0.0414299666881561
-0.0549529977142811
-0.0433353893458843
-0.0160703342407942
-0.0285572297871113
0.0841334015130997
0.0589841343462467
0.0575906969606876
0.0097796292975545
-0.0418682135641575
0.0046160044148564
0.0177463144063950
-0.0390758626163006
0.0365692265331745
0.0328780710697174
0.0550767704844475
0.0140137868002057
0.0358562618494034
0.0200789701193571
0.0544332005083561
0.0482808426022530
-0.0523434318602085
0.0266457069665194
-0.0175315774977207
0.0294128991663456
-0.0803558379411697
-0.0704978629946709
-0.0021571286488324
-0.0147808976471424
-0.0003086710057687
-0.0371242314577103
-0.0093749016523361
-0.0382866635918617
0.0196981187909842
-0.0228586960583925
0.0285089258104563
0.0480293668806553
0.0377113632857800
0.0002622053143568
-0.0581121146678925
-0.0375070832669735
-0.0633868277072906
-0.0041737309657037
0.0281071048229933
-0.0783534944057465
-0.0493332706391811
0.0332600250840187
0.0404843948781490
0.0291617885231972
0.0490865558385849
-0.0569261685013771
-0.0189053975045681
-0.0529063232243061
-0.0418332740664482
-0.0266750846058130
0.0161233432590961
-0.0312372799962759
-0.0030408091843128
0.0318596996366978
0.0545616634190083
0.0672515928745270
-0.0314243398606777
-0.0036452128551900
0.0266357026994228
0.0034959134645760
0.0468008182942867
0.0629941970109940
0.0190959703177214
0.0168575886636972
0.0495682060718536
-0.0566970817744732
-0.0066595040261745
0.0309897474944592
0.0240855049341917
-0.0089769791811705
-0.0364334098994732
0.0066172513179481
-0.1050549075007439
0.0476651042699814
-0.0022185232955962
0.0808874592185020
0.0360793471336365
0.0047431485727429
0.0118071073666215
-0.0267549324780703
0.0267944671213627
-0.0859928727149963
-0.0298549942672253
-0.0024738139472902
-0.0556251071393490
0.0416033565998077
0.0177078656852245
-0.0358822122216225
-0.0160428043454885
-0.0649221688508987
-0.0069234077818692
0.0578953288495541
0.0026986815501004
-0.1077130064368248
0.0285554174333811
0.1158311218023300
0.0301397051662207
-0.0464402213692665
-0.0011183439055458
-0.0075391470454633
-0.0564907826483250
-0.0246339794248343
-0.0157158374786377
-0.0631593987345695
0.0297124553471804
0.0085253063589334
0.0676314309239388
0.0081609692424536
-0.0801474526524544
0.0425713993608952
-0.0049400529824197
0.0171548519283533
0.0096082892268896
0.0230907052755356
0.0086328592151403
0.0008861070382409
0.0754150524735451
-0.0208510551601648
0.0142861567437649
-0.0454655811190605
0.0784159377217293
-0.0069068516604602
-0.0073586530052125
-0.0263273902237415
0.0689932331442833
0.0568434894084930
0.0328897573053837
0.0236136075109243
0.0471096597611904
0.0191550347954035
-0.0435781367123127
-0.0590444467961788
-0.0225573983043432
0.0295937415212393
0.0451422147452831
-0.0252076201140881
0.0450757853686810
-0.0204760786145926
-0.0585686378180981
-0.0113173257559538
0.0407714508473873
0.0534364543855190
-0.0080709028989077
-0.0489780344069004
0.0250971689820290
-0.0472209900617599
0.0623801425099373
-0.0851098895072937
-0.0247765388339758
0.0360295325517654
-0.0372532941401005
0.0286851059645414
-0.0295408479869366
-0.0276091974228621
-0.0112087493762374
0.0358275510370731
0.0757901594042778
-0.0710195153951645
0.1108187586069107
0.0486799180507660
-0.0508791729807854
0.0125475013628602
0.0460953451693058
-0.0276705455034971
-0.0464145950973034
-0.0421122312545776
-0.0006814206135459
-0.0296874046325684
0.0221341662108898
-0.0000474745538668
0.0421759486198425
-0.0587759576737881
0.0398156642913818
0.0518129765987396
0.0487683340907097
0.0131315775215626
-0.0797381848096848
0.0142671912908554
0.0462630353868008
0.0512868613004684
-0.0673580169677734
0.0321657396852970
0.0222519449889660
-0.0184577926993370
0.0117171406745911
-0.0052892128005624
0.0011483469279483
0.0510828569531441
